0.06213378906249975
0.07193720215858274
0.036295261514018975
0.10104719949172776
0.11646327060315596
0.30363623475893586
0.06288086083991314
0.28320992581113147
0.4991643276323615
0.6561624743572612
1.721362130985632
1.4621998373463483
2.1619494973669107
1.5701338713215645
4.693576977540703
0.31779325174641754
1.263118255200613
3.448902209270782
2.2015858094528147
5.855482431117036
6.8050047473962945
3.9514029440992453
2.0398731560925216
2.9093670955165893
2.5009569734436687
3.276233095578734
4.485140001340753
1.957260323762766
1.779914502887061
1.1760661616793646
3.55149636390398
4.105379312283146
2.637800570872855
0.9258415693710956
0.7716644630959193
1.5659770879986623
1.5285190686641317
1.0992552404498226
1.2466913160864146
1.352758699466006
1.8909549369884497
3.1849569809202682
1.0764369317092042
1.0751144591909485
1.1281368183435918
1.034880794813449
1.2634448735532786
1.1048345539492064
0.3258598977021256
1.1184353493206554
1.933618317936032
1.3172192542279753
0.08722839596339513
0.8232560741332816
0.6685632462940159
0.2610887450016981
0.8459686236124807
0.9147919869141752
0.36407507939235034
1.2593682970908828
0.8812707044151352
0.13481775276018418
0.10496834612780277
0.4050925717602652
0.6202661675572905
1.1564785368308221
0.8531875680564258
0.45311392093386377
0.078276181730106
0.17874598579408357
0.36510004833323534
0.6636886823866811
0.6482495429000692
0.34904364797613036
0.4559721901129846
0.33375147480179357
0.3126231428869631
0.4701330682599988
0.0836870907457435
0.21744264438655236
0.5668182248895574
0.6919428601711006
0.33559201160281615
0.3737402549698388
0.5093491666404077
0.8552223835287626
0.767245839278424
0.33521028687085774
0.32869254905286216
0.6395111838010058
1.0009460613829557
1.0550073856268325
1.4611668296442994
1.3226710890416158
0.7827254445547926
0.17452515234692748
0.5874758403669004
0.49271255653059215
0.5620620968753344
0.5638308544994463
0.5747421627196709
0.7619353046624049
0.6140831204706256
0.6630662832926256
0.6305018532072799
0.3991304923288182
0.5915661604220358
0.8433996638087669
0.7799701693751971
0.6235035409413248
0.3003922724651217
0.10942528078446224
0.681864676093788
1.1006986052795178
1.1969582173680007
0.8231599900748621
0.6405187148327426
0.4163577515604694
0.764502945958253
1.4849899538330917
1.0937937586984423
0.6770055711371948
0.5726165394620322
0.22862098200063488
0.2522395224446197
0.5411116497189242
0.30046466473549843
0.5860882601187273
0.6160251645973409
0.41165664167015364
0.34587521592684556
0.2711067437000799
0.28080421131865285
0.6831023160404929
0.4090700868549716
0.5576884345423355
0.814687960635937
0.4142558895743
0.2105000171985858
0.06727380008886502
0.3084713855933081
0.19015492678362947
0.19810807622875581
0.3591947950392936
0.19047343983669116
0.5352946338061912
0.6392586190650187
0.6791105651426002
0.4122145987982457
0.4530753468332082
0.20118314836840134
0.16573949249132078
0.2802511709971272
0.3959470502834013
0.5204878752973395
0.4749595519732718
0.14699151414487088
0.38197765726052874
0.3564578903908646
0.6704474501730742
0.40891403303690776
0.08925305962727549
0.07028926589313032
0.1520414470541951
0.26509779600030137
0.24327251425356314
0.2846860211683409
0.29179371477003213
0.4102056769489667
0.3228667372679752
0.34406162639853144
0.13352087266284407
0.05850633093181036
0.2831620660538458
0.4329410408973707
0.2738536204177367
0.4520513682814989
0.5284361599342108
0.2816736754231079
0.14704438421561297
0.0690238500364391
0.16685715202497192
0.06485549915937076
0.06509376723147668
0.22793779560196364
0.4181613874843677
0.1166948423496104
0.029653261988587427
0.2141882237250682
0.2012912254023511
0.21813581779714725
0.6170512464486831
0.45897300616310566
0.149229773307698
0.18335147461799645
0.16083285590724294
0.3280895276062156
0.30310374311022203
0.0634277019467578
0.16731141520470863
0.25319124121613956
0.16084111176907143
0.08953010905831443
0.15164299838564183
0.3240742344244549
0.33965668000350746
0.34201020190089043
0.30033793503960887
0.6335329883285773
0.6418811651410553
0.32930027646441135
0.30283578821177104
0.5779384860047507
0.7743499291061658
0.7153819903472635
0.3084633651871865
0.2859428948160994
0.11933310986589625
0.3487288095038899
0.6532387700384664
0.6911211217540927
0.5329845836741889
0.7839812719050524
0.56996341205775
0.03337458730832391
0.25428871884765264
0.24005793035898326
0.24076147830166597
0.48886153146784994
0.4679381711006164
0.34533747205404186
0.10628338484349614
0.23392195444298866
0.3958121848667681
0.32758985442332994
0.3546371619811721
0.47130232920972076
0.304857841531237
0.19784013813636464
0.05138417664758418
0.3985995049602431
0.47254666320874156
0.3259052020502929
0.4919465994572122
0.20653729242612623
0.16003100916914803
0.07861351664820818
0.25554980574600855
0.11554155135319225
0.5124186242658019
0.5850153343161691
0.27728947557166594
0.28982741168800713
0.3328138303067235
0.5447595160882652
0.5348254910709377
0.5258539352712507
0.12291823700767059
0.4111690271841099
0.3675275340651199
0.3472878502710374
0.40227449649910757
0.48185373946511795
0.41734027053821504
0.22483761784243148
0.2470739416145017
0.2539410305616628
0.2536915347358579
0.22157714247763102
0.1619525556409455
0.19658056870976834
0.40792079253021507
0.31311496443326114
0.3451675417661112
0.35282614788784794
0.42571331688694475
0.2815011775739237
0.22231626198520035
0.28860017624534035
0.3302999689751953
0.27367326820896193
0.32327679503729123
0.14686024711699264
0.5207685399617159
0.3324841283262299
0.23957894436015745
0.1137350260834611
0.20852598444908654
0.5796213315883104
0.7076699775696144
0.318724387564398
0.237500041268822
0.2600315901924655
0.3632932697451014
0.5393892968406355
0.31900878913353653
0.23646271571554695
0.21781604668672863
0.3889998030728879
0.3893370456348927
0.20857436705806998
0.23678442949115117
0.15505739776570965
0.10824104481416492
0.3632238317290299
0.5441796308965228
0.08137874067200922
0.1166697363142227
0.4269108992785903
0.3077310380352643
0.5434694188861893
0.5239628921410143
0.2816507082431456
0.3534015835190565
0.4544155128861032
0.4439304253347722
0.43811890900346645
0.5835096568402209
0.3664859493811069
0.6814235432040294
0.7544424116199135
0.48952076997317007
0.5831901737035552
0.3197960349261761
0.09436512363173852
0.3400827901564192
0.5728945226721924
0.44040837621247453
0.632283629595332
0.6714724173879232
0.508167912686913
0.5805614958491461
0.448646777968829
0.3115207039285667
0.38697044083999926
0.42931578203402954
0.2576795461276467
0.604682055359456
0.5309217957715096
0.4475379656487924
0.3948498283449851
0.152655734946943
0.20407272208334043
0.27360050697794563
0.38807132644570486
0.1034552757715731
0.4946730368094611
0.291000077233827
0.3213366767662359
0.18015197627570945
0.3215043736537058
0.03855557550688035
0.3784517421414771
0.178306557687241
0.15435917169130597
0.1032711414668313
0.335370483114704
0.050883009485438516
0.316479517521497
0.14858783832463046
0.13414473864938767
0.34514277479886835
0.587559827079075
0.2397663458717064
0.39884530921840244
0.18210098659839424
0.2240010157705913
0.3973462397745498
0.48206118483695076
0.4256904543430294
0.45658590612307354
0.3459957020648992
0.2435854369494885
0.5301567778857866
0.5944337668007889
0.33927624400969103
0.2763040342928736
0.5103800704056325
0.4703480825299827
0.568943401344612
0.6281149549311281
0.4397462899271215
0.4274278864745234
0.26055547598508705
0.23606659017856804
0.3221746685813784
0.4704955362596115
0.235648473581243
0.40976994029366814
0.2890827472319583
0.22591672937206544
0.22646073128859937
0.11792420325223808
0.05691467614660821
0.29228406882493924
0.5509478435064623
0.375555561998612
0.3133589929764549
0.16198311545155653
0.4572786616587741
0.36651041008647983
0.4844419601127709
0.2844650087046518
0.2669919571988338
0.2278616525385734
0.13832620163100492
0.2540902596453637
0.16777960926679134
0.2225989110274783
0.28085767725359195
0.26873219568647844
0.12055726634289882
0.21529777496564542
0.1245448688551721
0.1715785924618131
0.26874611073644233
0.36467591342781736
0.2737690862220636
0.319212923931147
0.2959046745206273
0.13858392325845956
0.11797211125066455
0.2737419485912677
0.33077597319503205
0.2943404299568684
0.24727388370361442
0.27897825235339885
0.5463650639375703
0.6031987301309348
0.45553826629457184
0.3690318097097077
0.08445350316592151
0.2738386510344738
0.4225437050917918
0.3402206031397518
0.27195432087636756
0.3722805612787077
0.3989441362961032
0.3285284491529064
0.3025517508318007
0.20188259030181752
0.2674386490721237
0.40084488862428314
0.3669643994175358
0.16537111684437536
0.16624783028104465
0.22889270590888058
0.15365667420593837
0.10808010313456276
0.123680211334015
0.1946679412775764
0.2726254716686259
0.15055772496822736
0.13321902569127494
0.08789417326151189
0.16613355907799435
0.280050332718507
0.010153175769640333
0.21424079611525396
0.290939629559522
0.11330148615890738
0.132488715594324
0.16502553473766612
0.1971334056684319
0.14488315584229838
0.13538768027285336
0.178869733187035
0.26154179459209415
0.3829272904091647
0.2667382842655662
0.1914356837780635
0.28308897910606656
0.29660840069636035
0.033789267228114955
0.08807968778558699
0.1827382076965624
0.3363113765925716
0.3362980536505221
0.3147580837164451
0.00961178002225483
0.22207271748422552
0.09532051638287639
0.13519510706756394
0.12381373853472537
0.21971449522417744
0.11944240456792835
0.04662742563821454
0.10867226364015511
0.07838419270371706
0.09629362397053062
0.12527488821442753
0.11465804006174715
0.17298144348649486
0.2133166855311685
0.31541649956318446
0.34072947615646976
0.2774624903154439
0.2509684018690976
0.18139005774700453
0.137997174612434
0.13076748332989516
0.1807714232992075
0.26434081170312407
0.1978670170719013
0.12907625730913752
0.1553148516272259
0.10286245589963372
0.272128843215032
0.4037786932275749
0.15954386268328688
0.10535324685405588
0.10113942043555046
0.1601501635206655
0.19294364129030492
0.2025081070539107
0.12410882611801179
0.014340122465153845
0.08038777836067781
0.08010324974489867
0.12268549375620628
0.14765605079750144
0.1100233964618246
0.09802982636142536
0.11049075479575433
0.1722298417555675
0.2267803438969039
0.29813743407490995
0.26247421971186274
0.127452759304157
0.04813279197394609
0.07280352806055564
0.21403050839287502
0.09001340637383529
0.24146015447602534
0.3667073765174188
0.20855755109292143
0.0889296207875035
0.030754771867729753
0.23271734934418928
0.25747084659045155
0.1657157191530124
0.10081571173540356
0.17147915187864934
0.14766149605711748
0.15765867027025526
0.21012756567334676
0.2358449527221379
0.2192278164146616
0.11301358428451774
0.21903920672600205
0.09025345919192837
0.10448751213761326
0.14678684575812145
0.25776232771314
0.18898246275673308
0.2648007943656008
0.12079924036193984
0.22364384606136584
0.13735753653396007
0.1589000734309465
0.09156109886210488
0.12978491459773292
0.02483342169859025
0.11779382320786307
0.18853471114477802
0.35817801533348603
0.22442814080030724
0.12188499476655111
0.010546905092015835
0.3211433709965575
0.3013840773900059
0.2804723994861395
0.13689163421388667
0.22413856075173602
0.14027577533524274
0.02018905801775178
0.09564943907258094
0.15962166885370044
0.1471927289275792
0.23765104054405428
0.23029611326177163
0.37500427529059027
0.24269639324137013
0.21176178980048332
0.22985193120914618
0.40981673485544795
0.2648310380448923
0.29865738562957655
0.13782082442065635
0.10456376836258273
0.15913067700974093
0.4156812895671281
0.2513382303070251
0.48922327003166294
0.2481787896008948
0.11559323116253942
0.06543435823463566
0.31242685577092527
0.10929872937615966
0.25217072806923324
0.31483592558091417
0.10840038943891045
0.20589969234078728
0.12919531056699954
0.10766591235848592
0.38688219497872944
0.35064330668889
0.07300272357009807
0.1411193179485097
0.19884591857745992
0.16742857991335683
0.20273190099926922
0.27120825694811534
0.3051080517321473
0.45910760040726123
0.06875080137835356
0.27070093214207275
0.08360854975151841
0.3623159724597358
0.15940154418883287
0.2055008156434635
0.1870511640093889
0.45337307549785877
0.4505692876938642
0.16263442552590396
0.3236938444539517
0.11978178357268847
0.3386875906091513
0.1373874862504673
0.3396396218035261
0.23711382465529485
0.39072567045465506
0.2294583065857007
0.2907629500889074
0.11850943625431404
0.3867711423514347
0.20884167640476808
0.09736010272695435
0.08086695650089909
0.24246226952928845
0.2494835460889715
0.26074675719023477
0.5975790316751484
0.23715133702338856
0.15691150835096784
0.10785652815000879
0.3751641300836691
0.030062606346290335
0.44725689559113363
0.3017244579134824
0.24215635030958924
0.30665270482287116
0.3033951995055944
0.22326457245384382
0.4460391882370454
0.2289513454017485
0.12628527242942733
0.1745121252589526
0.0565269685510483
0.32867077981703435
0.28082787707940826
0.0748813920836016
0.14299052483747235
0.47067272980606467
0.38002979597995057
0.06151691095741916
0.22150266752670988
0.3059640638382699
0.28487595052608927
0.11938360960436563
0.11709867837279321
0.2305014112772783
0.34540519287718957
0.26683027967595035
0.1906708785732199
0.30712949840182036
0.45142089536388114
0.3404212809176884
0.09036793266290731
0.5197432706163456
0.45224614021247594
0.23272953661641033
0.21449454906114854
0.48209784459818195
0.4627855476188961
0.15622706374275208
0.17871373647713662
0.2120127790024049
0.5525560577946169
0.27824783540313386
0.1679007762024843
0.18986486944835432
0.4696738906932673
0.35122557155752304
0.09091379912256854
0.24774353311641206
0.22195206453362434
0.4535852975542457
0.3146940925944807
0.6275023603226084
0.3328216993545911
0.457014434772424
0.3198050566593149
0.3388430999396328
0.5508008716813463
0.4369451127923427
0.2430506041915975
0.3764646703245079
0.6298491916574076
0.5752948271245566
0.4198433980247789
0.33321813124553196
0.7597353688528881
0.3656385175144803
0.37930241256973574
0.3447284884856464
0.4307863146544948
0.3415588899228733
0.7882359045653703
0.2870871840645425
0.7042612292287269
0.13775589749904124
0.96640477569272
0.5466805853648553
0.43417985319767655
0.5047234788606045
0.5116355692101999
0.5090244832458288
0.6470543540174618
0.3193960939524058
0.8936838030738201
0.3874973278385002
0.35690070711030264
0.304673257324159
0.1322106659018303
0.2617792451266612
0.22201219496603614
0.6008768561254366
0.6825373518053467
0.03236723972224902
0.5230112466242641
0.772764545150476
0.43079501011593
0.13961155026499805
0.08948481978958639
0.392419954098264
0.21677009924648652
0.3619986693107014
0.38421220806219286
0.16258057749493524
0.3083808744926892
0.33374901696831377
0.1009626588327535
0.26932552199137816
0.4000416210547869
0.9199907209941398
0.5394591738160974
0.5106856119041147
0.4616731289203619
0.4946875021867325
0.3101487968959881
0.2986161115367934
0.19375528918390147
0.4311056716381474
0.40307876165486634
0.31041213439216153
0.32654429838493965
0.3256895820092105
0.336566091689133
0.07583313347197009
0.4183924999272861
0.3256657707464668
0.048161728041303704
0.19927763214992536
0.1303621149449263
0.11135403519223766
0.3853002192324382
0.3707884570103092
0.19703344198121517
0.23876119448585287
0.28674221842873543
0.2394016327010658
0.15586466475822502
0.15548023277253512
0.13184458340869412
0.03701891421382813
0.04045712505792769
0.2090216174416742
0.30108350037435533
0.13794050679536485
0.3525868100000474
0.22597310286075675
0.4959346677732717
0.24429854407057855
0.33271874169643717
0.17015707011491427
0.13285215756955393
0.22179236544645614
0.15408970006137115
0.17250113753582172
0.4128662409586503
0.652039785102315
0.37247518352667836
0.23994349848752938
0.15119192190693861
0.10592575388671693
0.30071344905590425
0.4287352188651245
0.3369582502921524
0.3336782902162647
0.3808619137255895
0.2498700848134363
0.20803345240616405
0.17826917752944663
0.20336797446411922
0.4368004711456616
0.5751384903262521
0.15864478956882375
0.33052976032664033
0.339095008819692
0.2537673422660755
0.4107930000381149
0.29836530091498825
0.5655201156496872
0.46631236964975786
0.4092505025708143
0.3526615304110363
0.5373594844950971
0.6172117996754988
0.21859597418228172
0.09177185083057113
0.5328880616220961
0.27716079175418284
0.3846964265074205
0.640108061253683
0.4724145370389219
0.24385060016093146
0.6611459593295286
0.7365117141130394
0.3429464550683379
0.6299220307927413
0.451637570057282
0.26129511754442675
0.7408099442419623
0.5316047886508741
0.32469429736648814
0.5016667672372545
0.27562677170088595
1.0082917896506993
0.6985051441901114
0.3203398089272912
0.541077248571784
0.5645593406593671
1.1164283062725653
0.5408364312270505
0.5990887421273469
1.1388385134708732
0.5079358279642154
1.3261716271322033
0.9555567067853559
0.8276193048707609
1.2615939528331168
1.1428910716905658
0.33079083191641945
1.4067048372673874
0.7786792696021726
0.7657099911795896
1.3707778324279039
0.4153521846666368
0.5693889948935573
0.4868135241446768
0.6921420867525069
1.0184125408921811
0.9177195155049037
0.6611105495476035
0.7720206775177145
0.9898106536056928
0.4639175019962652
1.2378513140288878
0.8358733474341591
0.7936141295767676
0.9513889963355732
1.1954248033563133
0.7275632777351179
0.6891588625718312
0.5000557781155643
0.5880321574693639
0.7160817523296568
1.0046264830102292
0.7445824330620141
0.9382442104737122
1.0112752004501193
0.35380068114378826
1.5619896577555026
0.7380688226605894
0.18791616898057262
0.9206907045469512
