0.10246110466743594
0.10222199460829981
0.18509884731511528
0.06223608332483453
0.03251602543457174
0.033224632961666674
0.23207010880360188
0.21810491209363256
0.26392980586565445
0.6478255594264066
0.26671533264539715
0.23029280854002837
0.16041248487325088
0.47870049931284775
0.038182389143219295
0.022298002884301563
0.4219480857147928
0.7309887068923653
0.09291121876237138
0.040259776739539295
0.27573251343208305
0.11560940260644297
0.7864400075417325
0.11477049609195947
0.6189482505585293
0.047562097734708264
0.4192726815615478
0.5298353376238034
0.19844097159229643
0.07952214030463464
1.0
0.26147417184858585
0.47537794427544866
0.12277379729562671
0.49533542588553275
0.26148505849083536
0.2504604183742307
0.2524921023158295
0.2664267270308451
0.1771845824617666
0.14536953989281576
0.344592546279778
0.29822554991908334
0.219822649366316
0.19651607412058333
0.5355837731934304
0.31783089607465653
0.42490900479226396
0.22608114496918158
0.009343472053594435
0.1532861954177008
0.21478029776408428
0.0947810933403464
0.18295831937025664
0.3426668491241043
0.020426363106238715
0.1383075713520169
0.011542425815649442
0.0431539122668506
0.047893845541700474
0.01269973426391959
0.024203855079804402
0.010541118687106568
0.031093044923239613
0.02702782789862313
0.08507180545222282
0.028840739659932724
0.013231698777172831
0.02348218808359777
0.037411054966504646
0.005535267615434888
0.1592452602269277
0.06413409467072081
0.05732427539439746
0.04428749930390302
0.0737813342408309
0.006962514289724402
0.02585680626364642
0.033030357486227915
0.004080103687629972
0.027712176156223515
0.05594680870756268
0.0024148656671582384
0.04861047508806006
0.029732797011025516
0.035048086684141354
5.699445836911546E-4
0.033791635086875466
0.044317207877159794
0.059413595439132466
0.023414577861889083
0.011119698965354004
0.05633934420380437
0.04624691100879558
0.034519804768631104
0.04540084513242823
0.02037138222311479
0.04045713301203294
0.02676268154765373
0.021330466627768722
0.03374123579254559
0.07200208208695594
0.012172231989211404
0.05646174113563533
0.00655125699877846
0.07942921275309262
0.13841901049185526
0.029215195860628942
0.03658056301185274
0.03310070643657032
0.0676416221098536
0.04759742842552721
0.032324353577278364
0.06444232535465812
0.04263282967102644
0.07579691134305423
0.06804811588738352
0.05102634590767276
0.036255837432259644
0.12708683373933483
0.11921031498815823
0.09071415684929268
0.08326743660557073
0.022392234656428336
0.00487442881848597
0.007973683696835885
0.010086884304241003
0.016637625659653876
0.028079620458182138
0.00978647433560488
0.011970347540529652
0.00950732839513203
0.004703582369883506
0.01764081919614637
0.016095289941345493
0.0183019687542967
8.483082348325973E-4
0.02262719439595087
0.002046187181410668
0.023701017489140143
0.0026395896031711167
0.009525024237947433
0.018150096700620875
0.00537729925452676
0.0014181387848529372
0.001694290997731263
0.01671118360520652
0.0012251375243971436
8.096113653896695E-5
0.018550413004393654
0.001909772842957128
0.006911823502281929
0.008259390754613027
0.02180357907265934
0.015567904911754816
0.005255539981564887
0.0019536780982890864
0.005788944586563996
0.011156238196301939
0.004676250470563643
0.007066519621370241
0.005614266215315896
0.0025930886691752637
0.031237571819532326
0.015074814954626465
0.0015288498268067282
0.005660172859363046
8.005011360688568E-4
0.02299225511585576
0.005599798644642462
0.007687364852312006
0.022823963363367127
0.012388018394305688
0.004536808404588904
0.005020071268497857
0.00115729254656058
0.016808083880851483
0.025048965547581722
0.00488250980251185
0.0125975980188901
0.00663714118680431
0.027156173959078413
0.023843973801882235
0.0014943630518669962
0.0077664677086086735
0.021277437111454474
0.007923552849601763
0.015124780869569277
0.009378285069394218
0.003139161239564394
0.03415097468864522
0.0019501472892592354
0.003712895222427294
0.004299707049708438
0.018845332012101822
0.0019303009312999426
0.002638339969181433
0.003876564758727144
0.006607877183432323
0.010257251030049206
0.013625447720206775
0.01222939684138553
0.003242156462627882
0.0015393215437251404
0.02221589459117142
0.01555999473858413
0.0035824968903038325
0.008662907934564373
0.009427289606292136
0.001831517631499142
0.0136770878396543
0.0028745841577501635
0.011335348307837315
0.009608433507467271
0.004221391253346341
0.00985561068888176
0.01157051948586401
0.006379889489486211
0.009040211570615997
0.01489687672402158
0.00696887426830106
0.0034732965409552978
5.740217436937994E-4
0.004931457282280552
0.011216124081573919
0.005270956574594319
0.01528302954633619
0.004447784697506118
0.011394344998134605
0.007098860509636751
0.006869694716519674
0.020462778087318383
0.0035700963778252377
0.0025422346737296584
0.01156196767855049
0.005596170086457713
0.008409473622643686
0.005113501264139934
0.0029212275324708064
0.0031656753306396365
0.009809211561838005
0.0013525435414176654
0.01127041767561142
0.0034599745110364274
0.01655425630442039
0.01857803438018866
0.003996168509442547
0.0012953122154954996
0.0026330212256721586
0.005750852640154064
0.004539948130553823
0.005010573774775838
0.004046204975351101
0.010416711775671056
0.014808306138836914
0.002608856156234283
0.022598275167295286
0.006209910023253182
0.013222406458384173
0.004981673108819034
0.002485788303976724
0.010988096742262579
0.011142736342407351
0.003918177971798453
0.0017286505223442882
0.010327260432196818
0.006593366873815471
0.004648444944281692
0.006965481748874496
0.008167290868882425
0.019959679174447468
0.007886003061914289
0.0018863279526050154
0.0066328510617414465
0.0023033628893045577
0.006424860086113829
0.002072743913512448
0.007432741499697206
8.697776155745294E-4
0.004125435584958646
0.013774342088217208
0.002895120427252897
0.0018583205678051585
0.006740738893056214
0.006300854226082801
0.003214699095105509
0.006839868625285225
5.577036026793781E-4
0.021546716472279653
0.004014357010378758
0.0030296893119742736
0.011976540833337664
4.651162898583606E-4
0.0015886945660478378
0.003278211610737673
0.004401784175691335
0.006065249662060015
0.001941481096044645
0.004272438030002757
0.005037228204113055
0.011848224743594014
0.004195892098123542
0.017256175794779702
0.005735219125308644
0.026317131744304122
0.021166111842387963
0.032047872813792594
0.004592946176285123
0.00894326452377404
0.0062706469812544305
0.008023676386024598
0.0030829851463446706
3.2765507489130365E-4
5.4233507486943616E-5
0.005645745692663631
0.009347476885442975
0.0037348724392330924
0.012004967094335961
0.0066945404233673565
0.005787409804106044
0.0032672560502832555
0.007220009082902509
0.01201876192821574
0.014334177960055818
0.004520226044272781
0.011003610873439531
0.006700175440733869
4.292254038098305E-4
0.0010292620418368896
0.00660543885984814
0.0025094326920161256
0.004219879020116335
0.001732962032315015
0.005922284818305752
0.010887240718567564
0.006832564897149837
0.003975165938744597
0.007021019350009588
0.0032155523677966738
0.006222012277473564
0.009790314224787381
0.005871722038899047
0.006545530385685038
0.0060867651130419535
0.0056430302178828145
0.005282427273817591
0.004872306443643779
0.0066835878341327945
0.006084181812436562
0.004395138052908196
0.016451119150306337
0.008155243720352732
0.008613782833626042
0.001673371239308282
0.007394154714547636
0.008158645221238398
1.937507223683518E-4
0.007241840933232328
0.01114367090490676
0.013313310602011508
9.752651735223297E-4
0.013528338255130497
0.0036636194837720883
0.004031878719635828
0.010952472586546129
0.011128188561600175
0.0019339538635838865
0.003963310639075692
0.009412276466483138
0.003968729935038634
0.0012712794860056662
0.016855871465679195
0.00756287992790842
0.0036837779503508623
3.9117828068009164E-4
0.010487881809600553
0.007415465119857815
8.690139285517002E-4
1.3971490578784432E-4
0.001409660523432495
0.0056384439811016495
0.011725698458108759
0.012403430184994648
0.005605837308568923
0.008516224090816406
0.010988168948400682
0.005460423467672356
0.011821499550337775
0.004906389555264078
4.059341475817285E-4
1.8196242350085087E-4
0.0035335400548810506
0.012997305047853683
0.004223801678006024
0.01980102548408194
0.010282564625306027
0.0027886806788382915
0.0031802777978673256
0.007653594045662221
0.00494811432734093
0.0031579117521976998
0.006208643178063756
0.0053151413402205356
0.0073134366239465
0.0036775884595089555
0.0033424946261468645
2.5070627190361226E-4
0.0028078910601763976
0.01597270729457538
0.0046459907257255535
0.003649089567543314
0.0015721449404438037
0.0027517266484089766
0.00850925410856098
0.0015354519865583723
0.0014846428068553152
2.904528881988559E-4
0.00427314083972049
0.005677261456621106
0.003938188331971268
0.012112056654073085
0.004931324776705239
0.00805644803884019
2.920851807878303E-4
0.008106450799241736
0.01234897150753984
0.0015653650083938
0.002958911273993335
4.1686093721133135E-4
0.003101113838380122
0.004070178421463937
0.0026751622004327212
0.0023081587869770727
0.006198855690503829
0.009132428455786146
0.006707065777999383
0.002082307225646675
0.009044600143989084
0.005835427980433459
0.005795011844972593
0.005206339889447071
0.007128892947704209
0.0013916202320878655
6.465046570867836E-4
0.010676924537779757
4.27178385137296E-4
0.008246526069113807
0.0058169275846392905
0.01149648909002157
0.006207898099749555
0.005067093160919349
4.76315785956366E-4
0.004886109236060844
0.0041096987427303045
0.013703898155803427
0.001340875303317294
0.004682832139728895
7.450986460580868E-4
0.0036378164448262946
0.002983171869707131
0.01048007221309782
0.0077238363382384455
0.00883285385064103
0.0077238363382384455
0.01048007221309782
0.002983171869707131
0.0036378164448262946
7.450986460580868E-4
0.004682832139728895
0.001340875303317294
0.013703898155803427
0.0041096987427303045
0.004886109236060844
4.76315785956366E-4
0.005067093160919349
0.006207898099749555
0.01149648909002157
0.0058169275846392905
0.008246526069113807
4.27178385137296E-4
0.010676924537779757
6.465046570867836E-4
0.0013916202320878655
0.007128892947704209
0.005206339889447071
0.005795011844972593
0.005835427980433459
0.009044600143989084
0.002082307225646675
0.006707065777999383
0.009132428455786146
0.006198855690503829
0.0023081587869770727
0.0026751622004327212
0.004070178421463937
0.003101113838380122
4.1686093721133135E-4
0.002958911273993335
0.0015653650083938
0.01234897150753984
0.008106450799241736
2.920851807878303E-4
0.00805644803884019
0.004931324776705239
0.012112056654073085
0.003938188331971268
0.005677261456621106
0.00427314083972049
2.904528881988559E-4
0.0014846428068553152
0.0015354519865583723
0.00850925410856098
0.0027517266484089766
0.0015721449404438037
0.003649089567543314
0.0046459907257255535
0.01597270729457538
0.0028078910601763976
2.5070627190361226E-4
0.0033424946261468645
0.0036775884595089555
0.0073134366239465
0.0053151413402205356
0.006208643178063756
0.0031579117521976998
0.00494811432734093
0.007653594045662221
0.0031802777978673256
0.0027886806788382915
0.010282564625306027
0.01980102548408194
0.004223801678006024
0.012997305047853683
0.0035335400548810506
1.8196242350085087E-4
4.059341475817285E-4
0.004906389555264078
0.011821499550337775
0.005460423467672356
0.010988168948400682
0.008516224090816406
0.005605837308568923
0.012403430184994648
0.011725698458108759
0.0056384439811016495
0.001409660523432495
1.3971490578784432E-4
8.690139285517002E-4
0.007415465119857815
0.010487881809600553
3.9117828068009164E-4
0.0036837779503508623
0.00756287992790842
0.016855871465679195
0.0012712794860056662
0.003968729935038634
0.009412276466483138
0.003963310639075692
0.0019339538635838865
0.011128188561600175
0.010952472586546129
0.004031878719635828
0.0036636194837720883
0.013528338255130497
9.752651735223297E-4
0.013313310602011508
0.01114367090490676
0.007241840933232328
1.937507223683518E-4
0.008158645221238398
0.007394154714547636
0.001673371239308282
0.008613782833626042
0.008155243720352732
0.016451119150306337
0.004395138052908196
0.006084181812436562
0.0066835878341327945
0.004872306443643779
0.005282427273817591
0.0056430302178828145
0.0060867651130419535
0.006545530385685038
0.005871722038899047
0.009790314224787381
0.006222012277473564
0.0032155523677966738
0.007021019350009588
0.003975165938744597
0.006832564897149837
0.010887240718567564
0.005922284818305752
0.001732962032315015
0.004219879020116335
0.0025094326920161256
0.00660543885984814
0.0010292620418368896
4.292254038098305E-4
0.006700175440733869
0.011003610873439531
0.004520226044272781
0.014334177960055818
0.01201876192821574
0.007220009082902509
0.0032672560502832555
0.005787409804106044
0.0066945404233673565
0.012004967094335961
0.0037348724392330924
0.009347476885442975
0.005645745692663631
5.4233507486943616E-5
3.2765507489130365E-4
0.0030829851463446706
0.008023676386024598
0.0062706469812544305
0.00894326452377404
0.004592946176285123
0.032047872813792594
0.021166111842387963
0.026317131744304122
0.005735219125308644
0.017256175794779702
0.004195892098123542
0.011848224743594014
0.005037228204113055
0.004272438030002757
0.001941481096044645
0.006065249662060015
0.004401784175691335
0.003278211610737673
0.0015886945660478378
4.651162898583606E-4
0.011976540833337664
0.0030296893119742736
0.004014357010378758
0.021546716472279653
5.577036026793781E-4
0.006839868625285225
0.003214699095105509
0.006300854226082801
0.006740738893056214
0.0018583205678051585
0.002895120427252897
0.013774342088217208
0.004125435584958646
8.697776155745294E-4
0.007432741499697206
0.002072743913512448
0.006424860086113829
0.0023033628893045577
0.0066328510617414465
0.0018863279526050154
0.007886003061914289
0.019959679174447468
0.008167290868882425
0.006965481748874496
0.004648444944281692
0.006593366873815471
0.010327260432196818
0.0017286505223442882
0.003918177971798453
0.011142736342407351
0.010988096742262579
0.002485788303976724
0.004981673108819034
0.013222406458384173
0.006209910023253182
0.022598275167295286
0.002608856156234283
0.014808306138836914
0.010416711775671056
0.004046204975351101
0.005010573774775838
0.004539948130553823
0.005750852640154064
0.0026330212256721586
0.0012953122154954996
0.003996168509442547
0.01857803438018866
0.01655425630442039
0.0034599745110364274
0.01127041767561142
0.0013525435414176654
0.009809211561838005
0.0031656753306396365
0.0029212275324708064
0.005113501264139934
0.008409473622643686
0.005596170086457713
0.01156196767855049
0.0025422346737296584
0.0035700963778252377
0.020462778087318383
0.006869694716519674
0.007098860509636751
0.011394344998134605
0.004447784697506118
0.01528302954633619
0.005270956574594319
0.011216124081573919
0.004931457282280552
5.740217436937994E-4
0.0034732965409552978
0.00696887426830106
0.01489687672402158
0.009040211570615997
0.006379889489486211
0.01157051948586401
0.00985561068888176
0.004221391253346341
0.009608433507467271
0.011335348307837315
0.0028745841577501635
0.0136770878396543
0.001831517631499142
0.009427289606292136
0.008662907934564373
0.0035824968903038325
0.01555999473858413
0.02221589459117142
0.0015393215437251404
0.003242156462627882
0.01222939684138553
0.013625447720206775
0.010257251030049206
0.006607877183432323
0.003876564758727144
0.002638339969181433
0.0019303009312999426
0.018845332012101822
0.004299707049708438
0.003712895222427294
0.0019501472892592354
0.03415097468864522
0.003139161239564394
0.009378285069394218
0.015124780869569277
0.007923552849601763
0.021277437111454474
0.0077664677086086735
0.0014943630518669962
0.023843973801882235
0.027156173959078413
0.00663714118680431
0.0125975980188901
0.00488250980251185
0.025048965547581722
0.016808083880851483
0.00115729254656058
0.005020071268497857
0.004536808404588904
0.012388018394305688
0.022823963363367127
0.007687364852312006
0.005599798644642462
0.02299225511585576
8.005011360688568E-4
0.005660172859363046
0.0015288498268067282
0.015074814954626465
0.031237571819532326
0.0025930886691752637
0.005614266215315896
0.007066519621370241
0.004676250470563643
0.011156238196301939
0.005788944586563996
0.0019536780982890864
0.005255539981564887
0.015567904911754816
0.02180357907265934
0.008259390754613027
0.006911823502281929
0.001909772842957128
0.018550413004393654
8.096113653896695E-5
0.0012251375243971436
0.01671118360520652
0.001694290997731263
0.0014181387848529372
0.00537729925452676
0.018150096700620875
0.009525024237947433
0.0026395896031711167
0.023701017489140143
0.002046187181410668
0.02262719439595087
8.483082348325973E-4
0.0183019687542967
0.016095289941345493
0.01764081919614637
0.004703582369883506
0.00950732839513203
0.011970347540529652
0.00978647433560488
0.028079620458182138
0.016637625659653876
0.010086884304241003
0.007973683696835885
0.00487442881848597
0.022392234656428336
0.08326743660557073
0.09071415684929268
0.11921031498815823
0.12708683373933483
0.036255837432259644
0.05102634590767276
0.06804811588738352
0.07579691134305423
0.04263282967102644
0.06444232535465812
0.032324353577278364
0.04759742842552721
0.0676416221098536
0.03310070643657032
0.03658056301185274
0.029215195860628942
0.13841901049185526
0.07942921275309262
0.00655125699877846
0.05646174113563533
0.012172231989211404
0.07200208208695594
0.03374123579254559
0.021330466627768722
0.02676268154765373
0.04045713301203294
0.02037138222311479
0.04540084513242823
0.034519804768631104
0.04624691100879558
0.05633934420380437
0.011119698965354004
0.023414577861889083
0.059413595439132466
0.044317207877159794
0.033791635086875466
5.699445836911546E-4
0.035048086684141354
0.029732797011025516
0.04861047508806006
0.0024148656671582384
0.05594680870756268
0.027712176156223515
0.004080103687629972
0.033030357486227915
0.02585680626364642
0.006962514289724402
0.0737813342408309
0.04428749930390302
0.05732427539439746
0.06413409467072081
0.1592452602269277
0.005535267615434888
0.037411054966504646
0.02348218808359777
0.013231698777172831
0.028840739659932724
0.08507180545222282
0.02702782789862313
0.031093044923239613
0.010541118687106568
0.024203855079804402
0.01269973426391959
0.047893845541700474
0.0431539122668506
0.011542425815649442
0.1383075713520169
0.020426363106238715
0.3426668491241043
0.18295831937025664
0.0947810933403464
0.21478029776408428
0.1532861954177008
0.009343472053594435
0.22608114496918158
0.42490900479226396
0.31783089607465653
0.5355837731934304
0.19651607412058333
0.219822649366316
0.29822554991908334
0.344592546279778
0.14536953989281576
0.1771845824617666
0.2664267270308451
0.2524921023158295
0.2504604183742307
0.26148505849083536
0.49533542588553275
0.12277379729562671
0.47537794427544866
0.26147417184858585
1.0
0.07952214030463464
0.19844097159229643
0.5298353376238034
0.4192726815615478
0.047562097734708264
0.6189482505585293
0.11477049609195947
0.7864400075417325
0.11560940260644297
0.27573251343208305
0.040259776739539295
0.09291121876237138
0.7309887068923653
0.4219480857147928
0.022298002884301563
0.038182389143219295
0.47870049931284775
0.16041248487325088
0.23029280854002837
0.26671533264539715
0.6478255594264066
0.26392980586565445
0.21810491209363256
0.23207010880360188
0.033224632961666674
0.03251602543457174
0.06223608332483453
0.18509884731511528
0.10222199460829981
