0.36408594899142716
0.3611211191718266
0.3523055797138181
0.3378749414984527
0.3182176767823587
0.2938685252178179
0.26549875525021
0.23390287094953982
0.1999813660942894
0.16471921939750891
0.12915999837641587
0.09437568782749148
0.061432667793281846
0.03135461405343581
0.00508345485075346
0.01656013948325198
0.03291496370035622
0.04351419747696602
0.048114946737755404
0.04672033609247309
0.03959224400360072
0.02725307943341592
0.010475444753372445
0.009740902032914046
0.032204708783936775
0.05558071316163069
0.07844740511687692
0.09936280943246927
0.11693539113916895
0.12989666999150998
0.13717177700510047
0.13794402989840296
0.13170966832213352
0.11831918470165008
0.0980022092470766
0.07137364074784529
0.03941962673935824
0.0034630433909679584
0.03489074766738643
0.0738259437534482
0.1114031291635204
0.1456568891269468
0.17469941072266224
0.19682470473983063
0.21060779358018605
0.21499322902138251
0.20936764254098605
0.1936116841971313
0.16812764937521832
0.1338402837317253
0.0921696370232503
0.044976334630056874
0.005518829554464813
0.056837589640796875
0.10636445439395668
0.15147863154855942
0.18969091255009385
0.2187783014994064
0.23690905825139524
0.24275111552960613
0.23555751966723376
0.21522360738063773
0.18231201804346547
0.1380432836914999
0.08425155250416158
0.02330688889048921
0.04199254903681463
0.10855343043368815
0.17313875743349974
0.2325302749670941
0.28369333250008216
0.32393542141941084
0.35104976338625465
0.36343595428113684
0.36019075069798434
0.34116357067386427
0.30697309326712297
0.25898338866224674
0.1992401827026016
0.13037003908918293
0.055447308315753105
0.02216447171184339
0.09898853815965694
0.17161896773092478
0.2369029969984624
0.29211169870092885
0.33508960285009154
0.3643748640920038
0.3792830650807271
0.37994963436811785
0.36732804786022144
0.34314335847206395
0.30980303060484604
0.27026941102797125
0.22790031480027143
0.18626602304946013
0.14895237456802965
0.11936050389038304
0.10051408099124065
0.09488461908191562
0.10424454676918347
0.12955633097133187
0.17090405963873426
0.22747164725039212
0.2975693313235198
0.3787075196870125
0.4677144684026936
0.5608918609553372
0.6542002543785868
0.7434646752718435
0.8245894836854974
0.8937710431972661
0.9476967769118909
0.9837198532899659
1.0
0.9956027229977511
0.9705514170718587
0.9258293742473852
0.8633313910593657
0.7857673978938281
0.6965231342826813
0.5994852302622806
0.49883999673179685
0.3988566694762904
0.30366671171883214
0.21705101011208466
0.1422463849385575
0.08178179838164394
0.037353040827047754
0.009742591356668074
0.0012111014343039112
0.0034066455368511515
0.021656795125442392
0.05086251032178238
0.08776455744050016
0.12870766351848767
0.16984763051989274
0.2073678988687502
0.23769376173049847
0.25769258545150914
0.26484918117190426
0.2574068533711977
0.23446654601087805
0.19603881084513355
0.14304590792096825
0.07727407262829994
0.001278696979334285
0.08175227374938077
0.1681691738262133
0.25405629201876023
0.3354416899954858
0.4085097444918645
0.4698048997945884
0.5164156526080794
0.5461289234871408
0.5575466323412769
0.5501583956833564
0.5243666823866341
0.4814633679144399
0.4235592701625844
0.35347078780622715
0.27457005578031357
0.19060695811021983
0.10551279285682008
0.02319629136278449
0.052656990969521596
0.11877118462080516
0.17244266150880816
0.2116701834137784
0.23524604040242456
0.2428037675220839
0.2348204363827878
0.21257400892834594
0.17805867567893377
0.1338633465100234
0.08302039705223663
0.02883329507379932
0.02530724011228009
0.07610840668539184
0.1205517568020026
0.15605146840366152
0.1805861582616101
0.19279751943643988
0.1920509893789648
0.17845581230171
0.15284412827121244
0.11671097429956233
0.07211919486870341
0.02157511580686562
0.03211766274128215
0.08601792901398876
0.13721096787696918
0.18296802854604266
0.22089249417241855
0.24904499578817774
0.2660410262585923
0.2711162552797505
0.2641566260578551
0.24569231865797048
0.21685667963052183
0.17931312946494946
0.13515476364165774
0.08678276824070336
0.03677080456320398
0.012276871181791639
0.05786562270755022
0.09774133493031426
0.13000505686554292
0.15320551623927614
0.16640501330585725
0.16921579627100639
0.16180573769725598
0.1448738700640279
0.11959800007071192
0.08755811285502678
0.05064051852360891
0.010928620041686023
0.029413250952021647
0.06825629821208191
0.10361758905538176
0.13375836736065636
0.15726534648702198
0.1731111098269968
0.18069106457730227
0.17983581556234646
0.17079926491936312
0.15422411582377765
0.13108768614908142
0.10263195370346934
0.07028250560427604
0.03556151480133997
0.0
0.034945556075981724
0.06796762961149744
0.09796924864179381
0.12410981643767903
0.14583329654092914
0.16287803096976902
0.17526860123966845
0.1832912084137425
0.1874549805864081
0.1884423614247615
0.1870522522620499
0.1841398486668048
0.18055712269165705
0.1770976628562523
0.17444911950306402
0.17315585116620358
0.173593576480615
0.17595696183484044
0.18026017702056438
0.18634958892094644
0.19392699214160897
0.20258114325291413
0.211824909380791
0.22113508703042828
0.22999190405878406
0.23791538305198032
0.2444961005809151
0.24941839403682964
0.25247470589775634
0.2535704668790158
0.25271965292266596
0.25003185425989377
0.2456923186579706
0.23993693248188797
0.2330244484554611
0.2252084353503851
0.21671140231248487
0.20770334247676636
0.19828656321997631
0.18848815193980212
0.17826080456019122
0.16749206419619456
0.1560213288588364
0.14366333979905505
0.13023630348516496
0.11559237178242045
0.09964793938914084
0.08241113665496255
0.06400400861375986
0.04467717310421316
0.024815224724290416
0.004931767408183945
0.014346323348787908
0.032305034889603165
0.048178599912431154
0.06119225534944893
0.0706098853979527
0.07578358430158638
0.07620188709762427
0.07153333902563203
0.061662218317644055
0.04671358995222742
0.027065432447236092
0.0033463150128578306
0.023582034429556004
0.05265699096952167
0.08266088866034214
0.11227832293607168
0.14016194317059663
0.16500312895001337
0.18560349802689016
0.20094298708323113
0.21024029838441213
0.21300182040652588
0.20905569641745173
0.19856850365690135
0.18204297449571358
0.16029628484804606
0.1344195901893906
0.10572063653898531
0.07565234231972529
0.04573116992992397
0.017449823355995424
0.007810728367147968
0.028864726774122183
0.0447955539636059
0.05501550755581116
0.059307532227800386
0.05784598939494292
0.05119471293056215
0.040281896101237655
0.02635270858956305
0.01090187320519768
0.004410339864694189
0.01785419253129465
0.027733315458364452
0.03248847304083647
0.030796246882427335
0.021656795125442423
0.004465356816282614
0.020936996946514158
0.05423675327048547
0.09464755002998648
0.14093656110281405
0.1914767344501878
0.24432244161941033
0.29730471219240623
0.34814104052507655
0.3945538366823831
0.43439100578933254
0.4657419187281073
0.48704219998625964
0.49716130110788825
0.4954677240622405
0.4818679605005119
0.45681665457461945
0.42129709830962575
0.376772838877288
0.3251128209681968
0.2684940098135225
0.20928675236611569
0.14992915814233648
0.0927974556227801
0.04007956295590135
0.006341016671198607
0.04498440029826715
0.07485097183906184
0.09547105639335789
0.1069247150115807
0.1098304354591216
0.10530325804861494
0.09488461908191564
0.08044781755188563
0.06408441949071936
0.04797802650790643
0.034272585060862004
0.02494275579621541
0.021673776092275124
0.025757736563773868
0.038012281198922054
0.0587264815584616
0.08763709896229689
0.1239367220077932
0.16631344861522443
0.21301997625818572
0.2619682749474724
0.3108445423806952
0.35723796491313353
0.39877600010834113
0.4332585040270545
0.4587830727150967
0.47385445089479605
0.4774717547535238
0.4691885093206076
0.44914204273105524
0.4180505214269438
0.3771777520951756
0.3282677120177152
0.27345249385956083
0.2151388644137065
0.15587985223024478
0.09823862631372236
0.04465235835939204
0.002696250410561511
0.04199254903681455
0.07188226130075992
0.09153742401750442
0.10069233216951459
0.09964761231118653
0.08924237845909028
0.07079625574118607
0.04602478049636406
0.016933201729124915
0.01430506959143028
0.04547826014840827
0.07446673656232895
0.0993666596166336
0.11859967297740082
0.13100235376465136
0.13589035849789508
0.13309369434257295
0.12296124431847444
0.10633447665870902
0.08449206749371956
0.05906885751264683
0.03195404876334473
0.005174741087572429
0.019228260074128607
0.03932500926774981
0.05341401358074434
0.060125945100687465
0.058507409079514544
0.04807989936303864
0.028870550084724937
0.0014129641688489676
0.033281833923555944
0.07378251567110948
0.11831918470165013
0.16488484295150546
0.2113505533561194
0.2555874802424585
0.29558860764856293
0.32958298061279456
0.35613578119517597
0.3742284108764075
0.383313952150729
0.383344852679908
0.37477132765298116
0.35851071180539895
0.33588970897919945
0.3085630826146017
0.2784137109921192
0.24744001516779698
0.21763749185867579
0.19088140598945624
0.16881760006149807
0.1527678667549841
0.14365543853301094
0.14195492740470486
0.147669572728885
0.1603370133141554
0.1790630901569202
0.2025815099307296
0.22933565662686187
0.25757752130061584
0.28547770593496946
0.3112398070709563
0.3332122364367771
0.3499907037210395
0.36050516044646835
0.36408594899142716
0.36050516044646835
0.3499907037210395
0.3332122364367771
0.3112398070709563
0.28547770593496946
0.25757752130061584
0.22933565662686187
0.2025815099307296
0.1790630901569202
0.1603370133141554
0.147669572728885
0.14195492740470486
0.14365543853301094
0.1527678667549841
0.16881760006149807
0.19088140598945624
0.21763749185867579
0.24744001516779698
0.2784137109921192
0.3085630826146017
0.33588970897919945
0.35851071180539895
0.37477132765298116
0.383344852679908
0.383313952150729
0.3742284108764075
0.35613578119517597
0.32958298061279456
0.29558860764856293
0.2555874802424585
0.2113505533561194
0.16488484295150546
0.11831918470165013
0.07378251567110948
0.033281833923555944
0.0014129641688489676
0.028870550084724937
0.04807989936303864
0.058507409079514544
0.060125945100687465
0.05341401358074434
0.03932500926774981
0.019228260074128607
0.005174741087572429
0.03195404876334473
0.05906885751264683
0.08449206749371956
0.10633447665870902
0.12296124431847444
0.13309369434257295
0.13589035849789508
0.13100235376465136
0.11859967297740082
0.0993666596166336
0.07446673656232895
0.04547826014840827
0.01430506959143028
0.016933201729124915
0.04602478049636406
0.07079625574118607
0.08924237845909028
0.09964761231118653
0.10069233216951459
0.09153742401750442
0.07188226130075992
0.04199254903681455
0.002696250410561511
0.04465235835939204
0.09823862631372236
0.15587985223024478
0.2151388644137065
0.27345249385956083
0.3282677120177152
0.3771777520951756
0.4180505214269438
0.44914204273105524
0.4691885093206076
0.4774717547535238
0.47385445089479605
0.4587830727150967
0.4332585040270545
0.39877600010834113
0.35723796491313353
0.3108445423806952
0.2619682749474724
0.21301997625818572
0.16631344861522443
0.1239367220077932
0.08763709896229689
0.0587264815584616
0.038012281198922054
0.025757736563773868
0.021673776092275124
0.02494275579621541
0.034272585060862004
0.04797802650790643
0.06408441949071936
0.08044781755188563
0.09488461908191564
0.10530325804861494
0.1098304354591216
0.1069247150115807
0.09547105639335789
0.07485097183906184
0.04498440029826715
0.006341016671198607
0.04007956295590135
0.0927974556227801
0.14992915814233648
0.20928675236611569
0.2684940098135225
0.3251128209681968
0.376772838877288
0.42129709830962575
0.45681665457461945
0.4818679605005119
0.4954677240622405
0.49716130110788825
0.48704219998625964
0.4657419187281073
0.43439100578933254
0.3945538366823831
0.34814104052507655
0.29730471219240623
0.24432244161941033
0.1914767344501878
0.14093656110281405
0.09464755002998648
0.05423675327048547
0.020936996946514158
0.004465356816282614
0.021656795125442423
0.030796246882427335
0.03248847304083647
0.027733315458364452
0.01785419253129465
0.004410339864694189
0.01090187320519768
0.02635270858956305
0.040281896101237655
0.05119471293056215
0.05784598939494292
0.059307532227800386
0.05501550755581116
0.0447955539636059
0.028864726774122183
0.007810728367147968
0.017449823355995424
0.04573116992992397
0.07565234231972529
0.10572063653898531
0.1344195901893906
0.16029628484804606
0.18204297449571358
0.19856850365690135
0.20905569641745173
0.21300182040652588
0.21024029838441213
0.20094298708323113
0.18560349802689016
0.16500312895001337
0.14016194317059663
0.11227832293607168
0.08266088866034214
0.05265699096952167
0.023582034429556004
0.0033463150128578306
0.027065432447236092
0.04671358995222742
0.061662218317644055
0.07153333902563203
0.07620188709762427
0.07578358430158638
0.0706098853979527
0.06119225534944893
0.048178599912431154
0.032305034889603165
0.014346323348787908
0.004931767408183945
0.024815224724290416
0.04467717310421316
0.06400400861375986
0.08241113665496255
0.09964793938914084
0.11559237178242045
0.13023630348516496
0.14366333979905505
0.1560213288588364
0.16749206419619456
0.17826080456019122
0.18848815193980212
0.19828656321997631
0.20770334247676636
0.21671140231248487
0.2252084353503851
0.2330244484554611
0.23993693248188797
0.2456923186579706
0.25003185425989377
0.25271965292266596
0.2535704668790158
0.25247470589775634
0.24941839403682964
0.2444961005809151
0.23791538305198032
0.22999190405878406
0.22113508703042828
0.211824909380791
0.20258114325291413
0.19392699214160897
0.18634958892094644
0.18026017702056438
0.17595696183484044
0.173593576480615
0.17315585116620358
0.17444911950306402
0.1770976628562523
0.18055712269165705
0.1841398486668048
0.1870522522620499
0.1884423614247615
0.1874549805864081
0.1832912084137425
0.17526860123966845
0.16287803096976902
0.14583329654092914
0.12410981643767903
0.09796924864179381
0.06796762961149744
0.034945556075981724
0.0
0.03556151480133997
0.07028250560427604
0.10263195370346934
0.13108768614908142
0.15422411582377765
0.17079926491936312
0.17983581556234646
0.18069106457730227
0.1731111098269968
0.15726534648702198
0.13375836736065636
0.10361758905538176
0.06825629821208191
0.029413250952021647
0.010928620041686023
0.05064051852360891
0.08755811285502678
0.11959800007071192
0.1448738700640279
0.16180573769725598
0.16921579627100639
0.16640501330585725
0.15320551623927614
0.13000505686554292
0.09774133493031426
0.05786562270755022
0.012276871181791639
0.03677080456320398
0.08678276824070336
0.13515476364165774
0.17931312946494946
0.21685667963052183
0.24569231865797048
0.2641566260578551
0.2711162552797505
0.2660410262585923
0.24904499578817774
0.22089249417241855
0.18296802854604266
0.13721096787696918
0.08601792901398876
0.03211766274128215
0.02157511580686562
0.07211919486870341
0.11671097429956233
0.15284412827121244
0.17845581230171
0.1920509893789648
0.19279751943643988
0.1805861582616101
0.15605146840366152
0.1205517568020026
0.07610840668539184
0.02530724011228009
0.02883329507379932
0.08302039705223663
0.1338633465100234
0.17805867567893377
0.21257400892834594
0.2348204363827878
0.2428037675220839
0.23524604040242456
0.2116701834137784
0.17244266150880816
0.11877118462080516
0.052656990969521596
0.02319629136278449
0.10551279285682008
0.19060695811021983
0.27457005578031357
0.35347078780622715
0.4235592701625844
0.4814633679144399
0.5243666823866341
0.5501583956833564
0.5575466323412769
0.5461289234871408
0.5164156526080794
0.4698048997945884
0.4085097444918645
0.3354416899954858
0.25405629201876023
0.1681691738262133
0.08175227374938077
0.001278696979334285
0.07727407262829994
0.14304590792096825
0.19603881084513355
0.23446654601087805
0.2574068533711977
0.26484918117190426
0.25769258545150914
0.23769376173049847
0.2073678988687502
0.16984763051989274
0.12870766351848767
0.08776455744050016
0.05086251032178238
0.021656795125442392
0.0034066455368511515
0.0012111014343039112
0.009742591356668074
0.037353040827047754
0.08178179838164394
0.1422463849385575
0.21705101011208466
0.30366671171883214
0.3988566694762904
0.49883999673179685
0.5994852302622806
0.6965231342826813
0.7857673978938281
0.8633313910593657
0.9258293742473852
0.9705514170718587
0.9956027229977511
1.0
0.9837198532899659
0.9476967769118909
0.8937710431972661
0.8245894836854974
0.7434646752718435
0.6542002543785868
0.5608918609553372
0.4677144684026936
0.3787075196870125
0.2975693313235198
0.22747164725039212
0.17090405963873426
0.12955633097133187
0.10424454676918347
0.09488461908191562
0.10051408099124065
0.11936050389038304
0.14895237456802965
0.18626602304946013
0.22790031480027143
0.27026941102797125
0.30980303060484604
0.34314335847206395
0.36732804786022144
0.37994963436811785
0.3792830650807271
0.3643748640920038
0.33508960285009154
0.29211169870092885
0.2369029969984624
0.17161896773092478
0.09898853815965694
0.02216447171184339
0.055447308315753105
0.13037003908918293
0.1992401827026016
0.25898338866224674
0.30697309326712297
0.34116357067386427
0.36019075069798434
0.36343595428113684
0.35104976338625465
0.32393542141941084
0.28369333250008216
0.2325302749670941
0.17313875743349974
0.10855343043368815
0.04199254903681463
0.02330688889048921
0.08425155250416158
0.1380432836914999
0.18231201804346547
0.21522360738063773
0.23555751966723376
0.24275111552960613
0.23690905825139524
0.2187783014994064
0.18969091255009385
0.15147863154855942
0.10636445439395668
0.056837589640796875
0.005518829554464813
0.044976334630056874
0.0921696370232503
0.1338402837317253
0.16812764937521832
0.1936116841971313
0.20936764254098605
0.21499322902138251
0.21060779358018605
0.19682470473983063
0.17469941072266224
0.1456568891269468
0.1114031291635204
0.0738259437534482
0.03489074766738643
0.0034630433909679584
0.03941962673935824
0.07137364074784529
0.0980022092470766
0.11831918470165008
0.13170966832213352
0.13794402989840296
0.13717177700510047
0.12989666999150998
0.11693539113916895
0.09936280943246927
0.07844740511687692
0.05558071316163069
0.032204708783936775
0.009740902032914046
0.010475444753372445
0.02725307943341592
0.03959224400360072
0.04672033609247309
0.048114946737755404
0.04351419747696602
0.03291496370035622
0.01656013948325198
0.00508345485075346
0.03135461405343581
0.061432667793281846
0.09437568782749148
0.12915999837641587
0.16471921939750891
0.1999813660942894
0.23390287094953982
0.26549875525021
0.2938685252178179
0.3182176767823587
0.3378749414984527
0.3523055797138181
0.3611211191718266
