0.4603346607397722
0.44586240506597896
0.4036371693373076
0.33712508421479115
0.25175179451693364
0.15441066307774798
0.05284087345775272
0.045065786743324183
0.1319642077060658
0.20169588852562328
0.24981024237272423
0.2739198160873737
0.27385827417112035
0.2516291833741043
0.21115380529312436
0.15784528260447717
0.0980529215235694
0.03843215481737244
0.014697909118055028
0.055947252476723906
0.08134182252048235
0.08865963755716266
0.07758683613087483
0.04968263420040268
0.008161228067802255
0.04248333571923397
0.09696819078826686
0.1497766870282363
0.19572015163671985
0.23044955954954585
0.25086649430707864
0.2553940105005593
0.24408307099894896
0.21854754679401492
0.1817385404254773
0.13758520090580847
0.09054256995628944
0.04509599257014231
0.0052753566203891785
0.025769437749873992
0.04608759212161306
0.05510868675272566
0.05366875470107313
0.04388053162108005
0.028863927424890957
0.012367606676076587
0.0016759747165118086
0.009612842778323898
0.008496255760349802
0.0035650574586900347
0.027177288269760996
0.06157573201474712
0.10469226757816824
0.15336893314117417
0.20369443135008136
0.2514268729703809
0.29245644297929896
0.3232569985469699
0.3412764186370495
0.34522177731492765
0.33520648788059687
0.3127413267689974
0.28056815691842646
0.24235244745745954
0.20226648713438747
0.16450780189737776
0.13280531410647978
0.10996828671624766
0.09752971222911683
0.09552677888314047
0.10244721853374598
0.11535307445190912
0.1301744715856285
0.1421472871487481
0.14635217860924826
0.13830001103195522
0.11450173968205989
0.07296012016663116
0.013526480404308419
0.061922228126771055
0.1495138406654906
0.24362609713819494
0.3373317637055237
0.42300784268664754
0.4930546589148511
0.5406571641963486
0.5605137030184928
0.5494576316667936
0.5069047787535707
0.4350742419369085
0.33895019973395674
0.22597645475380548
0.10550106827140647
0.011986762350119433
0.11576392514170716
0.19584500328138443
0.24392965437071842
0.25423641388589524
0.22414130447481856
0.15455528034972796
0.049996803129143286
0.08165722505513594
0.22972979029418336
0.3815702871984624
0.5235826302694114
0.6423684248371663
0.7258862861138324
0.764524839120151
0.7519926665675085
0.6859431020882527
0.5682740662349571
0.4050711608522442
0.20619347305240487
0.015466827609199494
0.24499086602504017
0.4666211852700123
0.6650307634435827
0.8265643589133522
0.9403455596058258
0.9991543571752816
1.0
0.9443405058598845
0.837931130188607
0.6903164945190786
0.5140120575959485
0.3234473742368071
0.13376374666088167
0.04042934280352063
0.18623221687071784
0.29346770011153045
0.3554446871353877
0.3694118495834322
0.3366689232672869
0.26233364231478284
0.15479265744843704
0.024891953337294274
0.11505604926146158
0.25235722916198267
0.3750151111007188
0.4727107436689712
0.5376006028894339
0.5648687701785912
0.552993683700575
0.5037167673301669
0.4217276338978212
0.3141057898803216
0.18957954638577523
0.057677345075034074
0.07214625062208439
0.19132852425551097
0.2928876473148391
0.3719249808444412
0.4259028660876697
0.45468307614457076
0.4603346607397722
0.4467418039650605
0.4190604611238581
0.38308529193283136
0.3445946769679852
0.30874096688360597
0.2795458322581974
0.2595475662348677
0.24962989706162206
0.24904213730263086
0.2556003740733192
0.26604092584919137
0.2764822822767719
0.2829416425861935
0.28184789053039244
0.27049469845852236
0.2473851234924735
0.2124316448099928
0.16699170960049764
0.11373678708715373
0.05637079827216117
7.702487965738292E-4
0.053193154921099266
0.09674502980428751
0.12807931442483633
0.14503976594166684
0.14692063057481905
0.13457433113706474
0.11035403362569249
0.07789576360904812
0.041761533167459494
0.006979492667239788
0.021472043332649317
0.039183825917504404
0.04278468203757774
0.03031168972061659
0.0014427243042315033
0.042433638542128276
0.0983195379580566
0.16187198908251726
0.22780480093547956
0.29038932305295945
0.3440050284423712
0.38368575368099495
0.40560762150896235
0.40747024151561095
0.3887331609098218
0.350683684464702
0.29632869434384196
0.2301203409870013
0.15754174359645495
0.08459253348749152
0.017223856052566072
0.03922263153626896
0.08051763634142241
0.10394052507893847
0.10853095604449949
0.09517180033631299
0.06649562200869645
0.02662398748249571
0.01923509446291231
0.06529278712114318
0.10573957476491747
0.13530644111870355
0.1497737532285603
0.14637981406068007
0.12409088854301589
0.08370791507131323
0.027800765422737978
0.039522713877099734
0.11299013257900259
0.18664453219467994
0.25438535838979903
0.3105196965514093
0.3502727163968803
0.3702107748510291
0.36853944846369524
0.34525099555482913
0.3021101605636547
0.24248241746841867
0.1710232466848333
0.09325948620885033
0.015103053676711055
0.05765740671374751
0.11984054536872815
0.1672891126833311
0.19718411533741434
0.208231451554597
0.20070872963575634
0.1763733038340323
0.1382453455092996
0.09029079640555604
0.0370373223338551
0.016838803429129773
0.06691594956328828
0.10938432465738877
0.141327043706713
0.1609037115691923
0.16742556255904792
0.16132215560091734
0.14401004393304465
0.11768270229958534
0.085047482879443
0.04903893577987111
0.012538241726450391
0.021874133375347722
0.05211072647833865
0.07669971172759683
0.0948316386927953
0.10633256578847887
0.11157367527427177
0.11133370751594197
0.10663464970252044
0.09857270260608274
0.08816555829082433
0.07623366694309022
0.06332792120366439
0.0497097068826724
0.03538234377134335
0.020166383198262815
0.003805792923058617
0.013911645403577885
0.03303797462762125
0.05337027587482793
0.07439211890365367
0.09526122345092178
0.1148473772201632
0.13181819171905354
0.14476404308159527
0.15234828052476998
0.1534651192991266
0.1473860159746043
0.13387596782788438
0.11326404396594722
0.0864572485747097
0.0548930184078553
0.02043258252766156
0.014795714576563906
0.04858798867681978
0.0788716555816623
0.10390548720461781
0.1224508291368399
0.13389438546031837
0.13830769411958255
0.13643492674205138
0.1296082787609815
0.11959815913769015
0.10841278091991248
0.09806777062819806
0.09035036138226214
0.08660412365698528
0.0875587939011414
0.09322565357603396
0.1028724507248003
0.11508366518494302
0.12790282035748105
0.13904448131604608
0.14615551579441735
0.14709901786557927
0.1402307176903447
0.12463718677115126
0.10030785302964676
0.0682185903443881
0.030312949421480065
0.010622819940643182
0.05118391742178575
0.08765266898940903
0.11635885799137759
0.1340609620393997
0.1383108036933386
0.1277639925930516
0.1024021540289297
0.06364006927318687
0.014300906883106179
0.041545192389802595
0.09887091888060892
0.15208905549421614
0.19552515547928195
0.22392515817382375
0.23295258786775666
0.21962922708511437
0.18267670525551405
0.12272407129593803
0.042357506427247234
0.053998075667455445
0.16036091170887337
0.26961830492424654
0.3740637377555681
0.46600164968854385
0.5383693725080362
0.5853231534138954
0.602737345111849
0.5885725665796961
0.5430793821338987
0.4688178798265434
0.37048923380112997
0.2545915116148406
0.12892718945921183
0.0020027018693593666
0.11763027682389227
0.22203708375730336
0.304510857191658
0.36008140544977807
0.3858806068803466
0.38133526781741794
0.3481732769840659
0.29024490253795715
0.21317675401669992
0.12388989097500701
0.0300245874233428
0.060678581040644636
0.1409889488272608
0.204736794150318
0.24726098326965912
0.26571900027476014
0.2592378808577866
0.22889887170422618
0.1775631860962287
0.10955971245325681
0.030266772774257378
0.05437192884518948
0.1383528177096156
0.21609496371669104
0.28285902746618535
0.3350694608101703
0.37051690653758057
0.3884295702706901
0.3894147265874548
0.3752833057155144
0.34878061289839474
0.3132537753827813
0.272290875388198
0.22936761355820035
0.18753479651586893
0.1491743194224417
0.1158432661622518
0.08821613391571533
0.06612498717809019
0.04868756678120925
0.03450495904079145
0.02190414631253257
0.00919716061502019
0.0050720823768709575
0.021919905080924253
0.04177567368503385
0.06441004413168495
0.08894511404156638
0.1139441919533437
0.13757055764716797
0.15779748518676842
0.1726466131420404
0.18042895170009904
0.1799626478099256
0.17074406006359585
0.1530534451797646
0.12798312826688385
0.0973837529950651
0.06373231950797095
0.029933427687772185
9.28286135780676E-4
0.025861715602223462
0.04224342851451808
0.04806675792409995
0.04214241128419398
0.02423154389619133
0.004901642506560927
0.04352344817871935
0.0890483062198375
0.13823093754641375
0.187416896911595
0.23283029940521835
0.27087436665616155
0.29841945570275275
0.3130544772390832
0.3132809207714596
0.2986337499892192
0.26971973630514084
0.22817078910205774
0.1765169018852202
0.11798986127263474
0.056274322725629176
0.004773185158231735
0.06141459308064647
0.11030696254611089
0.14874410576805203
0.1748450460740644
0.18767584454898098
0.18729688104638473
0.17473368938502298
0.15187541323868553
0.12131040302182945
0.08611300991774841
0.04959893783155597
0.015068385505704605
0.014443432231135214
0.0363899153637556
0.04889484372359205
0.05087980209139852
0.04212912425318598
0.02328899223452904
0.004197808899834413
0.03821537395359863
0.07614625202317972
0.11507774898876212
0.15202738824332604
0.18417087886692246
0.20905602298214018
0.224787203961371
0.2301673303698861
0.224787203961371
0.20905602298214018
0.18417087886692246
0.15202738824332604
0.11507774898876212
0.07614625202317972
0.03821537395359863
0.004197808899834413
0.02328899223452904
0.04212912425318598
0.05087980209139852
0.04889484372359205
0.0363899153637556
0.014443432231135214
0.015068385505704605
0.04959893783155597
0.08611300991774841
0.12131040302182945
0.15187541323868553
0.17473368938502298
0.18729688104638473
0.18767584454898098
0.1748450460740644
0.14874410576805203
0.11030696254611089
0.06141459308064647
0.004773185158231735
0.056274322725629176
0.11798986127263474
0.1765169018852202
0.22817078910205774
0.26971973630514084
0.2986337499892192
0.3132809207714596
0.3130544772390832
0.29841945570275275
0.27087436665616155
0.23283029940521835
0.187416896911595
0.13823093754641375
0.0890483062198375
0.04352344817871935
0.004901642506560927
0.02423154389619133
0.04214241128419398
0.04806675792409995
0.04224342851451808
0.025861715602223462
9.28286135780676E-4
0.029933427687772185
0.06373231950797095
0.0973837529950651
0.12798312826688385
0.1530534451797646
0.17074406006359585
0.1799626478099256
0.18042895170009904
0.1726466131420404
0.15779748518676842
0.13757055764716797
0.1139441919533437
0.08894511404156638
0.06441004413168495
0.04177567368503385
0.021919905080924253
0.0050720823768709575
0.00919716061502019
0.02190414631253257
0.03450495904079145
0.04868756678120925
0.06612498717809019
0.08821613391571533
0.1158432661622518
0.1491743194224417
0.18753479651586893
0.22936761355820035
0.272290875388198
0.3132537753827813
0.34878061289839474
0.3752833057155144
0.3894147265874548
0.3884295702706901
0.37051690653758057
0.3350694608101703
0.28285902746618535
0.21609496371669104
0.1383528177096156
0.05437192884518948
0.030266772774257378
0.10955971245325681
0.1775631860962287
0.22889887170422618
0.2592378808577866
0.26571900027476014
0.24726098326965912
0.204736794150318
0.1409889488272608
0.060678581040644636
0.0300245874233428
0.12388989097500701
0.21317675401669992
0.29024490253795715
0.3481732769840659
0.38133526781741794
0.3858806068803466
0.36008140544977807
0.304510857191658
0.22203708375730336
0.11763027682389227
0.0020027018693593666
0.12892718945921183
0.2545915116148406
0.37048923380112997
0.4688178798265434
0.5430793821338987
0.5885725665796961
0.602737345111849
0.5853231534138954
0.5383693725080362
0.46600164968854385
0.3740637377555681
0.26961830492424654
0.16036091170887337
0.053998075667455445
0.042357506427247234
0.12272407129593803
0.18267670525551405
0.21962922708511437
0.23295258786775666
0.22392515817382375
0.19552515547928195
0.15208905549421614
0.09887091888060892
0.041545192389802595
0.014300906883106179
0.06364006927318687
0.1024021540289297
0.1277639925930516
0.1383108036933386
0.1340609620393997
0.11635885799137759
0.08765266898940903
0.05118391742178575
0.010622819940643182
0.030312949421480065
0.0682185903443881
0.10030785302964676
0.12463718677115126
0.1402307176903447
0.14709901786557927
0.14615551579441735
0.13904448131604608
0.12790282035748105
0.11508366518494302
0.1028724507248003
0.09322565357603396
0.0875587939011414
0.08660412365698528
0.09035036138226214
0.09806777062819806
0.10841278091991248
0.11959815913769015
0.1296082787609815
0.13643492674205138
0.13830769411958255
0.13389438546031837
0.1224508291368399
0.10390548720461781
0.0788716555816623
0.04858798867681978
0.014795714576563906
0.02043258252766156
0.0548930184078553
0.0864572485747097
0.11326404396594722
0.13387596782788438
0.1473860159746043
0.1534651192991266
0.15234828052476998
0.14476404308159527
0.13181819171905354
0.1148473772201632
0.09526122345092178
0.07439211890365367
0.05337027587482793
0.03303797462762125
0.013911645403577885
0.003805792923058617
0.020166383198262815
0.03538234377134335
0.0497097068826724
0.06332792120366439
0.07623366694309022
0.08816555829082433
0.09857270260608274
0.10663464970252044
0.11133370751594197
0.11157367527427177
0.10633256578847887
0.0948316386927953
0.07669971172759683
0.05211072647833865
0.021874133375347722
0.012538241726450391
0.04903893577987111
0.085047482879443
0.11768270229958534
0.14401004393304465
0.16132215560091734
0.16742556255904792
0.1609037115691923
0.141327043706713
0.10938432465738877
0.06691594956328828
0.016838803429129773
0.0370373223338551
0.09029079640555604
0.1382453455092996
0.1763733038340323
0.20070872963575634
0.208231451554597
0.19718411533741434
0.1672891126833311
0.11984054536872815
0.05765740671374751
0.015103053676711055
0.09325948620885033
0.1710232466848333
0.24248241746841867
0.3021101605636547
0.34525099555482913
0.36853944846369524
0.3702107748510291
0.3502727163968803
0.3105196965514093
0.25438535838979903
0.18664453219467994
0.11299013257900259
0.039522713877099734
0.027800765422737978
0.08370791507131323
0.12409088854301589
0.14637981406068007
0.1497737532285603
0.13530644111870355
0.10573957476491747
0.06529278712114318
0.01923509446291231
0.02662398748249571
0.06649562200869645
0.09517180033631299
0.10853095604449949
0.10394052507893847
0.08051763634142241
0.03922263153626896
0.017223856052566072
0.08459253348749152
0.15754174359645495
0.2301203409870013
0.29632869434384196
0.350683684464702
0.3887331609098218
0.40747024151561095
0.40560762150896235
0.38368575368099495
0.3440050284423712
0.29038932305295945
0.22780480093547956
0.16187198908251726
0.0983195379580566
0.042433638542128276
0.0014427243042315033
0.03031168972061659
0.04278468203757774
0.039183825917504404
0.021472043332649317
0.006979492667239788
0.041761533167459494
0.07789576360904812
0.11035403362569249
0.13457433113706474
0.14692063057481905
0.14503976594166684
0.12807931442483633
0.09674502980428751
0.053193154921099266
7.702487965738292E-4
0.05637079827216117
0.11373678708715373
0.16699170960049764
0.2124316448099928
0.2473851234924735
0.27049469845852236
0.28184789053039244
0.2829416425861935
0.2764822822767719
0.26604092584919137
0.2556003740733192
0.24904213730263086
0.24962989706162206
0.2595475662348677
0.2795458322581974
0.30874096688360597
0.3445946769679852
0.38308529193283136
0.4190604611238581
0.4467418039650605
0.4603346607397722
0.45468307614457076
0.4259028660876697
0.3719249808444412
0.2928876473148391
0.19132852425551097
0.07214625062208439
0.057677345075034074
0.18957954638577523
0.3141057898803216
0.4217276338978212
0.5037167673301669
0.552993683700575
0.5648687701785912
0.5376006028894339
0.4727107436689712
0.3750151111007188
0.25235722916198267
0.11505604926146158
0.024891953337294274
0.15479265744843704
0.26233364231478284
0.3366689232672869
0.3694118495834322
0.3554446871353877
0.29346770011153045
0.18623221687071784
0.04042934280352063
0.13376374666088167
0.3234473742368071
0.5140120575959485
0.6903164945190786
0.837931130188607
0.9443405058598845
1.0
0.9991543571752816
0.9403455596058258
0.8265643589133522
0.6650307634435827
0.4666211852700123
0.24499086602504017
0.015466827609199494
0.20619347305240487
0.4050711608522442
0.5682740662349571
0.6859431020882527
0.7519926665675085
0.764524839120151
0.7258862861138324
0.6423684248371663
0.5235826302694114
0.3815702871984624
0.22972979029418336
0.08165722505513594
0.049996803129143286
0.15455528034972796
0.22414130447481856
0.25423641388589524
0.24392965437071842
0.19584500328138443
0.11576392514170716
0.011986762350119433
0.10550106827140647
0.22597645475380548
0.33895019973395674
0.4350742419369085
0.5069047787535707
0.5494576316667936
0.5605137030184928
0.5406571641963486
0.4930546589148511
0.42300784268664754
0.3373317637055237
0.24362609713819494
0.1495138406654906
0.061922228126771055
0.013526480404308419
0.07296012016663116
0.11450173968205989
0.13830001103195522
0.14635217860924826
0.1421472871487481
0.1301744715856285
0.11535307445190912
0.10244721853374598
0.09552677888314047
0.09752971222911683
0.10996828671624766
0.13280531410647978
0.16450780189737776
0.20226648713438747
0.24235244745745954
0.28056815691842646
0.3127413267689974
0.33520648788059687
0.34522177731492765
0.3412764186370495
0.3232569985469699
0.29245644297929896
0.2514268729703809
0.20369443135008136
0.15336893314117417
0.10469226757816824
0.06157573201474712
0.027177288269760996
0.0035650574586900347
0.008496255760349802
0.009612842778323898
0.0016759747165118086
0.012367606676076587
0.028863927424890957
0.04388053162108005
0.05366875470107313
0.05510868675272566
0.04608759212161306
0.025769437749873992
0.0052753566203891785
0.04509599257014231
0.09054256995628944
0.13758520090580847
0.1817385404254773
0.21854754679401492
0.24408307099894896
0.2553940105005593
0.25086649430707864
0.23044955954954585
0.19572015163671985
0.1497766870282363
0.09696819078826686
0.04248333571923397
0.008161228067802255
0.04968263420040268
0.07758683613087483
0.08865963755716266
0.08134182252048235
0.055947252476723906
0.014697909118055028
0.03843215481737244
0.0980529215235694
0.15784528260447717
0.21115380529312436
0.2516291833741043
0.27385827417112035
0.2739198160873737
0.24981024237272423
0.20169588852562328
0.1319642077060658
0.045065786743324183
0.05284087345775272
0.15441066307774798
0.25175179451693364
0.33712508421479115
0.4036371693373076
0.44586240506597896
