-0.11067609197021139
0.11168001580096021
0.09776474396627148
0.11417330361788341
0.16746182704650922
0.18940997289721648
0.07141559793073171
0.5796873248332134
0.16813839511566092
0.6652455378702501
0.010761919351223101
0.14520330143884638
0.17411125628983776
0.4831878132395698
0.2530460662332121
0.0018942768417295826
0.04351782252773279
0.12971622250315845
0.06897925513948365
0.11915916278671317
0.7917964252801276
0.6231063514427416
0.34065179321112166
0.035097300164629495
0.10380355471714128
0.771618586968792
0.3902844838413357
0.3371630036684768
0.3445908155392361
0.17012722585903334
0.5895834395832089
1.0
0.10285213647401563
0.25164310213070157
0.45081697720756514
0.20320758503261604
0.16240258028441415
0.34515196381883667
0.25778166739517927
0.1152593796317182
0.15041279474484448
0.010770260143944117
0.15326282288397394
0.6351187138799853
0.14464712623883666
0.5863186228180569
0.2633012029149666
0.9002122919321325
0.0016932825326097221
0.1617482783549683
0.3948629874532327
0.2581507899455182
0.2741507025924367
0.2791169118758263
0.32078313113700196
0.02847360076319158
0.2887803287074322
0.017169580543199826
0.43303823057009594
0.04822354345057472
0.03978324865390953
0.08007723032371653
0.03565364803101374
0.013124746946566937
0.009291239515354132
0.059161140628433674
0.09727632126104346
0.029464582897100473
0.045622710445259465
0.10010512694653514
0.022058117040518303
0.006491904477631584
0.05149593584163198
0.10186932025304377
0.05053834613224136
0.0634761072345584
0.03786478608891888
0.003984251746223568
0.014547270557748035
0.04273628083334208
0.06954300001815768
0.18114288950687865
0.02778291496462503
0.005331830388089723
0.04558470455985601
0.06238809331128487
0.1408540704250155
0.09637317073641363
0.010232477208392581
0.03657114084950633
0.012890730502248631
0.009644123033900928
0.06442388397116537
0.013845231494103143
0.011950516153009603
0.06757879251657478
0.056352264854013595
0.03755578507927564
0.0015300735615474351
0.011165915332408962
0.02112561592414185
0.060358909198919355
0.10461047102408735
0.04302564035538958
0.048703577494818975
0.026094061921703923
0.04781987006000838
0.029121197613226825
0.02391917501503752
0.031128711074743923
0.019935622556304725
0.01736770786153347
0.01605242160438254
0.023127308959198994
0.00834690665190377
0.028489935005137124
0.057913681636027274
0.0033594525177732164
0.11108394379995752
0.006595949425664431
1.1785096791518735E-4
0.026225783041325328
0.003560138253244665
0.044109110912015706
0.025823798129910185
0.009744567620751923
0.07257826788491088
0.017841867739542744
0.0371299373867702
0.01314558825439079
0.0014736760193017606
0.04928626801111819
0.0033639404966165605
0.06385894223113857
0.05493825503063143
0.06158112283265616
0.03222500946095292
0.031795236945750704
0.012388014000297064
0.01685130130925386
0.01848492906595218
0.03975985587526481
4.0723275697771054E-4
0.014315424339855224
0.029461052087846842
8.250231605252908E-4
0.0015926742978525988
0.0034289957679227694
0.0026418860500020363
0.007618916380986198
0.009665712741384905
0.008601093099903735
0.012003061817412763
0.011743186871830387
8.924915486921198E-5
0.01193245260607552
0.008565404430641382
0.005424242752928614
0.005608590765405838
1.387938412715457E-4
0.0026572436297052876
0.0032584080393241116
0.0022160864736255944
0.009484881556281036
0.004344869597599733
9.52154229314414E-4
0.01041990588333793
0.003901811601644573
0.004911881647009591
0.0014399421775112432
0.0053679596710451485
0.0058777691592441705
0.005608815848626638
0.007456299107268585
0.013771507685353377
0.0016506715919768064
0.010730819711147463
0.0010136445026850795
0.008827926208561807
9.402106088875739E-4
0.0036734789902652222
3.125880516029007E-4
0.0021363649517752424
0.01001394450144065
6.068826579585394E-4
0.008261896981396151
0.0015513515997948512
0.004777706907804919
0.0029208867671378412
0.002024394711104611
0.0019952796566832997
0.004183760609832976
0.0076733885656133346
0.006023817272046492
0.0018459041157738085
0.005568563165785666
0.01263049115828975
0.003990414939925091
0.0025453557968927094
0.002116986803812209
0.00437282406290979
0.008036568858039866
0.01326569072705786
0.005433520242504179
0.006383549838018403
0.00505483399638156
0.002187448320995336
0.001305176579368615
0.012678198535195967
0.006860835605514636
0.0027372783688565543
0.0020336347336800333
0.0031484155518104887
0.010234282770994734
0.005245969424178373
0.0019767840328055023
0.005591505325165958
0.005065420931351124
0.007662239390584746
0.009393553274457693
7.662904864498026E-4
0.0028485128043686443
0.0014816373329880077
0.0016472761612396703
0.002177756946924007
0.005323459995839887
0.006796740666103343
1.0492593700558035E-4
0.0014956021621075248
0.0051828357083423164
0.0027949024364705504
0.0037591744030911743
0.0028906348394049
4.832389059535772E-4
0.002055289087835232
0.0027310882137941035
0.009143391888307043
0.0011658367097968064
0.002663859402420866
0.010067103843093412
0.0011849068572169549
0.0018190901486048235
0.0021909404150493206
0.002603048933955433
5.891165632352862E-4
0.00856865606461112
0.0066832610765892335
0.004721293084420178
0.002104536906753083
0.003966860885404581
0.006299973730108641
0.006181755101461238
6.449671477625217E-4
0.004225699417783866
0.0074839469182420085
0.003911501410510822
0.003314680963004873
0.0030275505400525703
0.00104424093530405
0.00941736182371069
0.004321776322843627
7.899718559239962E-5
0.005122441016920906
0.001278736685981406
0.009477877449819547
0.006578179509791712
0.0043299529041845395
0.0012966813682131644
0.0032618291171775033
0.00643339688259255
0.002858857147203393
0.0039767084192614665
0.0017708309912232508
9.538280614591852E-4
0.0022450062778976983
0.0012651674316167276
0.0020935795876259157
0.002477253170397403
2.5628660315554736E-4
0.003598486423294514
0.0024219118227926557
5.641904717028687E-4
2.1436517205025994E-4
0.0015003145154552494
0.0013245871603700652
0.0011647201493025431
0.0030196945758068595
0.004676447013062328
0.00564147157100249
0.0016307762131674678
0.0017901323007517467
4.1413310185697583E-4
0.003428641208612513
0.004711576760696842
0.0036108114298262716
4.5729867160014797E-4
0.003945342918326873
0.0019907570160821067
0.002393975466123987
4.865055057692427E-4
0.004126005465908145
0.002635651274750645
0.0026576826744865696
0.004406071304052625
0.0017539545924336998
0.003519356342140692
0.0028762919014780936
0.002221832567172569
0.0035289115835286087
0.0038173223399385124
0.003629174828654735
0.0034337947227072244
0.0022007169929309347
0.003158336821790741
0.0022603786554318264
0.004900398821560026
0.003119745943011018
0.0035781945785914463
0.004710714815083971
0.00571584286419794
0.0013174687447427436
0.0027143479555782825
0.0031001528784530027
0.002444782777914899
0.0024679413171808506
0.0016018580957282787
0.003269940535812919
0.0034634746608634553
0.004551057902084251
0.002191253041337056
0.001487018422993712
0.003945407306995279
0.003715885684344837
0.0034658033020605445
0.002385818848973109
0.0042148257534521255
0.003916051651882756
7.683630376919745E-4
0.00172872862093753
0.004426225410808711
0.0012859777377942202
0.002059408535198434
0.0017337853610010663
0.004755875622338188
0.003723115534310662
0.0026728509717238677
0.0028894058572046986
0.0016152850602474285
0.0027454803776169176
0.0030474088593626307
0.004420151365206634
0.0031657362280863247
0.001455580226650925
0.0025015407123543058
0.0028662689539550733
0.004225451913241685
0.003074430917351161
0.005131056096736754
0.003944027642262526
0.004155659264634133
0.004342315289714665
0.004672945810177501
0.00253647581281595
0.004224914930713804
0.0033042968318767684
0.003607919643876865
0.002768635304174721
0.004693693042727942
0.0048319280119223556
0.0029163921107891078
0.0032673746150300637
0.0033636442271749866
0.0018054251421006715
0.003512473405088458
0.004093976921661796
0.0037782279494802404
0.003637819398295767
0.0037772041873670617
0.0034146242835617555
0.0022136645179804417
0.003186985185415143
0.00323678878992683
0.0026368942009988875
0.0036421851379136254
0.003754310922680041
0.003432691969131844
0.00301587677490333
0.0032631921585209956
0.003349651585365721
0.003996541073214484
0.004356759345074354
0.0033856553370481914
0.0031389619357499875
0.0033620301541802625
0.0036824298450905996
0.0037071304358478846
0.004021197073744574
0.0027367798911813023
0.003835731286836976
0.0030699229023285765
0.0033180275602571843
0.002942938270259836
0.0028408249310843585
0.0032790293541919454
0.0034005941429401825
0.003060786934792824
0.0033839274577806325
0.002960488463906978
0.003202068221275133
0.003241281562939163
0.0034193222018552233
0.0032612715189516235
0.00330684613320836
0.003371238985903872
0.0033081779395109047
0.0035923814070100346
0.0030811236169191137
0.0035678692198829478
0.0033406230430656765
0.0032674579402564886
0.003751733436688498
0.003084459183429072
0.0033953619053730295
0.0034720852266714795
0.003096879223297861
0.0035146978814339057
0.003538903905992642
0.003495374600266874
0.0036185894634950594
0.0034302195589990575
0.003095917128027275
0.0036086678566666064
0.0034242084043261387
0.0035220860555122573
0.003214015977333889
0.0033516532711302797
0.003465502490711763
0.0033488971761155956
0.0037234751679190224
0.0034713548658538676
0.003140650333648279
0.0036368307486907988
0.003359659477802438
0.003471919474540714
0.0032793049130790185
0.003091492650575544
0.003297146290692837
0.003264295606938564
0.003321173079263828
0.003427846502621632
0.003716985821312302
0.0033414345885071435
0.003203397891785479
0.0031658095190910777
0.0036640554920786576
0.003197123705584578
0.003579169243630847
0.0033397902445079205
0.0033647817472493356
0.0036143038238724326
0.0034393738182407485
0.003604057473227654
0.0037127648425591847
0.003604057473227654
0.0034393738182407485
0.0036143038238724326
0.0033647817472493356
0.0033397902445079205
0.003579169243630847
0.003197123705584578
0.0036640554920786576
0.0031658095190910777
0.003203397891785479
0.0033414345885071435
0.003716985821312302
0.003427846502621632
0.003321173079263828
0.003264295606938564
0.003297146290692837
0.003091492650575544
0.0032793049130790185
0.003471919474540714
0.003359659477802438
0.0036368307486907988
0.003140650333648279
0.0034713548658538676
0.0037234751679190224
0.0033488971761155956
0.003465502490711763
0.0033516532711302797
0.003214015977333889
0.0035220860555122573
0.0034242084043261387
0.0036086678566666064
0.003095917128027275
0.0034302195589990575
0.0036185894634950594
0.003495374600266874
0.003538903905992642
0.0035146978814339057
0.003096879223297861
0.0034720852266714795
0.0033953619053730295
0.003084459183429072
0.003751733436688498
0.0032674579402564886
0.0033406230430656765
0.0035678692198829478
0.0030811236169191137
0.0035923814070100346
0.0033081779395109047
0.003371238985903872
0.00330684613320836
0.0032612715189516235
0.0034193222018552233
0.003241281562939163
0.003202068221275133
0.002960488463906978
0.0033839274577806325
0.003060786934792824
0.0034005941429401825
0.0032790293541919454
0.0028408249310843585
0.002942938270259836
0.0033180275602571843
0.0030699229023285765
0.003835731286836976
0.0027367798911813023
0.004021197073744574
0.0037071304358478846
0.0036824298450905996
0.0033620301541802625
0.0031389619357499875
0.0033856553370481914
0.004356759345074354
0.003996541073214484
0.003349651585365721
0.0032631921585209956
0.00301587677490333
0.003432691969131844
0.003754310922680041
0.0036421851379136254
0.0026368942009988875
0.00323678878992683
0.003186985185415143
0.0022136645179804417
0.0034146242835617555
0.0037772041873670617
0.003637819398295767
0.0037782279494802404
0.004093976921661796
0.003512473405088458
0.0018054251421006715
0.0033636442271749866
0.0032673746150300637
0.0029163921107891078
0.0048319280119223556
0.004693693042727942
0.002768635304174721
0.003607919643876865
0.0033042968318767684
0.004224914930713804
0.00253647581281595
0.004672945810177501
0.004342315289714665
0.004155659264634133
0.003944027642262526
0.005131056096736754
0.003074430917351161
0.004225451913241685
0.0028662689539550733
0.0025015407123543058
0.001455580226650925
0.0031657362280863247
0.004420151365206634
0.0030474088593626307
0.0027454803776169176
0.0016152850602474285
0.0028894058572046986
0.0026728509717238677
0.003723115534310662
0.004755875622338188
0.0017337853610010663
0.002059408535198434
0.0012859777377942202
0.004426225410808711
0.00172872862093753
7.683630376919745E-4
0.003916051651882756
0.0042148257534521255
0.002385818848973109
0.0034658033020605445
0.003715885684344837
0.003945407306995279
0.001487018422993712
0.002191253041337056
0.004551057902084251
0.0034634746608634553
0.003269940535812919
0.0016018580957282787
0.0024679413171808506
0.002444782777914899
0.0031001528784530027
0.0027143479555782825
0.0013174687447427436
0.00571584286419794
0.004710714815083971
0.0035781945785914463
0.003119745943011018
0.004900398821560026
0.0022603786554318264
0.003158336821790741
0.0022007169929309347
0.0034337947227072244
0.003629174828654735
0.0038173223399385124
0.0035289115835286087
0.002221832567172569
0.0028762919014780936
0.003519356342140692
0.0017539545924336998
0.004406071304052625
0.0026576826744865696
0.002635651274750645
0.004126005465908145
4.865055057692427E-4
0.002393975466123987
0.0019907570160821067
0.003945342918326873
4.5729867160014797E-4
0.0036108114298262716
0.004711576760696842
0.003428641208612513
4.1413310185697583E-4
0.0017901323007517467
0.0016307762131674678
0.00564147157100249
0.004676447013062328
0.0030196945758068595
0.0011647201493025431
0.0013245871603700652
0.0015003145154552494
2.1436517205025994E-4
5.641904717028687E-4
0.0024219118227926557
0.003598486423294514
2.5628660315554736E-4
0.002477253170397403
0.0020935795876259157
0.0012651674316167276
0.0022450062778976983
9.538280614591852E-4
0.0017708309912232508
0.0039767084192614665
0.002858857147203393
0.00643339688259255
0.0032618291171775033
0.0012966813682131644
0.0043299529041845395
0.006578179509791712
0.009477877449819547
0.001278736685981406
0.005122441016920906
7.899718559239962E-5
0.004321776322843627
0.00941736182371069
0.00104424093530405
0.0030275505400525703
0.003314680963004873
0.003911501410510822
0.0074839469182420085
0.004225699417783866
6.449671477625217E-4
0.006181755101461238
0.006299973730108641
0.003966860885404581
0.002104536906753083
0.004721293084420178
0.0066832610765892335
0.00856865606461112
5.891165632352862E-4
0.002603048933955433
0.0021909404150493206
0.0018190901486048235
0.0011849068572169549
0.010067103843093412
0.002663859402420866
0.0011658367097968064
0.009143391888307043
0.0027310882137941035
0.002055289087835232
4.832389059535772E-4
0.0028906348394049
0.0037591744030911743
0.0027949024364705504
0.0051828357083423164
0.0014956021621075248
1.0492593700558035E-4
0.006796740666103343
0.005323459995839887
0.002177756946924007
0.0016472761612396703
0.0014816373329880077
0.0028485128043686443
7.662904864498026E-4
0.009393553274457693
0.007662239390584746
0.005065420931351124
0.005591505325165958
0.0019767840328055023
0.005245969424178373
0.010234282770994734
0.0031484155518104887
0.0020336347336800333
0.0027372783688565543
0.006860835605514636
0.012678198535195967
0.001305176579368615
0.002187448320995336
0.00505483399638156
0.006383549838018403
0.005433520242504179
0.01326569072705786
0.008036568858039866
0.00437282406290979
0.002116986803812209
0.0025453557968927094
0.003990414939925091
0.01263049115828975
0.005568563165785666
0.0018459041157738085
0.006023817272046492
0.0076733885656133346
0.004183760609832976
0.0019952796566832997
0.002024394711104611
0.0029208867671378412
0.004777706907804919
0.0015513515997948512
0.008261896981396151
6.068826579585394E-4
0.01001394450144065
0.0021363649517752424
3.125880516029007E-4
0.0036734789902652222
9.402106088875739E-4
0.008827926208561807
0.0010136445026850795
0.010730819711147463
0.0016506715919768064
0.013771507685353377
0.007456299107268585
0.005608815848626638
0.0058777691592441705
0.0053679596710451485
0.0014399421775112432
0.004911881647009591
0.003901811601644573
0.01041990588333793
9.52154229314414E-4
0.004344869597599733
0.009484881556281036
0.0022160864736255944
0.0032584080393241116
0.0026572436297052876
1.387938412715457E-4
0.005608590765405838
0.005424242752928614
0.008565404430641382
0.01193245260607552
8.924915486921198E-5
0.011743186871830387
0.012003061817412763
0.008601093099903735
0.009665712741384905
0.007618916380986198
0.0026418860500020363
0.0034289957679227694
0.0015926742978525988
8.250231605252908E-4
0.029461052087846842
0.014315424339855224
4.0723275697771054E-4
0.03975985587526481
0.01848492906595218
0.01685130130925386
0.012388014000297064
0.031795236945750704
0.03222500946095292
0.06158112283265616
0.05493825503063143
0.06385894223113857
0.0033639404966165605
0.04928626801111819
0.0014736760193017606
0.01314558825439079
0.0371299373867702
0.017841867739542744
0.07257826788491088
0.009744567620751923
0.025823798129910185
0.044109110912015706
0.003560138253244665
0.026225783041325328
1.1785096791518735E-4
0.006595949425664431
0.11108394379995752
0.0033594525177732164
0.057913681636027274
0.028489935005137124
0.00834690665190377
0.023127308959198994
0.01605242160438254
0.01736770786153347
0.019935622556304725
0.031128711074743923
0.02391917501503752
0.029121197613226825
0.04781987006000838
0.026094061921703923
0.048703577494818975
0.04302564035538958
0.10461047102408735
0.060358909198919355
0.02112561592414185
0.011165915332408962
0.0015300735615474351
0.03755578507927564
0.056352264854013595
0.06757879251657478
0.011950516153009603
0.013845231494103143
0.06442388397116537
0.009644123033900928
0.012890730502248631
0.03657114084950633
0.010232477208392581
0.09637317073641363
0.1408540704250155
0.06238809331128487
0.04558470455985601
0.005331830388089723
0.02778291496462503
0.18114288950687865
0.06954300001815768
0.04273628083334208
0.014547270557748035
0.003984251746223568
0.03786478608891888
0.0634761072345584
0.05053834613224136
0.10186932025304377
0.05149593584163198
0.006491904477631584
0.022058117040518303
0.10010512694653514
0.045622710445259465
0.029464582897100473
0.09727632126104346
0.059161140628433674
0.009291239515354132
0.013124746946566937
0.03565364803101374
0.08007723032371653
0.03978324865390953
0.04822354345057472
0.43303823057009594
0.017169580543199826
0.2887803287074322
0.02847360076319158
0.32078313113700196
0.2791169118758263
0.2741507025924367
0.2581507899455182
0.3948629874532327
0.1617482783549683
0.0016932825326097221
0.9002122919321325
0.2633012029149666
0.5863186228180569
0.14464712623883666
0.6351187138799853
0.15326282288397394
0.010770260143944117
0.15041279474484448
0.1152593796317182
0.25778166739517927
0.34515196381883667
0.16240258028441415
0.20320758503261604
0.45081697720756514
0.25164310213070157
0.10285213647401563
1.0
0.5895834395832089
0.17012722585903334
0.3445908155392361
0.3371630036684768
0.3902844838413357
0.771618586968792
0.10380355471714128
0.035097300164629495
0.34065179321112166
0.6231063514427416
0.7917964252801276
0.11915916278671317
0.06897925513948365
0.12971622250315845
0.04351782252773279
0.0018942768417295826
0.2530460662332121
0.4831878132395698
0.17411125628983776
0.14520330143884638
0.010761919351223101
0.6652455378702501
0.16813839511566092
0.5796873248332134
0.07141559793073171
0.18940997289721648
0.16746182704650922
0.11417330361788341
0.09776474396627148
0.11168001580096021
