0.01268327789306452
0.014519838869686184
0.017887305194525218
0.05897178731871712
0.08115853824542871
0.14686859104090125
0.3010773101853283
0.17112806866865554
0.095040932858732
0.192888012314166
0.0037545220923556337
0.09992510574059325
0.6797879307921233
0.40797778689317044
0.5466164946816761
0.36903178532574826
0.3572143169310487
0.18151956413813747
0.4173827046275517
0.07197862116936088
0.8486011020502874
0.6430163777958673
0.44867994418234064
0.3552389555049672
0.09469734245861955
0.4583234329098271
0.2132525751583217
0.2715652548621207
0.19535051783538832
0.6521613586234253
0.3666649693033722
0.23320538128389978
0.16756537385585538
0.5358961129130414
1.0
0.13276336923554585
0.24561090662479104
0.3755758326118917
0.37001719801796207
0.37846785659236476
0.4321577330440377
0.09610089791390611
0.5789127116789599
0.2121467586134272
0.6493253517401202
0.5723632847883191
0.33417492343049504
0.4349015910589141
0.4298853996177164
0.23458975312463215
0.18470982497970498
0.179939756383124
0.28826582365381515
0.17203869460456023
0.03324497079082434
0.1451715342304856
0.10793330875484607
0.037482475972196866
0.051065543354204955
0.06075149663209876
0.11136216276300268
0.02938509893324092
0.1033020539737114
0.004586838487423338
0.02812610656226284
0.04743190007529951
0.09643497634565229
0.06769423273849398
0.0634285775627502
0.006528554076127772
0.03414734109604497
0.009214326675308743
0.018669299350705385
0.02968457940963013
0.04305597979986523
0.04326762566016681
0.026497276844875847
0.044841702635863206
0.044886453998122626
6.727447647657555E-4
0.05719304376196852
0.06494293693325477
0.05854126109458861
0.012861514682071355
0.07883334507019288
0.03208347946078646
0.0020857038316286717
0.014752394675710948
0.11405011891786589
0.01711151430124784
0.01682669024238025
0.0932421147731909
0.08034924769731575
0.006223034933519474
0.03250035274905082
0.03587426119042148
0.0013858958911974794
0.005654184328535459
0.005716800984426976
0.014099743703504431
0.025176404159645505
0.03268770694653788
0.002242680430492672
0.012911936769662097
0.051259013045958896
0.028069411547398834
0.021292290394372842
0.12751450614536317
0.008304785311199063
0.14122854785642688
0.10876313988666482
0.04057161615489654
0.02592902689231189
0.09757093056664068
0.04441496209012989
0.049752026900707735
0.06517179736315995
0.036978645152467675
0.04839097724236425
0.10373625268950437
0.02610829635225474
0.017680895624950937
0.0075864797753562516
0.06011791053807505
0.03528415567051829
0.009397471546277883
0.004812755286560683
0.011203022392306116
0.010991814604046473
0.0045864563725042645
0.01117148702222327
0.016588810728082107
0.010125741206352639
0.007985098520462572
0.008941207237492942
0.006089095531321417
0.004241174049389247
0.008257618809051329
0.0026377644001065207
0.004228054520219943
0.005223392920940641
0.008859030384025586
0.027643625989614784
0.008098627359625315
0.0012592546752570976
0.0070393919132337324
0.0062737192268023
0.015847360187377712
0.0023789876515522617
0.008534486622238992
0.002464423121898896
0.010177408455762971
0.01633591139015535
0.007981204690096019
0.017700362424091096
0.011422122909336068
0.009252880954555105
0.015124601230920739
0.001014010598492105
0.00626046385352673
0.014285354410292784
0.007598954275155981
0.01375142428127953
0.029883030366068257
0.020711240744320382
0.019842335046760036
0.0038059940452543797
7.535787856821783E-4
0.0018747845774533273
0.009796468468829438
0.0067183492148433915
0.0014293762112830473
0.013602555073932288
0.00782704270461897
0.017540445425018782
0.01206187816532705
0.011122039401964526
0.023606779814354682
0.01996785672743664
0.0063315552518106505
0.012969583185796475
0.008000345617665966
0.016552791456818237
0.007890431473544759
0.0027406153742942124
0.009607719085182478
5.881243365097223E-4
0.011200032921349084
0.01799835304567146
0.014722887408871782
0.009720043417656615
0.004499863905873802
7.612789583934311E-4
0.018665389791366335
0.013646416531973094
0.0030727355591854376
7.986341858794896E-4
0.002873589829256479
0.011524010787284879
0.017318485374965196
0.005169562497943319
0.011853075330962673
0.0026233175246729097
0.01715620930415186
0.019978736116394176
0.011962980187509254
0.007958384631587186
0.007854624291611514
0.013386158975391584
0.0072094278062771865
0.021878124275652035
0.005298963043392406
0.0020294741769256476
0.003409782810244741
0.008607474760381517
0.01696278565933597
0.008236360244986763
0.00522404010963956
0.005745810079894174
0.007120077253589638
3.065687644769448E-4
0.015233666080634273
0.006564426060209727
0.011844359836945479
0.007938370086601873
0.00961759599245944
0.023196443375777316
0.01563989909319838
0.009194562365357697
0.006906029221010995
0.02201774161983624
0.015515083884835287
0.02133738868843592
0.010868795757345506
0.004348722791937068
0.004377208554117784
0.011485609357135067
0.02135203402679425
0.008245968205641165
0.0013159182908220879
0.015434302327243308
0.01796808921795014
0.011676362906907132
0.0035793783081702725
0.011224725874203487
0.0036406550560919917
0.009460816809725844
0.0059992571223968704
0.004462419717376129
0.008960539559334273
0.012644772761916731
0.014882804084099394
0.0082521924666737
0.01017582156011594
0.003252556563914028
0.005773663968780615
0.013984665186724718
0.0014743220662227685
0.008595545161980566
0.004336851684797108
0.0037772547644427373
0.009421162437501017
0.0036495660588496885
0.0016008445302905182
0.012073937119964151
0.021658029460809393
0.022107072503246693
0.004375116069340253
0.0017136448854191814
9.38921070673354E-4
0.01034319370576741
0.010914196229677143
0.005152349682026557
0.005953701693044772
0.01207797974282713
0.0023834177828408482
0.011966707090307786
0.014759668594911986
0.0054222669424197215
0.013945648700389205
0.012346151905772243
0.0025780648891729364
0.007798953135561562
0.00798931057374371
0.007091462223865001
0.0042913681623751275
0.008086641805404597
0.01095748635128149
0.007065654284976667
0.003984143156735724
0.004766602001978626
0.0049009770324493235
0.012214494808934103
6.055741767854779E-4
0.01032819719680784
0.0031576404517664326
0.0076287075984005715
0.002986869723280928
0.008777463216797303
0.005017108727049955
0.007003155139257159
0.00867879865058745
0.007629303074583192
0.005008214182352837
0.008477512024969864
0.002885787299827541
0.009605330461040685
0.00876177478718043
0.005519501723114941
0.008079336341931637
0.008740626657243802
0.008859338833536876
0.00846869853942771
0.011348704541415188
0.00645738990425137
0.011055761121970384
0.005975480005406301
0.0074822969408266556
0.007538639805518521
0.006001536411236224
0.0103135662507748
0.00593923141527666
0.007782078009850194
0.009298641703391359
0.011823816999520849
0.009493216590235238
0.010262515860358526
0.008097943155298808
0.006568835006318528
0.009509968411457528
0.00577472036636342
0.00783822864073776
0.008336421619511872
0.006771438296867292
0.007618661243705897
0.009716497650788448
0.006995872791296935
0.005733106376841594
0.00840994115325823
0.010010994578783315
0.007958765623942005
0.005671266288875225
0.007673621044873605
0.00958383098563188
0.007944718452828667
0.007120172710337487
0.00628916218733682
0.0071323362121517905
0.0067192133588428495
0.007228202946811668
0.00662608344668023
0.00861225390660148
0.0062877667848146735
0.007629949627282216
0.006473406753266995
0.009425220021437447
0.006054737863117692
0.0077581067969655715
0.00935183616210324
0.007797856321240543
0.00970601468106487
0.00853722038506251
0.008438704281895177
0.006319165232883052
0.010733410424227095
0.009198272879600636
0.009818444921723894
0.00926409370667026
0.00804407219300523
0.008082129148213517
0.007795226131682209
0.008823835958659777
0.007699502106810873
0.008504650715359094
0.008242299648386303
0.0077566437703397665
0.008221767142774495
0.0074932787340870124
0.00815856276509781
0.008930882125949778
0.008461658902841548
0.0075884873485028365
0.007579771925605353
0.008166034443141599
0.008036606776109623
0.008249147295505459
0.007419743897332669
0.007718568681772444
0.008699826410815426
0.008048246784419203
0.008295714241626838
0.00817518195401161
0.007889722904734917
0.008239063722256962
0.007751245233042364
0.008052981891515563
0.008391071272216999
0.008303375563561777
0.008396866685370118
0.008172049550073232
0.00805398042933557
0.008487387713915499
0.007886977441549278
0.00775549209796001
0.008174447155980214
0.007620620892713672
0.008083473267751861
0.007599512804329805
0.007827641362060246
0.008164154574791983
0.008270506324385057
0.008208777402343577
0.00795972074858531
0.007859810329666274
0.008147336360056098
0.008027878028906225
0.00784419191109222
0.007819188537744163
0.00785827867317729
0.007827388646069081
0.007818494789539904
0.007962913044736642
0.007985161834382038
0.008045572437139709
0.008123728836489852
0.00829566328912062
0.008038543365853452
0.007935584342929559
0.008021512569672878
0.007839033474199774
0.007802169596614604
0.00798865500906787
0.008055033940425423
0.008098185136908687
0.0076998399251876825
0.007885757576938419
0.007814840750576672
0.007872538915610468
0.008206075419330255
0.007792050983557624
0.007801264616291247
0.007950170819271248
0.00791758818475458
0.008139862909179651
0.008332061635163462
0.00812588750501276
0.008043303096257068
0.008101067610787974
0.008028360245428093
0.008077568525027938
0.007955930492268835
0.007802284832723826
0.008046515912355298
0.00762967792874989
0.007878933016179587
0.007888306145945998
0.00807482927050081
0.0082039390250262
0.008105041460092957
0.00795301106070693
0.00801153058902445
0.007945004875809498
0.007879602545511212
0.007945004875809498
0.00801153058902445
0.00795301106070693
0.008105041460092957
0.0082039390250262
0.00807482927050081
0.007888306145945998
0.007878933016179587
0.00762967792874989
0.008046515912355298
0.007802284832723826
0.007955930492268835
0.008077568525027938
0.008028360245428093
0.008101067610787974
0.008043303096257068
0.00812588750501276
0.008332061635163462
0.008139862909179651
0.00791758818475458
0.007950170819271248
0.007801264616291247
0.007792050983557624
0.008206075419330255
0.007872538915610468
0.007814840750576672
0.007885757576938419
0.0076998399251876825
0.008098185136908687
0.008055033940425423
0.00798865500906787
0.007802169596614604
0.007839033474199774
0.008021512569672878
0.007935584342929559
0.008038543365853452
0.00829566328912062
0.008123728836489852
0.008045572437139709
0.007985161834382038
0.007962913044736642
0.007818494789539904
0.007827388646069081
0.00785827867317729
0.007819188537744163
0.00784419191109222
0.008027878028906225
0.008147336360056098
0.007859810329666274
0.00795972074858531
0.008208777402343577
0.008270506324385057
0.008164154574791983
0.007827641362060246
0.007599512804329805
0.008083473267751861
0.007620620892713672
0.008174447155980214
0.00775549209796001
0.007886977441549278
0.008487387713915499
0.00805398042933557
0.008172049550073232
0.008396866685370118
0.008303375563561777
0.008391071272216999
0.008052981891515563
0.007751245233042364
0.008239063722256962
0.007889722904734917
0.00817518195401161
0.008295714241626838
0.008048246784419203
0.008699826410815426
0.007718568681772444
0.007419743897332669
0.008249147295505459
0.008036606776109623
0.008166034443141599
0.007579771925605353
0.0075884873485028365
0.008461658902841548
0.008930882125949778
0.00815856276509781
0.0074932787340870124
0.008221767142774495
0.0077566437703397665
0.008242299648386303
0.008504650715359094
0.007699502106810873
0.008823835958659777
0.007795226131682209
0.008082129148213517
0.00804407219300523
0.00926409370667026
0.009818444921723894
0.009198272879600636
0.010733410424227095
0.006319165232883052
0.008438704281895177
0.00853722038506251
0.00970601468106487
0.007797856321240543
0.00935183616210324
0.0077581067969655715
0.006054737863117692
0.009425220021437447
0.006473406753266995
0.007629949627282216
0.0062877667848146735
0.00861225390660148
0.00662608344668023
0.007228202946811668
0.0067192133588428495
0.0071323362121517905
0.00628916218733682
0.007120172710337487
0.007944718452828667
0.00958383098563188
0.007673621044873605
0.005671266288875225
0.007958765623942005
0.010010994578783315
0.00840994115325823
0.005733106376841594
0.006995872791296935
0.009716497650788448
0.007618661243705897
0.006771438296867292
0.008336421619511872
0.00783822864073776
0.00577472036636342
0.009509968411457528
0.006568835006318528
0.008097943155298808
0.010262515860358526
0.009493216590235238
0.011823816999520849
0.009298641703391359
0.007782078009850194
0.00593923141527666
0.0103135662507748
0.006001536411236224
0.007538639805518521
0.0074822969408266556
0.005975480005406301
0.011055761121970384
0.00645738990425137
0.011348704541415188
0.00846869853942771
0.008859338833536876
0.008740626657243802
0.008079336341931637
0.005519501723114941
0.00876177478718043
0.009605330461040685
0.002885787299827541
0.008477512024969864
0.005008214182352837
0.007629303074583192
0.00867879865058745
0.007003155139257159
0.005017108727049955
0.008777463216797303
0.002986869723280928
0.0076287075984005715
0.0031576404517664326
0.01032819719680784
6.055741767854779E-4
0.012214494808934103
0.0049009770324493235
0.004766602001978626
0.003984143156735724
0.007065654284976667
0.01095748635128149
0.008086641805404597
0.0042913681623751275
0.007091462223865001
0.00798931057374371
0.007798953135561562
0.0025780648891729364
0.012346151905772243
0.013945648700389205
0.0054222669424197215
0.014759668594911986
0.011966707090307786
0.0023834177828408482
0.01207797974282713
0.005953701693044772
0.005152349682026557
0.010914196229677143
0.01034319370576741
9.38921070673354E-4
0.0017136448854191814
0.004375116069340253
0.022107072503246693
0.021658029460809393
0.012073937119964151
0.0016008445302905182
0.0036495660588496885
0.009421162437501017
0.0037772547644427373
0.004336851684797108
0.008595545161980566
0.0014743220662227685
0.013984665186724718
0.005773663968780615
0.003252556563914028
0.01017582156011594
0.0082521924666737
0.014882804084099394
0.012644772761916731
0.008960539559334273
0.004462419717376129
0.0059992571223968704
0.009460816809725844
0.0036406550560919917
0.011224725874203487
0.0035793783081702725
0.011676362906907132
0.01796808921795014
0.015434302327243308
0.0013159182908220879
0.008245968205641165
0.02135203402679425
0.011485609357135067
0.004377208554117784
0.004348722791937068
0.010868795757345506
0.02133738868843592
0.015515083884835287
0.02201774161983624
0.006906029221010995
0.009194562365357697
0.01563989909319838
0.023196443375777316
0.00961759599245944
0.007938370086601873
0.011844359836945479
0.006564426060209727
0.015233666080634273
3.065687644769448E-4
0.007120077253589638
0.005745810079894174
0.00522404010963956
0.008236360244986763
0.01696278565933597
0.008607474760381517
0.003409782810244741
0.0020294741769256476
0.005298963043392406
0.021878124275652035
0.0072094278062771865
0.013386158975391584
0.007854624291611514
0.007958384631587186
0.011962980187509254
0.019978736116394176
0.01715620930415186
0.0026233175246729097
0.011853075330962673
0.005169562497943319
0.017318485374965196
0.011524010787284879
0.002873589829256479
7.986341858794896E-4
0.0030727355591854376
0.013646416531973094
0.018665389791366335
7.612789583934311E-4
0.004499863905873802
0.009720043417656615
0.014722887408871782
0.01799835304567146
0.011200032921349084
5.881243365097223E-4
0.009607719085182478
0.0027406153742942124
0.007890431473544759
0.016552791456818237
0.008000345617665966
0.012969583185796475
0.0063315552518106505
0.01996785672743664
0.023606779814354682
0.011122039401964526
0.01206187816532705
0.017540445425018782
0.00782704270461897
0.013602555073932288
0.0014293762112830473
0.0067183492148433915
0.009796468468829438
0.0018747845774533273
7.535787856821783E-4
0.0038059940452543797
0.019842335046760036
0.020711240744320382
0.029883030366068257
0.01375142428127953
0.007598954275155981
0.014285354410292784
0.00626046385352673
0.001014010598492105
0.015124601230920739
0.009252880954555105
0.011422122909336068
0.017700362424091096
0.007981204690096019
0.01633591139015535
0.010177408455762971
0.002464423121898896
0.008534486622238992
0.0023789876515522617
0.015847360187377712
0.0062737192268023
0.0070393919132337324
0.0012592546752570976
0.008098627359625315
0.027643625989614784
0.008859030384025586
0.005223392920940641
0.004228054520219943
0.0026377644001065207
0.008257618809051329
0.004241174049389247
0.006089095531321417
0.008941207237492942
0.007985098520462572
0.010125741206352639
0.016588810728082107
0.01117148702222327
0.0045864563725042645
0.010991814604046473
0.011203022392306116
0.004812755286560683
0.009397471546277883
0.03528415567051829
0.06011791053807505
0.0075864797753562516
0.017680895624950937
0.02610829635225474
0.10373625268950437
0.04839097724236425
0.036978645152467675
0.06517179736315995
0.049752026900707735
0.04441496209012989
0.09757093056664068
0.02592902689231189
0.04057161615489654
0.10876313988666482
0.14122854785642688
0.008304785311199063
0.12751450614536317
0.021292290394372842
0.028069411547398834
0.051259013045958896
0.012911936769662097
0.002242680430492672
0.03268770694653788
0.025176404159645505
0.014099743703504431
0.005716800984426976
0.005654184328535459
0.0013858958911974794
0.03587426119042148
0.03250035274905082
0.006223034933519474
0.08034924769731575
0.0932421147731909
0.01682669024238025
0.01711151430124784
0.11405011891786589
0.014752394675710948
0.0020857038316286717
0.03208347946078646
0.07883334507019288
0.012861514682071355
0.05854126109458861
0.06494293693325477
0.05719304376196852
6.727447647657555E-4
0.044886453998122626
0.044841702635863206
0.026497276844875847
0.04326762566016681
0.04305597979986523
0.02968457940963013
0.018669299350705385
0.009214326675308743
0.03414734109604497
0.006528554076127772
0.0634285775627502
0.06769423273849398
0.09643497634565229
0.04743190007529951
0.02812610656226284
0.004586838487423338
0.1033020539737114
0.02938509893324092
0.11136216276300268
0.06075149663209876
0.051065543354204955
0.037482475972196866
0.10793330875484607
0.1451715342304856
0.03324497079082434
0.17203869460456023
0.28826582365381515
0.179939756383124
0.18470982497970498
0.23458975312463215
0.4298853996177164
0.4349015910589141
0.33417492343049504
0.5723632847883191
0.6493253517401202
0.2121467586134272
0.5789127116789599
0.09610089791390611
0.4321577330440377
0.37846785659236476
0.37001719801796207
0.3755758326118917
0.24561090662479104
0.13276336923554585
1.0
0.5358961129130414
0.16756537385585538
0.23320538128389978
0.3666649693033722
0.6521613586234253
0.19535051783538832
0.2715652548621207
0.2132525751583217
0.4583234329098271
0.09469734245861955
0.3552389555049672
0.44867994418234064
0.6430163777958673
0.8486011020502874
0.07197862116936088
0.4173827046275517
0.18151956413813747
0.3572143169310487
0.36903178532574826
0.5466164946816761
0.40797778689317044
0.6797879307921233
0.09992510574059325
0.0037545220923556337
0.192888012314166
0.095040932858732
0.17112806866865554
0.3010773101853283
0.14686859104090125
0.08115853824542871
0.05897178731871712
0.017887305194525218
0.014519838869686184
