-0.025945235107277406
0.026807758733387598
0.034607596011874936
0.015962624158539458
0.006823513615870373
0.021945895565295602
0.002272148648488873
0.08160443775126695
0.13343211978432998
0.13525754953301383
0.15551969335260796
0.12671509080960655
0.0043605471988803265
0.054431365972746254
0.020867870293928312
0.008632282938390799
0.06441232829083161
0.030823685048963684
0.1689356989897175
0.21160413760066862
0.24551934169286965
0.4048499352495178
7.996392914793873E-4
0.11498495426627456
0.23615128709224656
0.07534175845613379
0.15650927563026806
0.06436670019443957
0.025327202958405053
0.23256591879727556
0.48549362774231036
0.3904855759409329
0.07128275825431675
0.25456667018638124
0.597363332479089
0.06884936827247491
1.0
0.05624487471207861
0.7284078513514488
0.11372850396994356
0.1399504109098521
0.053356120647498256
0.6398083210043942
0.33500939056566026
0.11774604003698144
0.23992816031593314
0.39732636566575824
0.08845740924011955
0.6001511820877415
0.4297457510981925
0.07586748041084501
0.23495371614071742
0.005760348357305151
0.18215615497438473
0.44598744708373994
0.20655332909063467
0.150574151528686
0.012219149586295096
0.13615843409048634
0.04860623691407623
0.04336034721390788
0.15827665876463476
0.09021491984101508
0.037123129117523586
0.12691042333460448
0.013044592340818157
0.003025039828769755
0.024871666122220568
0.012880751020802338
0.030969107098729205
0.04475707606941438
0.08143316384790665
0.04296932883772493
0.0206350523287962
0.01301955025546761
0.03843604166880475
0.038808447375360516
0.0638667906961302
0.05850251955521487
0.011362190339937782
0.041514773429594774
0.03895940913637422
0.0321891478758145
0.059056312975123204
0.07641976932549732
0.01660866083439934
0.04805978984914906
0.004905422669220544
0.03492458482753877
0.010999873302028812
0.018866326710349626
0.020984424813568582
0.028515664335473496
0.04689937386814244
0.07657393763168661
0.06931873904390477
0.00705801311061567
0.01243387229935508
0.04086980566273322
0.053287028019819556
0.0534499798260041
0.05298223718366192
0.0010587799014076104
0.05783069729130832
0.04455804780635428
0.04588232715558384
0.0693389180438456
0.07163757697244577
0.07324962014599687
0.09964041374704145
0.06294548101757368
0.05229206916020951
0.04122717548141492
0.041296584683093406
0.03912276749964998
0.017865865154733835
0.0026071169242601858
0.03817866122006406
0.04021175671269693
0.010368541440702162
0.033784271481486515
0.03994844878427831
0.09750529843774813
0.05122388853022697
0.011776979257877287
0.019897615984684775
0.04951510982113085
0.043909709730960866
0.04496312572757155
0.03469819956515761
0.02676129726173671
0.033529511485954316
0.01444656199480724
0.02044976671398068
0.014564130027400557
0.019525666075255167
0.0014596892322651924
0.002696240475915246
0.02594188095840311
0.014792460064966645
0.021506460065109673
0.026088789603596625
0.012077810106399633
0.01224462338424084
0.004780325959646939
0.01238644308391744
0.0010188610557285106
0.006221090234162018
0.006136500609114331
0.00365431959367559
0.006001635469404847
0.0017438205858791402
0.005786054461533031
5.851089728265567E-4
0.006904478632049928
0.00312778565990617
0.0015804708209822018
6.183412994722895E-4
0.005505150598655235
3.462786528587963E-5
0.004545246723180466
1.1657420887857027E-4
0.013677998038695913
0.006247783258426198
9.369396465688135E-4
0.004306890028687644
0.004932724700705552
0.0030148078037460827
0.003984057697379452
1.5318809414446185E-4
1.139144591602053E-4
0.001562736000881894
0.0012736148157754823
0.009728117048571365
0.00557788722725973
0.009247306219858047
5.426455017325214E-4
0.001574771642380832
0.0016291963220972491
0.0014297929226157289
0.002014016299782854
0.00103664079002632
9.278177245291998E-4
0.002965473284285624
0.0026453358095964614
0.0011531589399367112
0.004336625413464945
0.002180813823653398
7.723075573151279E-4
1.4064004064559988E-4
0.0030009337576095813
8.00490679730046E-4
3.110196442841324E-4
2.2907601813203143E-4
0.0011867823935416614
0.007035572352453932
0.008976831676298407
0.0034838695479767986
0.0015224561114615895
0.004161429534989425
0.001763989585303584
0.001917489347035436
0.003536544354224823
0.0017476858279941168
8.989595517066718E-4
2.2800761763968943E-4
0.006457554815904061
0.006118726625326576
4.483596907078481E-4
0.0037290418972465863
0.00609593759871114
0.003942964037781418
0.004243867776542632
0.0032015315453929665
8.959632327860973E-5
0.003073368372418047
0.0017869700350900146
0.009878792571454274
0.002555668897629004
1.9870282969194856E-4
2.659683215985799E-4
0.005571396614997478
0.005404794673207776
0.004409799035039869
0.0025280547105049106
6.359777429343407E-4
0.00345034366270379
0.0042451905339403
0.009181498208663602
0.006492264949537071
0.0025925449790619817
0.0016726794209223127
0.0018153345241542311
0.005995674955976386
0.005128772677537547
5.867805281114621E-4
0.003680783640840713
0.005655468339037671
0.0017682950332366385
0.002231074082610026
0.002200607249350114
0.0017424229985076875
0.00300994834698427
0.00421888328039062
0.0032734690742454407
0.004091257927684485
0.00210308090133099
0.0031949810406710893
0.0025342102375106356
0.0025348945904430822
8.959345218939466E-4
7.837573813657161E-4
9.745414295801348E-4
0.001081168473165063
0.0033399524758991805
0.002437656630744936
0.007653949999142795
0.0013840175842029093
0.0012030519064675793
7.992008798589911E-4
0.002791150584905866
0.004057566726040768
0.0026165109943843278
0.0028594346585899496
0.0027714932853601278
0.0038194042541556473
0.0011130180569357674
0.003925073818503493
0.0034479356031418564
0.004778480617433291
4.1064125822004994E-4
0.0031983403254563303
0.0022810237802986183
0.005367617119392538
0.003322949220503362
0.004846019709270334
0.002488297910215095
0.001297162658582828
0.002882360113025331
0.00175746692015163
0.0011223887917474727
0.0019611554075953624
0.0020982312814498264
0.0015900988880275869
0.0011206096163515699
0.003633289652087915
2.2362917089900112E-4
0.0020123080519128863
0.0019720727703679873
2.0097483243530765E-4
0.0012284584053377152
0.0012667015349901425
0.004620241657098345
0.0020071677704254854
0.0031056714539373885
5.68875913771466E-4
0.003990604033249795
0.0019402384736749263
0.0023371731247617492
0.0029905684687450175
0.005775525291438611
0.003293026649541643
0.0046288640752762695
0.004282140182954939
0.0033587514529421843
0.002225977036937822
0.002432887226788586
0.0015650429908731303
0.002423514752039194
0.0051905987488989865
0.0022794080089886745
0.0032869215342081807
0.0010940360058438862
0.0011964235352162319
0.0014840802117199623
0.0037344968524865583
0.003076592418162097
0.003878781187678252
0.0033793842577682478
0.0041273672103230305
0.0018295468802989108
0.0024525219782868682
0.0015805042152733071
0.0025802197879325655
4.51057360006459E-4
0.0022101087061841204
0.005842868958062218
0.0034908808393112373
0.0021866924235140464
6.37762803198259E-4
0.0018908713379176328
0.002272861068981903
5.798018062719801E-4
0.004659708034024712
0.0031863952038035845
0.0033908644559990653
0.0018517879499122076
0.0019155337224616973
0.0010302102601489832
0.003288670674354872
0.0012263600313167965
0.003389007161960392
4.6903992360852514E-4
0.003639004304210207
0.002124184054707521
0.00503790608848763
0.0017939268405073947
0.0020718509022294926
0.0028731430611468366
0.002772602126986948
0.001638738727842653
0.0033156597518375136
0.002585866128048842
0.0039414616819309165
5.092178008185354E-4
0.0016990290266352738
0.0012586369003810658
0.0029558687728935404
0.002657882715178295
0.002193551663862038
0.0031479764179012156
0.0022313875483375802
0.0037307159776393604
0.0018548463869223872
0.0027157402371731326
0.004227867859799085
0.002245651398981037
0.0036314607864117742
0.003233544365717702
0.00296990104749221
0.0026927310039814366
0.0027210831499767376
0.0023796067353614014
0.0039746221289310765
0.002297348035204113
0.00368756804652702
0.002315538811141184
0.0017656122609765886
0.002212740978531644
0.003796871110444371
0.002023754047845497
0.003078977856649827
0.004212052899383426
0.0024738063954725022
0.00269398598583631
0.003021682057780747
0.0034099014718535986
0.0031606109820836825
0.0031652468164506216
0.0026261946824238463
0.003241180547493439
0.002701916459625255
0.003730553739553601
0.002599696946052759
0.0021708101716739836
0.0022317526134257343
0.003965654702375871
0.0031979431133895334
0.0024459004886246455
0.003003827987475645
0.003919359259119461
0.0027125455328673325
0.002236042049074697
0.002551471564178723
0.0030083721321265125
0.00295057119618632
0.0031578652150443605
0.0028343520830257096
0.002990402024274035
0.002792651414125412
0.002395139116069913
0.0020254321190182746
0.003096062923698159
0.00291126108540037
0.002516250221123217
0.0025335278350764392
0.002234644160212798
0.0026023630439421025
0.002234703756237896
0.0028170489029782433
0.0028141453811278334
0.0030527574884663495
0.0027846730855263417
0.0026850989332093097
0.0024502011631353363
0.0023225301962987487
0.002584733830393228
0.0034546540411440315
0.0029574087519204013
0.0028573071754888686
0.002488843831169986
0.003125175468293948
0.002696423264533134
0.0025740364748814814
0.0025939582790976334
0.003455868492328093
0.0029459827419485956
0.00304719952661869
0.002499796161195417
0.002451636951528457
0.002843448189501225
0.003416960429220944
0.002818349285134198
0.0028582183629989465
0.0030740601174822054
0.002877777300834233
0.002250703854882382
0.0022734535418884555
0.0032924320558377837
0.002778970203447396
0.0029704272728809347
0.002476233912645462
0.002723770291510399
0.003099701403793274
0.00295364116382235
0.0029299671588596792
0.002952581297734288
0.0026734972684066627
0.0035523422204178277
0.0034088222070397696
0.0029921776839182722
0.0032861747501078393
0.0025277232143650283
0.0032861747501078393
0.0029921776839182722
0.0034088222070397696
0.0035523422204178277
0.0026734972684066627
0.002952581297734288
0.0029299671588596792
0.00295364116382235
0.003099701403793274
0.002723770291510399
0.002476233912645462
0.0029704272728809347
0.002778970203447396
0.0032924320558377837
0.0022734535418884555
0.002250703854882382
0.002877777300834233
0.0030740601174822054
0.0028582183629989465
0.002818349285134198
0.003416960429220944
0.002843448189501225
0.002451636951528457
0.002499796161195417
0.00304719952661869
0.0029459827419485956
0.003455868492328093
0.0025939582790976334
0.0025740364748814814
0.002696423264533134
0.003125175468293948
0.002488843831169986
0.0028573071754888686
0.0029574087519204013
0.0034546540411440315
0.002584733830393228
0.0023225301962987487
0.0024502011631353363
0.0026850989332093097
0.0027846730855263417
0.0030527574884663495
0.0028141453811278334
0.0028170489029782433
0.002234703756237896
0.0026023630439421025
0.002234644160212798
0.0025335278350764392
0.002516250221123217
0.00291126108540037
0.003096062923698159
0.0020254321190182746
0.002395139116069913
0.002792651414125412
0.002990402024274035
0.0028343520830257096
0.0031578652150443605
0.00295057119618632
0.0030083721321265125
0.002551471564178723
0.002236042049074697
0.0027125455328673325
0.003919359259119461
0.003003827987475645
0.0024459004886246455
0.0031979431133895334
0.003965654702375871
0.0022317526134257343
0.0021708101716739836
0.002599696946052759
0.003730553739553601
0.002701916459625255
0.003241180547493439
0.0026261946824238463
0.0031652468164506216
0.0031606109820836825
0.0034099014718535986
0.003021682057780747
0.00269398598583631
0.0024738063954725022
0.004212052899383426
0.003078977856649827
0.002023754047845497
0.003796871110444371
0.002212740978531644
0.0017656122609765886
0.002315538811141184
0.00368756804652702
0.002297348035204113
0.0039746221289310765
0.0023796067353614014
0.0027210831499767376
0.0026927310039814366
0.00296990104749221
0.003233544365717702
0.0036314607864117742
0.002245651398981037
0.004227867859799085
0.0027157402371731326
0.0018548463869223872
0.0037307159776393604
0.0022313875483375802
0.0031479764179012156
0.002193551663862038
0.002657882715178295
0.0029558687728935404
0.0012586369003810658
0.0016990290266352738
5.092178008185354E-4
0.0039414616819309165
0.002585866128048842
0.0033156597518375136
0.001638738727842653
0.002772602126986948
0.0028731430611468366
0.0020718509022294926
0.0017939268405073947
0.00503790608848763
0.002124184054707521
0.003639004304210207
4.6903992360852514E-4
0.003389007161960392
0.0012263600313167965
0.003288670674354872
0.0010302102601489832
0.0019155337224616973
0.0018517879499122076
0.0033908644559990653
0.0031863952038035845
0.004659708034024712
5.798018062719801E-4
0.002272861068981903
0.0018908713379176328
6.37762803198259E-4
0.0021866924235140464
0.0034908808393112373
0.005842868958062218
0.0022101087061841204
4.51057360006459E-4
0.0025802197879325655
0.0015805042152733071
0.0024525219782868682
0.0018295468802989108
0.0041273672103230305
0.0033793842577682478
0.003878781187678252
0.003076592418162097
0.0037344968524865583
0.0014840802117199623
0.0011964235352162319
0.0010940360058438862
0.0032869215342081807
0.0022794080089886745
0.0051905987488989865
0.002423514752039194
0.0015650429908731303
0.002432887226788586
0.002225977036937822
0.0033587514529421843
0.004282140182954939
0.0046288640752762695
0.003293026649541643
0.005775525291438611
0.0029905684687450175
0.0023371731247617492
0.0019402384736749263
0.003990604033249795
5.68875913771466E-4
0.0031056714539373885
0.0020071677704254854
0.004620241657098345
0.0012667015349901425
0.0012284584053377152
2.0097483243530765E-4
0.0019720727703679873
0.0020123080519128863
2.2362917089900112E-4
0.003633289652087915
0.0011206096163515699
0.0015900988880275869
0.0020982312814498264
0.0019611554075953624
0.0011223887917474727
0.00175746692015163
0.002882360113025331
0.001297162658582828
0.002488297910215095
0.004846019709270334
0.003322949220503362
0.005367617119392538
0.0022810237802986183
0.0031983403254563303
4.1064125822004994E-4
0.004778480617433291
0.0034479356031418564
0.003925073818503493
0.0011130180569357674
0.0038194042541556473
0.0027714932853601278
0.0028594346585899496
0.0026165109943843278
0.004057566726040768
0.002791150584905866
7.992008798589911E-4
0.0012030519064675793
0.0013840175842029093
0.007653949999142795
0.002437656630744936
0.0033399524758991805
0.001081168473165063
9.745414295801348E-4
7.837573813657161E-4
8.959345218939466E-4
0.0025348945904430822
0.0025342102375106356
0.0031949810406710893
0.00210308090133099
0.004091257927684485
0.0032734690742454407
0.00421888328039062
0.00300994834698427
0.0017424229985076875
0.002200607249350114
0.002231074082610026
0.0017682950332366385
0.005655468339037671
0.003680783640840713
5.867805281114621E-4
0.005128772677537547
0.005995674955976386
0.0018153345241542311
0.0016726794209223127
0.0025925449790619817
0.006492264949537071
0.009181498208663602
0.0042451905339403
0.00345034366270379
6.359777429343407E-4
0.0025280547105049106
0.004409799035039869
0.005404794673207776
0.005571396614997478
2.659683215985799E-4
1.9870282969194856E-4
0.002555668897629004
0.009878792571454274
0.0017869700350900146
0.003073368372418047
8.959632327860973E-5
0.0032015315453929665
0.004243867776542632
0.003942964037781418
0.00609593759871114
0.0037290418972465863
4.483596907078481E-4
0.006118726625326576
0.006457554815904061
2.2800761763968943E-4
8.989595517066718E-4
0.0017476858279941168
0.003536544354224823
0.001917489347035436
0.001763989585303584
0.004161429534989425
0.0015224561114615895
0.0034838695479767986
0.008976831676298407
0.007035572352453932
0.0011867823935416614
2.2907601813203143E-4
3.110196442841324E-4
8.00490679730046E-4
0.0030009337576095813
1.4064004064559988E-4
7.723075573151279E-4
0.002180813823653398
0.004336625413464945
0.0011531589399367112
0.0026453358095964614
0.002965473284285624
9.278177245291998E-4
0.00103664079002632
0.002014016299782854
0.0014297929226157289
0.0016291963220972491
0.001574771642380832
5.426455017325214E-4
0.009247306219858047
0.00557788722725973
0.009728117048571365
0.0012736148157754823
0.001562736000881894
1.139144591602053E-4
1.5318809414446185E-4
0.003984057697379452
0.0030148078037460827
0.004932724700705552
0.004306890028687644
9.369396465688135E-4
0.006247783258426198
0.013677998038695913
1.1657420887857027E-4
0.004545246723180466
3.462786528587963E-5
0.005505150598655235
6.183412994722895E-4
0.0015804708209822018
0.00312778565990617
0.006904478632049928
5.851089728265567E-4
0.005786054461533031
0.0017438205858791402
0.006001635469404847
0.00365431959367559
0.006136500609114331
0.006221090234162018
0.0010188610557285106
0.01238644308391744
0.004780325959646939
0.01224462338424084
0.012077810106399633
0.026088789603596625
0.021506460065109673
0.014792460064966645
0.02594188095840311
0.002696240475915246
0.0014596892322651924
0.019525666075255167
0.014564130027400557
0.02044976671398068
0.01444656199480724
0.033529511485954316
0.02676129726173671
0.03469819956515761
0.04496312572757155
0.043909709730960866
0.04951510982113085
0.019897615984684775
0.011776979257877287
0.05122388853022697
0.09750529843774813
0.03994844878427831
0.033784271481486515
0.010368541440702162
0.04021175671269693
0.03817866122006406
0.0026071169242601858
0.017865865154733835
0.03912276749964998
0.041296584683093406
0.04122717548141492
0.05229206916020951
0.06294548101757368
0.09964041374704145
0.07324962014599687
0.07163757697244577
0.0693389180438456
0.04588232715558384
0.04455804780635428
0.05783069729130832
0.0010587799014076104
0.05298223718366192
0.0534499798260041
0.053287028019819556
0.04086980566273322
0.01243387229935508
0.00705801311061567
0.06931873904390477
0.07657393763168661
0.04689937386814244
0.028515664335473496
0.020984424813568582
0.018866326710349626
0.010999873302028812
0.03492458482753877
0.004905422669220544
0.04805978984914906
0.01660866083439934
0.07641976932549732
0.059056312975123204
0.0321891478758145
0.03895940913637422
0.041514773429594774
0.011362190339937782
0.05850251955521487
0.0638667906961302
0.038808447375360516
0.03843604166880475
0.01301955025546761
0.0206350523287962
0.04296932883772493
0.08143316384790665
0.04475707606941438
0.030969107098729205
0.012880751020802338
0.024871666122220568
0.003025039828769755
0.013044592340818157
0.12691042333460448
0.037123129117523586
0.09021491984101508
0.15827665876463476
0.04336034721390788
0.04860623691407623
0.13615843409048634
0.012219149586295096
0.150574151528686
0.20655332909063467
0.44598744708373994
0.18215615497438473
0.005760348357305151
0.23495371614071742
0.07586748041084501
0.4297457510981925
0.6001511820877415
0.08845740924011955
0.39732636566575824
0.23992816031593314
0.11774604003698144
0.33500939056566026
0.6398083210043942
0.053356120647498256
0.1399504109098521
0.11372850396994356
0.7284078513514488
0.05624487471207861
1.0
0.06884936827247491
0.597363332479089
0.25456667018638124
0.07128275825431675
0.3904855759409329
0.48549362774231036
0.23256591879727556
0.025327202958405053
0.06436670019443957
0.15650927563026806
0.07534175845613379
0.23615128709224656
0.11498495426627456
7.996392914793873E-4
0.4048499352495178
0.24551934169286965
0.21160413760066862
0.1689356989897175
0.030823685048963684
0.06441232829083161
0.008632282938390799
0.020867870293928312
0.054431365972746254
0.0043605471988803265
0.12671509080960655
0.15551969335260796
0.13525754953301383
0.13343211978432998
0.08160443775126695
0.002272148648488873
0.021945895565295602
0.006823513615870373
0.015962624158539458
0.034607596011874936
0.026807758733387598
