0.0019887756395525705
0.001977996282592556
1.1980233956870744E-4
0.016647057718359084
0.011635980048370765
0.0198570062973082
6.032077909881769E-4
0.05711052766751188
0.016272016827847718
0.13761569248361427
0.015029464790826232
0.04179232849385586
0.20162936416490085
0.07016227578996938
0.1331764263224845
0.0571422165220544
0.060613183850728225
0.14877409654152637
0.17861476309522395
0.5327455775089032
0.1266660796308695
0.07332811640585654
0.3074340794594156
0.09466121973837209
0.4200541502417873
0.20727619963631436
0.016646932334111294
0.15130259458168588
0.21218272802074772
0.13744928570814832
0.29027363945357515
0.14477762803902638
0.47908488700503615
0.41271558719813156
0.051376156847389505
0.20662552922191005
0.07201009831938468
0.3930144424006247
1.0
0.24676931973570657
0.16880990662797202
0.12234593441374171
0.34129481363051756
0.14412219183160727
0.4108082787612415
0.14561533052313272
0.036550907760291976
0.4208853193233793
0.26597993517855917
0.07324630117561809
0.059417542537499445
0.13150242583151842
0.11153899521164264
0.13739666196550387
0.06874644948807913
0.3050900637043049
0.21143792778728238
0.09293843356646907
0.007008589109159054
0.04859448349496638
0.02227515012852316
0.13335473187685615
0.02184858950831674
0.09320155949282023
0.1161625862153792
0.0538021359670933
0.028655793971372162
0.04053124423009262
0.0036600819814165994
0.00639701754164193
0.05382155126112697
0.10134260593673333
0.06621550281064038
0.013210700674628971
0.023223208554054305
0.06807275775364045
0.03068824264743374
0.020204970811806767
0.07610780635276296
0.1019285253863821
0.09223915522200739
0.0386650483408877
0.002036606593611615
0.00704646681698776
0.043828802181200714
0.03139152878675832
0.03843319786333768
0.007184439485007668
0.012711292589062768
0.06992112316001102
0.008130456565063966
0.032680174574131894
0.03020519300418444
0.06196381288578396
0.005494378081207609
0.013320030461231116
0.11099299119814256
0.059947012515568526
0.003983444711515434
0.011220960176895304
0.09105914865362577
0.10178783488703672
0.020271206453016645
0.039900217909261834
0.011583753111451392
0.003776463540679575
0.08268751442423351
0.015466264603461635
0.07480898756753968
0.022323343615968667
0.009014491947748048
0.050938114957244984
0.03085315021775249
0.013728455922755475
0.003475807621911036
0.060897635098043766
0.046702112992308295
0.04152653053105423
0.10940661937718645
0.06643803461956709
0.001831740466400406
0.04285914322687817
0.004289575484350842
0.020661290901591665
0.05627239693326882
0.005534483695800389
0.004946566535216835
0.01100328141701657
0.06073971628671488
0.024077107488297087
0.011768720510020265
0.04301175469192148
0.007369725451028125
0.027972960558605098
0.04427560766139065
0.02103338357935877
0.00532097989765066
0.009736767516146626
0.0012365782068187526
0.006554958584205209
0.010938429511314542
0.014447289834398056
0.010995084920860286
0.027901951078951177
0.004541604496849009
0.012901647838252116
0.0073952587333242495
0.009603114323115095
0.004903508417056358
0.008887881355059152
0.010308401551174576
0.006806170378985001
0.01238945706999139
0.011875664923240376
0.005000350179446462
0.009678114839596517
0.007437878698272854
0.006194010587372786
0.0021193445345958624
0.0013226990207041351
1.208984412559115E-4
0.004362944335454602
4.6383118036659584E-4
0.0027930536910654724
9.53384185031824E-4
0.007933582053482552
0.0013192036515128657
0.0013135358630252134
0.012761870607781223
0.0010460072516721782
0.0033742660280020953
0.006849359566969134
7.801621798637538E-4
0.004101567254459112
0.008374395576206329
0.0018444112770896485
0.005142156366351625
2.122987179776156E-5
0.002972576534150641
0.004901672229955503
0.0019945874658189094
0.001520450137946072
0.0022388767707822014
0.0011738917660324675
6.186427520724333E-4
0.0021753731665455833
5.986925055078883E-4
0.0010368253743239294
0.002845130173797738
5.990589496478998E-4
0.001043152257983753
0.004101439303205935
0.006935379163703909
0.004260286162921507
0.00454415491584222
0.003988367338506171
0.002389260246662397
3.994108271348874E-4
0.006074239268600326
0.004827640512321965
0.005920823536701608
0.002148110574052129
5.471728920204698E-4
9.544161589246369E-4
0.008135858463853306
0.0024166116686969506
0.004939403961336805
0.0043839389540527565
0.0012310640186525815
0.008519058270780621
0.0011420625419776673
0.0014338056361202335
0.002886256523531336
0.0016324845224242632
0.002887514980744857
0.00345455379672048
0.0014494921557589794
3.949203295910391E-4
0.0053167782900084325
3.3445442869129116E-4
0.0032691364845213325
0.002107134959964321
0.005619464340004386
0.004266266088964325
0.0012624914144651763
0.005211360471448018
0.0010900582027181366
0.0013516478699847792
0.0011777286233327058
0.0028608045856138788
0.0016678712344381896
5.372277052297853E-4
0.0010823854025016953
9.863759302660919E-4
0.006104025209928576
0.0016556956632434831
7.781464980240399E-4
1.5891902788700324E-4
0.002439889122280617
0.0019924844929741924
7.289429838572241E-4
9.77299048088632E-4
3.518177983272589E-4
4.912217960358704E-4
0.0029362058073254733
0.0014893412332982877
0.0018969352785192346
0.0014691536111562254
9.701846234482383E-4
9.85651602610562E-4
0.0035306223204277197
0.00221091766411588
7.799086354437043E-4
9.816273953702542E-4
3.4919587244132557E-4
0.002034570607262364
0.003602698183100137
6.524539084108205E-4
9.331758481633184E-4
0.004390836485351422
7.545209547858322E-4
0.0018637442890277551
0.0048507358200983305
0.0012780312277778
0.0033246534647020758
7.700186002171295E-4
0.0018138150474122574
0.00142379775704417
7.56155687311406E-4
1.359865388194288E-4
6.540610649253761E-5
0.001567094998410421
0.0024075301688558275
0.002007536077003361
0.0015300590411060726
0.0015975193062193398
0.0017350572422120784
0.0011231456042402133
0.0017081693784722568
0.001714577636793365
2.2877587316830954E-4
7.520503434265392E-5
0.001970529301376083
8.345383451773203E-4
0.001669966067719602
0.0015507599572549024
0.0010318875278188106
0.0011198791008036003
0.0014617806013193298
0.0017700457452786364
0.001214153798317338
3.2567447210559444E-4
5.000776528407398E-4
7.317251505826093E-4
1.0585918673684015E-4
2.8509753543230835E-4
5.309484799948334E-4
4.0945599685196613E-4
0.0014441608035042127
8.537875166317261E-4
9.666477570642127E-4
5.39648214431356E-4
0.002302204992582054
0.0020795553066207994
0.0010174549989098226
5.724741334184596E-4
0.0021935510088470053
4.999910790786489E-4
0.0024381872775813295
7.881292829604302E-4
0.003091532860038401
0.0013308046148004617
8.61167457452229E-5
0.0013844981011261518
4.718847332560911E-4
2.690737139287179E-4
7.191624700912796E-4
4.6475395864549354E-4
9.000884179618528E-4
0.0033551051724404497
1.496407276756624E-5
0.0016431753554043032
7.265428842693777E-4
0.0024667202223142533
4.455748090046315E-4
0.003658236852619198
0.0013940521812268517
0.0016095902416905933
1.7668679182005897E-6
9.789221783400388E-4
9.478082652493091E-4
0.001373829449059361
5.934899868125801E-4
8.056069139667848E-4
7.667068578101241E-4
5.421302794814308E-4
0.0015653828621844943
2.904475160314178E-4
0.0016737081648872491
8.337943877659286E-4
3.386192343767835E-4
5.489408142930302E-4
1.1224412316559189E-4
0.0019783551114969143
4.523393694958912E-5
2.19307296445652E-4
4.7781467847718916E-4
0.0016587598758055946
6.071857767737804E-4
0.0010505493901676467
0.0022372677248975177
0.0017723418336266237
0.0013344925149068453
2.9078076147415777E-5
6.600246040804169E-4
0.001626862894221037
6.722959233719061E-4
7.618507004788458E-4
5.871724628844627E-4
9.104252814413434E-5
0.0019494502532920394
8.352363328157531E-5
0.0012849376649681048
9.973802656028591E-4
9.284115394862208E-5
0.0017145947036116469
0.0015703741739177721
0.0011553221205868633
0.001004201772366155
8.615087688577394E-4
6.420087047793434E-4
0.001509459407118199
9.616036409210371E-4
0.0011074287196606032
0.0010009729248532328
0.0014111767165038355
4.901871054048655E-4
0.001279517714659626
0.0010462569271078698
0.0012167646034282672
3.174230918599477E-4
0.0012002817132730729
6.636410752747991E-4
9.045357443748944E-4
7.170404824888295E-4
0.0010713994640074906
7.93720568816775E-5
4.827976824652918E-4
5.873492649151474E-4
4.5769582482690343E-4
7.649528933554989E-4
1.2959315080809345E-4
9.032552386431269E-4
6.416871092220587E-4
0.0015809576766134883
0.0011962092101459481
0.00133310520511801
9.507237307251038E-4
0.0011000764318034443
4.489035069566421E-4
0.0012123114953020962
0.0015007352522484311
0.0016096590602709452
0.002247841007771595
6.613248728778513E-4
6.040312324888936E-4
0.0014697168811786847
7.76624862263783E-4
3.9218926801233144E-4
0.0011042648318723971
0.001175869313673236
2.0522671113833429E-4
2.997183608961673E-4
9.305742569585489E-4
0.001247326345766848
0.0014730168333072873
9.563414724806828E-4
2.5196425194525576E-4
0.0011153669457855415
0.0013313927993730617
2.1311328960668476E-4
8.411490882540983E-4
4.743769866676607E-4
4.6574717084025744E-4
0.0011236686833946763
2.2221347384958372E-4
3.0229182232186685E-4
1.8630392380728937E-4
0.0010377864343365556
0.0019484292814843773
9.977851711960818E-4
0.0010627382382747668
7.603791569349916E-4
0.0010953328876573964
0.0012601063946299947
3.9957521090726815E-4
0.0022103347755278663
0.001150898254080016
7.880412535282245E-4
3.478521851456739E-4
3.617361337398536E-4
0.001501424243402799
0.0013124280448343424
3.85136588653988E-4
7.566997630394794E-4
6.691307938975898E-4
0.001856541716917336
0.001684199861812818
0.0012309607104254898
9.592574306300275E-4
4.7433900841643525E-4
0.0010822427339523197
0.0017577980909948671
4.4031162184346575E-4
0.001222272677801147
0.0011758662925445086
6.58343417961017E-4
5.869577337501422E-4
2.978091995099094E-4
0.001368231481735169
0.0014359898243543193
6.595475897767471E-4
7.800133027855537E-4
6.595475897767471E-4
0.0014359898243543193
0.001368231481735169
2.978091995099094E-4
5.869577337501422E-4
6.58343417961017E-4
0.0011758662925445086
0.001222272677801147
4.4031162184346575E-4
0.0017577980909948671
0.0010822427339523197
4.7433900841643525E-4
9.592574306300275E-4
0.0012309607104254898
0.001684199861812818
0.001856541716917336
6.691307938975898E-4
7.566997630394794E-4
3.85136588653988E-4
0.0013124280448343424
0.001501424243402799
3.617361337398536E-4
3.478521851456739E-4
7.880412535282245E-4
0.001150898254080016
0.0022103347755278663
3.9957521090726815E-4
0.0012601063946299947
0.0010953328876573964
7.603791569349916E-4
0.0010627382382747668
9.977851711960818E-4
0.0019484292814843773
0.0010377864343365556
1.8630392380728937E-4
3.0229182232186685E-4
2.2221347384958372E-4
0.0011236686833946763
4.6574717084025744E-4
4.743769866676607E-4
8.411490882540983E-4
2.1311328960668476E-4
0.0013313927993730617
0.0011153669457855415
2.5196425194525576E-4
9.563414724806828E-4
0.0014730168333072873
0.001247326345766848
9.305742569585489E-4
2.997183608961673E-4
2.0522671113833429E-4
0.001175869313673236
0.0011042648318723971
3.9218926801233144E-4
7.76624862263783E-4
0.0014697168811786847
6.040312324888936E-4
6.613248728778513E-4
0.002247841007771595
0.0016096590602709452
0.0015007352522484311
0.0012123114953020962
4.489035069566421E-4
0.0011000764318034443
9.507237307251038E-4
0.00133310520511801
0.0011962092101459481
0.0015809576766134883
6.416871092220587E-4
9.032552386431269E-4
1.2959315080809345E-4
7.649528933554989E-4
4.5769582482690343E-4
5.873492649151474E-4
4.827976824652918E-4
7.93720568816775E-5
0.0010713994640074906
7.170404824888295E-4
9.045357443748944E-4
6.636410752747991E-4
0.0012002817132730729
3.174230918599477E-4
0.0012167646034282672
0.0010462569271078698
0.001279517714659626
4.901871054048655E-4
0.0014111767165038355
0.0010009729248532328
0.0011074287196606032
9.616036409210371E-4
0.001509459407118199
6.420087047793434E-4
8.615087688577394E-4
0.001004201772366155
0.0011553221205868633
0.0015703741739177721
0.0017145947036116469
9.284115394862208E-5
9.973802656028591E-4
0.0012849376649681048
8.352363328157531E-5
0.0019494502532920394
9.104252814413434E-5
5.871724628844627E-4
7.618507004788458E-4
6.722959233719061E-4
0.001626862894221037
6.600246040804169E-4
2.9078076147415777E-5
0.0013344925149068453
0.0017723418336266237
0.0022372677248975177
0.0010505493901676467
6.071857767737804E-4
0.0016587598758055946
4.7781467847718916E-4
2.19307296445652E-4
4.523393694958912E-5
0.0019783551114969143
1.1224412316559189E-4
5.489408142930302E-4
3.386192343767835E-4
8.337943877659286E-4
0.0016737081648872491
2.904475160314178E-4
0.0015653828621844943
5.421302794814308E-4
7.667068578101241E-4
8.056069139667848E-4
5.934899868125801E-4
0.001373829449059361
9.478082652493091E-4
9.789221783400388E-4
1.7668679182005897E-6
0.0016095902416905933
0.0013940521812268517
0.003658236852619198
4.455748090046315E-4
0.0024667202223142533
7.265428842693777E-4
0.0016431753554043032
1.496407276756624E-5
0.0033551051724404497
9.000884179618528E-4
4.6475395864549354E-4
7.191624700912796E-4
2.690737139287179E-4
4.718847332560911E-4
0.0013844981011261518
8.61167457452229E-5
0.0013308046148004617
0.003091532860038401
7.881292829604302E-4
0.0024381872775813295
4.999910790786489E-4
0.0021935510088470053
5.724741334184596E-4
0.0010174549989098226
0.0020795553066207994
0.002302204992582054
5.39648214431356E-4
9.666477570642127E-4
8.537875166317261E-4
0.0014441608035042127
4.0945599685196613E-4
5.309484799948334E-4
2.8509753543230835E-4
1.0585918673684015E-4
7.317251505826093E-4
5.000776528407398E-4
3.2567447210559444E-4
0.001214153798317338
0.0017700457452786364
0.0014617806013193298
0.0011198791008036003
0.0010318875278188106
0.0015507599572549024
0.001669966067719602
8.345383451773203E-4
0.001970529301376083
7.520503434265392E-5
2.2877587316830954E-4
0.001714577636793365
0.0017081693784722568
0.0011231456042402133
0.0017350572422120784
0.0015975193062193398
0.0015300590411060726
0.002007536077003361
0.0024075301688558275
0.001567094998410421
6.540610649253761E-5
1.359865388194288E-4
7.56155687311406E-4
0.00142379775704417
0.0018138150474122574
7.700186002171295E-4
0.0033246534647020758
0.0012780312277778
0.0048507358200983305
0.0018637442890277551
7.545209547858322E-4
0.004390836485351422
9.331758481633184E-4
6.524539084108205E-4
0.003602698183100137
0.002034570607262364
3.4919587244132557E-4
9.816273953702542E-4
7.799086354437043E-4
0.00221091766411588
0.0035306223204277197
9.85651602610562E-4
9.701846234482383E-4
0.0014691536111562254
0.0018969352785192346
0.0014893412332982877
0.0029362058073254733
4.912217960358704E-4
3.518177983272589E-4
9.77299048088632E-4
7.289429838572241E-4
0.0019924844929741924
0.002439889122280617
1.5891902788700324E-4
7.781464980240399E-4
0.0016556956632434831
0.006104025209928576
9.863759302660919E-4
0.0010823854025016953
5.372277052297853E-4
0.0016678712344381896
0.0028608045856138788
0.0011777286233327058
0.0013516478699847792
0.0010900582027181366
0.005211360471448018
0.0012624914144651763
0.004266266088964325
0.005619464340004386
0.002107134959964321
0.0032691364845213325
3.3445442869129116E-4
0.0053167782900084325
3.949203295910391E-4
0.0014494921557589794
0.00345455379672048
0.002887514980744857
0.0016324845224242632
0.002886256523531336
0.0014338056361202335
0.0011420625419776673
0.008519058270780621
0.0012310640186525815
0.0043839389540527565
0.004939403961336805
0.0024166116686969506
0.008135858463853306
9.544161589246369E-4
5.471728920204698E-4
0.002148110574052129
0.005920823536701608
0.004827640512321965
0.006074239268600326
3.994108271348874E-4
0.002389260246662397
0.003988367338506171
0.00454415491584222
0.004260286162921507
0.006935379163703909
0.004101439303205935
0.001043152257983753
5.990589496478998E-4
0.002845130173797738
0.0010368253743239294
5.986925055078883E-4
0.0021753731665455833
6.186427520724333E-4
0.0011738917660324675
0.0022388767707822014
0.001520450137946072
0.0019945874658189094
0.004901672229955503
0.002972576534150641
2.122987179776156E-5
0.005142156366351625
0.0018444112770896485
0.008374395576206329
0.004101567254459112
7.801621798637538E-4
0.006849359566969134
0.0033742660280020953
0.0010460072516721782
0.012761870607781223
0.0013135358630252134
0.0013192036515128657
0.007933582053482552
9.53384185031824E-4
0.0027930536910654724
4.6383118036659584E-4
0.004362944335454602
1.208984412559115E-4
0.0013226990207041351
0.0021193445345958624
0.006194010587372786
0.007437878698272854
0.009678114839596517
0.005000350179446462
0.011875664923240376
0.01238945706999139
0.006806170378985001
0.010308401551174576
0.008887881355059152
0.004903508417056358
0.009603114323115095
0.0073952587333242495
0.012901647838252116
0.004541604496849009
0.027901951078951177
0.010995084920860286
0.014447289834398056
0.010938429511314542
0.006554958584205209
0.0012365782068187526
0.009736767516146626
0.00532097989765066
0.02103338357935877
0.04427560766139065
0.027972960558605098
0.007369725451028125
0.04301175469192148
0.011768720510020265
0.024077107488297087
0.06073971628671488
0.01100328141701657
0.004946566535216835
0.005534483695800389
0.05627239693326882
0.020661290901591665
0.004289575484350842
0.04285914322687817
0.001831740466400406
0.06643803461956709
0.10940661937718645
0.04152653053105423
0.046702112992308295
0.060897635098043766
0.003475807621911036
0.013728455922755475
0.03085315021775249
0.050938114957244984
0.009014491947748048
0.022323343615968667
0.07480898756753968
0.015466264603461635
0.08268751442423351
0.003776463540679575
0.011583753111451392
0.039900217909261834
0.020271206453016645
0.10178783488703672
0.09105914865362577
0.011220960176895304
0.003983444711515434
0.059947012515568526
0.11099299119814256
0.013320030461231116
0.005494378081207609
0.06196381288578396
0.03020519300418444
0.032680174574131894
0.008130456565063966
0.06992112316001102
0.012711292589062768
0.007184439485007668
0.03843319786333768
0.03139152878675832
0.043828802181200714
0.00704646681698776
0.002036606593611615
0.0386650483408877
0.09223915522200739
0.1019285253863821
0.07610780635276296
0.020204970811806767
0.03068824264743374
0.06807275775364045
0.023223208554054305
0.013210700674628971
0.06621550281064038
0.10134260593673333
0.05382155126112697
0.00639701754164193
0.0036600819814165994
0.04053124423009262
0.028655793971372162
0.0538021359670933
0.1161625862153792
0.09320155949282023
0.02184858950831674
0.13335473187685615
0.02227515012852316
0.04859448349496638
0.007008589109159054
0.09293843356646907
0.21143792778728238
0.3050900637043049
0.06874644948807913
0.13739666196550387
0.11153899521164264
0.13150242583151842
0.059417542537499445
0.07324630117561809
0.26597993517855917
0.4208853193233793
0.036550907760291976
0.14561533052313272
0.4108082787612415
0.14412219183160727
0.34129481363051756
0.12234593441374171
0.16880990662797202
0.24676931973570657
1.0
0.3930144424006247
0.07201009831938468
0.20662552922191005
0.051376156847389505
0.41271558719813156
0.47908488700503615
0.14477762803902638
0.29027363945357515
0.13744928570814832
0.21218272802074772
0.15130259458168588
0.016646932334111294
0.20727619963631436
0.4200541502417873
0.09466121973837209
0.3074340794594156
0.07332811640585654
0.1266660796308695
0.5327455775089032
0.17861476309522395
0.14877409654152637
0.060613183850728225
0.0571422165220544
0.1331764263224845
0.07016227578996938
0.20162936416490085
0.04179232849385586
0.015029464790826232
0.13761569248361427
0.016272016827847718
0.05711052766751188
6.032077909881769E-4
0.0198570062973082
0.011635980048370765
0.016647057718359084
1.1980233956870744E-4
0.001977996282592556
