-0.1897009844821693
0.17985440746854098
0.15124629250441354
0.1065826060324321
0.050085847348883765
0.012906133166087057
0.07644500389206083
0.13453081329306596
0.18167022076104572
0.21338011494653222
0.22658872565700736
0.21989718402860953
0.1936789149704846
0.15001071473923627
0.09244614127788743
0.02565718716041656
0.04501744279812721
0.11407097756400457
0.17632447464765522
0.22737223621058075
0.2639357709733486
0.28409603506722
0.2873871049616028
0.27474906802974086
0.24835217830033096
0.21131672422935027
0.1673623506992513
0.12042590726078391
0.07428785972083121
0.03224399493881896
0.0031478737745136522
0.03022628746798368
0.04828105105097985
0.057507700214323325
0.0588750751272254
0.053927890014997884
0.04455153285828902
0.03272824933387781
0.02031234630248832
0.008847480402709587
5.577972398924219E-4
0.007288324913585559
0.011215069160608273
0.012630720253835964
0.012142653677050792
0.010541560788221199
0.008665210586137423
0.007275358825149649
0.006962135045340538
0.00808495073748686
0.010752901943427335
0.01484167298259902
0.02003891743704642
0.025906667264644793
0.031947920003563536
0.037665294333855015
0.042602329558460654
0.04636215705119454
0.04860320155779737
0.04901647400451867
0.04729309252000269
0.0430932280164621
0.03602824480563238
0.025666214316358772
0.011567363238177655
0.006649167719168864
0.029211915015570297
0.05608769520105054
0.08687190655963686
0.1206974010133967
0.1561814773913845
0.1914283613028599
0.2240994970682879
0.25155648938306796
0.2710723688795543
0.28009707786382193
0.27655391186803735
0.2591363639255609
0.22757052074814785
0.18280768623006877
0.1271156811904331
0.06404522256381921
0.0017406602880782186
0.0647721180883732
0.11919563015615453
0.15928292847032968
0.17998148476297113
0.17745388790783082
0.149550086727329
0.09615896305593832
0.019394150547232713
0.07641711638879074
0.18495522997413305
0.2983319830661415
0.4076882801244662
0.5039178906730172
0.5784540146192
0.6240458678683058
0.6354499957328786
0.6099661603444252
0.5477602097546203
0.451935300256864
0.3283364667838024
0.18509951670332558
0.031980927710859634
0.12047182848027621
0.2618327972156118
0.3827062104725711
0.4755433148271906
0.5352870016281753
0.5597799112337538
0.5498946120976522
0.5093720391618116
0.44438382744901156
0.3628624534392485
0.27366721967911956
0.18567149026849103
0.10686527595670457
0.04356623169578236
1.7866729221215004E-4
0.022938063392623664
0.025951437968573285
0.012888786023304899
0.010659634984220293
0.037908778107826314
0.06174119604660338
0.07561249542749961
0.07440026984493399
0.05510173554729265
0.017300275649804003
0.03665520526542807
0.10178420409000762
0.1709146812288746
0.23538915635220786
0.2859675136636834
0.31383485418667273
0.3116097156284388
0.27424576931499084
0.19972906100811258
0.08949218055887144
0.05150547782862714
0.2150487723264823
0.39027092942057784
0.5645382391647213
0.7245336236894426
0.8574361969479842
0.9520830418456051
1.0
0.9962002930213691
0.9396720807937764
0.8335063575948065
0.6846518084928885
0.5033198066989872
0.3020969049038407
0.09485049224108458
0.10446709985889889
0.2830017992132839
0.43005658601350666
0.5379278270903828
0.6024444088546209
0.623165401937826
0.6032264437353243
0.548859889937252
0.4686454958749654
0.3725737474146455
0.27102047410666597
0.17373750218184475
0.08895940174017088
0.022711544496502773
0.021618546142740898
0.043413617165057414
0.0446616557483311
0.029523189730474218
0.0036877745322910107
0.02640309382580407
0.05437769954745805
0.07470954126788006
0.0833632847906844
0.07824442724905466
0.05940897229932906
0.029016623491387
0.008960689083234807
0.04923677963522207
0.08585588537783431
0.11290958970125566
0.12524521923575377
0.1190874940725369
0.09250614501090475
0.045680167061740176
0.01906773501214782
0.09746770956724826
0.18370669852712693
0.2709943674212402
0.35222922201357243
0.4206936733875002
0.4707052027617604
0.4981569700012035
0.5008943418060111
0.47889229493823826
0.4342203480828446
0.37080417364815205
0.294013899175621
0.21012613567762894
0.1257182561238875
0.04705833478440555
0.020447857807859328
0.07269987062326407
0.10719642291952636
0.12315827847803675
0.12147727317438715
0.10450701331262867
0.07572660299235733
0.039320416732618046
2.7669911605273853E-4
0.038818808194262096
0.07262782425358297
0.09887669692802664
0.11575466537509498
0.12250729351890069
0.11935884683497516
0.10733764648792421
0.08803489200302736
0.06333306359376026
0.03514092522389338
0.0051684542545567145
0.025232622900938355
0.055147498354145986
0.08409287550979602
0.1119359974285358
0.13875679738631183
0.16467917378601768
0.1897009844821693
0.21355184779705755
0.2356033724515395
0.25484865504364473
0.2699578299343525
0.2794054561627339
0.28165501230155643
0.27537710754753897
0.25967233411804924
0.23426773628420475
0.19965794325882266
0.157167894089081
0.10892308532440316
0.0577243177625835
0.006835667334972611
0.040294581488341114
0.08035138721498995
0.11047444375656655
0.12854764775204544
0.13342300006564892
0.1250519458515252
0.10450701331262854
0.07388866749895717
0.03612516970325528
0.005314568350033484
0.04676505288656192
0.08472832557120374
0.1162185918930181
0.13904963450498586
0.15203340947146154
0.15506799335346033
0.14910537385476855
0.1360030634735878
0.11827662922719434
0.09878147129410514
0.08036025585323396
0.06549637576571006
0.05601320586608505
0.05285378734353054
0.05596648457457288
0.06431012757111446
0.07597854131785017
0.08843071043342367
0.09880068258294857
0.10425205745745221
0.10233659520733183
0.09131571907131028
0.07040757733728412
0.03993044052539676
0.0013246357066686366
0.0429513169189374
0.08964070580637397
0.13500214741821726
0.17518351914056163
0.20661636141253464
0.22638836146890337
0.23255374593598493
0.22434802352009459
0.2022837853630857
0.16811704136747774
0.1246874281166924
0.07564904084576311
0.025120153319968676
0.022711544496502773
0.0639872195369342
0.09553781533462413
0.1151712383728817
0.12185773867477752
0.11579657659468429
0.0983598236140031
0.07192207417758277
0.03959653841910199
0.004907197840022161
0.028567504970716993
0.05754214733608424
0.07932791239079125
0.09206313316590099
0.09485049224108462
0.0877912743026399
0.07191838011362228
0.04904045869634779
0.02151834237816677
0.007998935326065023
0.03684846547295883
0.06260873911548297
0.08331039714704255
0.09758353835184791
0.10473098698222975
0.1047259456557278
0.09814109963586042
0.08602349520230199
0.06973459678138462
0.0507773404803852
0.03063159804763587
0.010616450552687728
0.00820743328017743
0.02508845084749508
0.039587747453253976
0.05154228913123505
0.06099874349269938
0.06813270661720619
0.07316865915976926
0.07631457681113299
0.07772164489287735
0.0774745903418465
0.07561249542749973
0.07217443546421566
0.06725970356277042
0.06108943160332654
0.05405554415635194
0.04674435724312888
0.039925607455723204
0.03450282041842576
0.03142700845956111
0.03158187823723661
0.03565413827208453
0.04400630694082095
0.0565710031059775
0.07278470067929559
0.09157532501384227
0.11141219154794112
0.13041928290424515
0.14654462426180892
0.157770584440906
0.1623433521786099
0.15899554451680206
0.14713458524247275
0.12697149383644535
0.09956999855380273
0.0668039703236083
0.031221235614678287
0.0041772496996918184
0.03622337316510211
0.06190468375416789
0.07868978880033067
0.08481979850785161
0.0795311737475267
0.06318135123656383
0.037258159198527825
0.004266336682708697
0.03250188165133146
0.06929168100076112
0.1022739176052343
0.12795597907351072
0.14357024805777216
0.1473958297245679
0.1389749331046526
0.11919563015615445
0.09022665099869641
0.055305959094445904
0.018401340551284475
0.016223713835909644
0.044493705412282425
0.06300206407097983
0.06943537944339159
0.06289134696213013
0.044050888843756915
0.015179683761897267
0.020047652945976824
0.056888158642224185
0.09000474098931152
0.11402717590159793
0.12414200324643636
0.11664842116921088
0.0894189959048035
0.04221244023940474
0.02319988377903679
0.10311314297166801
0.1921717817638858
0.28383192690215975
0.3709598073197245
0.4465070883187283
0.50419458978907
0.5391335978865821
0.5483192648759485
0.5309429824202501
0.4884888871700381
0.42460193127658347
0.34473887733733755
0.2556365961605383
0.16465165889546624
0.0790392624952651
0.0052464276436112135
0.05170666153798294
0.08869231129695027
0.10473914117903857
0.10106665354533075
0.08088761629551564
0.049000270291641015
0.01121506916060811
0.02632137531274888
0.05783121994825174
0.07856200233445292
0.08532287715274914
0.0768414225704223
0.05390147787146581
0.019246402304359932
0.022742103669116488
0.06655470704233148
0.10619870804923202
0.13590485421997409
0.150818367809082
0.14759708142443764
0.1248492750627217
0.08336095892816883
0.026085112055905618
0.042108696649525025
0.11489963251448275
0.18514748888069202
0.2456242224967546
0.28976685589966583
0.31237060748948753
0.3101470796543817
0.28208652589796457
0.2295841135666597
0.1563154438430552
0.06787363441613059
0.028793933332124315
0.12608937058631142
0.21653342723873303
0.2935177650580554
0.351959876274797
0.3887907010730188
0.403223151908353
0.39677355626467564
0.37303489108354315
0.3372276719391556
0.2955785305044238
0.2545952224793821
0.2203180074857034
0.19762980504494193
0.1897009844821693
0.19762980504494193
0.2203180074857034
0.2545952224793821
0.2955785305044238
0.3372276719391556
0.37303489108354315
0.39677355626467564
0.403223151908353
0.3887907010730188
0.351959876274797
0.2935177650580554
0.21653342723873303
0.12608937058631142
0.028793933332124315
0.06787363441613059
0.1563154438430552
0.2295841135666597
0.28208652589796457
0.3101470796543817
0.31237060748948753
0.28976685589966583
0.2456242224967546
0.18514748888069202
0.11489963251448275
0.042108696649525025
0.026085112055905618
0.08336095892816883
0.1248492750627217
0.14759708142443764
0.150818367809082
0.13590485421997409
0.10619870804923202
0.06655470704233148
0.022742103669116488
0.019246402304359932
0.05390147787146581
0.0768414225704223
0.08532287715274914
0.07856200233445292
0.05783121994825174
0.02632137531274888
0.01121506916060811
0.049000270291641015
0.08088761629551564
0.10106665354533075
0.10473914117903857
0.08869231129695027
0.05170666153798294
0.0052464276436112135
0.0790392624952651
0.16465165889546624
0.2556365961605383
0.34473887733733755
0.42460193127658347
0.4884888871700381
0.5309429824202501
0.5483192648759485
0.5391335978865821
0.50419458978907
0.4465070883187283
0.3709598073197245
0.28383192690215975
0.1921717817638858
0.10311314297166801
0.02319988377903679
0.04221244023940474
0.0894189959048035
0.11664842116921088
0.12414200324643636
0.11402717590159793
0.09000474098931152
0.056888158642224185
0.020047652945976824
0.015179683761897267
0.044050888843756915
0.06289134696213013
0.06943537944339159
0.06300206407097983
0.044493705412282425
0.016223713835909644
0.018401340551284475
0.055305959094445904
0.09022665099869641
0.11919563015615445
0.1389749331046526
0.1473958297245679
0.14357024805777216
0.12795597907351072
0.1022739176052343
0.06929168100076112
0.03250188165133146
0.004266336682708697
0.037258159198527825
0.06318135123656383
0.0795311737475267
0.08481979850785161
0.07868978880033067
0.06190468375416789
0.03622337316510211
0.0041772496996918184
0.031221235614678287
0.0668039703236083
0.09956999855380273
0.12697149383644535
0.14713458524247275
0.15899554451680206
0.1623433521786099
0.157770584440906
0.14654462426180892
0.13041928290424515
0.11141219154794112
0.09157532501384227
0.07278470067929559
0.0565710031059775
0.04400630694082095
0.03565413827208453
0.03158187823723661
0.03142700845956111
0.03450282041842576
0.039925607455723204
0.04674435724312888
0.05405554415635194
0.06108943160332654
0.06725970356277042
0.07217443546421566
0.07561249542749973
0.0774745903418465
0.07772164489287735
0.07631457681113299
0.07316865915976926
0.06813270661720619
0.06099874349269938
0.05154228913123505
0.039587747453253976
0.02508845084749508
0.00820743328017743
0.010616450552687728
0.03063159804763587
0.0507773404803852
0.06973459678138462
0.08602349520230199
0.09814109963586042
0.1047259456557278
0.10473098698222975
0.09758353835184791
0.08331039714704255
0.06260873911548297
0.03684846547295883
0.007998935326065023
0.02151834237816677
0.04904045869634779
0.07191838011362228
0.0877912743026399
0.09485049224108462
0.09206313316590099
0.07932791239079125
0.05754214733608424
0.028567504970716993
0.004907197840022161
0.03959653841910199
0.07192207417758277
0.0983598236140031
0.11579657659468429
0.12185773867477752
0.1151712383728817
0.09553781533462413
0.0639872195369342
0.022711544496502773
0.025120153319968676
0.07564904084576311
0.1246874281166924
0.16811704136747774
0.2022837853630857
0.22434802352009459
0.23255374593598493
0.22638836146890337
0.20661636141253464
0.17518351914056163
0.13500214741821726
0.08964070580637397
0.0429513169189374
0.0013246357066686366
0.03993044052539676
0.07040757733728412
0.09131571907131028
0.10233659520733183
0.10425205745745221
0.09880068258294857
0.08843071043342367
0.07597854131785017
0.06431012757111446
0.05596648457457288
0.05285378734353054
0.05601320586608505
0.06549637576571006
0.08036025585323396
0.09878147129410514
0.11827662922719434
0.1360030634735878
0.14910537385476855
0.15506799335346033
0.15203340947146154
0.13904963450498586
0.1162185918930181
0.08472832557120374
0.04676505288656192
0.005314568350033484
0.03612516970325528
0.07388866749895717
0.10450701331262854
0.1250519458515252
0.13342300006564892
0.12854764775204544
0.11047444375656655
0.08035138721498995
0.040294581488341114
0.006835667334972611
0.0577243177625835
0.10892308532440316
0.157167894089081
0.19965794325882266
0.23426773628420475
0.25967233411804924
0.27537710754753897
0.28165501230155643
0.2794054561627339
0.2699578299343525
0.25484865504364473
0.2356033724515395
0.21355184779705755
0.1897009844821693
0.16467917378601768
0.13875679738631183
0.1119359974285358
0.08409287550979602
0.055147498354145986
0.025232622900938355
0.0051684542545567145
0.03514092522389338
0.06333306359376026
0.08803489200302736
0.10733764648792421
0.11935884683497516
0.12250729351890069
0.11575466537509498
0.09887669692802664
0.07262782425358297
0.038818808194262096
2.7669911605273853E-4
0.039320416732618046
0.07572660299235733
0.10450701331262867
0.12147727317438715
0.12315827847803675
0.10719642291952636
0.07269987062326407
0.020447857807859328
0.04705833478440555
0.1257182561238875
0.21012613567762894
0.294013899175621
0.37080417364815205
0.4342203480828446
0.47889229493823826
0.5008943418060111
0.4981569700012035
0.4707052027617604
0.4206936733875002
0.35222922201357243
0.2709943674212402
0.18370669852712693
0.09746770956724826
0.01906773501214782
0.045680167061740176
0.09250614501090475
0.1190874940725369
0.12524521923575377
0.11290958970125566
0.08585588537783431
0.04923677963522207
0.008960689083234807
0.029016623491387
0.05940897229932906
0.07824442724905466
0.0833632847906844
0.07470954126788006
0.05437769954745805
0.02640309382580407
0.0036877745322910107
0.029523189730474218
0.0446616557483311
0.043413617165057414
0.021618546142740898
0.022711544496502773
0.08895940174017088
0.17373750218184475
0.27102047410666597
0.3725737474146455
0.4686454958749654
0.548859889937252
0.6032264437353243
0.623165401937826
0.6024444088546209
0.5379278270903828
0.43005658601350666
0.2830017992132839
0.10446709985889889
0.09485049224108458
0.3020969049038407
0.5033198066989872
0.6846518084928885
0.8335063575948065
0.9396720807937764
0.9962002930213691
1.0
0.9520830418456051
0.8574361969479842
0.7245336236894426
0.5645382391647213
0.39027092942057784
0.2150487723264823
0.05150547782862714
0.08949218055887144
0.19972906100811258
0.27424576931499084
0.3116097156284388
0.31383485418667273
0.2859675136636834
0.23538915635220786
0.1709146812288746
0.10178420409000762
0.03665520526542807
0.017300275649804003
0.05510173554729265
0.07440026984493399
0.07561249542749961
0.06174119604660338
0.037908778107826314
0.010659634984220293
0.012888786023304899
0.025951437968573285
0.022938063392623664
1.7866729221215004E-4
0.04356623169578236
0.10686527595670457
0.18567149026849103
0.27366721967911956
0.3628624534392485
0.44438382744901156
0.5093720391618116
0.5498946120976522
0.5597799112337538
0.5352870016281753
0.4755433148271906
0.3827062104725711
0.2618327972156118
0.12047182848027621
0.031980927710859634
0.18509951670332558
0.3283364667838024
0.451935300256864
0.5477602097546203
0.6099661603444252
0.6354499957328786
0.6240458678683058
0.5784540146192
0.5039178906730172
0.4076882801244662
0.2983319830661415
0.18495522997413305
0.07641711638879074
0.019394150547232713
0.09615896305593832
0.149550086727329
0.17745388790783082
0.17998148476297113
0.15928292847032968
0.11919563015615453
0.0647721180883732
0.0017406602880782186
0.06404522256381921
0.1271156811904331
0.18280768623006877
0.22757052074814785
0.2591363639255609
0.27655391186803735
0.28009707786382193
0.2710723688795543
0.25155648938306796
0.2240994970682879
0.1914283613028599
0.1561814773913845
0.1206974010133967
0.08687190655963686
0.05608769520105054
0.029211915015570297
0.006649167719168864
0.011567363238177655
0.025666214316358772
0.03602824480563238
0.0430932280164621
0.04729309252000269
0.04901647400451867
0.04860320155779737
0.04636215705119454
0.042602329558460654
0.037665294333855015
0.031947920003563536
0.025906667264644793
0.02003891743704642
0.01484167298259902
0.010752901943427335
0.00808495073748686
0.006962135045340538
0.007275358825149649
0.008665210586137423
0.010541560788221199
0.012142653677050792
0.012630720253835964
0.011215069160608273
0.007288324913585559
5.577972398924219E-4
0.008847480402709587
0.02031234630248832
0.03272824933387781
0.04455153285828902
0.053927890014997884
0.0588750751272254
0.057507700214323325
0.04828105105097985
0.03022628746798368
0.0031478737745136522
0.03224399493881896
0.07428785972083121
0.12042590726078391
0.1673623506992513
0.21131672422935027
0.24835217830033096
0.27474906802974086
0.2873871049616028
0.28409603506722
0.2639357709733486
0.22737223621058075
0.17632447464765522
0.11407097756400457
0.04501744279812721
0.02565718716041656
0.09244614127788743
0.15001071473923627
0.1936789149704846
0.21989718402860953
0.22658872565700736
0.21338011494653222
0.18167022076104572
0.13453081329306596
0.07644500389206083
0.012906133166087057
0.050085847348883765
0.1065826060324321
0.15124629250441354
0.17985440746854098
