0.027311022981668716
0.028457625319631624
0.02953315663819947
0.03595741346797021
0.043572425524432655
0.021541518286552565
0.048090073408795474
0.0693881929694651
0.017181750475411945
0.21614571013211184
0.048835962492276126
0.10430671093311525
0.14118304766301856
0.30932154572240506
0.21586148266808786
0.012128708215974908
0.34964345467963487
0.296705184608678
0.2750403168564439
0.02109882526781735
0.3988761314578472
1.0
0.5573978220310921
0.16538086200470883
0.093564686031547
0.41382302739284577
0.8353903100975102
0.15522973930559286
0.13442805725010643
0.18953204133103785
0.17352910296716625
0.10073833890342605
0.032486832157447264
0.004339048172871293
0.5132372958059771
0.18025426231367533
0.844548774692926
0.14892864300503228
0.20649268075566246
0.4421704309613653
0.6553041098854527
0.11724532685977238
0.12757820721085872
0.19553038327401265
0.24544575986850456
0.2309621105446001
0.33898922303333295
0.06034708923054441
0.1770779653546447
0.17904787382750761
0.04923668474688824
0.046151421336796054
0.23266049339649342
0.45415198707104054
0.054721085050157076
0.005105813867164075
0.32841470703677755
0.13695551094936953
0.1495967969301733
0.0923767171117807
0.028789534073697696
0.09401172461055027
0.09917006072786734
0.11568134738157375
0.17644333352304636
0.11288332814076091
0.023919084515743833
0.04268350954384728
0.014437802556930336
0.05508943430045944
0.037030563333695754
0.0314374540532523
0.07230648606823675
0.01957038338747633
0.11870959434397291
0.14755364743433794
0.09843578172564761
0.07004189023109293
0.0022012313337665987
0.0036315817199908196
0.058597484841054384
0.04975199374448587
0.06864209689736868
0.0046274229604783826
0.08502762708068808
0.019692446042195687
0.08124460774420246
0.057568091181965694
0.10420628677943392
0.03005323511873555
0.07429364016643612
0.04890286117570926
0.10826233684209934
0.02113426611908365
0.05669220966859737
0.05872296996333246
0.00849148733216015
0.05064102200602872
0.01977309180209107
0.03143683222280982
0.0315494143462111
0.03977211823690078
0.07332177424103516
0.1172277393151285
0.06549868111519996
0.005468384614984348
0.003265814389971541
0.006705988166008756
0.03895923227975258
0.02675011358240371
0.020930725827707077
0.048559977939819754
0.021106807418700153
0.04659528087185934
0.04559450530821631
0.024910826477994547
0.004085075664543555
0.0316895764332373
0.04373861248725383
0.028733295639124332
0.05131698738242797
0.015640738565691176
0.024342476737251793
0.034705223417698425
0.09989818341011154
0.07792483444128659
0.028567619669294088
0.0307254548009634
0.03307943182645951
0.064521310424028
0.07976941575991986
0.021752190201982855
0.02423539081432395
0.00836427508091816
0.0056069269950771074
0.035552928116451554
0.02490948890327488
0.0024059698662035455
0.012018694035472226
0.007989007235645626
0.008577642473627536
0.005186498732498341
0.03142802994623059
0.012618620090039665
0.012027557244713454
0.01766356541510995
0.008587467224458023
0.007936250254995019
0.0035366611793392496
0.007275950430954083
0.010135110111270638
0.0023070632092504683
0.0018738448319532647
0.002959043291654905
0.009793294118283944
0.0066764143567524395
0.0021506982854322294
0.002287882797163123
0.005377560436433735
0.0036056124954516855
0.0041181863637350285
0.004424312558698371
0.003109079414563472
0.003976010577408454
0.005320899596470696
3.089599006902406E-4
0.0035153614689447236
0.0015699433865335795
0.006502178755325217
0.005693119063954175
0.002313773505887418
1.8171588889951432E-4
0.006857852457197839
0.002681400400794897
0.006039520725468979
0.0037523648551413737
0.004831310253752839
0.007294853818920119
0.001985789304072183
0.008942759881389645
0.006855324386350385
0.004627015007018247
0.006198805011974039
0.005148429556435223
0.006011228806321045
0.009422956332657413
0.005123112376513277
0.006119694737435394
0.005587946185199842
0.005327270492244886
0.0037687177144065114
0.005176087426934803
0.0019577946622771703
0.001091617295563888
0.0052670700029410576
0.00409556891831156
0.004293697846130544
0.006228436062516564
0.006529556960241186
0.002964782098435519
0.008020828524485686
0.0069065656910122855
0.00463266113234446
0.0026321168522306674
0.004049106729783483
0.0024511056881613915
0.0036664903362339054
0.007191757230376722
0.005389946435452928
0.0035020465151454
0.004401541746998372
0.007257089951108112
0.004166525550530263
0.003655198090059527
0.00608798591958892
0.003611374230302194
0.006839565978981917
0.0046139661489695005
0.004441181943632634
0.00603459821566777
0.005336302369060626
0.004676744263679122
0.00608167158893388
0.003884277448817404
0.004540263178558536
0.004428554343318348
0.004933131872614207
0.005793472176061655
0.005193552453769594
0.006067441163653756
0.0032052305297377614
0.00455356987665432
0.004158523032880497
0.008499375248581962
0.0036044837884638995
0.008219494148249067
0.0053731726407934294
0.006310552627836299
0.0038743056485894263
0.0036704957545343137
0.006008198625406706
0.005179536195971721
0.00434958173887897
0.006180738258074992
0.0030696154786631047
0.002247604932215922
0.0048028553530105505
0.004493501570911412
0.005088873938668012
0.004315666673990115
0.006659113629474574
0.004334336698986928
0.005907210384657227
0.004189278857220227
0.004863934086839064
0.0031217711190252386
0.003560014362940655
0.006992991072075211
0.00511244962506079
0.003556228029958668
0.005249967211826346
0.005102400037129085
0.004276733595410369
0.004066012800675996
0.005541939170067498
0.004925533508788836
0.0050170187811619
0.003392775348551948
0.0031772306526412536
0.004924962280059208
0.0033012259218308275
0.004474835722540688
0.005740732413508032
0.0045096705523105535
0.005105730591094783
0.005450445330483163
0.0032335171535673047
0.007463553440373122
0.004554945811166143
0.0040937326080159615
0.0032819006129741484
0.005187959123707984
0.0047521563502084885
0.005211642812887338
0.004722581791906571
0.004060597399803699
0.004991944564316457
0.0034354364247210787
0.00446564892110619
0.005479354277780445
0.00502779099434187
0.004669894892797681
0.005566643108144362
0.00614021801081334
0.004288020111093845
0.005123292330094017
0.005219292293314178
0.005874738096096596
0.003122932639796599
0.0036506887740550874
0.004697405652746875
0.0035865318610205717
0.005377697349160769
0.0048218003074492356
0.0050841911072677486
0.00653719562439493
0.006029016350612102
0.00465901818306737
0.005406064693744854
0.004601309384247653
0.0049095873443762315
0.004415341278466676
0.0038522208434404993
0.0038820359654397206
0.005205075671807468
0.004055761357142724
0.004209789932427331
0.0035167182386248224
0.005781073082548853
0.007113222033277715
0.004904994655428495
0.002127996904579864
0.0055411049418968945
0.005616225381565219
0.003660657121549769
0.005421691756781229
0.004877515911845427
0.005074335908518949
0.0037737165619063716
0.00528468905474798
0.0037911955950829038
0.005001595954656511
0.004908629705746358
0.005428083483262309
0.004108348010235459
0.004702222554861611
0.005394715068249742
0.005801737692323198
0.004491337411773731
0.004514768665978854
0.003691823958711467
0.0056435229991868155
0.005036803758772082
0.0047557524606942955
0.005477036903553437
0.005449771359657164
0.006164674806121051
0.00471626520726039
0.00579298636282818
0.005061491939007173
0.004309484629293588
0.0029840741960947283
0.0029017326091781166
0.0038786101006079857
0.003364884262123235
0.005876587022033145
0.004850547674515466
0.004159444636791814
0.004598125177964244
0.003159616107931231
0.004502826007381497
0.0038341534143903912
0.004259606535643702
0.004646606454317508
0.005232911264365102
0.005645663213997521
0.004278153817739735
0.004271596715918905
0.0052238421351656975
0.006431738403308922
0.004347785364448757
0.0063095295581457106
0.0024199206142255817
0.004610314193942887
0.003919068169683692
0.0056103394900314275
0.004765925999864548
0.00422755882411416
0.006459447121755428
0.005448745829330448
0.005521160833492365
0.006108648463291062
0.00533480777540493
0.004485954848802239
0.00421237223513331
0.0047489355512156895
0.003971391367386349
0.005817437713574408
0.0028052772632504593
0.0052740826212925905
0.0043801487738264425
0.0046006636318566005
0.0034284970034402897
0.0035588263367902
0.004986766292924173
0.005470963251895803
0.005819526768266986
0.004750709831023211
0.003754939790627454
0.004946820498973462
0.005714078665641655
0.004538410997203837
0.006490646141774928
0.0059117560215544256
0.00419171569731707
0.005289554491775829
0.004850241941777383
0.003626808085387055
0.005565158744331776
0.006352702501939156
0.0047196715216519134
0.006460494144796644
0.006673832774678314
0.005306781092438415
0.003833210181263298
0.004486032160242694
0.005672325719849569
0.006534109074992831
0.0035873916148585912
0.006881532619235321
0.004255132899385354
0.004767172095537755
0.007026739132267656
0.0050132312097413215
0.005529335486422994
0.0055285441131373006
0.004920646672254306
0.00572373440195725
0.005193208586806912
0.005584875389551828
0.003999731957416206
0.005104811368857284
0.004748876019046836
0.0053611715740286316
0.0061834120021059
0.004935385817662813
0.003767959195886004
0.005466972269270472
0.003990463572404587
0.00274595054624152
0.00377865850966144
0.0028223832395761705
0.005230558692022789
0.00478469427258564
0.005287222354464443
0.005288891583471219
0.005663217772255168
0.004790221326164375
0.004962248664518021
0.005150735408697756
0.004269647379601987
0.00666765201750734
0.004069761603276603
0.005437612528147712
0.004931504826871546
0.0062367007164935324
0.005735726230899666
0.00673949361302047
0.004418620185328449
0.0049081277440839064
0.005019788012466625
0.0043294718513084
0.006019445110919752
0.0043294718513084
0.005019788012466625
0.0049081277440839064
0.004418620185328449
0.00673949361302047
0.005735726230899666
0.0062367007164935324
0.004931504826871546
0.005437612528147712
0.004069761603276603
0.00666765201750734
0.004269647379601987
0.005150735408697756
0.004962248664518021
0.004790221326164375
0.005663217772255168
0.005288891583471219
0.005287222354464443
0.00478469427258564
0.005230558692022789
0.0028223832395761705
0.00377865850966144
0.00274595054624152
0.003990463572404587
0.005466972269270472
0.003767959195886004
0.004935385817662813
0.0061834120021059
0.0053611715740286316
0.004748876019046836
0.005104811368857284
0.003999731957416206
0.005584875389551828
0.005193208586806912
0.00572373440195725
0.004920646672254306
0.0055285441131373006
0.005529335486422994
0.0050132312097413215
0.007026739132267656
0.004767172095537755
0.004255132899385354
0.006881532619235321
0.0035873916148585912
0.006534109074992831
0.005672325719849569
0.004486032160242694
0.003833210181263298
0.005306781092438415
0.006673832774678314
0.006460494144796644
0.0047196715216519134
0.006352702501939156
0.005565158744331776
0.003626808085387055
0.004850241941777383
0.005289554491775829
0.00419171569731707
0.0059117560215544256
0.006490646141774928
0.004538410997203837
0.005714078665641655
0.004946820498973462
0.003754939790627454
0.004750709831023211
0.005819526768266986
0.005470963251895803
0.004986766292924173
0.0035588263367902
0.0034284970034402897
0.0046006636318566005
0.0043801487738264425
0.0052740826212925905
0.0028052772632504593
0.005817437713574408
0.003971391367386349
0.0047489355512156895
0.00421237223513331
0.004485954848802239
0.00533480777540493
0.006108648463291062
0.005521160833492365
0.005448745829330448
0.006459447121755428
0.00422755882411416
0.004765925999864548
0.0056103394900314275
0.003919068169683692
0.004610314193942887
0.0024199206142255817
0.0063095295581457106
0.004347785364448757
0.006431738403308922
0.0052238421351656975
0.004271596715918905
0.004278153817739735
0.005645663213997521
0.005232911264365102
0.004646606454317508
0.004259606535643702
0.0038341534143903912
0.004502826007381497
0.003159616107931231
0.004598125177964244
0.004159444636791814
0.004850547674515466
0.005876587022033145
0.003364884262123235
0.0038786101006079857
0.0029017326091781166
0.0029840741960947283
0.004309484629293588
0.005061491939007173
0.00579298636282818
0.00471626520726039
0.006164674806121051
0.005449771359657164
0.005477036903553437
0.0047557524606942955
0.005036803758772082
0.0056435229991868155
0.003691823958711467
0.004514768665978854
0.004491337411773731
0.005801737692323198
0.005394715068249742
0.004702222554861611
0.004108348010235459
0.005428083483262309
0.004908629705746358
0.005001595954656511
0.0037911955950829038
0.00528468905474798
0.0037737165619063716
0.005074335908518949
0.004877515911845427
0.005421691756781229
0.003660657121549769
0.005616225381565219
0.0055411049418968945
0.002127996904579864
0.004904994655428495
0.007113222033277715
0.005781073082548853
0.0035167182386248224
0.004209789932427331
0.004055761357142724
0.005205075671807468
0.0038820359654397206
0.0038522208434404993
0.004415341278466676
0.0049095873443762315
0.004601309384247653
0.005406064693744854
0.00465901818306737
0.006029016350612102
0.00653719562439493
0.0050841911072677486
0.0048218003074492356
0.005377697349160769
0.0035865318610205717
0.004697405652746875
0.0036506887740550874
0.003122932639796599
0.005874738096096596
0.005219292293314178
0.005123292330094017
0.004288020111093845
0.00614021801081334
0.005566643108144362
0.004669894892797681
0.00502779099434187
0.005479354277780445
0.00446564892110619
0.0034354364247210787
0.004991944564316457
0.004060597399803699
0.004722581791906571
0.005211642812887338
0.0047521563502084885
0.005187959123707984
0.0032819006129741484
0.0040937326080159615
0.004554945811166143
0.007463553440373122
0.0032335171535673047
0.005450445330483163
0.005105730591094783
0.0045096705523105535
0.005740732413508032
0.004474835722540688
0.0033012259218308275
0.004924962280059208
0.0031772306526412536
0.003392775348551948
0.0050170187811619
0.004925533508788836
0.005541939170067498
0.004066012800675996
0.004276733595410369
0.005102400037129085
0.005249967211826346
0.003556228029958668
0.00511244962506079
0.006992991072075211
0.003560014362940655
0.0031217711190252386
0.004863934086839064
0.004189278857220227
0.005907210384657227
0.004334336698986928
0.006659113629474574
0.004315666673990115
0.005088873938668012
0.004493501570911412
0.0048028553530105505
0.002247604932215922
0.0030696154786631047
0.006180738258074992
0.00434958173887897
0.005179536195971721
0.006008198625406706
0.0036704957545343137
0.0038743056485894263
0.006310552627836299
0.0053731726407934294
0.008219494148249067
0.0036044837884638995
0.008499375248581962
0.004158523032880497
0.00455356987665432
0.0032052305297377614
0.006067441163653756
0.005193552453769594
0.005793472176061655
0.004933131872614207
0.004428554343318348
0.004540263178558536
0.003884277448817404
0.00608167158893388
0.004676744263679122
0.005336302369060626
0.00603459821566777
0.004441181943632634
0.0046139661489695005
0.006839565978981917
0.003611374230302194
0.00608798591958892
0.003655198090059527
0.004166525550530263
0.007257089951108112
0.004401541746998372
0.0035020465151454
0.005389946435452928
0.007191757230376722
0.0036664903362339054
0.0024511056881613915
0.004049106729783483
0.0026321168522306674
0.00463266113234446
0.0069065656910122855
0.008020828524485686
0.002964782098435519
0.006529556960241186
0.006228436062516564
0.004293697846130544
0.00409556891831156
0.0052670700029410576
0.001091617295563888
0.0019577946622771703
0.005176087426934803
0.0037687177144065114
0.005327270492244886
0.005587946185199842
0.006119694737435394
0.005123112376513277
0.009422956332657413
0.006011228806321045
0.005148429556435223
0.006198805011974039
0.004627015007018247
0.006855324386350385
0.008942759881389645
0.001985789304072183
0.007294853818920119
0.004831310253752839
0.0037523648551413737
0.006039520725468979
0.002681400400794897
0.006857852457197839
1.8171588889951432E-4
0.002313773505887418
0.005693119063954175
0.006502178755325217
0.0015699433865335795
0.0035153614689447236
3.089599006902406E-4
0.005320899596470696
0.003976010577408454
0.003109079414563472
0.004424312558698371
0.0041181863637350285
0.0036056124954516855
0.005377560436433735
0.002287882797163123
0.0021506982854322294
0.0066764143567524395
0.009793294118283944
0.002959043291654905
0.0018738448319532647
0.0023070632092504683
0.010135110111270638
0.007275950430954083
0.0035366611793392496
0.007936250254995019
0.008587467224458023
0.01766356541510995
0.012027557244713454
0.012618620090039665
0.03142802994623059
0.005186498732498341
0.008577642473627536
0.007989007235645626
0.012018694035472226
0.0024059698662035455
0.02490948890327488
0.035552928116451554
0.0056069269950771074
0.00836427508091816
0.02423539081432395
0.021752190201982855
0.07976941575991986
0.064521310424028
0.03307943182645951
0.0307254548009634
0.028567619669294088
0.07792483444128659
0.09989818341011154
0.034705223417698425
0.024342476737251793
0.015640738565691176
0.05131698738242797
0.028733295639124332
0.04373861248725383
0.0316895764332373
0.004085075664543555
0.024910826477994547
0.04559450530821631
0.04659528087185934
0.021106807418700153
0.048559977939819754
0.020930725827707077
0.02675011358240371
0.03895923227975258
0.006705988166008756
0.003265814389971541
0.005468384614984348
0.06549868111519996
0.1172277393151285
0.07332177424103516
0.03977211823690078
0.0315494143462111
0.03143683222280982
0.01977309180209107
0.05064102200602872
0.00849148733216015
0.05872296996333246
0.05669220966859737
0.02113426611908365
0.10826233684209934
0.04890286117570926
0.07429364016643612
0.03005323511873555
0.10420628677943392
0.057568091181965694
0.08124460774420246
0.019692446042195687
0.08502762708068808
0.0046274229604783826
0.06864209689736868
0.04975199374448587
0.058597484841054384
0.0036315817199908196
0.0022012313337665987
0.07004189023109293
0.09843578172564761
0.14755364743433794
0.11870959434397291
0.01957038338747633
0.07230648606823675
0.0314374540532523
0.037030563333695754
0.05508943430045944
0.014437802556930336
0.04268350954384728
0.023919084515743833
0.11288332814076091
0.17644333352304636
0.11568134738157375
0.09917006072786734
0.09401172461055027
0.028789534073697696
0.0923767171117807
0.1495967969301733
0.13695551094936953
0.32841470703677755
0.005105813867164075
0.054721085050157076
0.45415198707104054
0.23266049339649342
0.046151421336796054
0.04923668474688824
0.17904787382750761
0.1770779653546447
0.06034708923054441
0.33898922303333295
0.2309621105446001
0.24544575986850456
0.19553038327401265
0.12757820721085872
0.11724532685977238
0.6553041098854527
0.4421704309613653
0.20649268075566246
0.14892864300503228
0.844548774692926
0.18025426231367533
0.5132372958059771
0.004339048172871293
0.032486832157447264
0.10073833890342605
0.17352910296716625
0.18953204133103785
0.13442805725010643
0.15522973930559286
0.8353903100975102
0.41382302739284577
0.093564686031547
0.16538086200470883
0.5573978220310921
1.0
0.3988761314578472
0.02109882526781735
0.2750403168564439
0.296705184608678
0.34964345467963487
0.012128708215974908
0.21586148266808786
0.30932154572240506
0.14118304766301856
0.10430671093311525
0.048835962492276126
0.21614571013211184
0.017181750475411945
0.0693881929694651
0.048090073408795474
0.021541518286552565
0.043572425524432655
0.03595741346797021
0.02953315663819947
0.028457625319631624
