-0.06886072387840778
0.07247741327630135
0.07724376719558206
0.04766165928738542
0.07410830863152347
0.12234936211618223
0.0881963235121853
0.05460044787255508
0.0991402997216154
0.06115813654219723
0.021223574787163236
0.10968252707943957
0.14181239802496942
0.32110896831363395
0.1570303166641979
0.17286538219957465
0.08069618227783576
0.036958167338021715
0.11123732736672616
0.42572321801048435
0.3032779763487158
0.32719288840875704
1.0
0.05100224926516123
0.6067665748501793
0.1449671378254753
0.021647740060402224
0.21786813662704024
0.02481240354555198
0.22763154133031632
0.0016018422042654817
0.5744320831239181
0.1196139408181257
0.029242192267621633
0.14546220222938874
0.09307539596794562
0.13383658253959063
0.3201925254078894
0.03306294898903162
0.20424135226798182
0.0049247022924969516
0.061250202254911026
0.2111894652695465
0.5797631834183236
0.18034311040099815
0.17290959225230282
0.02320460623836065
0.28346047267776553
0.2957910705260888
0.09427253512838137
0.10089538070161255
0.049273251932955384
0.06616450031875915
0.10345200719483452
0.04142896260917014
0.22080754419978887
0.0755372471106702
0.00923104152675115
0.20761873886144355
0.010806686928389105
0.11386501746110662
0.09734888062385999
0.10825341987074055
0.19688946780951144
0.18820963806230606
0.01854659268733118
0.051807696426155785
0.03314744813152541
0.011639674416479975
0.1327282616407392
0.01199203925013115
0.09288506017449862
0.06261529187553316
0.17696662622534967
0.05875153779230753
0.05907494328826427
0.007337532883474622
0.07002866567731332
0.030757606942679656
0.012226016972437775
0.053815836151428355
0.01998784993594935
0.00796593622881904
0.0364932156635307
0.014794134014474358
0.11931998669026428
0.0556133683197458
0.05992359261670074
0.057034388837444064
0.17918030677643712
0.11267030455558039
0.012794601166362841
0.06513912862427207
0.04975210619407461
0.0026924485202076153
0.048889601298182574
0.11087367192018915
0.06618532117333874
0.008350708102719399
0.049843173040827755
0.0034302080287840894
0.008284631048473282
0.05470222286234665
0.06034211276945927
0.08476459007655382
0.01726894353461006
0.010655666993885392
0.036000187656715026
0.02757097970493999
0.016647296917841965
0.007352649767081286
0.004632622769403852
0.014009962914785653
0.053066168622274264
0.005906283344004669
0.014446769543290607
0.00700008440400537
0.08583820924861062
0.05113219873501145
0.01875421582617665
0.06368245853487867
0.007155418303302258
0.031131306140343713
0.003779425827839593
0.01198089672472677
0.03851213977730363
0.049318111089275515
0.050033950407179506
3.032094180493152E-5
0.0352325640466586
0.04123881423502339
0.02910981433106589
4.431929458150616E-4
0.0026170377520767195
0.019153623754539554
0.0047526077604226865
0.009945267659231956
0.002999228770333068
7.590298746340146E-4
0.0062439556212338255
0.005332671377073323
0.002427774818031273
0.015376435790825267
0.006189346492563922
0.005638467689448345
0.0011632326314903576
0.007914136909638894
0.010570806333172604
8.143055619046811E-4
0.007494105388264899
0.007048366754665807
0.003935375651432237
0.005835464673851281
0.003929036097893105
0.003920895309802576
0.005157025523305319
0.004913057067508171
0.0028391836622431036
0.001756194621437228
3.340013401864456E-4
0.005267117044215481
0.006442783923483643
0.005707176170239427
0.004841314046553539
0.0037110423411504194
0.005755062352353224
0.0016847382758458786
0.0042196219638409894
0.004976383630707397
0.0017315639186089714
0.0020051491344893675
0.0012267477978355418
0.002428801748305704
0.005482805911658167
0.001270702174613057
0.006076489071745393
0.0011748795518972605
0.007430940163650144
0.006373061389108599
0.0013230508558712772
0.00472451971416596
4.2414468713266825E-4
0.0039206680316131
0.00181979374165312
0.0025645943518308924
0.0019274264744559633
0.00775857358478259
0.005824462800308512
0.006827156856809836
0.0021968975101090606
0.004541821301139419
0.005461434791580438
0.0058211799509487365
0.006686634394054401
0.00288757457597613
0.005497722509134796
0.0030806834229091013
0.0076970576408369315
0.0016256584398573334
0.004149440676637307
0.003088579456482328
0.0013510630478725666
0.007107846090094778
0.003162830486337609
0.004640073208661735
0.0026730278280584037
0.0034858760979573
0.0013071813233183937
0.0025592150306474023
0.0016864828246785733
0.0020004567571225472
0.003070472161895707
0.0017464158372909298
0.004134725775988486
0.004334842169707981
0.0023747198889169864
0.006617836251195145
0.0016197686145509888
0.00468905841958828
0.003138195141546103
0.004992197520214829
6.111080316718024E-4
0.0016017930492991613
0.0030245480991315608
0.006704242521382539
0.0022413047714884772
0.0038031609500004154
0.0013890682393442868
7.523057720458598E-4
6.763088229905584E-4
0.005706251051927483
0.004565779406809581
0.0057782582851008705
0.004002059551629629
0.0017040196409401655
0.003067704172222929
0.00582176426288246
0.004698486136281236
0.0035096747910049867
0.00468809086844485
0.005025589341127632
0.004415074540559446
0.0035920094500919058
0.005051895815650779
0.004492579244332461
0.002801104611743616
0.0037318548627331585
0.004001891400229152
0.0019492381637796516
0.0011167306835250168
0.004167035792678276
0.0040723478388217105
0.004493572689250327
0.004277519723024987
0.001308301606478084
0.001154102601358852
0.005855902235955609
0.004841248823986186
0.004315253613741418
0.003927326930336058
0.0034378670505847207
0.0032209297780229555
0.002165841304364015
0.0021238199667525386
0.004335525559005025
0.004039587914047361
0.0035095950902023845
0.003861827852891793
0.0015963993573316134
0.002031272087209619
0.0019499239875657428
0.0035975081557223193
0.0020084705706822736
0.003893621131202768
0.0042023020290272405
0.0025448540942819777
0.004778633771727936
0.0039007913659623496
0.005530043952923474
0.004490968871661641
0.0032185668106837974
0.003770282018813458
0.0020955408133519963
0.003215485301491871
0.002162809966375082
0.002629939722812799
0.0025349888073782183
0.0026756067003425783
0.0014886082680281472
0.004730965537686373
0.0024604739318928683
0.0038087554163839465
0.003996470364970469
0.003739747439126734
0.0034123945293328766
0.0031914739369349374
0.0041100595364309276
0.003487496243858755
0.0025814114783050835
0.004404003146167397
0.00287964554149264
0.003953633513454879
0.0016199945109306915
0.0014363168209396804
0.002343717269652564
0.002210429656711646
0.0028868250898534194
0.0010312355210105961
0.0036113509432392187
0.004316879598442144
0.005201883426870385
0.0037650750212323255
0.003380190708810851
0.005027181958242364
0.00396989540696006
0.0036165558051022236
0.0021338682126333356
0.0027988038653105943
0.002530433241949324
0.0037544124377818914
0.003356265440490459
0.005043056422738363
0.003048300427661673
0.0044784176561153905
1.8812828383349634E-4
0.003090528852721581
0.006653273616973402
0.00412704859363995
0.0035557879191250225
0.003071684119793988
0.0018407621192564536
0.0024244626719257547
0.0048632959352935936
0.00281806634409118
0.002826044283141791
0.001801359371872728
0.0021125158904579367
0.00513229417746755
0.0014554096246738443
0.0032184322465831743
0.0026635364281895127
0.0033759598541939486
0.003337795382094367
0.0038484662539318994
0.003083697175610997
0.0033016991992094163
0.003629838433264917
0.0029613839613499915
8.22445791881049E-4
0.004181055281203118
0.00364147964437733
0.005103748187093321
0.0039027180279074844
0.003959465316081005
0.003338168329084302
0.003725585496499887
0.0013306790185682407
0.0035247168127996082
0.004403936358388145
0.002633026919976581
0.003565588409198774
0.003626721774859915
0.002973567951684619
0.003888508818192468
0.002759699977774682
0.003185089689588535
9.588358033708655E-4
0.0018244655494144306
0.0032662285280245676
0.004788860775523019
0.0048077771030516905
0.0048737278381287595
0.003092465334159851
0.004987200769001745
0.004877530687116341
4.694821171890779E-4
0.004131956975805355
0.0033446954785776063
0.0040292549031841806
0.004262107020036319
0.0034711955418443617
0.002096825917166771
0.002160099497029759
4.6838118755640793E-4
0.004219458684008328
0.0010891525406189636
0.004426960786267749
0.0032809368157772035
0.003645371758090921
0.004492384951768544
0.0031425581456970683
0.0033868572097419153
0.0020041681895403753
0.0033105843073138303
0.0037341165757076035
0.004770410048231399
0.003108214001575616
0.004919469387997349
0.004306511083654637
0.0025157969547061243
0.0029015048096222556
0.004020349789405164
0.0022594101558152157
0.0031404934394594457
0.0037245372791229405
0.004208492701486766
0.0030425583732370293
0.0023357923768696233
0.0017379910799017312
0.0032429652135671696
0.0028518466814916464
4.116120391665963E-4
0.00495096937669879
0.002164538742410551
0.003286424618562355
0.0030410040520529565
0.002133820377224608
0.002328851719153765
0.0010884995189426462
0.004596927686488034
0.002315272909219001
0.0037948070296967614
0.004160002012705388
0.0025973708520915287
0.0037441620229507347
0.003836065178144031
4.96319184250191E-4
0.004222026926247453
0.004233411417446263
0.0022526467916932406
0.0036072015129348265
0.0022756999299940023
0.002278808788608649
0.003941544357419923
0.0028821939082697224
0.004039369255889138
0.00416829969800492
0.002135351199503419
0.003097296264318223
0.004496514967196762
0.002458190933692231
0.0016279695919643126
0.0044777846736780025
0.0024462320164366524
0.004618209607609992
0.005689308272293418
0.002679583979513352
0.0032764273976069514
0.004935684231669354
0.003262403329621046
0.0019062684618350043
0.0017178772545337262
0.0011057123398676395
0.0023144571135164885
0.0042574612269689
0.0011188127590159938
8.652045891323723E-4
0.0029997767429692963
0.003557381405142556
0.0026499160896092475
0.0027472152750321584
0.0031939387863200216
0.004114360538904679
0.0031939387863200216
0.0027472152750321584
0.0026499160896092475
0.003557381405142556
0.0029997767429692963
8.652045891323723E-4
0.0011188127590159938
0.0042574612269689
0.0023144571135164885
0.0011057123398676395
0.0017178772545337262
0.0019062684618350043
0.003262403329621046
0.004935684231669354
0.0032764273976069514
0.002679583979513352
0.005689308272293418
0.004618209607609992
0.0024462320164366524
0.0044777846736780025
0.0016279695919643126
0.002458190933692231
0.004496514967196762
0.003097296264318223
0.002135351199503419
0.00416829969800492
0.004039369255889138
0.0028821939082697224
0.003941544357419923
0.002278808788608649
0.0022756999299940023
0.0036072015129348265
0.0022526467916932406
0.004233411417446263
0.004222026926247453
4.96319184250191E-4
0.003836065178144031
0.0037441620229507347
0.0025973708520915287
0.004160002012705388
0.0037948070296967614
0.002315272909219001
0.004596927686488034
0.0010884995189426462
0.002328851719153765
0.002133820377224608
0.0030410040520529565
0.003286424618562355
0.002164538742410551
0.00495096937669879
4.116120391665963E-4
0.0028518466814916464
0.0032429652135671696
0.0017379910799017312
0.0023357923768696233
0.0030425583732370293
0.004208492701486766
0.0037245372791229405
0.0031404934394594457
0.0022594101558152157
0.004020349789405164
0.0029015048096222556
0.0025157969547061243
0.004306511083654637
0.004919469387997349
0.003108214001575616
0.004770410048231399
0.0037341165757076035
0.0033105843073138303
0.0020041681895403753
0.0033868572097419153
0.0031425581456970683
0.004492384951768544
0.003645371758090921
0.0032809368157772035
0.004426960786267749
0.0010891525406189636
0.004219458684008328
4.6838118755640793E-4
0.002160099497029759
0.002096825917166771
0.0034711955418443617
0.004262107020036319
0.0040292549031841806
0.0033446954785776063
0.004131956975805355
4.694821171890779E-4
0.004877530687116341
0.004987200769001745
0.003092465334159851
0.0048737278381287595
0.0048077771030516905
0.004788860775523019
0.0032662285280245676
0.0018244655494144306
9.588358033708655E-4
0.003185089689588535
0.002759699977774682
0.003888508818192468
0.002973567951684619
0.003626721774859915
0.003565588409198774
0.002633026919976581
0.004403936358388145
0.0035247168127996082
0.0013306790185682407
0.003725585496499887
0.003338168329084302
0.003959465316081005
0.0039027180279074844
0.005103748187093321
0.00364147964437733
0.004181055281203118
8.22445791881049E-4
0.0029613839613499915
0.003629838433264917
0.0033016991992094163
0.003083697175610997
0.0038484662539318994
0.003337795382094367
0.0033759598541939486
0.0026635364281895127
0.0032184322465831743
0.0014554096246738443
0.00513229417746755
0.0021125158904579367
0.001801359371872728
0.002826044283141791
0.00281806634409118
0.0048632959352935936
0.0024244626719257547
0.0018407621192564536
0.003071684119793988
0.0035557879191250225
0.00412704859363995
0.006653273616973402
0.003090528852721581
1.8812828383349634E-4
0.0044784176561153905
0.003048300427661673
0.005043056422738363
0.003356265440490459
0.0037544124377818914
0.002530433241949324
0.0027988038653105943
0.0021338682126333356
0.0036165558051022236
0.00396989540696006
0.005027181958242364
0.003380190708810851
0.0037650750212323255
0.005201883426870385
0.004316879598442144
0.0036113509432392187
0.0010312355210105961
0.0028868250898534194
0.002210429656711646
0.002343717269652564
0.0014363168209396804
0.0016199945109306915
0.003953633513454879
0.00287964554149264
0.004404003146167397
0.0025814114783050835
0.003487496243858755
0.0041100595364309276
0.0031914739369349374
0.0034123945293328766
0.003739747439126734
0.003996470364970469
0.0038087554163839465
0.0024604739318928683
0.004730965537686373
0.0014886082680281472
0.0026756067003425783
0.0025349888073782183
0.002629939722812799
0.002162809966375082
0.003215485301491871
0.0020955408133519963
0.003770282018813458
0.0032185668106837974
0.004490968871661641
0.005530043952923474
0.0039007913659623496
0.004778633771727936
0.0025448540942819777
0.0042023020290272405
0.003893621131202768
0.0020084705706822736
0.0035975081557223193
0.0019499239875657428
0.002031272087209619
0.0015963993573316134
0.003861827852891793
0.0035095950902023845
0.004039587914047361
0.004335525559005025
0.0021238199667525386
0.002165841304364015
0.0032209297780229555
0.0034378670505847207
0.003927326930336058
0.004315253613741418
0.004841248823986186
0.005855902235955609
0.001154102601358852
0.001308301606478084
0.004277519723024987
0.004493572689250327
0.0040723478388217105
0.004167035792678276
0.0011167306835250168
0.0019492381637796516
0.004001891400229152
0.0037318548627331585
0.002801104611743616
0.004492579244332461
0.005051895815650779
0.0035920094500919058
0.004415074540559446
0.005025589341127632
0.00468809086844485
0.0035096747910049867
0.004698486136281236
0.00582176426288246
0.003067704172222929
0.0017040196409401655
0.004002059551629629
0.0057782582851008705
0.004565779406809581
0.005706251051927483
6.763088229905584E-4
7.523057720458598E-4
0.0013890682393442868
0.0038031609500004154
0.0022413047714884772
0.006704242521382539
0.0030245480991315608
0.0016017930492991613
6.111080316718024E-4
0.004992197520214829
0.003138195141546103
0.00468905841958828
0.0016197686145509888
0.006617836251195145
0.0023747198889169864
0.004334842169707981
0.004134725775988486
0.0017464158372909298
0.003070472161895707
0.0020004567571225472
0.0016864828246785733
0.0025592150306474023
0.0013071813233183937
0.0034858760979573
0.0026730278280584037
0.004640073208661735
0.003162830486337609
0.007107846090094778
0.0013510630478725666
0.003088579456482328
0.004149440676637307
0.0016256584398573334
0.0076970576408369315
0.0030806834229091013
0.005497722509134796
0.00288757457597613
0.006686634394054401
0.0058211799509487365
0.005461434791580438
0.004541821301139419
0.0021968975101090606
0.006827156856809836
0.005824462800308512
0.00775857358478259
0.0019274264744559633
0.0025645943518308924
0.00181979374165312
0.0039206680316131
4.2414468713266825E-4
0.00472451971416596
0.0013230508558712772
0.006373061389108599
0.007430940163650144
0.0011748795518972605
0.006076489071745393
0.001270702174613057
0.005482805911658167
0.002428801748305704
0.0012267477978355418
0.0020051491344893675
0.0017315639186089714
0.004976383630707397
0.0042196219638409894
0.0016847382758458786
0.005755062352353224
0.0037110423411504194
0.004841314046553539
0.005707176170239427
0.006442783923483643
0.005267117044215481
3.340013401864456E-4
0.001756194621437228
0.0028391836622431036
0.004913057067508171
0.005157025523305319
0.003920895309802576
0.003929036097893105
0.005835464673851281
0.003935375651432237
0.007048366754665807
0.007494105388264899
8.143055619046811E-4
0.010570806333172604
0.007914136909638894
0.0011632326314903576
0.005638467689448345
0.006189346492563922
0.015376435790825267
0.002427774818031273
0.005332671377073323
0.0062439556212338255
7.590298746340146E-4
0.002999228770333068
0.009945267659231956
0.0047526077604226865
0.019153623754539554
0.0026170377520767195
4.431929458150616E-4
0.02910981433106589
0.04123881423502339
0.0352325640466586
3.032094180493152E-5
0.050033950407179506
0.049318111089275515
0.03851213977730363
0.01198089672472677
0.003779425827839593
0.031131306140343713
0.007155418303302258
0.06368245853487867
0.01875421582617665
0.05113219873501145
0.08583820924861062
0.00700008440400537
0.014446769543290607
0.005906283344004669
0.053066168622274264
0.014009962914785653
0.004632622769403852
0.007352649767081286
0.016647296917841965
0.02757097970493999
0.036000187656715026
0.010655666993885392
0.01726894353461006
0.08476459007655382
0.06034211276945927
0.05470222286234665
0.008284631048473282
0.0034302080287840894
0.049843173040827755
0.008350708102719399
0.06618532117333874
0.11087367192018915
0.048889601298182574
0.0026924485202076153
0.04975210619407461
0.06513912862427207
0.012794601166362841
0.11267030455558039
0.17918030677643712
0.057034388837444064
0.05992359261670074
0.0556133683197458
0.11931998669026428
0.014794134014474358
0.0364932156635307
0.00796593622881904
0.01998784993594935
0.053815836151428355
0.012226016972437775
0.030757606942679656
0.07002866567731332
0.007337532883474622
0.05907494328826427
0.05875153779230753
0.17696662622534967
0.06261529187553316
0.09288506017449862
0.01199203925013115
0.1327282616407392
0.011639674416479975
0.03314744813152541
0.051807696426155785
0.01854659268733118
0.18820963806230606
0.19688946780951144
0.10825341987074055
0.09734888062385999
0.11386501746110662
0.010806686928389105
0.20761873886144355
0.00923104152675115
0.0755372471106702
0.22080754419978887
0.04142896260917014
0.10345200719483452
0.06616450031875915
0.049273251932955384
0.10089538070161255
0.09427253512838137
0.2957910705260888
0.28346047267776553
0.02320460623836065
0.17290959225230282
0.18034311040099815
0.5797631834183236
0.2111894652695465
0.061250202254911026
0.0049247022924969516
0.20424135226798182
0.03306294898903162
0.3201925254078894
0.13383658253959063
0.09307539596794562
0.14546220222938874
0.029242192267621633
0.1196139408181257
0.5744320831239181
0.0016018422042654817
0.22763154133031632
0.02481240354555198
0.21786813662704024
0.021647740060402224
0.1449671378254753
0.6067665748501793
0.05100224926516123
1.0
0.32719288840875704
0.3032779763487158
0.42572321801048435
0.11123732736672616
0.036958167338021715
0.08069618227783576
0.17286538219957465
0.1570303166641979
0.32110896831363395
0.14181239802496942
0.10968252707943957
0.021223574787163236
0.06115813654219723
0.0991402997216154
0.05460044787255508
0.0881963235121853
0.12234936211618223
0.07410830863152347
0.04766165928738542
0.07724376719558206
0.07247741327630135
