-0.3360587544630734
0.15431423279223552
0.18260206031123424
0.2819884990376268
0.004775953604704018
0.37865076892930044
0.4884186150981146
0.256778579322594
0.0017557999548928288
0.07089931628409857
0.45208779417433453
0.7849838399289714
0.760368219836143
0.4625326386015632
0.27343531919600617
0.4455513380161516
0.8193370840363838
1.0
0.7965677849173358
0.434156442730059
0.3031161746871146
0.5246331050835719
0.8166624201869496
0.8093470690673233
0.45838328521069466
0.09586858488515533
0.06213723795720646
0.3287691326986027
0.5325555531887362
0.38228467669659977
0.014965344664039577
0.2714113897596771
0.14885242888910905
0.17766981759135098
0.3162816487449653
0.09566569604674623
0.24384418490348148
0.31808061054133835
0.027182956715332617
0.33282709481790546
0.39902812045468367
0.14446462846204208
0.09371499957320457
0.008215913304676222
0.3981747689035787
0.7045700371886546
0.648255539996493
0.35116648383175314
0.19817217285264602
0.40649549275249086
0.7824764467383547
0.9363362058549772
0.7153563136340898
0.37297421984855816
0.2858671754403942
0.5345526690163434
0.8145896388579733
0.7768108248238883
0.4172385639346657
0.08250114677921068
0.08518079840103829
0.35777340637053984
0.5303676232367743
0.34491418172771576
0.05562400572341938
0.285005934475754
0.1421546570701967
0.16696112243409408
0.26062678962701924
0.007652617548532075
0.32621587430130594
0.37429931283104717
0.07722053563382175
0.25120678231224775
0.2732177761786723
0.0020646548900287768
0.2146520925866913
0.08401468861576833
0.30452173546707634
0.577447756263245
0.49139267958757993
0.2016932364670473
0.08676866857384068
0.3246639237535105
0.6935733143982747
0.8179683565280487
0.5855891362751311
0.2709337981744632
0.22843539977095006
0.49767048111592366
0.7601298618331029
0.6949208419348663
0.3367094050180359
0.0375481710889181
0.07588398985992605
0.34855674802304576
0.48828466583147523
0.2748930636778324
0.11803100098156002
0.3152057677082003
0.15577889025720112
0.129973013953428
0.17935707996205652
0.09756259063821325
0.4175443646773191
0.43952162228405517
0.1438554319125918
0.14662198020433173
0.12628444498806088
0.15401723746309665
0.3454763546695841
0.19146792178687844
0.18565395114658265
0.41994494745495975
0.3077506634337183
0.03186793498746941
0.044827988250933905
0.21454336738183394
0.5674486012124275
0.6611917052242233
0.42416667487207876
0.14357412061773692
0.14409329988667777
0.4261385619082417
0.6662240584496959
0.5779571298294168
0.231024932741817
0.026531662316151866
0.044881953771292796
0.31168803213009305
0.41850473082315504
0.18588764771548089
0.18877929173230557
0.3501114328564514
0.17859510766475187
0.0790675509118879
0.0871845738230531
0.20385259455197405
0.5021591216953454
0.4991948494348127
0.21232924267090342
0.035876171791339374
0.022634763920785964
0.30392231899094
0.4673603906089144
0.29634212170257734
0.06002536145752846
0.2525453236141292
0.11927272036851758
0.13689811792052942
0.1770370830163581
0.09461534162769082
0.4233124501162005
0.4867138739595385
0.25204406584730504
0.010142762613582537
0.0498392044703719
0.3361303797457849
0.5499807296001431
0.4440720346914997
0.11772182341773979
0.09436202746813169
0.005734379404772026
0.26081852011495804
0.33618275132757874
0.09398060314545277
0.2526776289301621
0.3763413309955398
0.19791006431133784
0.02826471902929922
2.1450910596016923E-4
0.29427500833401415
0.5640481814576153
0.538468652154156
0.267328576426503
0.0635503337933437
0.153993976731317
0.4278281856835876
0.5616943547467086
0.38079717520496686
0.05346940114889579
0.09628890795110794
0.051806653776722646
0.2832026525764881
0.29022956777938
0.016180248889281133
0.28119339985160585
0.31601608052920227
0.0905858812520134
0.10996150144401926
0.037044989734182465
0.24444775179564182
0.429249787984741
0.3118262612239591
0.014220575548465906
0.15096018540361528
0.028290478729459518
0.20946969749763375
0.2561538408951832
0.014354869238418238
0.29602234259468924
0.38221813970139107
0.20262346225232997
0.009980709023352356
0.06738259132015775
0.3544479422901892
0.5901994059772602
0.5454921451959392
0.2963152921903318
0.13694434265958633
0.2513911485136669
0.5095248535940698
0.6136140520930541
0.43045380748020734
0.13904943194524372
0.0308865109709068
0.18667676430380956
0.38932542777747964
0.36831143585416254
0.10198677662309508
0.15835776440211063
0.1677194620546589
0.042043685608903064
0.2006847762846817
0.10236670203308555
0.16519588154855308
0.3192749169415229
0.1968354738551979
0.06544579584017578
0.18486491916066605
0.04723487899017222
0.1680293772315367
0.18989327693935257
0.04173856106304035
0.3095374822295557
0.3605931793316834
0.18600715264085269
0.027606636124576485
0.10626598062586583
0.3754438735329167
0.5734205365730115
0.5141716410953304
0.2923104629295784
0.17524110956210565
0.30452437313624076
0.539357385560151
0.6148750237870709
0.4372388128526956
0.18695155098698968
0.11714198714975209
0.27297720326703023
0.44418946372378454
0.4015916268379327
0.15286798986991487
0.0664287284101948
0.05466604181227312
0.1337494857951792
0.25205544308570066
0.13763784076668656
0.10720912696500445
0.23010446699070516
0.10920406620116904
0.11308176682249159
0.1904229669013168
0.04662463466210879
0.14160055000687977
0.14335545355556895
0.06909092558676184
0.2903533367104412
0.31068787779203405
0.14749220427850868
0.022761427992333053
0.11377305852531414
0.3555912747611709
0.5140341075648376
0.44579110214053524
0.2555359426431147
0.17674537328371892
0.3109537239815843
0.5159406028215571
0.5654845819697302
0.4009928568024343
0.19510119511937926
0.15848867592554813
0.30655478913688866
0.4450367225018759
0.3883694270123512
0.16638158815953802
0.009761281567927873
0.017732919671344476
0.18008801986557313
0.26162987112369795
0.14141098522141995
0.07274066579045922
0.1652683808613204
0.052245970197677266
0.12747029409215427
0.16876071105277157
0.028335045588660533
0.1291561833715298
0.11613864723435796
0.0692863739040117
0.24259857777900704
0.23854064208238787
0.09306119192819416
2.142745318981997E-4
0.09432806031874819
0.3007992726390911
0.4200734430788417
0.3491308275716888
0.1935537425020909
0.14733413794661243
0.27631426681231164
0.44629923273158234
0.47375452926602524
0.3295102436343242
0.16922220632035237
0.15896763719662324
0.291630400918889
0.39750748545175846
0.33494094196767404
0.1475958757978108
0.014637778410966197
0.0515975380219592
0.18429065859144148
0.23438688371205313
0.11908971782018019
0.057653948562078755
0.12195169608490884
0.022712874041201283
0.11399918382498664
0.12725185958101703
2.613279013897473E-5
0.12416638712401795
0.1021330898271508
0.04994795114174604
0.17647674900101884
0.15594494264469644
0.03414218425973004
0.029738303595238328
0.05832248497984027
0.22332830523947828
0.3059161704011538
0.2390316626345999
0.11985655236476409
0.0990984032518668
0.21294367269006675
0.34440693847635956
0.3547586153888835
0.2370017290522177
0.12137967491996528
0.1292554211693062
0.23937997238049144
0.3141383010265002
0.2540495349653528
0.10758061441742103
0.015679764766449524
0.05516992664959589
0.15577938022998786
0.18113634797891764
0.08129003024587621
0.053031160630900326
0.09257274897180921
0.012427292150907997
0.08289048812540062
0.0776145910121662
0.02707280235013161
0.11654313234290739
0.09148809198301498
0.022656563096832262
0.10602112781577541
0.07808741575660369
0.014776571815478373
0.05364345289006422
0.019702593336163466
0.13925482415609097
0.18961707307474784
0.13367689420856857
0.05118716551626596
0.04770578565131824
0.13721341345304403
0.22842355717884916
0.22750388303951694
0.14129509406648538
0.06727246424339477
0.08401468861576836
0.16525557658617057
0.2116138368630819
0.1621232946570039
0.060718756123960466
0.005602483787645099
0.04024807069512168
0.10753759192175166
0.11581543005041375
0.04113463064548776
0.04781208258820525
0.06737454916287779
0.010919886654966819
0.04644661893475886
0.03306479456834772
0.040495887651845655
0.0954603094609767
0.07344810268825405
5.232515204206496E-6
0.0460047767561881
0.020374980171699857
0.03931462560058702
0.058038139070450086
0.007225529625134729
0.06515229104922035
0.08947447157783076
0.051133881861956554
0.004132269744203421
0.009032361760492054
0.06611798091197985
0.1171937761184419
0.11138634060202028
0.060346401036159236
0.022847648086577705
0.03856281785300513
0.0856242514795223
0.107356735874407
0.07588740733754319
0.0214264747609404
0.0031970339501009894
0.01905067739193752
0.052929815684685286
0.0522729624311794
0.011083926903066066
0.03185938864172341
0.03742415677378038
0.008460146429197322
0.015933237764961906
0.005153608483274979
0.030187498816918644
0.052414429610621475
0.039418314712624886
0.007562846991248651
0.008665004940391298
0.004882050983676428
0.02847945911401072
0.032697375684559965
0.011094531751303514
0.014676370378525042
0.02052643959702041
0.005855642278260597
0.008309172365862918
0.004235664620861757
0.013826614664119151
0.026717573797229062
0.022644590925366824
0.008773927578954146
9.447083854493679E-4
0.0055642608713859605
0.014431981731198976
0.016165257930255483
0.009060051839339662
9.848108863004053E-4
0.0012077657614248483
0.0012088098573382702
0.002667791454499078
0.0012407691545765973
0.0
0.0012407691545765973
0.002667791454499078
0.0012088098573382702
0.0012077657614248483
9.848108863004053E-4
0.009060051839339662
0.016165257930255483
0.014431981731198976
0.0055642608713859605
9.447083854493679E-4
0.008773927578954146
0.022644590925366824
0.026717573797229062
0.013826614664119151
0.004235664620861757
0.008309172365862918
0.005855642278260597
0.02052643959702041
0.014676370378525042
0.011094531751303514
0.032697375684559965
0.02847945911401072
0.004882050983676428
0.008665004940391298
0.007562846991248651
0.039418314712624886
0.052414429610621475
0.030187498816918644
0.005153608483274979
0.015933237764961906
0.008460146429197322
0.03742415677378038
0.03185938864172341
0.011083926903066066
0.0522729624311794
0.052929815684685286
0.01905067739193752
0.0031970339501009894
0.0214264747609404
0.07588740733754319
0.107356735874407
0.0856242514795223
0.03856281785300513
0.022847648086577705
0.060346401036159236
0.11138634060202028
0.1171937761184419
0.06611798091197985
0.009032361760492054
0.004132269744203421
0.051133881861956554
0.08947447157783076
0.06515229104922035
0.007225529625134729
0.058038139070450086
0.03931462560058702
0.020374980171699857
0.0460047767561881
5.232515204206496E-6
0.07344810268825405
0.0954603094609767
0.040495887651845655
0.03306479456834772
0.04644661893475886
0.010919886654966819
0.06737454916287779
0.04781208258820525
0.04113463064548776
0.11581543005041375
0.10753759192175166
0.04024807069512168
0.005602483787645099
0.060718756123960466
0.1621232946570039
0.2116138368630819
0.16525557658617057
0.08401468861576836
0.06727246424339477
0.14129509406648538
0.22750388303951694
0.22842355717884916
0.13721341345304403
0.04770578565131824
0.05118716551626596
0.13367689420856857
0.18961707307474784
0.13925482415609097
0.019702593336163466
0.05364345289006422
0.014776571815478373
0.07808741575660369
0.10602112781577541
0.022656563096832262
0.09148809198301498
0.11654313234290739
0.02707280235013161
0.0776145910121662
0.08289048812540062
0.012427292150907997
0.09257274897180921
0.053031160630900326
0.08129003024587621
0.18113634797891764
0.15577938022998786
0.05516992664959589
0.015679764766449524
0.10758061441742103
0.2540495349653528
0.3141383010265002
0.23937997238049144
0.1292554211693062
0.12137967491996528
0.2370017290522177
0.3547586153888835
0.34440693847635956
0.21294367269006675
0.0990984032518668
0.11985655236476409
0.2390316626345999
0.3059161704011538
0.22332830523947828
0.05832248497984027
0.029738303595238328
0.03414218425973004
0.15594494264469644
0.17647674900101884
0.04994795114174604
0.1021330898271508
0.12416638712401795
2.613279013897473E-5
0.12725185958101703
0.11399918382498664
0.022712874041201283
0.12195169608490884
0.057653948562078755
0.11908971782018019
0.23438688371205313
0.18429065859144148
0.0515975380219592
0.014637778410966197
0.1475958757978108
0.33494094196767404
0.39750748545175846
0.291630400918889
0.15896763719662324
0.16922220632035237
0.3295102436343242
0.47375452926602524
0.44629923273158234
0.27631426681231164
0.14733413794661243
0.1935537425020909
0.3491308275716888
0.4200734430788417
0.3007992726390911
0.09432806031874819
2.142745318981997E-4
0.09306119192819416
0.23854064208238787
0.24259857777900704
0.0692863739040117
0.11613864723435796
0.1291561833715298
0.028335045588660533
0.16876071105277157
0.12747029409215427
0.052245970197677266
0.1652683808613204
0.07274066579045922
0.14141098522141995
0.26162987112369795
0.18008801986557313
0.017732919671344476
0.009761281567927873
0.16638158815953802
0.3883694270123512
0.4450367225018759
0.30655478913688866
0.15848867592554813
0.19510119511937926
0.4009928568024343
0.5654845819697302
0.5159406028215571
0.3109537239815843
0.17674537328371892
0.2555359426431147
0.44579110214053524
0.5140341075648376
0.3555912747611709
0.11377305852531414
0.022761427992333053
0.14749220427850868
0.31068787779203405
0.2903533367104412
0.06909092558676184
0.14335545355556895
0.14160055000687977
0.04662463466210879
0.1904229669013168
0.11308176682249159
0.10920406620116904
0.23010446699070516
0.10720912696500445
0.13763784076668656
0.25205544308570066
0.1337494857951792
0.05466604181227312
0.0664287284101948
0.15286798986991487
0.4015916268379327
0.44418946372378454
0.27297720326703023
0.11714198714975209
0.18695155098698968
0.4372388128526956
0.6148750237870709
0.539357385560151
0.30452437313624076
0.17524110956210565
0.2923104629295784
0.5141716410953304
0.5734205365730115
0.3754438735329167
0.10626598062586583
0.027606636124576485
0.18600715264085269
0.3605931793316834
0.3095374822295557
0.04173856106304035
0.18989327693935257
0.1680293772315367
0.04723487899017222
0.18486491916066605
0.06544579584017578
0.1968354738551979
0.3192749169415229
0.16519588154855308
0.10236670203308555
0.2006847762846817
0.042043685608903064
0.1677194620546589
0.15835776440211063
0.10198677662309508
0.36831143585416254
0.38932542777747964
0.18667676430380956
0.0308865109709068
0.13904943194524372
0.43045380748020734
0.6136140520930541
0.5095248535940698
0.2513911485136669
0.13694434265958633
0.2963152921903318
0.5454921451959392
0.5901994059772602
0.3544479422901892
0.06738259132015775
0.009980709023352356
0.20262346225232997
0.38221813970139107
0.29602234259468924
0.014354869238418238
0.2561538408951832
0.20946969749763375
0.028290478729459518
0.15096018540361528
0.014220575548465906
0.3118262612239591
0.429249787984741
0.24444775179564182
0.037044989734182465
0.10996150144401926
0.0905858812520134
0.31601608052920227
0.28119339985160585
0.016180248889281133
0.29022956777938
0.2832026525764881
0.051806653776722646
0.09628890795110794
0.05346940114889579
0.38079717520496686
0.5616943547467086
0.4278281856835876
0.153993976731317
0.0635503337933437
0.267328576426503
0.538468652154156
0.5640481814576153
0.29427500833401415
2.1450910596016923E-4
0.02826471902929922
0.19791006431133784
0.3763413309955398
0.2526776289301621
0.09398060314545277
0.33618275132757874
0.26081852011495804
0.005734379404772026
0.09436202746813169
0.11772182341773979
0.4440720346914997
0.5499807296001431
0.3361303797457849
0.0498392044703719
0.010142762613582537
0.25204406584730504
0.4867138739595385
0.4233124501162005
0.09461534162769082
0.1770370830163581
0.13689811792052942
0.11927272036851758
0.2525453236141292
0.06002536145752846
0.29634212170257734
0.4673603906089144
0.30392231899094
0.022634763920785964
0.035876171791339374
0.21232924267090342
0.4991948494348127
0.5021591216953454
0.20385259455197405
0.0871845738230531
0.0790675509118879
0.17859510766475187
0.3501114328564514
0.18877929173230557
0.18588764771548089
0.41850473082315504
0.31168803213009305
0.044881953771292796
0.026531662316151866
0.231024932741817
0.5779571298294168
0.6662240584496959
0.4261385619082417
0.14409329988667777
0.14357412061773692
0.42416667487207876
0.6611917052242233
0.5674486012124275
0.21454336738183394
0.044827988250933905
0.03186793498746941
0.3077506634337183
0.41994494745495975
0.18565395114658265
0.19146792178687844
0.3454763546695841
0.15401723746309665
0.12628444498806088
0.14662198020433173
0.1438554319125918
0.43952162228405517
0.4175443646773191
0.09756259063821325
0.17935707996205652
0.129973013953428
0.15577889025720112
0.3152057677082003
0.11803100098156002
0.2748930636778324
0.48828466583147523
0.34855674802304576
0.07588398985992605
0.0375481710889181
0.3367094050180359
0.6949208419348663
0.7601298618331029
0.49767048111592366
0.22843539977095006
0.2709337981744632
0.5855891362751311
0.8179683565280487
0.6935733143982747
0.3246639237535105
0.08676866857384068
0.2016932364670473
0.49139267958757993
0.577447756263245
0.30452173546707634
0.08401468861576833
0.2146520925866913
0.0020646548900287768
0.2732177761786723
0.25120678231224775
0.07722053563382175
0.37429931283104717
0.32621587430130594
0.007652617548532075
0.26062678962701924
0.16696112243409408
0.1421546570701967
0.285005934475754
0.05562400572341938
0.34491418172771576
0.5303676232367743
0.35777340637053984
0.08518079840103829
0.08250114677921068
0.4172385639346657
0.7768108248238883
0.8145896388579733
0.5345526690163434
0.2858671754403942
0.37297421984855816
0.7153563136340898
0.9363362058549772
0.7824764467383547
0.40649549275249086
0.19817217285264602
0.35116648383175314
0.648255539996493
0.7045700371886546
0.3981747689035787
0.008215913304676222
0.09371499957320457
0.14446462846204208
0.39902812045468367
0.33282709481790546
0.027182956715332617
0.31808061054133835
0.24384418490348148
0.09566569604674623
0.3162816487449653
0.17766981759135098
0.14885242888910905
0.2714113897596771
0.014965344664039577
0.38228467669659977
0.5325555531887362
0.3287691326986027
0.06213723795720646
0.09586858488515533
0.45838328521069466
0.8093470690673233
0.8166624201869496
0.5246331050835719
0.3031161746871146
0.434156442730059
0.7965677849173358
1.0
0.8193370840363838
0.4455513380161516
0.27343531919600617
0.4625326386015632
0.760368219836143
0.7849838399289714
0.45208779417433453
0.07089931628409857
0.0017557999548928288
0.256778579322594
0.4884186150981146
0.37865076892930044
0.004775953604704018
0.2819884990376268
0.18260206031123424
0.15431423279223552
