-0.2254107044969674
0.3406068440900958
0.23169410189775638
0.45532259943849224
0.24806991097262843
0.24414061586833127
0.2799103313048934
0.21411259039536987
0.7494174283580776
0.359996192493555
0.26979701782737475
0.6036441650136427
0.15908496601409436
0.024926512717626834
0.08037770877883775
0.012691045931113852
0.8397107119092574
0.2685061913584396
0.6903844733652912
0.6509966180117939
0.8807616770265104
0.14565711385909483
0.8217919459060292
0.21186543477926464
0.09391609106924578
0.09166969229505997
0.11149451391203292
0.5862084805180128
0.3375795326857916
0.2244499649855069
0.578543926106855
0.40232013284748647
0.1384453487242095
0.12288133954847497
0.368652477922761
0.4277317666417075
0.03848039301554801
0.19324898146171873
0.14233168649117633
0.5115042985151582
0.31807476290469994
0.318629740890742
0.11666164813465957
0.21811839834512742
0.4990695226861396
0.0631998191949824
0.7234383087348464
0.5147843951418682
0.2777303210770762
0.445584502328321
0.4068232351754815
0.011972829908674173
0.16121835304178553
0.12898795447857042
0.6611724326006883
0.41603447177526304
0.55465629522327
0.47351122976969695
1.0
0.13909133182024502
0.6526582249004222
0.33175058634085675
0.24091484482893882
0.2455928431900413
0.27162689030040793
0.39931943884289567
0.36717879262564695
0.2001821692480713
0.27428743357746294
0.49309831166330914
0.1259399758733214
0.051016323140844644
0.3601014182910145
0.24671307826998015
0.13608206239358236
0.1617317133599561
0.04770859137366386
0.5745804751901907
0.2534240764651271
0.11651442875174639
0.0921486883411327
0.058486641241286795
0.6680497632870048
0.040745936943834514
0.5586126316566163
0.5608776502776454
0.39565979780109317
0.21613558458873192
0.5061044522101228
0.11605410524373644
0.22039079207460982
0.12532882299373588
0.36164009551611853
0.46251542324121514
0.5200118655400973
0.22764188957540454
0.9383306912399674
0.23476694380970622
0.45903733450241896
0.29002982526048815
0.4475883496161146
0.3112810595847708
0.27568696197740694
0.15549469954208225
0.2598285934521244
0.2735195273715514
0.022383132182109057
0.411071461619838
0.18228826838623902
0.15004926689117096
0.196047131331466
0.02572381450617036
0.18193351138358171
0.23129695912242548
0.21330882735296802
0.46145636594317513
0.10636572544764118
0.02025202957541693
0.20058251932420995
0.12294916653564512
0.6799961902116309
0.12848409720788165
0.3857616715920428
0.4354720777517169
0.550232483587047
0.049272391140346886
0.42934052047543786
0.25083409752700603
0.16185370874919083
7.110371727628362E-4
0.08421951953648422
0.34821645698132825
0.5266052927176811
0.0489489975750471
0.6887757638438501
0.3282613794934987
0.3502611746575517
0.11907180821785988
0.5823598374011686
0.2292813958549613
0.18994366199735935
0.010927005072427193
0.0155614867282832
0.34271192917319615
0.1941355069251352
0.1970282432702744
0.19154341240024478
0.11290594630652806
0.0386604547572768
0.10532281659868684
0.08752278618986871
0.3003287357251904
0.2514227342694169
0.22004767046497617
5.0051230825902105E-17
0.02779190076268396
0.3600262722310634
0.20332972753057935
0.5299820989697417
0.22186102755005063
0.30773512510047957
0.19086795162751705
0.6211135598120586
0.010368248747163052
0.2604273011904051
0.27777719888288677
0.012486414192307895
0.13476691750505523
0.06252476067043952
0.12638910322106942
0.46922606808292333
0.0016662807866717544
0.35523364111452527
0.3126335609792363
0.3405580816812384
0.06423072092510747
0.5564641782316466
0.0506860770162749
0.1290444508952554
0.04032589899634024
0.26243155173528204
0.30615382657539236
0.22405066557040534
0.02595532690620809
0.0802677764278463
0.0133185050204047
0.21549700403700614
0.09471444331742523
0.057311260424297655
0.2692310893657748
0.16052006140116237
0.022792254675155194
0.013366086309958976
0.050780527471199835
0.44970935847903626
0.14096516790759633
0.3145101519410217
0.21996655143543697
0.3284845284647595
0.04588054198877976
0.5385261818784866
0.05839932954948839
0.12347891864097457
0.16549357587093555
0.20652689249351816
0.17659470543064165
0.07367233519160737
0.07946108396428817
0.2924806795630362
0.04365286883070202
0.07723549062426135
0.16512493697942934
0.3534054357026402
0.1512518689433049
0.3881340537947352
0.10740648615510026
0.16035041748936693
0.020482422371046638
0.44441453065302644
0.14658414001949016
0.18908426007289167
0.1465916208475655
0.1227781979873369
0.11910047621599866
0.2589042629759699
0.003229663770739721
0.1376385521181276
0.12256615370197817
0.02971777598883248
0.15613852517166096
0.12389795112413031
0.1127053522484837
0.40512825208679304
0.0010784486196041944
0.1534973711747602
0.10605291610056164
0.3663664973615218
0.167935260609265
0.3370184737036508
0.0948903486343154
0.08814344834172319
0.014918720508134862
0.3087000493822194
0.10502677481737288
0.031908974122139486
0.16993495813765935
0.04034000510622362
0.07737861873463192
0.06543237029034688
0.03758514030832883
0.2987343615451984
0.11945591790067389
0.18105942862810406
0.15507790445252864
0.25550966477167597
0.07176104641377018
0.4670171229018178
0.05718532200141198
0.18208593720696364
0.14152432814719823
0.31214931311316674
0.1242138410422318
0.1931751453342766
0.08456168562782575
0.10307382396779191
0.062154405232841756
0.04133680932636137
0.15888339717269606
0.23486791348976171
0.08587891779212715
0.2611603821972044
0.11436427529161652
0.10186826646933465
0.04611474082518977
0.33420161181919655
0.1596349812025754
0.12422625708664024
0.0530941623668891
0.1285350320891513
0.15201084748514043
0.27750032812240893
0.010752283328782917
0.026541930372800202
0.1371774351552163
0.1783479897676497
0.038411096103815524
0.09209862594462877
0.18375895413696358
0.15409230453671077
0.03432531193257191
0.04032756778133115
0.09313907128669008
0.3251766495879816
0.04902871280410225
0.3676856435969334
0.19623142384457265
0.23216639881281068
0.07468917163916729
0.39043010365307407
0.037334894818943906
0.10624088898220486
0.08375173523624585
0.0024048062584274914
0.1813728608098238
0.021061114871003227
0.09603983416345954
0.2593207002919921
0.015250002986802414
0.1127053522484837
0.13288890499419878
0.12242959248516241
0.13964306392543183
0.21466340106861306
0.08925767298739899
0.0042393434085547755
0.049400412189169796
0.16356045361925348
0.1811481818223678
0.16389877412057555
0.08030908835668298
0.07967828101266942
0.053779972046369175
0.27476335523008916
0.054819127485574375
0.07951466095144863
0.21254016150893007
0.01813435263703827
0.018714412915788802
0.0012176605860227
0.001876813191573509
0.30119458822071327
0.029705713283999492
0.23876318935404023
0.21561174123606927
0.2895615880855741
0.028551533876598364
0.3387788120280288
0.06263989076746641
0.06818929653324568
0.018460656879971504
0.08921539000914783
0.18722944311934783
0.0413889615318635
0.04894669411378004
0.18698881008994664
0.1115949265055441
0.032966487594628675
0.07519639268945853
0.13583844315801996
0.13364085916162627
0.06865800232670238
0.037952302008391836
0.03004371873772861
0.1353023453374547
0.13653453569599433
0.1235681503271967
0.05801236482130467
0.06847873846570764
0.1399595845698342
4.171448082622499E-4
0.24176281866334728
0.1279403683906695
0.08320287656543919
0.14948854977683662
0.12685441589381424
0.00840812448984258
0.012320710132653614
0.051138374744753155
0.1930313747454688
0.09292201216975325
0.1475773946264507
0.14598994031535956
0.28157828608619395
0.03210259447511541
0.21709056174195596
0.10063828128289164
0.07739200292836473
0.04150675769407094
0.10108103438890247
0.11509077944159411
0.07310271799170678
0.04514230164154614
0.08044829308989519
0.1335685658606195
0.021941881719675555
0.011053713947772218
0.09745669759087504
0.06670879529964696
0.02400286245889221
0.03143834806718101
0.006117681760889422
0.14137707748161038
0.062169046507423414
0.05048270850194851
0.012157279177065132
0.015081203715878325
0.14176808812867944
4.481757128192199E-4
0.1435091204631741
0.12372661564755875
0.09315826844387248
0.06787069215107353
0.12788868997928834
0.02602220386493664
0.019318944735244155
0.03742844443027005
0.07258848283087949
0.08794113235976499
0.09341019162777428
0.06205277426604889
0.1844580304944566
0.04764100121326447
0.10165860340729058
0.0664741905956564
0.07750241367365154
0.04595929468757687
0.054016751168161396
0.03926559710965279
0.04756796811997747
0.04807776464031066
0.011406200577560574
0.07887492415034968
0.025762933720477336
0.009949930203451867
0.032063371543056544
0.010334063915130217
0.033765111150542954
0.032719557451697294
0.006935600637892494
0.07272273906005948
0.003191548246665316
0.011836944437717548
0.008389401647867426
0.013517837501238705
0.07101119387513925
0.011421305867798996
0.04977108885966607
0.05285024803778435
0.05893267977610329
0.017548135797973614
0.052181562767213974
0.024696930119381844
0.004302475452110298
0.0055092214777240685
0.007082872737507267
0.02836701213166789
0.033786795061698634
0.011735498275329112
0.045881095818762055
0.021684041938347904
0.02145105270663801
0.01122504632492447
0.02302610597039373
0.008786413472693723
0.00591997921717717
0.002998437648965254
0.004191511294708399
0.009071959542018854
7.871156096346386E-4
0.004732634055305168
0.001995388174430816
2.1216640680227805E-4
0.0
2.1216640680227805E-4
0.001995388174430816
0.004732634055305168
7.871156096346386E-4
0.009071959542018854
0.004191511294708399
0.002998437648965254
0.00591997921717717
0.008786413472693723
0.02302610597039373
0.01122504632492447
0.02145105270663801
0.021684041938347904
0.045881095818762055
0.011735498275329112
0.033786795061698634
0.02836701213166789
0.007082872737507267
0.0055092214777240685
0.004302475452110298
0.024696930119381844
0.052181562767213974
0.017548135797973614
0.05893267977610329
0.05285024803778435
0.04977108885966607
0.011421305867798996
0.07101119387513925
0.013517837501238705
0.008389401647867426
0.011836944437717548
0.003191548246665316
0.07272273906005948
0.006935600637892494
0.032719557451697294
0.033765111150542954
0.010334063915130217
0.032063371543056544
0.009949930203451867
0.025762933720477336
0.07887492415034968
0.011406200577560574
0.04807776464031066
0.04756796811997747
0.03926559710965279
0.054016751168161396
0.04595929468757687
0.07750241367365154
0.0664741905956564
0.10165860340729058
0.04764100121326447
0.1844580304944566
0.06205277426604889
0.09341019162777428
0.08794113235976499
0.07258848283087949
0.03742844443027005
0.019318944735244155
0.02602220386493664
0.12788868997928834
0.06787069215107353
0.09315826844387248
0.12372661564755875
0.1435091204631741
4.481757128192199E-4
0.14176808812867944
0.015081203715878325
0.012157279177065132
0.05048270850194851
0.062169046507423414
0.14137707748161038
0.006117681760889422
0.03143834806718101
0.02400286245889221
0.06670879529964696
0.09745669759087504
0.011053713947772218
0.021941881719675555
0.1335685658606195
0.08044829308989519
0.04514230164154614
0.07310271799170678
0.11509077944159411
0.10108103438890247
0.04150675769407094
0.07739200292836473
0.10063828128289164
0.21709056174195596
0.03210259447511541
0.28157828608619395
0.14598994031535956
0.1475773946264507
0.09292201216975325
0.1930313747454688
0.051138374744753155
0.012320710132653614
0.00840812448984258
0.12685441589381424
0.14948854977683662
0.08320287656543919
0.1279403683906695
0.24176281866334728
4.171448082622499E-4
0.1399595845698342
0.06847873846570764
0.05801236482130467
0.1235681503271967
0.13653453569599433
0.1353023453374547
0.03004371873772861
0.037952302008391836
0.06865800232670238
0.13364085916162627
0.13583844315801996
0.07519639268945853
0.032966487594628675
0.1115949265055441
0.18698881008994664
0.04894669411378004
0.0413889615318635
0.18722944311934783
0.08921539000914783
0.018460656879971504
0.06818929653324568
0.06263989076746641
0.3387788120280288
0.028551533876598364
0.2895615880855741
0.21561174123606927
0.23876318935404023
0.029705713283999492
0.30119458822071327
0.001876813191573509
0.0012176605860227
0.018714412915788802
0.01813435263703827
0.21254016150893007
0.07951466095144863
0.054819127485574375
0.27476335523008916
0.053779972046369175
0.07967828101266942
0.08030908835668298
0.16389877412057555
0.1811481818223678
0.16356045361925348
0.049400412189169796
0.0042393434085547755
0.08925767298739899
0.21466340106861306
0.13964306392543183
0.12242959248516241
0.13288890499419878
0.1127053522484837
0.015250002986802414
0.2593207002919921
0.09603983416345954
0.021061114871003227
0.1813728608098238
0.0024048062584274914
0.08375173523624585
0.10624088898220486
0.037334894818943906
0.39043010365307407
0.07468917163916729
0.23216639881281068
0.19623142384457265
0.3676856435969334
0.04902871280410225
0.3251766495879816
0.09313907128669008
0.04032756778133115
0.03432531193257191
0.15409230453671077
0.18375895413696358
0.09209862594462877
0.038411096103815524
0.1783479897676497
0.1371774351552163
0.026541930372800202
0.010752283328782917
0.27750032812240893
0.15201084748514043
0.1285350320891513
0.0530941623668891
0.12422625708664024
0.1596349812025754
0.33420161181919655
0.04611474082518977
0.10186826646933465
0.11436427529161652
0.2611603821972044
0.08587891779212715
0.23486791348976171
0.15888339717269606
0.04133680932636137
0.062154405232841756
0.10307382396779191
0.08456168562782575
0.1931751453342766
0.1242138410422318
0.31214931311316674
0.14152432814719823
0.18208593720696364
0.05718532200141198
0.4670171229018178
0.07176104641377018
0.25550966477167597
0.15507790445252864
0.18105942862810406
0.11945591790067389
0.2987343615451984
0.03758514030832883
0.06543237029034688
0.07737861873463192
0.04034000510622362
0.16993495813765935
0.031908974122139486
0.10502677481737288
0.3087000493822194
0.014918720508134862
0.08814344834172319
0.0948903486343154
0.3370184737036508
0.167935260609265
0.3663664973615218
0.10605291610056164
0.1534973711747602
0.0010784486196041944
0.40512825208679304
0.1127053522484837
0.12389795112413031
0.15613852517166096
0.02971777598883248
0.12256615370197817
0.1376385521181276
0.003229663770739721
0.2589042629759699
0.11910047621599866
0.1227781979873369
0.1465916208475655
0.18908426007289167
0.14658414001949016
0.44441453065302644
0.020482422371046638
0.16035041748936693
0.10740648615510026
0.3881340537947352
0.1512518689433049
0.3534054357026402
0.16512493697942934
0.07723549062426135
0.04365286883070202
0.2924806795630362
0.07946108396428817
0.07367233519160737
0.17659470543064165
0.20652689249351816
0.16549357587093555
0.12347891864097457
0.05839932954948839
0.5385261818784866
0.04588054198877976
0.3284845284647595
0.21996655143543697
0.3145101519410217
0.14096516790759633
0.44970935847903626
0.050780527471199835
0.013366086309958976
0.022792254675155194
0.16052006140116237
0.2692310893657748
0.057311260424297655
0.09471444331742523
0.21549700403700614
0.0133185050204047
0.0802677764278463
0.02595532690620809
0.22405066557040534
0.30615382657539236
0.26243155173528204
0.04032589899634024
0.1290444508952554
0.0506860770162749
0.5564641782316466
0.06423072092510747
0.3405580816812384
0.3126335609792363
0.35523364111452527
0.0016662807866717544
0.46922606808292333
0.12638910322106942
0.06252476067043952
0.13476691750505523
0.012486414192307895
0.27777719888288677
0.2604273011904051
0.010368248747163052
0.6211135598120586
0.19086795162751705
0.30773512510047957
0.22186102755005063
0.5299820989697417
0.20332972753057935
0.3600262722310634
0.02779190076268396
5.0051230825902105E-17
0.22004767046497617
0.2514227342694169
0.3003287357251904
0.08752278618986871
0.10532281659868684
0.0386604547572768
0.11290594630652806
0.19154341240024478
0.1970282432702744
0.1941355069251352
0.34271192917319615
0.0155614867282832
0.010927005072427193
0.18994366199735935
0.2292813958549613
0.5823598374011686
0.11907180821785988
0.3502611746575517
0.3282613794934987
0.6887757638438501
0.0489489975750471
0.5266052927176811
0.34821645698132825
0.08421951953648422
7.110371727628362E-4
0.16185370874919083
0.25083409752700603
0.42934052047543786
0.049272391140346886
0.550232483587047
0.4354720777517169
0.3857616715920428
0.12848409720788165
0.6799961902116309
0.12294916653564512
0.20058251932420995
0.02025202957541693
0.10636572544764118
0.46145636594317513
0.21330882735296802
0.23129695912242548
0.18193351138358171
0.02572381450617036
0.196047131331466
0.15004926689117096
0.18228826838623902
0.411071461619838
0.022383132182109057
0.2735195273715514
0.2598285934521244
0.15549469954208225
0.27568696197740694
0.3112810595847708
0.4475883496161146
0.29002982526048815
0.45903733450241896
0.23476694380970622
0.9383306912399674
0.22764188957540454
0.5200118655400973
0.46251542324121514
0.36164009551611853
0.12532882299373588
0.22039079207460982
0.11605410524373644
0.5061044522101228
0.21613558458873192
0.39565979780109317
0.5608776502776454
0.5586126316566163
0.040745936943834514
0.6680497632870048
0.058486641241286795
0.0921486883411327
0.11651442875174639
0.2534240764651271
0.5745804751901907
0.04770859137366386
0.1617317133599561
0.13608206239358236
0.24671307826998015
0.3601014182910145
0.051016323140844644
0.1259399758733214
0.49309831166330914
0.27428743357746294
0.2001821692480713
0.36717879262564695
0.39931943884289567
0.27162689030040793
0.2455928431900413
0.24091484482893882
0.33175058634085675
0.6526582249004222
0.13909133182024502
1.0
0.47351122976969695
0.55465629522327
0.41603447177526304
0.6611724326006883
0.12898795447857042
0.16121835304178553
0.011972829908674173
0.4068232351754815
0.445584502328321
0.2777303210770762
0.5147843951418682
0.7234383087348464
0.0631998191949824
0.4990695226861396
0.21811839834512742
0.11666164813465957
0.318629740890742
0.31807476290469994
0.5115042985151582
0.14233168649117633
0.19324898146171873
0.03848039301554801
0.4277317666417075
0.368652477922761
0.12288133954847497
0.1384453487242095
0.40232013284748647
0.578543926106855
0.2244499649855069
0.3375795326857916
0.5862084805180128
0.11149451391203292
0.09166969229505997
0.09391609106924578
0.21186543477926464
0.8217919459060292
0.14565711385909483
0.8807616770265104
0.6509966180117939
0.6903844733652912
0.2685061913584396
0.8397107119092574
0.012691045931113852
0.08037770877883775
0.024926512717626834
0.15908496601409436
0.6036441650136427
0.26979701782737475
0.359996192493555
0.7494174283580776
0.21411259039536987
0.2799103313048934
0.24414061586833127
0.24806991097262843
0.45532259943849224
0.23169410189775638
0.3406068440900958
