0.47307821833732505
0.2652930545921558
0.1066936501633278
0.23069333730425295
0.12246499236785875
0.034128627954098344
0.254270903499556
0.35662974803909747
0.20960549918675736
0.5663859793019004
0.23360338685691712
0.09947537601972413
0.19779020195431515
0.312559573728196
0.16854641291395672
0.1431754649442045
0.09351462712364163
0.5517608673239454
0.25429622177464634
0.4390853530559177
0.6249244000422363
0.5201625442574571
0.4997984672851018
0.3202814146768247
0.12943937930183105
0.19799625431421164
0.05488122775806247
0.39092016622238596
0.4081642079039127
0.07245481688481856
0.11548635103143293
0.24723008672602795
0.07602065196795886
0.3609348723502623
0.28683490539814743
0.27028271185600605
0.17345642566809055
0.2649072955566627
0.35259008071570425
0.11041178929885079
0.12415509364459296
0.40320719310773023
0.43458690276679873
0.013210095843450823
0.07923829531201866
0.06523183341688878
0.264855354671821
0.20178395792351916
0.04327026368223525
0.14346034258747561
0.4219452833134753
0.2779238801648271
0.2106894967440956
0.43935957663124264
0.33022083686107917
0.08408919085940987
0.1731405982908641
0.05001811850752775
0.057613980092592804
0.06924381870781672
0.19727086215313466
0.5152600192488246
0.3612874278548026
0.3596311673887559
0.5957452926140541
0.09962207388575736
0.223921320147376
0.21540265855167678
0.2991401768989012
0.2478933758408553
0.11216580645250118
0.5227555398904857
1.0
0.5442393774981497
0.21909417191491393
0.24221624324641622
0.07027263267163611
0.31538547889155
0.3652932823254409
0.068952657816043
0.07308618431897108
0.20032808522513207
0.048095300168361284
0.2571917943772146
0.15526893352721843
0.18868885995694118
0.2616039904639137
0.057964137559713434
0.3566868184880628
0.18539988456453893
0.06418763041126878
0.10518682918930136
0.05929482181128629
0.14899199265786608
0.32245950498616316
0.008082402911855935
0.3913053300501145
0.10418146903072906
0.2747546503753658
0.047727328363761604
0.17571058420892416
0.00895349072948439
0.04926229563779926
0.1992104152041967
0.12630523637008473
0.40188655524426536
0.1578106908324367
0.2004502041976968
0.698787395381377
0.5942064495332199
0.04698813612106032
0.10531448482720424
0.23579643297292666
0.07468400112613811
0.32966050677113506
0.42306707708414826
0.3825084414376099
0.21631031575962534
0.2279843145788235
0.4510367472527516
0.15470790110750285
0.09261931292917813
0.0010960594482226698
0.08714000273221328
0.056401736308770815
0.09676011120529764
0.45291090572983245
0.5917486426288139
0.19794146257740525
0.09820988334875115
0.02061579960281554
0.11707423123952951
0.48233864634768053
0.28184680627254777
0.10614702682706888
0.1604195228960876
0.48321975850468596
0.17086446496592922
0.09700429372691038
0.009194744129571955
0.14609270395103105
0.3257713191673574
0.10908005458537964
0.3911726427995
0.22006688818149037
0.7544151850941185
0.4204568212939923
0.024351317058256765
0.009284637383226066
0.16554252360151983
0.26452853595619025
0.32602918341150966
0.14490949393165162
0.10429592797294797
2.5869661754035876E-17
0.2789164703162056
0.387281844068024
0.39563527359164347
0.2857344729206534
0.02097218079827784
0.05302658789648581
0.007608406314985398
0.3154811028354824
0.6798315774019132
0.41481635094501995
0.12389031516590411
0.46505113925963465
0.6023598185043463
0.023062456149492035
0.2936553300144479
0.016426454321983704
0.022795391359071583
0.10270433063604754
0.21878802291345503
0.42332007907260916
0.0346058182883137
0.10070908847921196
0.3158353537517702
0.34548975292769263
0.13747925518614543
0.2896709367229072
0.10369179881187202
0.1428363084278234
0.28459799297590743
0.21381780496337474
0.04658075585406878
0.08828874698046538
0.1027475735250385
0.0950967441725363
0.2094627376516373
0.018896177704351542
0.2238159175192129
0.16843890251056104
0.13446792467041896
0.07861064356944066
0.12398634568514724
0.04424742023557057
0.5780712507113013
0.44377371463447507
0.35587832965266253
0.5072013882031486
0.05293911346144712
0.1643459938800728
0.10536179963675806
0.01674573533311452
0.14435777914530518
0.10687516633381929
0.03851725812823437
0.4052919939658395
0.3044197835429042
0.2440655580766682
0.35776605645408366
0.1919965552783726
0.3186306992006244
0.4223578249506987
0.17437543041351508
0.028654430631115817
0.05285623595206802
0.16145233299830644
0.10132446254688118
0.11677335843349623
0.2624107722988603
0.016548392035502943
0.3897828560438268
0.39973248426111935
0.16374707517923276
0.1333770092293499
0.09443832725136277
0.07822693908977733
0.06020044480268406
0.28585950246893116
0.0788463697228875
0.48999714867295685
0.10778151513782906
0.3238262913136794
0.028362776623444236
0.35642417291539796
0.05163440192133783
0.0682830131843785
0.28350619321779735
0.3366349626686213
0.09416982497804283
0.14868954546582852
0.22292311576509852
0.04100589876332064
0.1213910193589832
0.19276377503441258
0.2882887219059319
0.00627626939232476
0.12469380242179562
0.08343706162711045
0.32160063292706864
0.3010330214891124
3.759534778126066E-4
0.2512721502580006
0.18170440302670052
0.08216518255621298
0.19802650746703954
0.1730945583755035
0.05626317482436262
8.753064823100468E-4
0.17913352626466877
0.08655215910496514
0.3904755383327221
0.14881427001965347
0.074944479215762
0.12215096897192114
0.04760173067602351
0.35237557525150826
0.17191889485149436
0.38948183370654327
0.28657514143829427
0.21142584457191835
0.15273552980330368
0.2138927302601918
0.23350875908699487
0.10104276892461468
0.029595154289728462
0.20572823291624304
0.41369466561584595
0.20359754355540072
0.12990538111730943
0.09174716695925926
0.20075873100750324
0.33137055193967074
0.15401245158866309
0.09385974153970632
0.03849116272282964
0.2533324727865671
0.2930320416938758
0.0861498605998394
0.09794701890612725
0.18632212090361744
0.056633429627001464
0.24259137748275122
1.3700356749853576E-4
0.11330016792181366
0.14078873755515842
0.11287385554609473
0.19894757961390058
0.09823739626316638
0.16417984314032913
0.07744132845489002
0.3319520456800075
0.0058934040334463035
0.30941036599049043
0.060550841800240424
0.15388562219107998
2.5869661754035876E-17
0.05375961427818956
0.10472542330463588
0.12213267295213794
0.023959497094924245
0.016689167777150064
0.0011296183451269379
0.11254311702266714
0.18950671031791666
0.17639679628575874
0.14401854294953625
0.18744009331759798
0.3087348362721368
0.27042819350134106
0.019027588460983434
0.09676169289376514
0.2799826594348642
0.5003134957384812
0.20745128538461435
3.458743548360923E-4
0.16900205464357107
0.20926814263856516
0.05610989954300726
0.10010699351193794
0.07624698099399155
0.3241607720996667
0.5005263595318991
0.11544934063263992
0.10417584245436319
0.17847824444730265
0.32495852464124325
0.1315948102780861
0.0836695725081356
0.19293059351236788
0.11446470362081272
0.004287118429321077
0.12753891931591563
0.26588850877652176
0.17330228270759335
0.034269471347726795
0.16605279960983418
0.16697279947012497
0.10210128314155979
0.08963577224149095
0.12675609842132163
0.1456850232138747
0.21139894624036798
0.2766424811326455
0.09732918894974127
0.16991699130701435
0.05055335235188237
0.2670542152053647
0.1617383433448369
0.20727523773292333
0.2530346887732757
0.13043065272448487
0.23004104317014268
0.3072563487870646
0.19462961364011583
0.24651745451503734
0.42450184460553786
0.2780713457584047
0.015070925357583422
0.04715813530764876
0.2585063831750577
0.17724311168031331
0.0038116916298680174
0.03570838599536338
0.13424278479432403
0.08588082184695571
0.021661922138785886
0.10179816813550144
0.18418462058066318
0.2688477565135463
0.3221366574421768
0.3193053784842116
0.2875081416222214
0.31538547889155
0.3602643099696649
0.24767423168864466
0.05644131090884943
0.05019455196023788
0.1395828380840917
0.07091209134531433
0.0017642021915115992
0.10625067400066907
0.11937334987165767
0.08463745506611454
0.11865151316856518
0.09978692259128125
0.13465775856976228
0.08120200584144821
0.17098257341827172
0.09806858581824603
0.08135177466768247
0.055981811636229166
0.03868812618594605
0.011711201800302743
0.20016376240388203
0.1964235572467428
0.03787376655440236
0.17471460579364806
0.08262637498724242
0.04310949553830073
0.031123404681959656
0.09081043264202102
0.18087865954995413
0.14174334295405755
0.020085656338898573
0.08803775602222472
0.14724672173923162
0.12668076035234996
0.03646327739708658
0.02467425962537647
0.14902923806277096
0.19517800968925703
0.04633558797775044
0.0793611458490323
0.04658501281595516
0.004967590060429975
0.002526153276992948
0.06983238237327631
0.1363118497749878
0.0727600392550216
0.02548849642775475
0.13158444343092437
0.2216390441212029
0.14615082535838347
0.027079790738886878
0.014788949815428734
0.01623403395444125
0.003302729230991413
0.02682089411547478
0.0167937391391234
0.04461311595087702
0.05385320816481017
0.04397134003322458
0.15534938676430035
0.16605094961297548
0.0831116222791329
0.01847617031215895
0.04679734007047681
0.10498263785699273
0.08104855684510062
0.03191596162397153
0.1462262477428221
0.19193785142053438
0.15911569606295622
0.0983599582113821
0.0944775147909585
0.16213793018551545
0.20526902864146399
0.1503775765399567
0.04852103701882589
0.0
0.04852103701882589
0.1503775765399567
0.20526902864146399
0.16213793018551545
0.0944775147909585
0.0983599582113821
0.15911569606295622
0.19193785142053438
0.1462262477428221
0.03191596162397153
0.08104855684510062
0.10498263785699273
0.04679734007047681
0.01847617031215895
0.0831116222791329
0.16605094961297548
0.15534938676430035
0.04397134003322458
0.05385320816481017
0.04461311595087702
0.0167937391391234
0.02682089411547478
0.003302729230991413
0.01623403395444125
0.014788949815428734
0.027079790738886878
0.14615082535838347
0.2216390441212029
0.13158444343092437
0.02548849642775475
0.0727600392550216
0.1363118497749878
0.06983238237327631
0.002526153276992948
0.004967590060429975
0.04658501281595516
0.0793611458490323
0.04633558797775044
0.19517800968925703
0.14902923806277096
0.02467425962537647
0.03646327739708658
0.12668076035234996
0.14724672173923162
0.08803775602222472
0.020085656338898573
0.14174334295405755
0.18087865954995413
0.09081043264202102
0.031123404681959656
0.04310949553830073
0.08262637498724242
0.17471460579364806
0.03787376655440236
0.1964235572467428
0.20016376240388203
0.011711201800302743
0.03868812618594605
0.055981811636229166
0.08135177466768247
0.09806858581824603
0.17098257341827172
0.08120200584144821
0.13465775856976228
0.09978692259128125
0.11865151316856518
0.08463745506611454
0.11937334987165767
0.10625067400066907
0.0017642021915115992
0.07091209134531433
0.1395828380840917
0.05019455196023788
0.05644131090884943
0.24767423168864466
0.3602643099696649
0.31538547889155
0.2875081416222214
0.3193053784842116
0.3221366574421768
0.2688477565135463
0.18418462058066318
0.10179816813550144
0.021661922138785886
0.08588082184695571
0.13424278479432403
0.03570838599536338
0.0038116916298680174
0.17724311168031331
0.2585063831750577
0.04715813530764876
0.015070925357583422
0.2780713457584047
0.42450184460553786
0.24651745451503734
0.19462961364011583
0.3072563487870646
0.23004104317014268
0.13043065272448487
0.2530346887732757
0.20727523773292333
0.1617383433448369
0.2670542152053647
0.05055335235188237
0.16991699130701435
0.09732918894974127
0.2766424811326455
0.21139894624036798
0.1456850232138747
0.12675609842132163
0.08963577224149095
0.10210128314155979
0.16697279947012497
0.16605279960983418
0.034269471347726795
0.17330228270759335
0.26588850877652176
0.12753891931591563
0.004287118429321077
0.11446470362081272
0.19293059351236788
0.0836695725081356
0.1315948102780861
0.32495852464124325
0.17847824444730265
0.10417584245436319
0.11544934063263992
0.5005263595318991
0.3241607720996667
0.07624698099399155
0.10010699351193794
0.05610989954300726
0.20926814263856516
0.16900205464357107
3.458743548360923E-4
0.20745128538461435
0.5003134957384812
0.2799826594348642
0.09676169289376514
0.019027588460983434
0.27042819350134106
0.3087348362721368
0.18744009331759798
0.14401854294953625
0.17639679628575874
0.18950671031791666
0.11254311702266714
0.0011296183451269379
0.016689167777150064
0.023959497094924245
0.12213267295213794
0.10472542330463588
0.05375961427818956
2.5869661754035876E-17
0.15388562219107998
0.060550841800240424
0.30941036599049043
0.0058934040334463035
0.3319520456800075
0.07744132845489002
0.16417984314032913
0.09823739626316638
0.19894757961390058
0.11287385554609473
0.14078873755515842
0.11330016792181366
1.3700356749853576E-4
0.24259137748275122
0.056633429627001464
0.18632212090361744
0.09794701890612725
0.0861498605998394
0.2930320416938758
0.2533324727865671
0.03849116272282964
0.09385974153970632
0.15401245158866309
0.33137055193967074
0.20075873100750324
0.09174716695925926
0.12990538111730943
0.20359754355540072
0.41369466561584595
0.20572823291624304
0.029595154289728462
0.10104276892461468
0.23350875908699487
0.2138927302601918
0.15273552980330368
0.21142584457191835
0.28657514143829427
0.38948183370654327
0.17191889485149436
0.35237557525150826
0.04760173067602351
0.12215096897192114
0.074944479215762
0.14881427001965347
0.3904755383327221
0.08655215910496514
0.17913352626466877
8.753064823100468E-4
0.05626317482436262
0.1730945583755035
0.19802650746703954
0.08216518255621298
0.18170440302670052
0.2512721502580006
3.759534778126066E-4
0.3010330214891124
0.32160063292706864
0.08343706162711045
0.12469380242179562
0.00627626939232476
0.2882887219059319
0.19276377503441258
0.1213910193589832
0.04100589876332064
0.22292311576509852
0.14868954546582852
0.09416982497804283
0.3366349626686213
0.28350619321779735
0.0682830131843785
0.05163440192133783
0.35642417291539796
0.028362776623444236
0.3238262913136794
0.10778151513782906
0.48999714867295685
0.0788463697228875
0.28585950246893116
0.06020044480268406
0.07822693908977733
0.09443832725136277
0.1333770092293499
0.16374707517923276
0.39973248426111935
0.3897828560438268
0.016548392035502943
0.2624107722988603
0.11677335843349623
0.10132446254688118
0.16145233299830644
0.05285623595206802
0.028654430631115817
0.17437543041351508
0.4223578249506987
0.3186306992006244
0.1919965552783726
0.35776605645408366
0.2440655580766682
0.3044197835429042
0.4052919939658395
0.03851725812823437
0.10687516633381929
0.14435777914530518
0.01674573533311452
0.10536179963675806
0.1643459938800728
0.05293911346144712
0.5072013882031486
0.35587832965266253
0.44377371463447507
0.5780712507113013
0.04424742023557057
0.12398634568514724
0.07861064356944066
0.13446792467041896
0.16843890251056104
0.2238159175192129
0.018896177704351542
0.2094627376516373
0.0950967441725363
0.1027475735250385
0.08828874698046538
0.04658075585406878
0.21381780496337474
0.28459799297590743
0.1428363084278234
0.10369179881187202
0.2896709367229072
0.13747925518614543
0.34548975292769263
0.3158353537517702
0.10070908847921196
0.0346058182883137
0.42332007907260916
0.21878802291345503
0.10270433063604754
0.022795391359071583
0.016426454321983704
0.2936553300144479
0.023062456149492035
0.6023598185043463
0.46505113925963465
0.12389031516590411
0.41481635094501995
0.6798315774019132
0.3154811028354824
0.007608406314985398
0.05302658789648581
0.02097218079827784
0.2857344729206534
0.39563527359164347
0.387281844068024
0.2789164703162056
2.5869661754035876E-17
0.10429592797294797
0.14490949393165162
0.32602918341150966
0.26452853595619025
0.16554252360151983
0.009284637383226066
0.024351317058256765
0.4204568212939923
0.7544151850941185
0.22006688818149037
0.3911726427995
0.10908005458537964
0.3257713191673574
0.14609270395103105
0.009194744129571955
0.09700429372691038
0.17086446496592922
0.48321975850468596
0.1604195228960876
0.10614702682706888
0.28184680627254777
0.48233864634768053
0.11707423123952951
0.02061579960281554
0.09820988334875115
0.19794146257740525
0.5917486426288139
0.45291090572983245
0.09676011120529764
0.056401736308770815
0.08714000273221328
0.0010960594482226698
0.09261931292917813
0.15470790110750285
0.4510367472527516
0.2279843145788235
0.21631031575962534
0.3825084414376099
0.42306707708414826
0.32966050677113506
0.07468400112613811
0.23579643297292666
0.10531448482720424
0.04698813612106032
0.5942064495332199
0.698787395381377
0.2004502041976968
0.1578106908324367
0.40188655524426536
0.12630523637008473
0.1992104152041967
0.04926229563779926
0.00895349072948439
0.17571058420892416
0.047727328363761604
0.2747546503753658
0.10418146903072906
0.3913053300501145
0.008082402911855935
0.32245950498616316
0.14899199265786608
0.05929482181128629
0.10518682918930136
0.06418763041126878
0.18539988456453893
0.3566868184880628
0.057964137559713434
0.2616039904639137
0.18868885995694118
0.15526893352721843
0.2571917943772146
0.048095300168361284
0.20032808522513207
0.07308618431897108
0.068952657816043
0.3652932823254409
0.31538547889155
0.07027263267163611
0.24221624324641622
0.21909417191491393
0.5442393774981497
1.0
0.5227555398904857
0.11216580645250118
0.2478933758408553
0.2991401768989012
0.21540265855167678
0.223921320147376
0.09962207388575736
0.5957452926140541
0.3596311673887559
0.3612874278548026
0.5152600192488246
0.19727086215313466
0.06924381870781672
0.057613980092592804
0.05001811850752775
0.1731405982908641
0.08408919085940987
0.33022083686107917
0.43935957663124264
0.2106894967440956
0.2779238801648271
0.4219452833134753
0.14346034258747561
0.04327026368223525
0.20178395792351916
0.264855354671821
0.06523183341688878
0.07923829531201866
0.013210095843450823
0.43458690276679873
0.40320719310773023
0.12415509364459296
0.11041178929885079
0.35259008071570425
0.2649072955566627
0.17345642566809055
0.27028271185600605
0.28683490539814743
0.3609348723502623
0.07602065196795886
0.24723008672602795
0.11548635103143293
0.07245481688481856
0.4081642079039127
0.39092016622238596
0.05488122775806247
0.19799625431421164
0.12943937930183105
0.3202814146768247
0.4997984672851018
0.5201625442574571
0.6249244000422363
0.4390853530559177
0.25429622177464634
0.5517608673239454
0.09351462712364163
0.1431754649442045
0.16854641291395672
0.312559573728196
0.19779020195431515
0.09947537601972413
0.23360338685691712
0.5663859793019004
0.20960549918675736
0.35662974803909747
0.254270903499556
0.034128627954098344
0.12246499236785875
0.23069333730425295
0.1066936501633278
0.2652930545921558
