0.0
0.11929836670541198
0.3388471037588879
0.1885874728732283
0.12090153390250817
0.09840669490226094
0.046331145499986764
0.27859067545265237
0.06004661776141893
0.006110375836905923
0.06775300610780229
0.10329090666543042
0.07837311545637482
0.316302401127492
0.1413232577513561
0.25398151055767454
0.21784073984835292
0.3131911172222472
0.8653693853056333
0.12924714477004642
0.029597771072383237
0.0745956885259076
0.11191769278996445
0.36953423513561556
0.16874114780897265
0.029584183590942018
0.468024612479111
0.09724571960516401
0.06638973646846728
0.18596977119738756
0.13260601595566845
0.08439469480152675
0.10933704348323481
0.11341056667909342
0.09942805463835658
0.1604667453081872
0.15245984040192712
0.22118214742802855
0.23190293833031317
0.05932331726690474
0.05465094305967067
0.15876906137688696
0.21784597656072147
0.11456637511341691
0.031265831637716665
0.0115172560399876
0.8014559953771861
0.4005184367018172
0.3018688742335436
0.21358994709412502
0.1008129818627713
0.06830252913465215
0.12481688142848046
0.28286671551166365
0.2995058785024354
0.0711791549459176
0.0433140145873553
0.06802164372460477
0.020771543652128587
0.040007569305395306
0.09751690364534521
0.1964377442130307
0.038051516557789995
0.09021770124142851
0.44885800757961325
0.02490553734430796
0.009015706758474703
0.07074237346737301
0.08150428579304898
0.06749679470202916
0.058907058144131434
0.30222098913298945
0.5137974205617192
1.0
0.0472504874607232
0.09614079569606276
0.11626931317292451
0.14181041419458842
0.17668808252266124
0.029157131250341695
0.007984698894808143
0.11655446247804492
0.3758027159704386
0.38918470034120356
0.21540307644995504
0.1190835325291413
0.001116160956253307
0.20079158042789877
0.1722021693474936
0.21392212262782756
0.11791907463813843
0.16530756859136314
0.35095011341686877
0.25257258536456517
0.0671455612150967
0.1177892765645019
0.006049295602384821
0.07978766991554137
0.0059780000611593
0.10926103364720569
0.0467875053501535
0.40479603578608736
0.29986237439781155
0.045453919752626734
0.0559608178106135
0.14593309356765813
0.05063439590868997
0.19905271442219474
0.05867012716386681
0.6272688984889471
0.4497614454643658
0.0020734453555980264
0.10927200268591704
0.04893461595697839
0.0611565911241409
0.17917029437190832
0.27268767858188475
0.15401735003864167
0.28100370183970613
0.12900775232061734
0.08689486618190917
0.12781637647041075
0.01059685382548392
0.03895295581197462
0.1076458730052561
0.10226069940613862
0.16287660741457352
0.30791007225619976
0.16753265579471413
0.10544587907380165
0.2355565544540383
0.040611327708022095
0.009991971654993204
0.15107159996724887
0.008059531253147833
0.18580654406864205
0.051047503939781004
0.3616899896148873
0.3636694152258826
0.24613004815335243
0.030043560923837222
0.019374938071182624
0.0970886939456615
0.028511001740764676
0.28876373481914047
0.18770025001290197
0.1487349808199962
0.038909649237265795
0.0705646111414395
0.09175480568176198
0.03986205016518042
0.15338492215636643
0.12375059765918299
0.0316796812905745
0.06905488697739273
0.339973804550619
0.3522367024077002
0.17266231079786803
0.051276292519599496
0.21929366571882922
0.02584594639667035
0.23711236016272688
0.14802380280646352
0.18991422490421297
0.22623077951957488
0.1085312604243868
0.09376509815766687
0.23113755681609288
0.07921924071404175
0.24178892175957867
0.22864279032230822
0.025915194540139106
0.029233252759669634
0.026142144633932437
0.35724392924451653
0.38651624604264784
0.2885415993954005
0.04233399271856034
0.19533243043860307
0.15506150494423848
0.024360271127004857
0.055367820135182884
0.17408555097774275
0.1769277678690061
0.1926651030765691
0.18235584682754583
0.08153444264150009
0.14538198239454164
0.18100070120232045
0.011725388139342109
0.13076883762894853
0.35944870405596174
0.8416337481896942
0.3876755568551697
0.2484538595663035
0.4971489862465511
0.07912689248984955
0.25878004940263966
0.08931299617678332
0.1776933406985204
0.47068604613204834
0.14542691621357606
0.1444539594420079
0.1312883272560214
0.14509574349399323
0.11959990435873494
0.04038701147955558
0.16501360186059005
0.17788713191812477
0.281080069417776
0.31630359929218504
0.2002019609989596
0.04383193426371637
0.08650351181519093
0.12892908681667337
0.1311138665746656
0.07250270372232293
0.2775959864684951
0.47718774589834334
0.14586340851193472
0.07070355420541494
0.015910608602046277
0.26568545516438125
0.048908051696511884
0.02620548166893685
0.06453561679255986
0.07625005110042557
0.07281759018932189
0.08694995560616464
0.05698791175950859
0.07520607771918482
0.08286586437287127
0.011990543667009516
0.07725775843682783
0.015734281203698023
0.179039066598786
0.11352867317794803
0.11778105103975003
0.1319620495546459
0.03995405118214319
0.010512795632936658
0.06804227658408621
0.08103870598086578
0.09899048685841637
0.06693810782347795
0.11262751631787911
0.11192001044832442
0.10412941083997358
0.014593349825477173
0.2562680425258983
0.09971673347798925
0.0724696518248
0.06895894393440274
0.04523030402070029
0.12112068957459252
0.05307652975029164
0.3475349768795491
0.4141615644704092
0.17335129213516337
0.16787123409941984
0.06341994041117965
0.16112589071402547
0.006791817674208914
0.08224646964483695
0.32224784386173816
0.4365860578798005
0.006186060637885157
0.0599484516822508
0.14980759185898626
0.022184488988022243
0.012075234251708835
0.02140257991586688
0.1880763329677686
0.14662854868280978
0.0027143993470493274
0.24391811832244073
0.026401625917240695
0.02953343449401334
0.12504578738346947
0.013858023884351004
0.06357138528603155
0.07260133290113627
0.18222182823406197
0.24372819554016464
0.31720355228337527
0.1708988519914028
0.04958410350588755
0.10807717098863077
0.13882865204470363
0.2743412720378389
0.04851191880322812
0.08538206342362896
0.11076164348693064
0.04971828065918269
0.15170801484840366
0.15242628239160283
0.03047579667232527
0.011481003269171994
0.044289103114153315
0.047670460206769016
0.10419779865619175
0.024287697417881365
0.1056650048422427
0.14453867924320443
0.008198798946266274
0.03624507217436905
0.06819169832875883
0.2280986620747264
0.2071646609321782
0.13922067328853985
0.10961957544606635
0.0990647996223086
0.3023432027540141
0.09863955990647633
0.23601511352034527
0.08169874869787164
0.06632084496653949
0.05307141930152375
0.08368901621454697
0.023902630750070323
0.12384479252196443
0.08996832586403088
0.07966618892253277
0.09379775801275544
0.06632209597334524
0.12203900617455907
0.02835551074474554
0.023429102892891455
0.03363639530794964
0.17579378076048513
0.14067834890934833
0.12308894199690781
0.11795525344591191
0.038343738468941936
0.01732944704197886
0.08482497669484268
0.12353015257572753
0.09119503416093122
0.11457463972678408
0.11004579272595305
0.08996237228438517
0.005647933389532099
0.09902820209699323
0.12403351355707715
0.16128070167418157
0.1475652116870191
0.006243809537423796
0.0442816420876267
0.1592941776039651
0.06432895101913673
0.20389425201089847
0.22108790348049268
0.023043023693672032
0.16724785190665833
0.24491741254877775
0.2639557914223336
0.04822297493898364
0.0010463141959832138
0.03457930081807616
0.08295111677282001
0.09340954543486525
0.1730337359807634
0.11752309784260227
0.07937163827062178
0.15575097817325734
0.007859690095082786
0.05440641289658474
0.08375172256395257
0.1699331043028148
0.23654270855737605
0.20549069400055092
0.0297098381032697
0.10370900585894816
0.05161024092329085
0.12824534324348313
0.09398287162237558
0.11653284204976205
0.029099170587214084
0.07034196384730836
0.005260751583428328
0.12960121794646987
0.11077952234756648
0.056990614561457806
0.012494090433340745
0.039502906444814606
0.18965304329689667
0.12243120114170063
0.058232361493512304
0.004989644128836185
0.031741326762331344
0.09915081807695701
0.05728050553775574
0.039483293642406346
0.06500142682244184
0.03696066139345438
0.04882737111335794
0.07445149486665453
0.19638645683977426
0.0016985716524170603
0.0570887339532387
0.06719596475256238
0.10571444481903113
0.012992068746338238
0.07303175696150162
0.1614821751543353
0.013788908426915478
0.04772276053179598
0.0389247846192488
0.09217613237609398
0.06605982752487943
0.06550332950594877
0.015036136513052599
0.11419124951694146
0.022330674786481187
0.43111184269233754
0.09037818983634183
0.03073286601874375
0.06901552419935883
0.044272809585495836
0.22462334076509222
0.07030812425567536
0.027622640923671605
0.027113164616397414
0.02099232211818034
0.049288576287018965
0.03473078736270962
0.11699559298513558
0.0391995450526706
0.01989011517694243
0.09418857300620886
0.028837487490343528
0.1107861132125477
0.100622482317071
0.18262087565711296
0.06233068948371806
0.12829102169570594
0.1307496950025591
0.16443381243822627
0.08829717894321586
0.04679697996828958
0.14348541898763764
0.11476088323591413
0.03096506962259438
0.17804938109642468
0.08407898344007834
0.02574842201329407
0.08203367811755845
0.12562097531754407
0.07783577723913057
0.02606552402874464
0.03315121787447266
0.030369926591576474
0.0499563487948673
0.01886294762847857
0.07263633441096551
0.07549492080636568
0.1486257808033644
0.10682207689039455
0.01123270665198179
0.037913590993557775
0.12084401094522407
0.019831333858864313
0.055243909581914184
0.019831333858864313
0.12084401094522407
0.037913590993557775
0.01123270665198179
0.10682207689039455
0.1486257808033644
0.07549492080636568
0.07263633441096551
0.01886294762847857
0.0499563487948673
0.030369926591576474
0.03315121787447266
0.02606552402874464
0.07783577723913057
0.12562097531754407
0.08203367811755845
0.02574842201329407
0.08407898344007834
0.17804938109642468
0.03096506962259438
0.11476088323591413
0.14348541898763764
0.04679697996828958
0.08829717894321586
0.16443381243822627
0.1307496950025591
0.12829102169570594
0.06233068948371806
0.18262087565711296
0.100622482317071
0.1107861132125477
0.028837487490343528
0.09418857300620886
0.01989011517694243
0.0391995450526706
0.11699559298513558
0.03473078736270962
0.049288576287018965
0.02099232211818034
0.027113164616397414
0.027622640923671605
0.07030812425567536
0.22462334076509222
0.044272809585495836
0.06901552419935883
0.03073286601874375
0.09037818983634183
0.43111184269233754
0.022330674786481187
0.11419124951694146
0.015036136513052599
0.06550332950594877
0.06605982752487943
0.09217613237609398
0.0389247846192488
0.04772276053179598
0.013788908426915478
0.1614821751543353
0.07303175696150162
0.012992068746338238
0.10571444481903113
0.06719596475256238
0.0570887339532387
0.0016985716524170603
0.19638645683977426
0.07445149486665453
0.04882737111335794
0.03696066139345438
0.06500142682244184
0.039483293642406346
0.05728050553775574
0.09915081807695701
0.031741326762331344
0.004989644128836185
0.058232361493512304
0.12243120114170063
0.18965304329689667
0.039502906444814606
0.012494090433340745
0.056990614561457806
0.11077952234756648
0.12960121794646987
0.005260751583428328
0.07034196384730836
0.029099170587214084
0.11653284204976205
0.09398287162237558
0.12824534324348313
0.05161024092329085
0.10370900585894816
0.0297098381032697
0.20549069400055092
0.23654270855737605
0.1699331043028148
0.08375172256395257
0.05440641289658474
0.007859690095082786
0.15575097817325734
0.07937163827062178
0.11752309784260227
0.1730337359807634
0.09340954543486525
0.08295111677282001
0.03457930081807616
0.0010463141959832138
0.04822297493898364
0.2639557914223336
0.24491741254877775
0.16724785190665833
0.023043023693672032
0.22108790348049268
0.20389425201089847
0.06432895101913673
0.1592941776039651
0.0442816420876267
0.006243809537423796
0.1475652116870191
0.16128070167418157
0.12403351355707715
0.09902820209699323
0.005647933389532099
0.08996237228438517
0.11004579272595305
0.11457463972678408
0.09119503416093122
0.12353015257572753
0.08482497669484268
0.01732944704197886
0.038343738468941936
0.11795525344591191
0.12308894199690781
0.14067834890934833
0.17579378076048513
0.03363639530794964
0.023429102892891455
0.02835551074474554
0.12203900617455907
0.06632209597334524
0.09379775801275544
0.07966618892253277
0.08996832586403088
0.12384479252196443
0.023902630750070323
0.08368901621454697
0.05307141930152375
0.06632084496653949
0.08169874869787164
0.23601511352034527
0.09863955990647633
0.3023432027540141
0.0990647996223086
0.10961957544606635
0.13922067328853985
0.2071646609321782
0.2280986620747264
0.06819169832875883
0.03624507217436905
0.008198798946266274
0.14453867924320443
0.1056650048422427
0.024287697417881365
0.10419779865619175
0.047670460206769016
0.044289103114153315
0.011481003269171994
0.03047579667232527
0.15242628239160283
0.15170801484840366
0.04971828065918269
0.11076164348693064
0.08538206342362896
0.04851191880322812
0.2743412720378389
0.13882865204470363
0.10807717098863077
0.04958410350588755
0.1708988519914028
0.31720355228337527
0.24372819554016464
0.18222182823406197
0.07260133290113627
0.06357138528603155
0.013858023884351004
0.12504578738346947
0.02953343449401334
0.026401625917240695
0.24391811832244073
0.0027143993470493274
0.14662854868280978
0.1880763329677686
0.02140257991586688
0.012075234251708835
0.022184488988022243
0.14980759185898626
0.0599484516822508
0.006186060637885157
0.4365860578798005
0.32224784386173816
0.08224646964483695
0.006791817674208914
0.16112589071402547
0.06341994041117965
0.16787123409941984
0.17335129213516337
0.4141615644704092
0.3475349768795491
0.05307652975029164
0.12112068957459252
0.04523030402070029
0.06895894393440274
0.0724696518248
0.09971673347798925
0.2562680425258983
0.014593349825477173
0.10412941083997358
0.11192001044832442
0.11262751631787911
0.06693810782347795
0.09899048685841637
0.08103870598086578
0.06804227658408621
0.010512795632936658
0.03995405118214319
0.1319620495546459
0.11778105103975003
0.11352867317794803
0.179039066598786
0.015734281203698023
0.07725775843682783
0.011990543667009516
0.08286586437287127
0.07520607771918482
0.05698791175950859
0.08694995560616464
0.07281759018932189
0.07625005110042557
0.06453561679255986
0.02620548166893685
0.048908051696511884
0.26568545516438125
0.015910608602046277
0.07070355420541494
0.14586340851193472
0.47718774589834334
0.2775959864684951
0.07250270372232293
0.1311138665746656
0.12892908681667337
0.08650351181519093
0.04383193426371637
0.2002019609989596
0.31630359929218504
0.281080069417776
0.17788713191812477
0.16501360186059005
0.04038701147955558
0.11959990435873494
0.14509574349399323
0.1312883272560214
0.1444539594420079
0.14542691621357606
0.47068604613204834
0.1776933406985204
0.08931299617678332
0.25878004940263966
0.07912689248984955
0.4971489862465511
0.2484538595663035
0.3876755568551697
0.8416337481896942
0.35944870405596174
0.13076883762894853
0.011725388139342109
0.18100070120232045
0.14538198239454164
0.08153444264150009
0.18235584682754583
0.1926651030765691
0.1769277678690061
0.17408555097774275
0.055367820135182884
0.024360271127004857
0.15506150494423848
0.19533243043860307
0.04233399271856034
0.2885415993954005
0.38651624604264784
0.35724392924451653
0.026142144633932437
0.029233252759669634
0.025915194540139106
0.22864279032230822
0.24178892175957867
0.07921924071404175
0.23113755681609288
0.09376509815766687
0.1085312604243868
0.22623077951957488
0.18991422490421297
0.14802380280646352
0.23711236016272688
0.02584594639667035
0.21929366571882922
0.051276292519599496
0.17266231079786803
0.3522367024077002
0.339973804550619
0.06905488697739273
0.0316796812905745
0.12375059765918299
0.15338492215636643
0.03986205016518042
0.09175480568176198
0.0705646111414395
0.038909649237265795
0.1487349808199962
0.18770025001290197
0.28876373481914047
0.028511001740764676
0.0970886939456615
0.019374938071182624
0.030043560923837222
0.24613004815335243
0.3636694152258826
0.3616899896148873
0.051047503939781004
0.18580654406864205
0.008059531253147833
0.15107159996724887
0.009991971654993204
0.040611327708022095
0.2355565544540383
0.10544587907380165
0.16753265579471413
0.30791007225619976
0.16287660741457352
0.10226069940613862
0.1076458730052561
0.03895295581197462
0.01059685382548392
0.12781637647041075
0.08689486618190917
0.12900775232061734
0.28100370183970613
0.15401735003864167
0.27268767858188475
0.17917029437190832
0.0611565911241409
0.04893461595697839
0.10927200268591704
0.0020734453555980264
0.4497614454643658
0.6272688984889471
0.05867012716386681
0.19905271442219474
0.05063439590868997
0.14593309356765813
0.0559608178106135
0.045453919752626734
0.29986237439781155
0.40479603578608736
0.0467875053501535
0.10926103364720569
0.0059780000611593
0.07978766991554137
0.006049295602384821
0.1177892765645019
0.0671455612150967
0.25257258536456517
0.35095011341686877
0.16530756859136314
0.11791907463813843
0.21392212262782756
0.1722021693474936
0.20079158042789877
0.001116160956253307
0.1190835325291413
0.21540307644995504
0.38918470034120356
0.3758027159704386
0.11655446247804492
0.007984698894808143
0.029157131250341695
0.17668808252266124
0.14181041419458842
0.11626931317292451
0.09614079569606276
0.0472504874607232
1.0
0.5137974205617192
0.30222098913298945
0.058907058144131434
0.06749679470202916
0.08150428579304898
0.07074237346737301
0.009015706758474703
0.02490553734430796
0.44885800757961325
0.09021770124142851
0.038051516557789995
0.1964377442130307
0.09751690364534521
0.040007569305395306
0.020771543652128587
0.06802164372460477
0.0433140145873553
0.0711791549459176
0.2995058785024354
0.28286671551166365
0.12481688142848046
0.06830252913465215
0.1008129818627713
0.21358994709412502
0.3018688742335436
0.4005184367018172
0.8014559953771861
0.0115172560399876
0.031265831637716665
0.11456637511341691
0.21784597656072147
0.15876906137688696
0.05465094305967067
0.05932331726690474
0.23190293833031317
0.22118214742802855
0.15245984040192712
0.1604667453081872
0.09942805463835658
0.11341056667909342
0.10933704348323481
0.08439469480152675
0.13260601595566845
0.18596977119738756
0.06638973646846728
0.09724571960516401
0.468024612479111
0.029584183590942018
0.16874114780897265
0.36953423513561556
0.11191769278996445
0.0745956885259076
0.029597771072383237
0.12924714477004642
0.8653693853056333
0.3131911172222472
0.21784073984835292
0.25398151055767454
0.1413232577513561
0.316302401127492
0.07837311545637482
0.10329090666543042
0.06775300610780229
0.006110375836905923
0.06004661776141893
0.27859067545265237
0.046331145499986764
0.09840669490226094
0.12090153390250817
0.1885874728732283
0.3388471037588879
0.11929836670541198
