0.027615716325133263
0.066787388081481
0.03112472477857641
0.08035575699709256
0.1327529727140871
0.10814359524950769
0.005737956887718981
0.0669144420329936
0.05719334881561475
0.39043873865440765
0.18819633666763083
0.09586790586863117
0.07256295214910381
0.16219290503296427
0.06196650007406978
0.02009689862582348
0.15811073948965576
0.027208143782935516
0.04903386420546487
0.03171476633036146
0.008104375737702995
0.18723934025545189
0.0016988959761627318
0.02205087881424247
0.06552268804324195
0.0011626554372731997
0.019311032684363107
0.04822586172391114
0.14464720157988253
0.012275662777991813
0.043942680741156356
0.05551259598473043
0.03475149761521852
0.001119536913772228
0.10034416876728877
0.10131235622632448
0.17087297173057292
0.3900504632430458
0.10549797911837218
0.03865010914265539
0.025509202849824903
0.02598185862928332
0.022142849813664805
0.04357780088197997
0.14520626295436526
0.07282071985168814
1.0
0.13286570411537846
0.041094622387044526
0.12184266898757105
0.008120402282374133
0.003449759260148018
0.07290463233929241
0.021569418495240654
0.09147826867402513
0.2655060110853565
0.07287311236833872
0.025849252544018063
0.05115803146963312
0.012130815319376556
0.057779411600865256
0.048745375035359126
0.11780620934636173
0.01688462142423768
0.0618305893959124
0.17922263100418584
0.09814185580103359
0.029346772460318558
0.004564549053476542
0.10644389860762989
0.07529914279885468
0.15796470383881456
0.003206600250984385
0.1798666479361216
0.041342673003454365
0.035604501774113326
0.016727279887575632
0.009205238775044424
0.027756394557489825
0.046561492390612455
0.0688288115343412
0.0619962728310583
0.1523796491986312
0.23374420451858324
0.009120366364644422
0.04830275883909708
0.0917312113627846
0.06780523825984465
0.008119151680139729
0.019080664921103958
0.0960750066272601
0.08220680452963905
0.04290959317530968
0.01090127413073335
0.060440056612508695
0.06944249596595618
0.013079756374301971
0.0023840361944494
0.0433280639688002
0.017038805767383796
0.03040401736607797
0.011148919717408947
0.11231511089509726
0.035866942932862786
0.0283775888128922
0.13088590172117706
0.051675947465138906
0.027399990227650408
0.061032064736927134
0.00744117349728334
0.18079220304188098
0.03816318118681054
0.07327860301968113
0.03583490567496547
0.07080491258806895
0.03443974338169171
0.05780971819563467
0.08871822444849572
0.06756859543381674
0.04078266324109394
0.047975198625078846
0.040855314864556444
0.058100489934736786
0.01775712032706561
0.03666432642905215
0.01837557622650745
0.11540092672589908
0.016168965003857113
0.05922863117244194
0.05179748373960598
0.018374518324235083
0.059410646731683045
0.14438218393549132
0.09778459776177961
0.006162392242422412
0.05085350944476275
0.03095381269847306
0.06132062579753445
0.050210180459620654
0.08708279729501513
0.027814263692715474
0.02663834267874525
0.0839452276464421
0.013335207886006867
0.011847888263015383
0.06930848703539139
0.08364809336911612
0.00468512648693308
0.0515314173658941
0.08168786949414902
0.03547163684918572
0.03216627485802341
0.015408538325930723
0.09454919255671222
0.14728382040071072
0.03952789601158284
0.12416788456506427
0.16362262228837626
0.004808291767299973
0.018870901456423932
0.0675342357976985
0.0533128208501191
0.04294910490914509
0.06974842052496291
0.02192443558372207
0.03870674466574841
0.11705930904528004
0.14359231462612415
0.012880049093090604
0.022523674216792113
0.0415405926527279
0.017935896691644897
0.038092017195592937
0.06765455907707649
0.008405104484094804
0.05324625386464963
0.03621777685460745
0.01615127318185123
0.027214814893354953
0.009459475697872876
0.033640766420742214
0.01223800952721488
0.0901432667390439
0.053200293288669834
0.03252807917769693
0.08985102218849844
0.06421533221925242
0.034858223713633604
0.11088950739080788
0.11760235898637031
0.12665568311937042
0.049915436328584806
0.2311793651057293
0.2800892243137808
0.5841283891193028
0.013718355989975548
0.06729775551855809
0.013450267450838162
0.018646639081395917
0.05134684398831058
0.040980966669790266
0.07255154524412152
0.010784928635066058
0.369240019919778
0.06463627794032971
0.04269648322192365
0.07412277971950353
0.07034683126524491
0.04191895298559339
0.002248804774720023
0.056068851687863124
0.02878034419042967
0.1298601761315954
0.0887456332147844
0.04694363881380688
0.005444684763393235
0.016863334446498592
0.03222840505043545
0.016101436522197147
0.04757816383565597
0.007931353184795119
0.11169658341678868
0.02321793617009128
0.025068400305544077
0.04177975370081618
0.05759876749701394
0.03791593015212589
0.004170120149208788
0.016151962008072215
0.0626098782310829
0.009842613540534992
0.03682095510017768
0.08572257509785712
0.07346809969166129
0.022407721866167105
0.004033616135494126
0.054588493156952946
0.006481162490214704
0.01694835654891983
0.011949703182805142
0.006754810865973899
0.04593644654072806
0.07871772994345144
0.006399952503028096
0.04789875300230258
0.08306779440817015
0.01834045159138251
0.01632252090870877
0.015427160935697086
0.25181412609431736
0.06410776983200053
0.08211035375368217
0.0684764899933743
0.015563531173265262
0.01353166036938601
0.0483926598978701
0.036923729267768636
0.0032166652489758344
0.11947398425779009
0.03931469734012706
0.013126043350621116
0.09898368085470449
0.018247811488681553
3.314750667439473E-4
0.008830395808834813
0.04158785821257648
0.07466956622130036
0.015371425357113883
0.10277312727663998
0.07646732550840227
0.025371215423047027
0.02419570579062885
0.06145737356584344
0.020769145225093984
0.0599856268660932
0.009804093592771427
0.07682170781539653
0.08071333891102128
0.01609458247059941
0.012165599962508357
0.057244458939694556
0.0014459785563699483
0.0851975319740842
0.06153477827243624
0.011214907065188262
0.05137195830474501
0.038485543773586164
0.05094391994998933
0.04369663004809783
7.091149805059051E-4
0.13389366917711842
0.09416345941997357
0.038366048831506364
0.05210268579071361
0.058427373832545676
0.002869010825184361
0.04854353660525917
0.05222262375180255
0.030184695541732785
0.03148623223057143
0.02820651066265367
0.00635475412614985
0.08017106890209916
0.004115432293227445
0.0256280062192035
0.03771283419221988
0.10707818424954875
0.018275803119883895
0.0
0.0065264264427571375
0.0286596574962766
0.02689578747541524
0.0260725650435235
0.062465649658457856
0.033752636473186014
0.05838454707290121
0.040300072942453156
0.10775936849810198
0.0357097948064407
0.02004700043759052
0.00382545943761491
0.05711793394445933
0.021112366701171798
0.01715659902749084
0.008638698807676261
0.02160627101072766
0.06312398471688377
0.003072075983033388
0.020396495213598556
0.007389541933379538
0.08572675816854777
0.07399988965442038
0.03249678648181108
0.01590049483189584
0.020655726898338507
0.0036478372794278503
0.02272549978817446
0.040265615125846387
0.06248418054896698
0.026599827720043753
0.08155597915864037
0.07046258036883633
0.02311669891937062
0.03719675053647911
0.0018342879991792584
0.011836948325178905
0.05783234391690985
0.07783086079316624
0.010861085745505013
0.03349107675154669
0.007101769691928983
0.07798452217651229
0.006969154007415316
0.009461499891642031
0.026386770096176505
0.0651825294093137
0.05692104644945293
0.01972765741869855
0.04102874769809227
0.01231282017036852
0.027814483455817225
0.036059604435591135
0.017013879241419227
0.03656981692837671
0.011402776731663934
0.002824190392945491
0.0027340158851910704
0.07147428283485828
0.009558915903295004
0.02013174294614073
0.0632506339279717
0.01386800938713987
0.011408952484886518
0.03513719056539725
0.027824071762255407
0.025488042721768012
0.033793098204333946
0.0178082072159406
0.021909032683862056
0.0018768742686180778
0.03340459843456625
0.010629253705707931
0.052383792831426364
0.05856247611939187
0.022896696910711275
0.009205238775044419
0.04462298847537898
0.038799762410722055
0.05395300354695572
0.04361684569140258
0.05894002461645077
0.021969476511718957
0.01593245249161547
0.015009963903421734
0.03903548806635273
0.020248480231770283
0.04274971444379307
0.01405266725902869
0.018819406833393292
0.030769891134432605
0.010257917646056127
0.0031123043826511926
3.105877317912558E-4
0.0180772212245817
0.07113490075717722
0.04251674243426065
0.04034783104231181
0.001275948376359652
0.02324862321928678
0.008932459437924466
0.0014248320567049684
0.012471056322016146
0.08590451901575263
0.005394679009770212
0.04842478063960773
0.020389120098450352
0.05474914640206733
0.09137545167799957
0.061225933966149226
0.005490626984821352
0.014925998491664805
0.023303044421515824
0.08921806770472594
0.056508205749261006
0.08618000147515478
0.04445906880754151
0.052643964539707044
0.0584097781967182
0.017591629661816356
0.053605140276639346
0.03525483973718678
0.02470782318434472
0.049197383250749335
0.041601566744817485
0.14065233600009683
0.07104276880775016
0.06549490239834371
0.05302818069161884
0.004751262718384523
0.12993385956018588
0.010686179910558683
0.0907405486844155
0.006512690400504932
0.027328576730639313
0.030381163462063494
0.043399848669557234
0.06841642869263284
0.08832444775644725
0.057973359016535
0.010007584824148312
0.06869345469090882
0.0070091137499894785
0.007148327083916978
0.08868850341581286
0.044910250776889524
0.12944926336056528
0.06640559066380933
0.01465066962573406
0.010555613857705023
0.04849616845103221
0.04650444840192559
0.0849531356825861
0.0460261938752221
0.0849531356825861
0.04650444840192559
0.04849616845103221
0.010555613857705023
0.01465066962573406
0.06640559066380933
0.12944926336056528
0.044910250776889524
0.08868850341581286
0.007148327083916978
0.0070091137499894785
0.06869345469090882
0.010007584824148312
0.057973359016535
0.08832444775644725
0.06841642869263284
0.043399848669557234
0.030381163462063494
0.027328576730639313
0.006512690400504932
0.0907405486844155
0.010686179910558683
0.12993385956018588
0.004751262718384523
0.05302818069161884
0.06549490239834371
0.07104276880775016
0.14065233600009683
0.041601566744817485
0.049197383250749335
0.02470782318434472
0.03525483973718678
0.053605140276639346
0.017591629661816356
0.0584097781967182
0.052643964539707044
0.04445906880754151
0.08618000147515478
0.056508205749261006
0.08921806770472594
0.023303044421515824
0.014925998491664805
0.005490626984821352
0.061225933966149226
0.09137545167799957
0.05474914640206733
0.020389120098450352
0.04842478063960773
0.005394679009770212
0.08590451901575263
0.012471056322016146
0.0014248320567049684
0.008932459437924466
0.02324862321928678
0.001275948376359652
0.04034783104231181
0.04251674243426065
0.07113490075717722
0.0180772212245817
3.105877317912558E-4
0.0031123043826511926
0.010257917646056127
0.030769891134432605
0.018819406833393292
0.01405266725902869
0.04274971444379307
0.020248480231770283
0.03903548806635273
0.015009963903421734
0.01593245249161547
0.021969476511718957
0.05894002461645077
0.04361684569140258
0.05395300354695572
0.038799762410722055
0.04462298847537898
0.009205238775044419
0.022896696910711275
0.05856247611939187
0.052383792831426364
0.010629253705707931
0.03340459843456625
0.0018768742686180778
0.021909032683862056
0.0178082072159406
0.033793098204333946
0.025488042721768012
0.027824071762255407
0.03513719056539725
0.011408952484886518
0.01386800938713987
0.0632506339279717
0.02013174294614073
0.009558915903295004
0.07147428283485828
0.0027340158851910704
0.002824190392945491
0.011402776731663934
0.03656981692837671
0.017013879241419227
0.036059604435591135
0.027814483455817225
0.01231282017036852
0.04102874769809227
0.01972765741869855
0.05692104644945293
0.0651825294093137
0.026386770096176505
0.009461499891642031
0.006969154007415316
0.07798452217651229
0.007101769691928983
0.03349107675154669
0.010861085745505013
0.07783086079316624
0.05783234391690985
0.011836948325178905
0.0018342879991792584
0.03719675053647911
0.02311669891937062
0.07046258036883633
0.08155597915864037
0.026599827720043753
0.06248418054896698
0.040265615125846387
0.02272549978817446
0.0036478372794278503
0.020655726898338507
0.01590049483189584
0.03249678648181108
0.07399988965442038
0.08572675816854777
0.007389541933379538
0.020396495213598556
0.003072075983033388
0.06312398471688377
0.02160627101072766
0.008638698807676261
0.01715659902749084
0.021112366701171798
0.05711793394445933
0.00382545943761491
0.02004700043759052
0.0357097948064407
0.10775936849810198
0.040300072942453156
0.05838454707290121
0.033752636473186014
0.062465649658457856
0.0260725650435235
0.02689578747541524
0.0286596574962766
0.0065264264427571375
0.0
0.018275803119883895
0.10707818424954875
0.03771283419221988
0.0256280062192035
0.004115432293227445
0.08017106890209916
0.00635475412614985
0.02820651066265367
0.03148623223057143
0.030184695541732785
0.05222262375180255
0.04854353660525917
0.002869010825184361
0.058427373832545676
0.05210268579071361
0.038366048831506364
0.09416345941997357
0.13389366917711842
7.091149805059051E-4
0.04369663004809783
0.05094391994998933
0.038485543773586164
0.05137195830474501
0.011214907065188262
0.06153477827243624
0.0851975319740842
0.0014459785563699483
0.057244458939694556
0.012165599962508357
0.01609458247059941
0.08071333891102128
0.07682170781539653
0.009804093592771427
0.0599856268660932
0.020769145225093984
0.06145737356584344
0.02419570579062885
0.025371215423047027
0.07646732550840227
0.10277312727663998
0.015371425357113883
0.07466956622130036
0.04158785821257648
0.008830395808834813
3.314750667439473E-4
0.018247811488681553
0.09898368085470449
0.013126043350621116
0.03931469734012706
0.11947398425779009
0.0032166652489758344
0.036923729267768636
0.0483926598978701
0.01353166036938601
0.015563531173265262
0.0684764899933743
0.08211035375368217
0.06410776983200053
0.25181412609431736
0.015427160935697086
0.01632252090870877
0.01834045159138251
0.08306779440817015
0.04789875300230258
0.006399952503028096
0.07871772994345144
0.04593644654072806
0.006754810865973899
0.011949703182805142
0.01694835654891983
0.006481162490214704
0.054588493156952946
0.004033616135494126
0.022407721866167105
0.07346809969166129
0.08572257509785712
0.03682095510017768
0.009842613540534992
0.0626098782310829
0.016151962008072215
0.004170120149208788
0.03791593015212589
0.05759876749701394
0.04177975370081618
0.025068400305544077
0.02321793617009128
0.11169658341678868
0.007931353184795119
0.04757816383565597
0.016101436522197147
0.03222840505043545
0.016863334446498592
0.005444684763393235
0.04694363881380688
0.0887456332147844
0.1298601761315954
0.02878034419042967
0.056068851687863124
0.002248804774720023
0.04191895298559339
0.07034683126524491
0.07412277971950353
0.04269648322192365
0.06463627794032971
0.369240019919778
0.010784928635066058
0.07255154524412152
0.040980966669790266
0.05134684398831058
0.018646639081395917
0.013450267450838162
0.06729775551855809
0.013718355989975548
0.5841283891193028
0.2800892243137808
0.2311793651057293
0.049915436328584806
0.12665568311937042
0.11760235898637031
0.11088950739080788
0.034858223713633604
0.06421533221925242
0.08985102218849844
0.03252807917769693
0.053200293288669834
0.0901432667390439
0.01223800952721488
0.033640766420742214
0.009459475697872876
0.027214814893354953
0.01615127318185123
0.03621777685460745
0.05324625386464963
0.008405104484094804
0.06765455907707649
0.038092017195592937
0.017935896691644897
0.0415405926527279
0.022523674216792113
0.012880049093090604
0.14359231462612415
0.11705930904528004
0.03870674466574841
0.02192443558372207
0.06974842052496291
0.04294910490914509
0.0533128208501191
0.0675342357976985
0.018870901456423932
0.004808291767299973
0.16362262228837626
0.12416788456506427
0.03952789601158284
0.14728382040071072
0.09454919255671222
0.015408538325930723
0.03216627485802341
0.03547163684918572
0.08168786949414902
0.0515314173658941
0.00468512648693308
0.08364809336911612
0.06930848703539139
0.011847888263015383
0.013335207886006867
0.0839452276464421
0.02663834267874525
0.027814263692715474
0.08708279729501513
0.050210180459620654
0.06132062579753445
0.03095381269847306
0.05085350944476275
0.006162392242422412
0.09778459776177961
0.14438218393549132
0.059410646731683045
0.018374518324235083
0.05179748373960598
0.05922863117244194
0.016168965003857113
0.11540092672589908
0.01837557622650745
0.03666432642905215
0.01775712032706561
0.058100489934736786
0.040855314864556444
0.047975198625078846
0.04078266324109394
0.06756859543381674
0.08871822444849572
0.05780971819563467
0.03443974338169171
0.07080491258806895
0.03583490567496547
0.07327860301968113
0.03816318118681054
0.18079220304188098
0.00744117349728334
0.061032064736927134
0.027399990227650408
0.051675947465138906
0.13088590172117706
0.0283775888128922
0.035866942932862786
0.11231511089509726
0.011148919717408947
0.03040401736607797
0.017038805767383796
0.0433280639688002
0.0023840361944494
0.013079756374301971
0.06944249596595618
0.060440056612508695
0.01090127413073335
0.04290959317530968
0.08220680452963905
0.0960750066272601
0.019080664921103958
0.008119151680139729
0.06780523825984465
0.0917312113627846
0.04830275883909708
0.009120366364644422
0.23374420451858324
0.1523796491986312
0.0619962728310583
0.0688288115343412
0.046561492390612455
0.027756394557489825
0.009205238775044424
0.016727279887575632
0.035604501774113326
0.041342673003454365
0.1798666479361216
0.003206600250984385
0.15796470383881456
0.07529914279885468
0.10644389860762989
0.004564549053476542
0.029346772460318558
0.09814185580103359
0.17922263100418584
0.0618305893959124
0.01688462142423768
0.11780620934636173
0.048745375035359126
0.057779411600865256
0.012130815319376556
0.05115803146963312
0.025849252544018063
0.07287311236833872
0.2655060110853565
0.09147826867402513
0.021569418495240654
0.07290463233929241
0.003449759260148018
0.008120402282374133
0.12184266898757105
0.041094622387044526
0.13286570411537846
1.0
0.07282071985168814
0.14520626295436526
0.04357780088197997
0.022142849813664805
0.02598185862928332
0.025509202849824903
0.03865010914265539
0.10549797911837218
0.3900504632430458
0.17087297173057292
0.10131235622632448
0.10034416876728877
0.001119536913772228
0.03475149761521852
0.05551259598473043
0.043942680741156356
0.012275662777991813
0.14464720157988253
0.04822586172391114
0.019311032684363107
0.0011626554372731997
0.06552268804324195
0.02205087881424247
0.0016988959761627318
0.18723934025545189
0.008104375737702995
0.03171476633036146
0.04903386420546487
0.027208143782935516
0.15811073948965576
0.02009689862582348
0.06196650007406978
0.16219290503296427
0.07256295214910381
0.09586790586863117
0.18819633666763083
0.39043873865440765
0.05719334881561475
0.0669144420329936
0.005737956887718981
0.10814359524950769
0.1327529727140871
0.08035575699709256
0.03112472477857641
0.066787388081481
