-0.30038075445288165
0.041352063867911
0.13632426828209573
0.19013074126900778
0.010401700861008752
0.23529968242431923
0.14629045846549515
0.5583820442543457
0.13239276757613305
0.7240225047653096
0.13225293675715213
0.011838426817250077
0.09661746755869433
0.15048306352467763
0.13741621304994328
0.02041743774685497
0.11944547287973649
0.03812403957153535
0.6348719121337089
1.0
0.45538463369118176
0.1908625865081475
0.0454995126368994
0.01900087366260175
0.24880746688728259
0.10355345137438308
0.08368076935468423
0.26077260417361003
0.07690060274391483
0.014860750152927106
0.015341096640679178
0.19747154761556684
0.11403187630183656
0.2013550834196121
0.218000510608127
0.06866938769053776
0.14426371617917913
0.7994184545247744
0.07620215380830943
0.040555471236585296
0.22901972744425325
0.02227161533071387
0.12421204432186815
0.046739268623010206
0.24653236777914594
0.307502697582921
0.2576215414770621
0.17426019870832055
0.3788421861337967
0.008237393557797085
0.1668521810396141
0.08223377174557171
0.11224900663958474
0.14200282387425867
0.3011885733786788
0.03257961462031651
0.003793957080944172
0.047445671609407186
0.015658571690968973
0.2409859556249292
0.042989912414597424
0.06368996249375003
0.010993280322958151
0.2407733589837872
0.1377530751492107
0.36074037835281214
0.14109955881176992
0.0343373560407749
0.06277145015905546
0.041049611213906
0.03193820203892675
0.11125558120018182
0.13487781667069362
0.19706157393437487
0.6399645973939947
0.34572116553340243
0.006884325631685937
0.07468045076981421
0.20049210320925168
0.3064533559908805
0.19796502916779116
0.0701719089908298
0.05513925258577778
0.48860830651505516
0.18993911792027232
0.3411057633285376
0.13063946371394378
0.03355140365691883
0.05995618378796529
0.05495704932874761
0.20300446037465542
0.18293565802845718
0.1254128772269585
0.19558878923733342
0.0953282275789578
0.029319275023321573
0.0059994147743474315
0.07748494141240998
0.2016243579910954
0.15384398639465863
0.21294391547701658
0.01777773882675551
0.07607967604627223
0.04584070902647077
0.11641874477321534
0.17396570020820565
0.2329788074905773
0.020911624173398095
0.05654173390052926
0.07414275663222081
0.06830391782756749
0.15570870114324775
0.0879146783442261
0.11183225730660484
0.01486292647255193
0.15165912656258346
0.1113202611925501
0.09954048510996166
0.1587476847858373
0.08654558331887054
7.97693163018658E-4
0.2185020271417022
0.16848432501537491
0.04953267605409303
0.01609724380987176
0.26807159590798907
0.0019041677545527684
0.04187249169613651
0.2838184396905999
0.0658295792823145
0.2205837284400043
0.017654918329783418
0.020957557392867303
0.015728509202353077
0.13409861648730118
0.17663576557975094
0.04841896590308157
0.15102093552186743
0.21287665100893804
0.1421371678730696
0.04614901987039456
0.0794005699204999
0.17061791111102736
0.20396845977882605
0.1914180090729511
0.01516517057285759
0.13018356041496829
0.049248283259211184
0.2553713088830438
0.12711309973899068
0.03858499715407431
0.05799208053582222
0.0046018989095759815
0.06171656817443022
0.011553105940495445
0.031558419927916574
0.1571174919236106
0.23952161048697237
0.07899879474863887
0.054632242608220555
0.221017693858052
0.20870529794727885
0.08549585301779725
0.1891536570076327
0.017906426967306384
0.24468459025707592
0.04900172390125067
0.23879779861257724
0.12187522141905838
0.11682901160268222
0.13886048711798968
0.04481505334439228
0.14403111861617057
0.09902539968167476
0.0803178529900182
0.09120392805131676
0.10347157917386526
0.14042966584935232
0.0327869411702088
0.02508438120724484
0.03037236198224772
0.15878375256608357
0.032011474447586265
0.48538122195619354
0.16479097119047195
0.046553195989638
0.5543488441607105
0.46791816841262485
0.08072812159525179
0.06347229171815855
0.056195495605132116
0.1557249766465651
0.5915784631829155
0.0528319379841623
0.08178427989740673
0.20413452766064497
0.31246407371964785
0.16120962433202307
0.09753881787416675
0.14858204900994537
0.25784541958839774
0.013310398300380966
0.0661297166321889
0.3121875558126279
0.016493592058532337
0.07556436007147814
0.04846957548953704
0.057081801716671494
0.1246911371634235
0.030529632780480286
0.08820484998135152
0.0749975021741809
0.3166995525804129
0.05949987595563317
0.025286122314241873
0.06405479022361665
0.048375219775685124
0.02589274341282883
0.21898014942757732
0.0954534606845199
0.29274167935582035
0.1598828583097834
0.032530901677490606
0.20134842399556996
0.10899052791701189
0.049307951761237916
0.10967689030882298
0.06631370829446671
0.1653975982467023
0.023159835215130018
0.10616924172467011
0.0
0.015307694617296053
0.005957100534078959
0.0287643346826612
6.404313491695287E-4
0.05043802591498948
0.06007908358816659
0.05518718094454055
0.00700224367910088
0.06175528801680555
0.18461264621336917
0.11284516795517802
0.16798280259114468
0.11298678880575161
0.050629924410391616
0.16323183217032713
0.026593723796941637
0.21086503383338082
0.09833466817315603
0.2337539569146455
0.023556387512952085
0.13480883444290614
0.05130055766643918
0.04625270465386337
0.18133924915666683
0.1515606516230866
0.08109953312015798
0.18484826483718225
0.004060224947564103
0.03577363424678207
0.03750979496815055
0.2101748604031873
0.033592647059839116
0.06392550562689457
0.03275862322798674
0.03542970097299408
0.04494089672307443
0.013312787639436984
0.2704739787735787
0.122736647699425
0.031021108472675862
0.19482173697309071
0.02408309151348711
0.02377159813870305
0.20222425956561643
0.006068976262403559
0.2346836994499603
0.29967036410721143
0.20768163054846456
0.1550123096136018
0.06332232456537651
0.04724203413007751
0.04862495743825658
0.006321177596143344
0.06687478846736
0.006481793048434895
0.026362868827385776
0.048010286591829106
0.07119882682208414
0.06591126324998513
0.08411749978691445
0.08657141562568492
0.053932324537834815
0.04512244603188874
0.028784426605215303
0.12977273382742482
0.010055715513730587
0.00880731417027498
0.013559621388747016
0.06674686976861376
0.15274902866619994
0.008533364384571474
0.004086651721462838
0.05970966943234927
0.08627020514775705
0.09633961651605201
0.029931400738908532
0.011553105940495453
0.017887158971612645
0.08198074563766301
0.06768687431473527
0.03127962045799948
0.12276960074703178
0.017537378965499523
0.016208445144194415
0.027815019909325455
0.13918251231130693
0.14307523472628908
8.667250753264567E-4
0.08586725986904602
0.08467804119461868
0.06614410014483701
0.0811447503839969
0.05396439887204845
0.007839907528438926
0.078816622743246
0.11355283708026206
0.025812418153440965
0.0035200898198133384
0.1412889541103239
0.03940187084934456
0.020026555592594874
0.021608523580462335
0.012316564121903222
0.013776963947349594
0.0423548397210864
0.006114875278105828
0.042669628112551504
0.015794452709966395
0.026954584864660264
0.055118557912707644
0.12677801847645753
0.033230758690780404
0.09254044070786334
0.043513467688491944
0.0020211759758015
0.0732598811436254
0.016908032115286985
0.020447152871641967
0.052037676996282
0.07154048570537469
0.11770294535059428
0.01658056903205989
0.003941284021737344
0.07706232706454413
0.11304972548848502
0.03583303934013166
0.19025384494895076
0.029896914285194653
0.033686226425538535
0.13314943833338086
0.016079060725279544
0.013730497565203621
0.11330400516340373
0.09589598179884155
0.02735307671828578
0.027575912139998746
0.0739692029754129
0.09711920593542693
0.11023363160743506
0.012003226327611742
0.08452137480296845
0.05771813254497009
0.0815553862521368
0.0838432944452176
0.056325431036250366
0.0037012165055734804
0.019459414531148952
0.006284182289598916
0.03760018577376918
0.05697699695478196
0.03969105143675713
0.05724421895866929
0.01584565943567997
0.005361815126841522
0.24048140571790952
0.0036476569041936227
0.09614850407716172
0.1369644765574293
0.054636130772614304
0.10665655951480042
0.11784037745486332
0.03065447089441859
0.13928420637660344
0.1351061266673048
0.146179055790147
0.04138962647834764
0.06482558494899787
0.032568897421088386
0.01129025963989753
0.014766590642946791
0.015743693112938762
0.06232280034144354
0.18454959078962305
0.004896926607595176
0.012576486837490086
0.012980610306749194
0.04969026220926824
0.06929868772317552
0.020368726178255955
0.127118865835029
0.018581405767443437
0.11392728259838591
0.12052528263300424
0.16365037832872487
0.02589342076464953
0.06768830229049347
0.08566843663490882
0.01766470732905721
0.1269937914892596
0.13419036463735487
0.14001977310620115
0.18098139525047016
0.09357540814013177
0.03727671190521618
0.09856707718229568
0.0445589040959931
0.12448583252417035
0.209297704725205
0.040604141728282084
0.06040229006265308
0.040186073612303884
0.014577707942224244
0.09467982310091434
0.11584672290115192
0.08635258964281137
0.11446796374813742
0.06962412019398574
0.043756839969102485
0.029793515685071742
0.21852439269252028
0.05387252712859237
0.03813905635153395
0.08750813721536571
0.08358879648898554
0.08045736248522352
0.008527033235678138
1.564636677760422E-4
0.10806348037239506
0.10832407017773217
0.08499235911986394
0.09925132658904183
0.019624185144327008
0.038603075888142276
0.04122223158174518
0.00467067125419555
0.026796339973117235
0.02727732577997806
0.10221505880539353
0.1068950771668903
0.09224879862387146
0.11553105940495448
0.09224879862387146
0.1068950771668903
0.10221505880539353
0.02727732577997806
0.026796339973117235
0.00467067125419555
0.04122223158174518
0.038603075888142276
0.019624185144327008
0.09925132658904183
0.08499235911986394
0.10832407017773217
0.10806348037239506
1.564636677760422E-4
0.008527033235678138
0.08045736248522352
0.08358879648898554
0.08750813721536571
0.03813905635153395
0.05387252712859237
0.21852439269252028
0.029793515685071742
0.043756839969102485
0.06962412019398574
0.11446796374813742
0.08635258964281137
0.11584672290115192
0.09467982310091434
0.014577707942224244
0.040186073612303884
0.06040229006265308
0.040604141728282084
0.209297704725205
0.12448583252417035
0.0445589040959931
0.09856707718229568
0.03727671190521618
0.09357540814013177
0.18098139525047016
0.14001977310620115
0.13419036463735487
0.1269937914892596
0.01766470732905721
0.08566843663490882
0.06768830229049347
0.02589342076464953
0.16365037832872487
0.12052528263300424
0.11392728259838591
0.018581405767443437
0.127118865835029
0.020368726178255955
0.06929868772317552
0.04969026220926824
0.012980610306749194
0.012576486837490086
0.004896926607595176
0.18454959078962305
0.06232280034144354
0.015743693112938762
0.014766590642946791
0.01129025963989753
0.032568897421088386
0.06482558494899787
0.04138962647834764
0.146179055790147
0.1351061266673048
0.13928420637660344
0.03065447089441859
0.11784037745486332
0.10665655951480042
0.054636130772614304
0.1369644765574293
0.09614850407716172
0.0036476569041936227
0.24048140571790952
0.005361815126841522
0.01584565943567997
0.05724421895866929
0.03969105143675713
0.05697699695478196
0.03760018577376918
0.006284182289598916
0.019459414531148952
0.0037012165055734804
0.056325431036250366
0.0838432944452176
0.0815553862521368
0.05771813254497009
0.08452137480296845
0.012003226327611742
0.11023363160743506
0.09711920593542693
0.0739692029754129
0.027575912139998746
0.02735307671828578
0.09589598179884155
0.11330400516340373
0.013730497565203621
0.016079060725279544
0.13314943833338086
0.033686226425538535
0.029896914285194653
0.19025384494895076
0.03583303934013166
0.11304972548848502
0.07706232706454413
0.003941284021737344
0.01658056903205989
0.11770294535059428
0.07154048570537469
0.052037676996282
0.020447152871641967
0.016908032115286985
0.0732598811436254
0.0020211759758015
0.043513467688491944
0.09254044070786334
0.033230758690780404
0.12677801847645753
0.055118557912707644
0.026954584864660264
0.015794452709966395
0.042669628112551504
0.006114875278105828
0.0423548397210864
0.013776963947349594
0.012316564121903222
0.021608523580462335
0.020026555592594874
0.03940187084934456
0.1412889541103239
0.0035200898198133384
0.025812418153440965
0.11355283708026206
0.078816622743246
0.007839907528438926
0.05396439887204845
0.0811447503839969
0.06614410014483701
0.08467804119461868
0.08586725986904602
8.667250753264567E-4
0.14307523472628908
0.13918251231130693
0.027815019909325455
0.016208445144194415
0.017537378965499523
0.12276960074703178
0.03127962045799948
0.06768687431473527
0.08198074563766301
0.017887158971612645
0.011553105940495453
0.029931400738908532
0.09633961651605201
0.08627020514775705
0.05970966943234927
0.004086651721462838
0.008533364384571474
0.15274902866619994
0.06674686976861376
0.013559621388747016
0.00880731417027498
0.010055715513730587
0.12977273382742482
0.028784426605215303
0.04512244603188874
0.053932324537834815
0.08657141562568492
0.08411749978691445
0.06591126324998513
0.07119882682208414
0.048010286591829106
0.026362868827385776
0.006481793048434895
0.06687478846736
0.006321177596143344
0.04862495743825658
0.04724203413007751
0.06332232456537651
0.1550123096136018
0.20768163054846456
0.29967036410721143
0.2346836994499603
0.006068976262403559
0.20222425956561643
0.02377159813870305
0.02408309151348711
0.19482173697309071
0.031021108472675862
0.122736647699425
0.2704739787735787
0.013312787639436984
0.04494089672307443
0.03542970097299408
0.03275862322798674
0.06392550562689457
0.033592647059839116
0.2101748604031873
0.03750979496815055
0.03577363424678207
0.004060224947564103
0.18484826483718225
0.08109953312015798
0.1515606516230866
0.18133924915666683
0.04625270465386337
0.05130055766643918
0.13480883444290614
0.023556387512952085
0.2337539569146455
0.09833466817315603
0.21086503383338082
0.026593723796941637
0.16323183217032713
0.050629924410391616
0.11298678880575161
0.16798280259114468
0.11284516795517802
0.18461264621336917
0.06175528801680555
0.00700224367910088
0.05518718094454055
0.06007908358816659
0.05043802591498948
6.404313491695287E-4
0.0287643346826612
0.005957100534078959
0.015307694617296053
0.0
0.10616924172467011
0.023159835215130018
0.1653975982467023
0.06631370829446671
0.10967689030882298
0.049307951761237916
0.10899052791701189
0.20134842399556996
0.032530901677490606
0.1598828583097834
0.29274167935582035
0.0954534606845199
0.21898014942757732
0.02589274341282883
0.048375219775685124
0.06405479022361665
0.025286122314241873
0.05949987595563317
0.3166995525804129
0.0749975021741809
0.08820484998135152
0.030529632780480286
0.1246911371634235
0.057081801716671494
0.04846957548953704
0.07556436007147814
0.016493592058532337
0.3121875558126279
0.0661297166321889
0.013310398300380966
0.25784541958839774
0.14858204900994537
0.09753881787416675
0.16120962433202307
0.31246407371964785
0.20413452766064497
0.08178427989740673
0.0528319379841623
0.5915784631829155
0.1557249766465651
0.056195495605132116
0.06347229171815855
0.08072812159525179
0.46791816841262485
0.5543488441607105
0.046553195989638
0.16479097119047195
0.48538122195619354
0.032011474447586265
0.15878375256608357
0.03037236198224772
0.02508438120724484
0.0327869411702088
0.14042966584935232
0.10347157917386526
0.09120392805131676
0.0803178529900182
0.09902539968167476
0.14403111861617057
0.04481505334439228
0.13886048711798968
0.11682901160268222
0.12187522141905838
0.23879779861257724
0.04900172390125067
0.24468459025707592
0.017906426967306384
0.1891536570076327
0.08549585301779725
0.20870529794727885
0.221017693858052
0.054632242608220555
0.07899879474863887
0.23952161048697237
0.1571174919236106
0.031558419927916574
0.011553105940495445
0.06171656817443022
0.0046018989095759815
0.05799208053582222
0.03858499715407431
0.12711309973899068
0.2553713088830438
0.049248283259211184
0.13018356041496829
0.01516517057285759
0.1914180090729511
0.20396845977882605
0.17061791111102736
0.0794005699204999
0.04614901987039456
0.1421371678730696
0.21287665100893804
0.15102093552186743
0.04841896590308157
0.17663576557975094
0.13409861648730118
0.015728509202353077
0.020957557392867303
0.017654918329783418
0.2205837284400043
0.0658295792823145
0.2838184396905999
0.04187249169613651
0.0019041677545527684
0.26807159590798907
0.01609724380987176
0.04953267605409303
0.16848432501537491
0.2185020271417022
7.97693163018658E-4
0.08654558331887054
0.1587476847858373
0.09954048510996166
0.1113202611925501
0.15165912656258346
0.01486292647255193
0.11183225730660484
0.0879146783442261
0.15570870114324775
0.06830391782756749
0.07414275663222081
0.05654173390052926
0.020911624173398095
0.2329788074905773
0.17396570020820565
0.11641874477321534
0.04584070902647077
0.07607967604627223
0.01777773882675551
0.21294391547701658
0.15384398639465863
0.2016243579910954
0.07748494141240998
0.0059994147743474315
0.029319275023321573
0.0953282275789578
0.19558878923733342
0.1254128772269585
0.18293565802845718
0.20300446037465542
0.05495704932874761
0.05995618378796529
0.03355140365691883
0.13063946371394378
0.3411057633285376
0.18993911792027232
0.48860830651505516
0.05513925258577778
0.0701719089908298
0.19796502916779116
0.3064533559908805
0.20049210320925168
0.07468045076981421
0.006884325631685937
0.34572116553340243
0.6399645973939947
0.19706157393437487
0.13487781667069362
0.11125558120018182
0.03193820203892675
0.041049611213906
0.06277145015905546
0.0343373560407749
0.14109955881176992
0.36074037835281214
0.1377530751492107
0.2407733589837872
0.010993280322958151
0.06368996249375003
0.042989912414597424
0.2409859556249292
0.015658571690968973
0.047445671609407186
0.003793957080944172
0.03257961462031651
0.3011885733786788
0.14200282387425867
0.11224900663958474
0.08223377174557171
0.1668521810396141
0.008237393557797085
0.3788421861337967
0.17426019870832055
0.2576215414770621
0.307502697582921
0.24653236777914594
0.046739268623010206
0.12421204432186815
0.02227161533071387
0.22901972744425325
0.040555471236585296
0.07620215380830943
0.7994184545247744
0.14426371617917913
0.06866938769053776
0.218000510608127
0.2013550834196121
0.11403187630183656
0.19747154761556684
0.015341096640679178
0.014860750152927106
0.07690060274391483
0.26077260417361003
0.08368076935468423
0.10355345137438308
0.24880746688728259
0.01900087366260175
0.0454995126368994
0.1908625865081475
0.45538463369118176
1.0
0.6348719121337089
0.03812403957153535
0.11944547287973649
0.02041743774685497
0.13741621304994328
0.15048306352467763
0.09661746755869433
0.011838426817250077
0.13225293675715213
0.7240225047653096
0.13239276757613305
0.5583820442543457
0.14629045846549515
0.23529968242431923
0.010401700861008752
0.19013074126900778
0.13632426828209573
0.041352063867911
