0.23202702816886514
0.29899580169674866
0.21508339787393616
0.24488994232571928
0.4549922519016105
0.2028017854296755
0.11416438561040192
0.23402975742881382
0.21659645168705602
0.13780708124552338
0.22550297089123597
0.05217574571853344
0.5398447636014391
0.26316925015167447
0.06005419755061798
0.31301214632959057
0.03128152079949859
0.07704069301315006
1.0
0.46379977568860536
0.32251012564737924
0.24217993768431376
0.49900173003628895
0.1754677363516768
0.5211778555564375
0.0806621413128587
0.16625098626191143
0.14139269895483364
0.39016849771144807
0.16449508814978434
0.4110404983903886
0.32246374687674495
0.4964149573064994
0.3043229262632623
0.14996407921206417
0.0825530988903406
0.3578901612465117
0.9530861003484311
0.6889485025494464
0.2522826063518873
0.1400212218452169
0.4534279462483189
0.3662213825136514
0.4260698348699131
0.22446721277610346
0.22204147133323437
0.0380084319390551
0.9291877270221459
0.2587786785355828
0.3502448816658185
0.07842922588503468
0.2840911520465108
0.46157967700215385
0.13788119292132306
0.13128425898703056
0.2047788465067913
0.3222486687844853
0.36692212487682896
0.14722279962314105
0.038254609133349736
0.09505484129029444
0.5507504250097988
0.006226573804866077
0.352158374334196
0.09513129845832273
0.2371748525602394
0.9211564718054016
0.3218111965912559
0.004470648049155072
0.1799143429815223
0.08108875414153573
0.2938746595778736
0.16017251012353242
0.03469597106921272
0.1404253667656442
0.1731877638172616
0.1564744759412578
0.32472624669578243
0.2758997198732661
0.06524049013029287
0.3373504868273155
0.18812178640066687
0.3134925698025281
0.013301309738729245
0.5283831975535552
0.5033911636435796
0.25492003584405554
0.12259278618940546
0.16587013583634852
0.18344665327981474
0.09223863091548659
0.2345901236593559
0.03002592193638946
0.10589441401970207
0.39804766758539556
0.3007495648171661
0.21540646418203996
0.29389299078777464
0.1368130476408286
0.2610004584735552
0.13003368574510815
0.26682789114006106
0.06462562104145231
0.6554905564154618
0.0983171540580867
0.27045913282432205
0.005513279615919358
0.32972011544584473
0.21908554204919153
0.013510960623175333
0.3175104003909396
0.22884137083579287
0.19936787345283982
0.6020444434350912
0.11986540787638363
0.04446503024004982
0.006498957475365102
0.22737841401460723
0.3767382347904637
0.1601403832160849
0.08544653149340932
0.05017239631963652
0.38061855664657673
0.19818394839758535
0.30286077007523926
0.009171223979446388
0.4026000100663066
0.05423201287208868
0.02886050930539749
0.1548603093836375
0.5092266059876743
0.24745365220940035
0.6566571176748341
0.04519339306792934
0.2809995677701282
0.1558860273244561
0.024783518377945183
0.22996392048466965
0.23007434941045019
0.20964391092131837
0.18958004382304552
0.018426067654533758
0.3197640582233771
0.05989567260011096
0.06634507576282943
0.14072378239117447
0.3209232489173452
0.04761189739655232
0.16236291032763184
0.22198732807757293
0.0935646050031396
0.3621919591263192
0.08485119121556096
0.18531274683201118
0.02900337852110813
0.04423151362020991
0.16557297108780974
0.13164445561342378
0.2793756201543419
0.34163554520768685
0.07957148434979275
0.07330488213165091
0.2783966754069554
0.06049966631250844
0.12114411179105493
0.3379537407230659
0.2765848101826214
0.14297122759024844
0.4312146378557576
0.1595032483227339
0.007268937425595302
0.03804540647787334
0.2546216670737016
0.1445069410685023
0.1620009372927339
0.30890533005278953
0.033848650700416226
0.09643622162452284
0.04426013622515469
0.1039783117898214
0.32556986898231427
0.2651163048251917
0.1712403838764271
0.07488569018294926
0.21574893506103193
0.3293186672148488
0.22800105341579238
0.641271762416938
0.34681984611230743
0.13158361887146866
0.29479409043272664
0.48545367723537924
0.07130569959537277
0.2249148795758445
0.08128814788954965
0.11954480761207911
0.028777718621206032
0.3924986099130969
0.2623241160701421
0.33693853389098916
0.006782216390115046
0.0236906522285467
0.07459047439748002
0.017633150680363058
0.040400216875131664
0.343059422100787
0.24249353607407131
0.25543810033655767
0.1017707069387966
0.3563913852544125
0.16871195660722757
0.24418745665189417
0.007272503490190581
0.18721582810013238
0.18717918868822656
0.13084309762689036
0.4216061301624243
0.2965998750168622
0.04037581203584601
0.10538338371425995
0.14167807825744108
0.09300653748547986
0.22988874079323077
0.21775834100061858
0.013917920755766323
0.14738475241665036
0.05134770557586
0.05837041316994195
0.006072295833634866
0.23461472926301263
0.10392314759053929
0.17402027112664883
0.31872674391954675
0.08568161052968645
0.09182840705821559
0.11241823577123844
0.04398745809424351
0.25081885082482464
0.029841486847722913
0.06349141343574198
0.03794516563413676
0.27796516246239233
0.17367573300519862
0.33714572560847267
0.1557549438348691
0.2133246761858698
0.0438950625754525
0.35584420608969647
0.22283235211299973
0.06536330681687125
0.07975224846855528
0.3182032679337934
0.01014729867939495
0.1039186293373572
0.10379282823520321
0.17537308043694413
0.09322644507962699
0.051233445395395344
0.07975180906108381
0.05695766104792112
0.01792648933500337
0.08040626689970741
0.27745333100370256
0.008892177061873459
0.1459987106039773
0.119402626523491
0.26056630529522434
0.002529089078681081
0.045794252938894525
0.10337544020400681
0.13694723816044838
0.031056202598404102
0.18216329291511946
0.1365292071356764
0.13134369801354762
0.0982173658823328
0.11642790452370794
0.08679308908216168
0.20134902983456887
0.2020187337050087
0.13145521009370356
0.061440075252986975
0.1127386476829434
0.03161721531724168
0.006201507169130857
0.07946004849110799
0.03529808048522275
0.028456052742147617
0.2526843610649662
0.1168103688825918
0.12364389963639051
0.13140675293589799
0.11656262967224608
0.02141985675405227
0.12762831091924579
0.0382689408549016
0.06427363699867027
0.18694460888570258
0.12181420338798585
0.11717717907301926
0.06447805275713206
0.11674820157447295
0.23316879079514766
0.13493627589470053
0.17575835234256626
0.03905593067492361
0.12454830026382623
0.3332800829114563
0.1450168926055407
0.22623828101257334
0.12631447414402175
0.027118786671326764
0.006274131763048663
0.10536972868775651
0.07936609174122317
0.09172741951902623
0.12380870002323063
0.006063215325372986
0.054021296491697256
0.11717317999725146
0.017026362174214882
0.3056889281464005
0.04280844662696544
0.023439029675221948
0.01580180881385994
0.16695906732054477
0.21809421521408623
0.05743298762691646
0.13033977661299265
0.12203247136704856
0.11035558259454285
0.006148768392135114
0.06847918162607852
0.07149445749243116
0.07911969489318058
0.4280225026245328
0.06548994762196814
0.13653927401459348
0.1019667950333469
0.09354983420680184
0.13440754316700973
0.15356756100133118
0.08295091246692488
0.046557725849024324
0.08540796188460754
0.07849812671224494
0.15027007708856008
0.06256164632990283
0.02922838851648568
0.12399833561495713
0.03336444402575834
0.018901342875728817
0.004371872377275427
0.04547644282753174
0.3906910367649301
0.15396492377750018
0.03559086463043173
0.003027686954511898
0.049777614680520346
0.07705543950001356
0.1756801478936435
0.07968768924133666
0.04859989069505166
0.011108594635317723
0.26983537029107224
0.016362220272004215
0.08606255325379734
0.01251672110231561
0.021265095243988702
0.010736514257107891
0.06810122916460448
0.028388177493999796
0.08211315094350892
0.14211251782416295
0.06368769816507412
0.03747758778842483
0.07636479160469178
0.08873235317140644
0.06271177517754226
0.07751121509990357
0.05416190888424135
0.04158841830123398
0.07422168643403892
0.1966880429869368
0.1064080431971482
0.023314295557515286
0.08739259886097442
0.010613948691750022
0.06134852584477391
0.028669596473259718
0.04217368141906662
0.10702248095456686
0.011624748869360798
0.06881400943084595
0.0309612000441973
0.024187868200412153
0.09644890587554117
0.06586392450675325
0.05164220922991096
0.005904874349848031
0.055271962150123186
0.10121857478530004
0.028078318324125624
0.08204635396561079
0.04853748508974806
0.1595124825786836
0.1144962589031344
0.0165778850238942
0.0029212099992177863
0.012175669428234934
0.029403934573564258
0.02879536007705261
0.07127275522263302
0.12213794616356595
0.05987262213772912
0.021299334531151855
0.04782167292856791
0.05980953411467454
0.05010410766999389
0.0606156389373268
0.05679229191472822
0.06819485315124574
0.013414243538987366
0.023376862138658683
0.07639800539023937
0.15342552589545147
0.04529391817498523
0.02113838194830468
0.07873540504243547
0.03499151295037512
0.012497185084074656
0.01828573490372141
0.12211698597941942
0.08483481936383146
0.06438839877737054
0.07101446270296954
0.005942065365382402
0.045549589015225316
0.07078307590704461
0.0016389246832762868
0.09684175603790242
0.018342366811504047
0.0636187676351244
0.0591008707698798
0.07396802479004466
0.029953398633502583
0.005185264158053374
0.11512697011465411
0.010448343459007548
0.0031583646233827064
0.0921762602738686
0.026116024958534285
0.06415476318794729
0.001788156155161258
0.08230620114560341
0.08809219584516434
0.004885768424329591
0.07010392541141161
0.04415648201697354
0.07130217622812962
0.011531073375616999
0.02335183545439881
0.11601351408443257
0.02335183545439881
0.011531073375616999
0.07130217622812962
0.04415648201697354
0.07010392541141161
0.004885768424329591
0.08809219584516434
0.08230620114560341
0.001788156155161258
0.06415476318794729
0.026116024958534285
0.0921762602738686
0.0031583646233827064
0.010448343459007548
0.11512697011465411
0.005185264158053374
0.029953398633502583
0.07396802479004466
0.0591008707698798
0.0636187676351244
0.018342366811504047
0.09684175603790242
0.0016389246832762868
0.07078307590704461
0.045549589015225316
0.005942065365382402
0.07101446270296954
0.06438839877737054
0.08483481936383146
0.12211698597941942
0.01828573490372141
0.012497185084074656
0.03499151295037512
0.07873540504243547
0.02113838194830468
0.04529391817498523
0.15342552589545147
0.07639800539023937
0.023376862138658683
0.013414243538987366
0.06819485315124574
0.05679229191472822
0.0606156389373268
0.05010410766999389
0.05980953411467454
0.04782167292856791
0.021299334531151855
0.05987262213772912
0.12213794616356595
0.07127275522263302
0.02879536007705261
0.029403934573564258
0.012175669428234934
0.0029212099992177863
0.0165778850238942
0.1144962589031344
0.1595124825786836
0.04853748508974806
0.08204635396561079
0.028078318324125624
0.10121857478530004
0.055271962150123186
0.005904874349848031
0.05164220922991096
0.06586392450675325
0.09644890587554117
0.024187868200412153
0.0309612000441973
0.06881400943084595
0.011624748869360798
0.10702248095456686
0.04217368141906662
0.028669596473259718
0.06134852584477391
0.010613948691750022
0.08739259886097442
0.023314295557515286
0.1064080431971482
0.1966880429869368
0.07422168643403892
0.04158841830123398
0.05416190888424135
0.07751121509990357
0.06271177517754226
0.08873235317140644
0.07636479160469178
0.03747758778842483
0.06368769816507412
0.14211251782416295
0.08211315094350892
0.028388177493999796
0.06810122916460448
0.010736514257107891
0.021265095243988702
0.01251672110231561
0.08606255325379734
0.016362220272004215
0.26983537029107224
0.011108594635317723
0.04859989069505166
0.07968768924133666
0.1756801478936435
0.07705543950001356
0.049777614680520346
0.003027686954511898
0.03559086463043173
0.15396492377750018
0.3906910367649301
0.04547644282753174
0.004371872377275427
0.018901342875728817
0.03336444402575834
0.12399833561495713
0.02922838851648568
0.06256164632990283
0.15027007708856008
0.07849812671224494
0.08540796188460754
0.046557725849024324
0.08295091246692488
0.15356756100133118
0.13440754316700973
0.09354983420680184
0.1019667950333469
0.13653927401459348
0.06548994762196814
0.4280225026245328
0.07911969489318058
0.07149445749243116
0.06847918162607852
0.006148768392135114
0.11035558259454285
0.12203247136704856
0.13033977661299265
0.05743298762691646
0.21809421521408623
0.16695906732054477
0.01580180881385994
0.023439029675221948
0.04280844662696544
0.3056889281464005
0.017026362174214882
0.11717317999725146
0.054021296491697256
0.006063215325372986
0.12380870002323063
0.09172741951902623
0.07936609174122317
0.10536972868775651
0.006274131763048663
0.027118786671326764
0.12631447414402175
0.22623828101257334
0.1450168926055407
0.3332800829114563
0.12454830026382623
0.03905593067492361
0.17575835234256626
0.13493627589470053
0.23316879079514766
0.11674820157447295
0.06447805275713206
0.11717717907301926
0.12181420338798585
0.18694460888570258
0.06427363699867027
0.0382689408549016
0.12762831091924579
0.02141985675405227
0.11656262967224608
0.13140675293589799
0.12364389963639051
0.1168103688825918
0.2526843610649662
0.028456052742147617
0.03529808048522275
0.07946004849110799
0.006201507169130857
0.03161721531724168
0.1127386476829434
0.061440075252986975
0.13145521009370356
0.2020187337050087
0.20134902983456887
0.08679308908216168
0.11642790452370794
0.0982173658823328
0.13134369801354762
0.1365292071356764
0.18216329291511946
0.031056202598404102
0.13694723816044838
0.10337544020400681
0.045794252938894525
0.002529089078681081
0.26056630529522434
0.119402626523491
0.1459987106039773
0.008892177061873459
0.27745333100370256
0.08040626689970741
0.01792648933500337
0.05695766104792112
0.07975180906108381
0.051233445395395344
0.09322644507962699
0.17537308043694413
0.10379282823520321
0.1039186293373572
0.01014729867939495
0.3182032679337934
0.07975224846855528
0.06536330681687125
0.22283235211299973
0.35584420608969647
0.0438950625754525
0.2133246761858698
0.1557549438348691
0.33714572560847267
0.17367573300519862
0.27796516246239233
0.03794516563413676
0.06349141343574198
0.029841486847722913
0.25081885082482464
0.04398745809424351
0.11241823577123844
0.09182840705821559
0.08568161052968645
0.31872674391954675
0.17402027112664883
0.10392314759053929
0.23461472926301263
0.006072295833634866
0.05837041316994195
0.05134770557586
0.14738475241665036
0.013917920755766323
0.21775834100061858
0.22988874079323077
0.09300653748547986
0.14167807825744108
0.10538338371425995
0.04037581203584601
0.2965998750168622
0.4216061301624243
0.13084309762689036
0.18717918868822656
0.18721582810013238
0.007272503490190581
0.24418745665189417
0.16871195660722757
0.3563913852544125
0.1017707069387966
0.25543810033655767
0.24249353607407131
0.343059422100787
0.040400216875131664
0.017633150680363058
0.07459047439748002
0.0236906522285467
0.006782216390115046
0.33693853389098916
0.2623241160701421
0.3924986099130969
0.028777718621206032
0.11954480761207911
0.08128814788954965
0.2249148795758445
0.07130569959537277
0.48545367723537924
0.29479409043272664
0.13158361887146866
0.34681984611230743
0.641271762416938
0.22800105341579238
0.3293186672148488
0.21574893506103193
0.07488569018294926
0.1712403838764271
0.2651163048251917
0.32556986898231427
0.1039783117898214
0.04426013622515469
0.09643622162452284
0.033848650700416226
0.30890533005278953
0.1620009372927339
0.1445069410685023
0.2546216670737016
0.03804540647787334
0.007268937425595302
0.1595032483227339
0.4312146378557576
0.14297122759024844
0.2765848101826214
0.3379537407230659
0.12114411179105493
0.06049966631250844
0.2783966754069554
0.07330488213165091
0.07957148434979275
0.34163554520768685
0.2793756201543419
0.13164445561342378
0.16557297108780974
0.04423151362020991
0.02900337852110813
0.18531274683201118
0.08485119121556096
0.3621919591263192
0.0935646050031396
0.22198732807757293
0.16236291032763184
0.04761189739655232
0.3209232489173452
0.14072378239117447
0.06634507576282943
0.05989567260011096
0.3197640582233771
0.018426067654533758
0.18958004382304552
0.20964391092131837
0.23007434941045019
0.22996392048466965
0.024783518377945183
0.1558860273244561
0.2809995677701282
0.04519339306792934
0.6566571176748341
0.24745365220940035
0.5092266059876743
0.1548603093836375
0.02886050930539749
0.05423201287208868
0.4026000100663066
0.009171223979446388
0.30286077007523926
0.19818394839758535
0.38061855664657673
0.05017239631963652
0.08544653149340932
0.1601403832160849
0.3767382347904637
0.22737841401460723
0.006498957475365102
0.04446503024004982
0.11986540787638363
0.6020444434350912
0.19936787345283982
0.22884137083579287
0.3175104003909396
0.013510960623175333
0.21908554204919153
0.32972011544584473
0.005513279615919358
0.27045913282432205
0.0983171540580867
0.6554905564154618
0.06462562104145231
0.26682789114006106
0.13003368574510815
0.2610004584735552
0.1368130476408286
0.29389299078777464
0.21540646418203996
0.3007495648171661
0.39804766758539556
0.10589441401970207
0.03002592193638946
0.2345901236593559
0.09223863091548659
0.18344665327981474
0.16587013583634852
0.12259278618940546
0.25492003584405554
0.5033911636435796
0.5283831975535552
0.013301309738729245
0.3134925698025281
0.18812178640066687
0.3373504868273155
0.06524049013029287
0.2758997198732661
0.32472624669578243
0.1564744759412578
0.1731877638172616
0.1404253667656442
0.03469597106921272
0.16017251012353242
0.2938746595778736
0.08108875414153573
0.1799143429815223
0.004470648049155072
0.3218111965912559
0.9211564718054016
0.2371748525602394
0.09513129845832273
0.352158374334196
0.006226573804866077
0.5507504250097988
0.09505484129029444
0.038254609133349736
0.14722279962314105
0.36692212487682896
0.3222486687844853
0.2047788465067913
0.13128425898703056
0.13788119292132306
0.46157967700215385
0.2840911520465108
0.07842922588503468
0.3502448816658185
0.2587786785355828
0.9291877270221459
0.0380084319390551
0.22204147133323437
0.22446721277610346
0.4260698348699131
0.3662213825136514
0.4534279462483189
0.1400212218452169
0.2522826063518873
0.6889485025494464
0.9530861003484311
0.3578901612465117
0.0825530988903406
0.14996407921206417
0.3043229262632623
0.4964149573064994
0.32246374687674495
0.4110404983903886
0.16449508814978434
0.39016849771144807
0.14139269895483364
0.16625098626191143
0.0806621413128587
0.5211778555564375
0.1754677363516768
0.49900173003628895
0.24217993768431376
0.32251012564737924
0.46379977568860536
1.0
0.07704069301315006
0.03128152079949859
0.31301214632959057
0.06005419755061798
0.26316925015167447
0.5398447636014391
0.05217574571853344
0.22550297089123597
0.13780708124552338
0.21659645168705602
0.23402975742881382
0.11416438561040192
0.2028017854296755
0.4549922519016105
0.24488994232571928
0.21508339787393616
0.29899580169674866
