-0.28840643983789155
0.14882139976975955
0.010180267561610987
0.0889111785384359
0.12753603095605717
0.051073667857412866
0.14561222633447932
0.009625298259918749
0.13779096200099655
0.07355809804448929
0.07704303288439922
0.01366469795298043
0.09727847314536664
0.05608334190723902
0.08458984592845913
0.13787922447649723
0.1119794395610877
0.055362434862494404
0.1563291118875609
1.0
0.10792110783579317
0.062224584096437933
0.04043187280370855
0.020601609590294195
0.011920188713697107
0.05273332568157982
0.0779989836683466
0.0712191069737059
0.17710392689130824
0.1153586823288695
0.10014801951864323
0.06627635463362189
0.0310190022885801
0.118218329712847
0.017858065831864393
0.07064026726616802
0.07777115391473022
0.41559444117822514
0.5140781028574506
0.18597667899155065
0.06810281005441537
0.005956737117750925
0.08986492840282687
0.08894444766715143
0.05371955098320924
0.13687886707670344
0.11378191736326497
0.598826219306534
0.06644322802639388
0.06736514623401904
0.06230140389475933
0.013215529952093125
0.15177444508105126
0.0607556023781171
0.011942358884630244
0.021961181801777294
0.14708864586040477
0.016770850647551926
0.07414031924421167
0.05062758584042286
0.035492579471704803
0.05256501260208285
0.02321296510816761
0.009623758056732636
0.05698318151032796
0.014966035635266627
0.08479491201499202
0.010507007668615235
0.09880212420712953
0.043372074761338066
0.09414879578028504
0.10869581294547355
0.02611456976339608
0.09429365982008057
0.10418291780561174
0.28759584124185594
0.12368500675787382
0.03459027834606062
0.0025321074596144494
0.14415096044401668
0.049390974411581676
0.06310290162934039
0.04508319928491786
0.035428650084515234
0.29675686334455426
0.037269269678674534
0.00909190605280954
0.015218514500226184
0.027018122677811486
0.09098154539100904
0.035817960010533945
0.13925969075528158
0.007927762877019615
0.07572181900199308
0.006072777242205979
0.04342550370405677
0.028941736575605545
0.0817606431227797
0.08303486003145617
0.0011833797713125466
0.03475733397876698
0.17041666343567657
0.07679016000844079
0.1905144939135914
0.10524850218953449
0.04919137366423814
0.11903711735533826
0.05203962241320137
0.001366940603756162
0.006022855770195938
0.021319964456383587
0.03893584616851388
0.12852545048208228
0.09951243095225386
0.002433020803902054
0.0421095042868306
0.09254455129870173
0.07448791386547975
0.04261028664165287
0.010896921672783237
0.037524908353646344
0.09540881953820016
0.10197828623429118
0.05915275967807254
0.046019877139105554
0.028030985036993736
0.025443339853673218
0.010370245615033908
0.04594162410985461
0.019643223922994037
0.00198754872992894
0.13507977637623708
0.025456179719135906
0.046234352028861225
0.06129590167380058
0.024275707111950946
0.040853721143200496
0.03979103152163815
0.06898935326526516
0.038305400539933414
8.971451720751914E-4
0.16015926664895788
0.04927164080171107
3.5280010524794546E-4
0.06666548021687216
0.009284531808253121
0.012549383595364297
0.015762271273371473
0.11013610838382738
0.013560504567975602
0.11563386718522169
0.015785597599885088
0.023979075868417098
0.03269439265722044
0.00480677399729819
0.026661008134193996
0.02615047621483853
0.001880560097352403
0.04871180503019614
0.20134107914907737
0.04638941284098651
0.004566999793376785
0.00493822231664926
0.004144463055624716
0.029114285448881397
0.05848122844197316
0.0028979956087070557
0.1494965451492686
0.0021884301148804215
0.07395909390008394
0.04765391355172529
0.020465741209182996
0.021405677813733003
0.023017477288078077
3.223823552875994E-4
0.08067747722785124
0.04719725920838364
0.03118718636413047
0.07387090912133222
0.005733735098524441
0.09596299937345515
0.04018550648396858
0.07062498711813062
0.0360984347536052
0.0473399510603061
0.07033820458467822
0.23398815349580498
0.20943783839684071
0.20780203615419676
0.03711119020470555
0.0890412418204977
0.13456003487255822
0.0364125955138078
0.02330762052821401
0.09567153490881192
0.12929003879334044
0.09522296802140465
0.06468704892805995
0.008049246247121878
0.018734223129287058
0.033881127143501964
0.007952556712763357
0.06593260715339797
0.10800375400148932
0.0645578663568582
0.07285169956930505
0.02051373282131522
0.0814196781147017
0.0042012107121402005
0.0255209433555295
0.05181129716769765
0.0040998349903204265
0.03416318363928087
0.01808676865816452
0.06129139613302018
0.013630616020263399
0.1311750172449281
0.081261906720163
0.004691400921971794
0.01703891744826543
0.039064094395681793
0.03176565993403787
0.057649065835527875
0.06223618693462352
0.04494035336688125
0.12941541536021683
0.08255038776276835
0.016756446630419867
0.027335135315864602
0.00336741666281367
0.05544620864228028
0.01922709598919277
0.014047733541759956
0.003141641995408678
0.011124313094942486
0.009235574552577215
0.010120287489729998
0.011735112325327698
0.03168997133252704
0.010076709758709473
0.005362124143742066
0.015453654833247376
0.04980764498383156
0.08852312086975049
0.02479092391315765
0.047879670156446015
0.031114513452813842
0.023927006005593082
0.06506840859504827
0.0025011038225029388
0.04119212708961555
0.07873607650772227
0.017795673693697438
0.11561351356311195
0.10804946876302127
0.032162175421651076
3.436959304175948E-4
0.012365671375072794
0.043977540688395635
0.03278060645308952
0.008900172861840085
0.03734162984582152
0.08720325798232907
0.03719071757480127
0.005465606493795004
0.045329429062762196
0.017738274431981345
0.10996159501518654
0.10666345285309072
0.03369537088350917
0.041110035738118146
0.03752916679854509
0.03853359651694168
0.035966127705314564
0.03634684906546017
0.001781873610913301
0.007962040851505274
0.038969056191501227
0.03778176023544606
0.06438276930033088
0.009147602278563526
0.001681003919620061
0.03759333510342506
0.0027777290859902107
0.03623761062642287
0.05554338107393573
0.07047805142691621
0.05900861384954092
0.02197043611866977
0.016920754036921237
0.04418018659310776
0.006489810946726689
0.061395937002556515
0.037214946375810146
0.01857821986997511
0.008397244447272946
0.09140300948933934
0.0100795822805348
0.013798935574159087
0.05035456234742191
0.0534840484289995
0.0547222381095469
0.011030353733945435
0.022390179685234952
0.015756274763436412
0.06174101347466217
0.012518921298160388
0.02807147808933911
0.014420321991894573
0.06867334546908092
0.117460458371348
0.052292110166980536
0.037669003239517704
0.01579047921631764
0.007907952625249378
0.014504282608360376
0.011304250728917359
0.0343993990818575
0.03294288276886436
0.013422400921070285
7.979677651676919E-4
0.005093215408983155
0.029912866696574867
0.021568018265274252
0.03433685207586349
0.02568327580781535
0.01809805565380138
0.04113874728799416
0.004557004167155808
0.12199043965706215
1.6271818890097387E-4
2.044372168617008E-4
0.028305937972865482
0.021625652041217247
0.015563298882758612
0.006991968452123526
0.009831801966257612
0.06185499286250076
0.05416358666044568
0.03976238178022252
0.0015733986361699656
0.005939989990785399
0.016081014840820206
0.031621478643427625
0.008882820321760758
0.023546356822201853
0.019387343897847877
0.011061952909245188
0.06095490102907143
3.952337824633533E-4
0.026456959237250874
0.024784776238462237
0.01236266609028407
0.023528530598476465
0.034555497972900744
0.042102151458518484
0.054181549473927566
8.824125509003308E-4
0.022381838198720697
0.015639239910711276
0.014946258405247704
0.034836662227257974
0.03623981394005897
0.04020098352176702
0.005206231738951019
0.006233330851465065
0.04030728989391936
0.05729424952872505
0.05420552373363858
0.022851889743626015
0.0014196799772981613
0.0440769730898165
0.008327528512649325
0.031470092238175706
0.0011184197895310318
0.041754843857499065
0.005165479246305963
0.0020100637991679786
0.016186722592351228
0.034818663267893735
0.01641943437872564
0.001189100862160234
0.01728875535186732
0.00258888658386732
0.04542539179350542
0.015363182356867856
0.08112630701554661
0.016918756560193527
0.02264695651271799
0.021934247939703305
0.01994162234513858
0.02742544558316255
0.005184566920656237
0.007910625298869964
0.062179935833523096
0.012020365743059994
0.010377025230744522
0.011448919065399913
0.05650640356068823
0.027499655513659918
0.038195795379724826
0.0447419006023552
1.595298882290298E-4
0.04348740344083518
0.0639591751501103
0.012582645788410663
0.032632666486332035
0.039594779030301605
0.0019605014392388106
0.020044930837902045
0.029777694608602332
0.04134960191564721
0.0045802993784177315
0.020395864532141025
0.03329177021407225
0.03955987752160274
0.012093183711901923
0.017335828889638877
0.021587327384935816
0.012049485611065901
0.007475074043815431
0.02228436444132233
0.04376081680266404
0.0012845640615368836
0.010534409864435318
0.02778469912707277
0.006783354975668247
0.031401292216641515
0.044654580238568414
0.03489587521243089
0.002952872759235162
0.009493631395292553
0.04203422759820093
0.030884020616923847
0.02970423707667495
0.004102705695256584
0.04258257638711586
0.015501332089876795
0.043112752792058166
0.007760283911949972
0.01888495786510972
0.03948235456652753
0.015582393449031152
0.020295348047378193
0.005045714398916095
0.0108853765920125
0.006312940348279451
0.0021749123510947477
0.08801853735152969
0.023078706968061233
0.004801840716402721
0.03980756823341845
0.029627383796925602
0.008033545804162353
0.03517040880406511
0.018719416341419857
0.036010411084571856
0.018009984971829138
0.04874020683247703
0.050280756581951885
0.038297960675521416
0.025764057257522708
0.01922709598919277
0.025764057257522708
0.038297960675521416
0.050280756581951885
0.04874020683247703
0.018009984971829138
0.036010411084571856
0.018719416341419857
0.03517040880406511
0.008033545804162353
0.029627383796925602
0.03980756823341845
0.004801840716402721
0.023078706968061233
0.08801853735152969
0.0021749123510947477
0.006312940348279451
0.0108853765920125
0.005045714398916095
0.020295348047378193
0.015582393449031152
0.03948235456652753
0.01888495786510972
0.007760283911949972
0.043112752792058166
0.015501332089876795
0.04258257638711586
0.004102705695256584
0.02970423707667495
0.030884020616923847
0.04203422759820093
0.009493631395292553
0.002952872759235162
0.03489587521243089
0.044654580238568414
0.031401292216641515
0.006783354975668247
0.02778469912707277
0.010534409864435318
0.0012845640615368836
0.04376081680266404
0.02228436444132233
0.007475074043815431
0.012049485611065901
0.021587327384935816
0.017335828889638877
0.012093183711901923
0.03955987752160274
0.03329177021407225
0.020395864532141025
0.0045802993784177315
0.04134960191564721
0.029777694608602332
0.020044930837902045
0.0019605014392388106
0.039594779030301605
0.032632666486332035
0.012582645788410663
0.0639591751501103
0.04348740344083518
1.595298882290298E-4
0.0447419006023552
0.038195795379724826
0.027499655513659918
0.05650640356068823
0.011448919065399913
0.010377025230744522
0.012020365743059994
0.062179935833523096
0.007910625298869964
0.005184566920656237
0.02742544558316255
0.01994162234513858
0.021934247939703305
0.02264695651271799
0.016918756560193527
0.08112630701554661
0.015363182356867856
0.04542539179350542
0.00258888658386732
0.01728875535186732
0.001189100862160234
0.01641943437872564
0.034818663267893735
0.016186722592351228
0.0020100637991679786
0.005165479246305963
0.041754843857499065
0.0011184197895310318
0.031470092238175706
0.008327528512649325
0.0440769730898165
0.0014196799772981613
0.022851889743626015
0.05420552373363858
0.05729424952872505
0.04030728989391936
0.006233330851465065
0.005206231738951019
0.04020098352176702
0.03623981394005897
0.034836662227257974
0.014946258405247704
0.015639239910711276
0.022381838198720697
8.824125509003308E-4
0.054181549473927566
0.042102151458518484
0.034555497972900744
0.023528530598476465
0.01236266609028407
0.024784776238462237
0.026456959237250874
3.952337824633533E-4
0.06095490102907143
0.011061952909245188
0.019387343897847877
0.023546356822201853
0.008882820321760758
0.031621478643427625
0.016081014840820206
0.005939989990785399
0.0015733986361699656
0.03976238178022252
0.05416358666044568
0.06185499286250076
0.009831801966257612
0.006991968452123526
0.015563298882758612
0.021625652041217247
0.028305937972865482
2.044372168617008E-4
1.6271818890097387E-4
0.12199043965706215
0.004557004167155808
0.04113874728799416
0.01809805565380138
0.02568327580781535
0.03433685207586349
0.021568018265274252
0.029912866696574867
0.005093215408983155
7.979677651676919E-4
0.013422400921070285
0.03294288276886436
0.0343993990818575
0.011304250728917359
0.014504282608360376
0.007907952625249378
0.01579047921631764
0.037669003239517704
0.052292110166980536
0.117460458371348
0.06867334546908092
0.014420321991894573
0.02807147808933911
0.012518921298160388
0.06174101347466217
0.015756274763436412
0.022390179685234952
0.011030353733945435
0.0547222381095469
0.0534840484289995
0.05035456234742191
0.013798935574159087
0.0100795822805348
0.09140300948933934
0.008397244447272946
0.01857821986997511
0.037214946375810146
0.061395937002556515
0.006489810946726689
0.04418018659310776
0.016920754036921237
0.02197043611866977
0.05900861384954092
0.07047805142691621
0.05554338107393573
0.03623761062642287
0.0027777290859902107
0.03759333510342506
0.001681003919620061
0.009147602278563526
0.06438276930033088
0.03778176023544606
0.038969056191501227
0.007962040851505274
0.001781873610913301
0.03634684906546017
0.035966127705314564
0.03853359651694168
0.03752916679854509
0.041110035738118146
0.03369537088350917
0.10666345285309072
0.10996159501518654
0.017738274431981345
0.045329429062762196
0.005465606493795004
0.03719071757480127
0.08720325798232907
0.03734162984582152
0.008900172861840085
0.03278060645308952
0.043977540688395635
0.012365671375072794
3.436959304175948E-4
0.032162175421651076
0.10804946876302127
0.11561351356311195
0.017795673693697438
0.07873607650772227
0.04119212708961555
0.0025011038225029388
0.06506840859504827
0.023927006005593082
0.031114513452813842
0.047879670156446015
0.02479092391315765
0.08852312086975049
0.04980764498383156
0.015453654833247376
0.005362124143742066
0.010076709758709473
0.03168997133252704
0.011735112325327698
0.010120287489729998
0.009235574552577215
0.011124313094942486
0.003141641995408678
0.014047733541759956
0.01922709598919277
0.05544620864228028
0.00336741666281367
0.027335135315864602
0.016756446630419867
0.08255038776276835
0.12941541536021683
0.04494035336688125
0.06223618693462352
0.057649065835527875
0.03176565993403787
0.039064094395681793
0.01703891744826543
0.004691400921971794
0.081261906720163
0.1311750172449281
0.013630616020263399
0.06129139613302018
0.01808676865816452
0.03416318363928087
0.0040998349903204265
0.05181129716769765
0.0255209433555295
0.0042012107121402005
0.0814196781147017
0.02051373282131522
0.07285169956930505
0.0645578663568582
0.10800375400148932
0.06593260715339797
0.007952556712763357
0.033881127143501964
0.018734223129287058
0.008049246247121878
0.06468704892805995
0.09522296802140465
0.12929003879334044
0.09567153490881192
0.02330762052821401
0.0364125955138078
0.13456003487255822
0.0890412418204977
0.03711119020470555
0.20780203615419676
0.20943783839684071
0.23398815349580498
0.07033820458467822
0.0473399510603061
0.0360984347536052
0.07062498711813062
0.04018550648396858
0.09596299937345515
0.005733735098524441
0.07387090912133222
0.03118718636413047
0.04719725920838364
0.08067747722785124
3.223823552875994E-4
0.023017477288078077
0.021405677813733003
0.020465741209182996
0.04765391355172529
0.07395909390008394
0.0021884301148804215
0.1494965451492686
0.0028979956087070557
0.05848122844197316
0.029114285448881397
0.004144463055624716
0.00493822231664926
0.004566999793376785
0.04638941284098651
0.20134107914907737
0.04871180503019614
0.001880560097352403
0.02615047621483853
0.026661008134193996
0.00480677399729819
0.03269439265722044
0.023979075868417098
0.015785597599885088
0.11563386718522169
0.013560504567975602
0.11013610838382738
0.015762271273371473
0.012549383595364297
0.009284531808253121
0.06666548021687216
3.5280010524794546E-4
0.04927164080171107
0.16015926664895788
8.971451720751914E-4
0.038305400539933414
0.06898935326526516
0.03979103152163815
0.040853721143200496
0.024275707111950946
0.06129590167380058
0.046234352028861225
0.025456179719135906
0.13507977637623708
0.00198754872992894
0.019643223922994037
0.04594162410985461
0.010370245615033908
0.025443339853673218
0.028030985036993736
0.046019877139105554
0.05915275967807254
0.10197828623429118
0.09540881953820016
0.037524908353646344
0.010896921672783237
0.04261028664165287
0.07448791386547975
0.09254455129870173
0.0421095042868306
0.002433020803902054
0.09951243095225386
0.12852545048208228
0.03893584616851388
0.021319964456383587
0.006022855770195938
0.001366940603756162
0.05203962241320137
0.11903711735533826
0.04919137366423814
0.10524850218953449
0.1905144939135914
0.07679016000844079
0.17041666343567657
0.03475733397876698
0.0011833797713125466
0.08303486003145617
0.0817606431227797
0.028941736575605545
0.04342550370405677
0.006072777242205979
0.07572181900199308
0.007927762877019615
0.13925969075528158
0.035817960010533945
0.09098154539100904
0.027018122677811486
0.015218514500226184
0.00909190605280954
0.037269269678674534
0.29675686334455426
0.035428650084515234
0.04508319928491786
0.06310290162934039
0.049390974411581676
0.14415096044401668
0.0025321074596144494
0.03459027834606062
0.12368500675787382
0.28759584124185594
0.10418291780561174
0.09429365982008057
0.02611456976339608
0.10869581294547355
0.09414879578028504
0.043372074761338066
0.09880212420712953
0.010507007668615235
0.08479491201499202
0.014966035635266627
0.05698318151032796
0.009623758056732636
0.02321296510816761
0.05256501260208285
0.035492579471704803
0.05062758584042286
0.07414031924421167
0.016770850647551926
0.14708864586040477
0.021961181801777294
0.011942358884630244
0.0607556023781171
0.15177444508105126
0.013215529952093125
0.06230140389475933
0.06736514623401904
0.06644322802639388
0.598826219306534
0.11378191736326497
0.13687886707670344
0.05371955098320924
0.08894444766715143
0.08986492840282687
0.005956737117750925
0.06810281005441537
0.18597667899155065
0.5140781028574506
0.41559444117822514
0.07777115391473022
0.07064026726616802
0.017858065831864393
0.118218329712847
0.0310190022885801
0.06627635463362189
0.10014801951864323
0.1153586823288695
0.17710392689130824
0.0712191069737059
0.0779989836683466
0.05273332568157982
0.011920188713697107
0.020601609590294195
0.04043187280370855
0.062224584096437933
0.10792110783579317
1.0
0.1563291118875609
0.055362434862494404
0.1119794395610877
0.13787922447649723
0.08458984592845913
0.05608334190723902
0.09727847314536664
0.01366469795298043
0.07704303288439922
0.07355809804448929
0.13779096200099655
0.009625298259918749
0.14561222633447932
0.051073667857412866
0.12753603095605717
0.0889111785384359
0.010180267561610987
0.14882139976975955
