-0.07363537412431573
0.005377883914534663
0.009812164216395247
0.12123556047180617
0.0925910839797311
0.07302797220484199
0.10465343644262051
0.1353559226712604
0.05518096136345992
0.04462776979702335
0.011292538201048733
0.026223576123227524
0.08648742710888245
0.15649418213291724
0.055173910609717734
0.09945170430361902
0.16670106260166767
0.11826851909370725
1.0
0.36578670408438374
0.21600297117476808
0.1787873395010247
0.12335856303899785
0.08493767336451968
0.19883380777359058
0.17513138843389883
0.2119607168892868
0.28318811016901657
0.33482015589631153
0.08805511115301516
0.01990467374326364
0.043068637536978864
0.023281749345977897
0.029767135078715437
0.04965494626371806
0.1440992821989314
0.21895259398246406
0.5093370023609887
0.14033831424449666
0.0500464809163907
0.06100791286846836
0.038092826747850236
0.1962720214834969
0.04621237055174323
0.0050189555895014054
0.3302690118526113
0.26658530928833746
0.03083898290608355
0.020928535878291413
0.01929884210383157
0.02842122515509525
0.036443815011621354
0.011615025871919806
0.00761997914787836
0.012318142211365818
0.005838387332494301
0.0413454253006177
0.0024285510684740903
0.08140057544114032
0.010809374355604081
0.06960474348451542
0.03727678795467151
0.023370212754096453
0.04811755137531446
0.12209505017293493
0.06335858588291704
0.009619721416610159
0.14462536322399394
0.10334125545270362
0.020791480848438074
0.08326007653892668
0.03733418226823225
0.15096136676091249
0.2530203442792934
0.21550554662052007
0.10545796021693478
0.027069173324729117
0.06435752483100432
0.12167817596703434
0.001783514887303701
0.03158715082773192
0.07666982125541841
0.135652103176143
0.043070807368960635
0.00796395387097256
0.00332036574890419
0.014657226769904542
0.018758850722410226
0.04083676902761263
0.05559770098930297
0.03655413325995177
0.0486029486543427
0.14087425647637564
0.026806769794479393
0.035561455261846134
0.06612280890320932
0.03858460492492434
0.005648488721182264
0.02199332373744321
6.9582490382081E-4
0.0022319669861503555
0.1144402175395217
0.008248359975565415
0.03275004547396304
0.03347767494168427
0.018689403788687792
0.07140354544889928
0.03966304183101341
0.013467357699098887
0.09132012743925745
0.09875767539646546
0.008299006146685554
0.012995508581960774
0.020782164158941026
0.05124396638445259
0.016419896420269236
0.016586788951634894
0.01615731788162265
0.02631937070770615
0.05544811950612559
0.0796465527944049
0.0037879220378354995
0.039809301556161435
0.02508543503831508
0.08068376720868944
0.018929841024956966
0.015018333857741855
0.05355378909855956
0.06111672959646941
0.013309015333742265
0.045550974722440685
0.020588450682287065
0.012334193076832114
0.005292658641621048
0.026174987342589575
0.02651394761389359
0.008943979263060304
6.669829050028694E-4
0.09547110306104373
0.013229866015951585
0.028253586501396238
0.02880614733928943
0.05697012842920366
0.035597611624296865
0.03362463306753267
0.011701506948000977
0.03553725603745431
0.1127168926109923
0.03673840257015212
0.07332748321899916
0.02164305531241567
0.11315301095099427
0.030249385296431393
0.03492450749282243
0.004090854118017541
0.026834131115313284
0.040122793001996
0.014273031944242875
0.006160141109518102
0.017146699870472026
0.1342279117881459
9.510603008524561E-5
0.09295701643945409
0.05549296074453997
0.05489245120239546
0.09470581830065697
0.004807512912691244
0.03218410434986162
0.09687762546133753
0.010374813726098046
0.008217828017201098
0.06173426743839141
0.04661720946160132
0.010438653175696012
0.012376626483357925
0.04394556966990109
0.042144415305598724
0.051787380909125755
0.01022221406414291
0.02912458972973203
0.01598153931246269
0.1203253899778031
0.03603302417741563
0.2604429396880525
0.12659044382407253
0.16849315874294793
0.11035182033417226
0.06778529378557438
0.11217789919506563
0.14444875933245938
0.18438110876963
0.11026632440564985
0.1297874106233345
0.3944067116236314
0.27710232033951815
0.16098550537585515
0.06386993095276192
0.015149615557675019
0.07328698841764308
0.007049326063059152
0.0815991099939117
0.07745938446816995
0.10328558891737306
0.05688146972034869
0.04605917187761696
0.085263667652849
0.009537050587862823
0.035178741043363534
0.019334020109606193
0.01561943667077853
0.09745958387637531
0.025039187324648653
4.3950884649347516E-4
0.03660280529965025
0.10264433069493452
0.06160751979756988
0.0174270127169982
0.00984526058036386
2.8789095153406694E-4
0.033734826562577036
0.06505620857931206
0.05749333469270316
0.047249515359056554
0.038428956682937034
0.08227035972422563
0.06753393960846824
0.0932353223248336
0.027935409364337912
0.03081828050875052
0.04715289649764372
0.03424156900865535
0.016363416472070163
0.07973659760202984
0.07940823873816298
0.07077358471970223
0.02193332480520782
0.018178381058744184
0.02500080875653988
0.1064943824576356
0.10092922084874702
0.024227085301581974
0.039768947390399614
0.02981165367988809
0.018075890692894527
0.047054605408638046
0.05334363154825614
0.02394622208390694
0.02599294181067594
0.10088928833924683
0.018204105674355594
8.654612830179773E-4
0.017579753061173008
0.02743596097225851
0.011683594201218932
0.06041385188134832
0.04994241098834856
0.05500339238938977
0.04215250346023953
0.05493035431615384
0.062162513819287044
0.03890497920285832
0.031167210495982655
0.06784433937499257
0.021674885995969083
7.141975257696565E-5
0.029862724732784347
0.004621505727089231
0.03475960139651572
0.03351961778890441
0.011693955123684352
0.06149741896794312
0.018146333973023274
0.030629271184403114
0.06674454698382949
0.07064762789361884
0.08010221544989791
0.04258574345237492
0.047318184585857376
5.6674205572429556E-5
0.03961892135721356
0.03232547817007177
0.05258042332788895
0.06522692396412211
0.04060975854726758
0.07588500464992752
0.028445274876121716
0.05238574647100741
0.029562811893663193
0.013680396891611294
0.04005736743553438
0.10718599365290711
0.043278335790072175
0.06399613596044343
0.002487799603059094
0.07719005660507894
0.07198043913757048
0.04097320591778367
0.06813997853468381
0.018313317236995443
0.01587870290137495
0.008363842848297574
0.0029336569216773765
0.005579004382299466
0.024375756640876812
0.043670033303843524
0.017398208436264058
0.021044711259808335
0.008481204704697527
0.036817687062157864
2.624434931820071E-4
0.028464921252546953
0.02084291517054224
0.0056050825413786285
0.014608561598909995
0.03687307111241208
0.016172590658818993
0.02780142992348458
0.03637773630300408
0.04108777594176465
0.016616674471202696
0.04313656900037922
0.056313882190350446
0.007952820796788034
0.007390489043432121
0.03319045699082536
0.0278980439119982
0.008565383081698035
0.012334779157824244
0.0014442072582198794
0.06829362710109717
0.05836158512614802
0.04096630966638092
0.023885595954124806
0.029807719955843075
0.0066661346903218
0.0031522896657887054
0.005215733902423523
0.030202641748368068
0.025163646608675698
0.069278037230205
0.012712068848120872
0.043097918508038756
0.02016054600567677
0.03759784202082616
0.0308910672672569
0.02233840982672881
0.044125922489125446
0.0643690766550335
0.040952179209839276
0.007022945947140107
0.03288186464064297
0.029919581530389643
0.05822173173347566
0.026542889354958164
0.013580805763756002
0.022912750449963493
0.0028444736495901336
0.003753948066098141
0.02501754876315731
0.029038634305249167
0.03709754791089315
0.018171753763252082
0.01920759924285098
0.013418038659809804
0.01342930001395892
0.0059364178155014635
2.7996530338122766E-4
0.03780652021460338
0.023007830387090984
0.03336489952691017
0.006969075162448374
0.03031383724837693
0.04440309569347859
0.013092182362003126
0.015453842569017764
0.03873290349753
0.01909633130604543
0.01636330562712709
0.008182688396351955
0.04124652153064625
0.0038823639442142795
0.09947128469107894
0.05577686856186905
0.02662109501420215
0.017720231231233285
0.05018639047348682
0.02378450127168506
0.005478379810093438
0.009765588016350286
0.008756389964845377
0.017702321972042585
0.022218294960678935
0.050893701190876224
0.00674156959760782
0.07815626360186873
0.02054234426125192
0.07771643921253579
0.012884194547580127
0.09150490322005861
0.005621404422987968
0.013629601724896873
0.028537873303061373
0.024610963885537115
0.025314450435541435
0.045398284878177514
0.04541592052278535
0.10929074190184984
0.037103578375259016
0.03699675622649109
0.04786964600066423
0.016379102550478187
0.010110594562785515
0.02153107044597889
0.006539127648642527
0.0076302486677963
0.013328254277491831
0.059893937358231696
0.03421217055452863
0.06088931859218253
0.06538249839564328
0.029440248728247145
0.013516601455455506
0.0365565694093601
0.06484307915907254
0.05260879964980126
0.06585945982045524
0.03851411582331157
0.04011135659849944
0.003381060773149478
0.031387622736928716
0.055323776353111774
0.014837680362072506
0.12165139394365249
0.031788846213960276
0.006194433509336577
0.015335682520734575
0.09741148838057492
0.02477860348191839
0.005101940498550449
0.037908148095461475
0.020962145568436612
0.006026978229790659
0.035340853426383975
0.0014575008011419354
0.013425142576943487
0.013597880059025702
0.09254263115792995
0.020670155979513466
0.03449248253958895
0.01936894931384455
9.5362220496939E-4
0.03562442683219578
0.025276478891015204
0.05577351002978329
0.033910223887319096
0.04063423737237758
7.64451840403878E-4
0.021609363960475726
0.05749086868158934
0.036290304951572795
0.03394922900920247
0.015547093964703216
0.008181708236035081
0.015547093964703216
0.03394922900920247
0.036290304951572795
0.05749086868158934
0.021609363960475726
7.64451840403878E-4
0.04063423737237758
0.033910223887319096
0.05577351002978329
0.025276478891015204
0.03562442683219578
9.5362220496939E-4
0.01936894931384455
0.03449248253958895
0.020670155979513466
0.09254263115792995
0.013597880059025702
0.013425142576943487
0.0014575008011419354
0.035340853426383975
0.006026978229790659
0.020962145568436612
0.037908148095461475
0.005101940498550449
0.02477860348191839
0.09741148838057492
0.015335682520734575
0.006194433509336577
0.031788846213960276
0.12165139394365249
0.014837680362072506
0.055323776353111774
0.031387622736928716
0.003381060773149478
0.04011135659849944
0.03851411582331157
0.06585945982045524
0.05260879964980126
0.06484307915907254
0.0365565694093601
0.013516601455455506
0.029440248728247145
0.06538249839564328
0.06088931859218253
0.03421217055452863
0.059893937358231696
0.013328254277491831
0.0076302486677963
0.006539127648642527
0.02153107044597889
0.010110594562785515
0.016379102550478187
0.04786964600066423
0.03699675622649109
0.037103578375259016
0.10929074190184984
0.04541592052278535
0.045398284878177514
0.025314450435541435
0.024610963885537115
0.028537873303061373
0.013629601724896873
0.005621404422987968
0.09150490322005861
0.012884194547580127
0.07771643921253579
0.02054234426125192
0.07815626360186873
0.00674156959760782
0.050893701190876224
0.022218294960678935
0.017702321972042585
0.008756389964845377
0.009765588016350286
0.005478379810093438
0.02378450127168506
0.05018639047348682
0.017720231231233285
0.02662109501420215
0.05577686856186905
0.09947128469107894
0.0038823639442142795
0.04124652153064625
0.008182688396351955
0.01636330562712709
0.01909633130604543
0.03873290349753
0.015453842569017764
0.013092182362003126
0.04440309569347859
0.03031383724837693
0.006969075162448374
0.03336489952691017
0.023007830387090984
0.03780652021460338
2.7996530338122766E-4
0.0059364178155014635
0.01342930001395892
0.013418038659809804
0.01920759924285098
0.018171753763252082
0.03709754791089315
0.029038634305249167
0.02501754876315731
0.003753948066098141
0.0028444736495901336
0.022912750449963493
0.013580805763756002
0.026542889354958164
0.05822173173347566
0.029919581530389643
0.03288186464064297
0.007022945947140107
0.040952179209839276
0.0643690766550335
0.044125922489125446
0.02233840982672881
0.0308910672672569
0.03759784202082616
0.02016054600567677
0.043097918508038756
0.012712068848120872
0.069278037230205
0.025163646608675698
0.030202641748368068
0.005215733902423523
0.0031522896657887054
0.0066661346903218
0.029807719955843075
0.023885595954124806
0.04096630966638092
0.05836158512614802
0.06829362710109717
0.0014442072582198794
0.012334779157824244
0.008565383081698035
0.0278980439119982
0.03319045699082536
0.007390489043432121
0.007952820796788034
0.056313882190350446
0.04313656900037922
0.016616674471202696
0.04108777594176465
0.03637773630300408
0.02780142992348458
0.016172590658818993
0.03687307111241208
0.014608561598909995
0.0056050825413786285
0.02084291517054224
0.028464921252546953
2.624434931820071E-4
0.036817687062157864
0.008481204704697527
0.021044711259808335
0.017398208436264058
0.043670033303843524
0.024375756640876812
0.005579004382299466
0.0029336569216773765
0.008363842848297574
0.01587870290137495
0.018313317236995443
0.06813997853468381
0.04097320591778367
0.07198043913757048
0.07719005660507894
0.002487799603059094
0.06399613596044343
0.043278335790072175
0.10718599365290711
0.04005736743553438
0.013680396891611294
0.029562811893663193
0.05238574647100741
0.028445274876121716
0.07588500464992752
0.04060975854726758
0.06522692396412211
0.05258042332788895
0.03232547817007177
0.03961892135721356
5.6674205572429556E-5
0.047318184585857376
0.04258574345237492
0.08010221544989791
0.07064762789361884
0.06674454698382949
0.030629271184403114
0.018146333973023274
0.06149741896794312
0.011693955123684352
0.03351961778890441
0.03475960139651572
0.004621505727089231
0.029862724732784347
7.141975257696565E-5
0.021674885995969083
0.06784433937499257
0.031167210495982655
0.03890497920285832
0.062162513819287044
0.05493035431615384
0.04215250346023953
0.05500339238938977
0.04994241098834856
0.06041385188134832
0.011683594201218932
0.02743596097225851
0.017579753061173008
8.654612830179773E-4
0.018204105674355594
0.10088928833924683
0.02599294181067594
0.02394622208390694
0.05334363154825614
0.047054605408638046
0.018075890692894527
0.02981165367988809
0.039768947390399614
0.024227085301581974
0.10092922084874702
0.1064943824576356
0.02500080875653988
0.018178381058744184
0.02193332480520782
0.07077358471970223
0.07940823873816298
0.07973659760202984
0.016363416472070163
0.03424156900865535
0.04715289649764372
0.03081828050875052
0.027935409364337912
0.0932353223248336
0.06753393960846824
0.08227035972422563
0.038428956682937034
0.047249515359056554
0.05749333469270316
0.06505620857931206
0.033734826562577036
2.8789095153406694E-4
0.00984526058036386
0.0174270127169982
0.06160751979756988
0.10264433069493452
0.03660280529965025
4.3950884649347516E-4
0.025039187324648653
0.09745958387637531
0.01561943667077853
0.019334020109606193
0.035178741043363534
0.009537050587862823
0.085263667652849
0.04605917187761696
0.05688146972034869
0.10328558891737306
0.07745938446816995
0.0815991099939117
0.007049326063059152
0.07328698841764308
0.015149615557675019
0.06386993095276192
0.16098550537585515
0.27710232033951815
0.3944067116236314
0.1297874106233345
0.11026632440564985
0.18438110876963
0.14444875933245938
0.11217789919506563
0.06778529378557438
0.11035182033417226
0.16849315874294793
0.12659044382407253
0.2604429396880525
0.03603302417741563
0.1203253899778031
0.01598153931246269
0.02912458972973203
0.01022221406414291
0.051787380909125755
0.042144415305598724
0.04394556966990109
0.012376626483357925
0.010438653175696012
0.04661720946160132
0.06173426743839141
0.008217828017201098
0.010374813726098046
0.09687762546133753
0.03218410434986162
0.004807512912691244
0.09470581830065697
0.05489245120239546
0.05549296074453997
0.09295701643945409
9.510603008524561E-5
0.1342279117881459
0.017146699870472026
0.006160141109518102
0.014273031944242875
0.040122793001996
0.026834131115313284
0.004090854118017541
0.03492450749282243
0.030249385296431393
0.11315301095099427
0.02164305531241567
0.07332748321899916
0.03673840257015212
0.1127168926109923
0.03553725603745431
0.011701506948000977
0.03362463306753267
0.035597611624296865
0.05697012842920366
0.02880614733928943
0.028253586501396238
0.013229866015951585
0.09547110306104373
6.669829050028694E-4
0.008943979263060304
0.02651394761389359
0.026174987342589575
0.005292658641621048
0.012334193076832114
0.020588450682287065
0.045550974722440685
0.013309015333742265
0.06111672959646941
0.05355378909855956
0.015018333857741855
0.018929841024956966
0.08068376720868944
0.02508543503831508
0.039809301556161435
0.0037879220378354995
0.0796465527944049
0.05544811950612559
0.02631937070770615
0.01615731788162265
0.016586788951634894
0.016419896420269236
0.05124396638445259
0.020782164158941026
0.012995508581960774
0.008299006146685554
0.09875767539646546
0.09132012743925745
0.013467357699098887
0.03966304183101341
0.07140354544889928
0.018689403788687792
0.03347767494168427
0.03275004547396304
0.008248359975565415
0.1144402175395217
0.0022319669861503555
6.9582490382081E-4
0.02199332373744321
0.005648488721182264
0.03858460492492434
0.06612280890320932
0.035561455261846134
0.026806769794479393
0.14087425647637564
0.0486029486543427
0.03655413325995177
0.05559770098930297
0.04083676902761263
0.018758850722410226
0.014657226769904542
0.00332036574890419
0.00796395387097256
0.043070807368960635
0.135652103176143
0.07666982125541841
0.03158715082773192
0.001783514887303701
0.12167817596703434
0.06435752483100432
0.027069173324729117
0.10545796021693478
0.21550554662052007
0.2530203442792934
0.15096136676091249
0.03733418226823225
0.08326007653892668
0.020791480848438074
0.10334125545270362
0.14462536322399394
0.009619721416610159
0.06335858588291704
0.12209505017293493
0.04811755137531446
0.023370212754096453
0.03727678795467151
0.06960474348451542
0.010809374355604081
0.08140057544114032
0.0024285510684740903
0.0413454253006177
0.005838387332494301
0.012318142211365818
0.00761997914787836
0.011615025871919806
0.036443815011621354
0.02842122515509525
0.01929884210383157
0.020928535878291413
0.03083898290608355
0.26658530928833746
0.3302690118526113
0.0050189555895014054
0.04621237055174323
0.1962720214834969
0.038092826747850236
0.06100791286846836
0.0500464809163907
0.14033831424449666
0.5093370023609887
0.21895259398246406
0.1440992821989314
0.04965494626371806
0.029767135078715437
0.023281749345977897
0.043068637536978864
0.01990467374326364
0.08805511115301516
0.33482015589631153
0.28318811016901657
0.2119607168892868
0.17513138843389883
0.19883380777359058
0.08493767336451968
0.12335856303899785
0.1787873395010247
0.21600297117476808
0.36578670408438374
1.0
0.11826851909370725
0.16670106260166767
0.09945170430361902
0.055173910609717734
0.15649418213291724
0.08648742710888245
0.026223576123227524
0.011292538201048733
0.04462776979702335
0.05518096136345992
0.1353559226712604
0.10465343644262051
0.07302797220484199
0.0925910839797311
0.12123556047180617
0.009812164216395247
0.005377883914534663
