-0.4371788314667862
0.08621148615485648
0.03775642835444549
0.1126222019882343
0.10009243754271357
0.10674500944259353
0.009870682015480815
0.046303894683246756
0.08317785765749489
0.22238608345434582
0.07825641760479152
0.04606118178538773
0.22800062841557608
0.012020460694297717
0.17541187654117044
0.06827242999514928
0.07302590422005736
0.1556077587912445
0.8727280185625705
0.25330850003333244
0.21566830693859962
0.003344060257437812
0.2845889355616699
0.292710125113657
0.02204559231968391
0.3751936487357466
0.21487482573889516
0.73550980449239
0.32411823588789107
0.19622753137842106
0.10930069126120279
0.11317452298986527
0.13219493062410745
0.07102958171768259
0.06970413566691752
0.005219698350705831
0.002046980272265188
0.09397876412422411
0.09705499482701581
0.30346996568947604
0.009391732205561842
0.30913652312797074
0.013647237700905217
0.09141209895309726
0.2719310802802081
1.0
0.8693007205688892
0.3554744715997023
0.1368181994030265
0.1507207182312445
0.14520001501746016
0.07418978503816481
0.158985797751554
0.12459721538449152
0.04631980716606658
0.11094729296743283
0.12072450750821692
0.04230189220136485
0.137394368146549
0.21220942607473528
0.23025934688627775
0.2397873457459233
0.08337359571138926
0.05248164445619139
0.18314480148663959
0.029748915940108797
0.13893757989913785
0.0858542457401121
0.19792961354376704
0.09622933325232143
0.08549930415397447
0.072261689054712
0.15728933939652848
0.3319515129964151
0.18831317105713233
0.06308764884840183
0.053681574837463726
0.03590843549071148
0.04678842466211671
0.11665770468871747
0.030965925040992593
0.18623901700819773
0.5909229470452766
0.008529090778279833
0.08612503466344974
0.021663648951254538
0.0031532016038902867
0.10913919052633148
0.029060661545356824
0.1234428736362352
0.11289603740705811
0.10019821536700259
0.047508668631821654
0.014868360716479501
0.04921715634104291
0.004668156578819511
0.14026434893394651
0.06984579309833273
0.07785753303622926
0.00788585074591054
0.16076725148554383
0.025664913874487192
0.05450131880001532
0.1390633732054885
0.022172336166607284
0.026324237511748904
0.03361666643745566
0.08804592884317913
0.06250037891129781
0.039115493339376715
0.011852909211947985
0.06755840019408799
0.03587115227367638
0.009096280043161072
0.01524670938022031
0.08057341617366612
0.0020228295708303126
0.19305732201495612
0.10303203771226144
0.14561367673889433
0.10819660692275314
0.04633668320614075
0.07034604167720458
0.017657944002306445
0.045244351992199325
0.16406417959354042
0.020100806052386656
0.033244733551706276
0.06921521750720552
0.060895925175065764
0.08547194837222853
0.022573699264119246
0.13033532957626406
0.08128392141071115
0.0019559623266121886
0.020126137109575518
0.03919824653169457
0.04583578507839412
0.05924209409773344
0.08837792929128059
0.04300810973055146
0.03547315858550993
0.19266345636925408
0.046189124091960354
0.20177064523316865
0.10454729260038388
0.052174590589376534
0.02286375139802667
0.0798527872311906
0.20702436334384125
0.1483793564975036
0.140329499201184
0.07013784553613482
0.13771855504600353
0.10200839400891677
0.02739734046836727
0.003806967745852035
0.034582959491070375
0.01649672937627927
0.044443142497589766
0.05880886257850292
0.04085160708222833
0.03662816200551253
0.012637601571829792
0.010467062201262601
0.05143598263578501
0.019693995764710592
0.04121569339802551
0.13683393037214192
0.03293757562511491
0.13644035632225843
0.08885614349720533
0.01997352876410587
0.05864681706622372
0.024501404600509764
0.004402328268842434
0.01810153005204262
0.036863746641975746
0.08267773010692185
0.11582420161395125
0.04268870920589733
0.2059487537799591
0.21077426377666564
0.10855684962926702
0.05923358422752534
0.15028751272793026
0.01843414446474571
0.2215940830749579
0.12491714504319168
0.18903518136711817
0.013078324259616947
0.4347636155574036
0.0409282951262155
0.0374294562454236
0.20207979654608627
0.00989223589887235
0.10103494433679272
0.01835371222585017
0.007967750413293081
0.020320796207418695
0.13894601005661508
0.06886298540864966
0.13445077084295853
0.04447272203804507
0.09990517563086934
0.16992566128724934
0.11299046818482739
0.013138404709845961
0.17798145085221548
0.04752022455443694
0.05981790801840498
0.15461517924524967
0.024785434716040194
0.04039291551313865
0.07615686945711665
0.0638705757455596
0.1570496205791926
0.015216047236276788
0.028234619717599104
0.022819816643255084
0.14909706910909498
0.13537843909706787
0.048257723848547984
0.03634420591184261
0.08196274542636836
0.10081641773391191
0.14152294813611702
0.14570622419324689
0.013364679808155552
3.4410549065657465E-4
0.044299550376725685
0.01457262771555954
0.10639996007537919
0.06412437003129344
0.004564194767889692
0.01618125256267952
0.008318265703738614
0.04049392854283595
0.1409553802285074
0.012693030570881182
0.011610749212433357
0.04032770890330987
0.13065291626771722
0.13542694983919518
0.02590679379934115
0.05005471196877416
0.05530526047313239
0.03545810971380972
0.012226479647803769
0.007446574570729344
0.022871768791216367
0.10729374830613798
0.037862122314434386
0.08319589538925269
0.039562033309122016
0.13267133136429596
0.04823278580037613
0.01862325941781986
0.06137984814463618
0.03730094940127831
0.023797047303178914
0.004631859073063585
0.027309054781037845
0.013459996393576928
0.010282373388690973
0.10526107796077709
0.0021059689306307844
0.08728056398746709
0.07017497728466611
0.10241977559469655
0.05027834059814205
0.07737629904679988
0.07457829947883068
0.021376590242410072
0.02283309002027851
0.009124277666052803
0.10293753065904758
0.06355721850686091
0.11481503834284562
0.0022972531844874305
0.011644410230912925
0.004170330699576201
0.2712405557377769
0.009094682172816223
0.024642908735333865
0.06682139335367172
0.026469878630048415
0.03544068621096189
0.06760012476023365
0.027389521778918995
0.09137168009535591
0.23692345718783575
0.003584133421362166
0.07958441659825335
0.15920782186331944
0.09514373116259335
0.05216887242359127
0.04191354845128111
0.001401688838062126
0.04761116405122356
0.12326483891152722
0.048289040113609974
0.06685955364242564
0.15052088466584262
0.09748029408022071
0.03872400715869424
0.07681515932712978
0.05085108168571956
0.04371788314667862
0.20855827812866948
0.10314781837687483
0.04378667111143062
0.10833489198979826
0.017038987952648004
0.04454359619898434
0.08343523016246547
0.040090036811909285
0.007233521304891552
0.07143609550340028
0.04701621986828996
0.08945040785166013
0.08683827063051208
0.009256659749758051
0.02130081270877094
0.13222837250512517
0.029552799528309172
0.009772382993237285
0.03742236084462631
0.04884328898698685
0.12019200036245715
0.11776007488131192
0.011579835048913785
0.056428499061007706
6.074635906205065E-4
0.14321688001412586
0.0396932581819715
0.0226952253447112
0.08645701201232221
0.05869277629907032
0.014476074732287585
0.009971439423600728
0.035316196599121205
0.055647413385536575
0.04890002064106085
0.028449265982172248
0.05141993068376975
0.013685899665746749
0.07019219868353434
0.05103477152206309
0.016923854863205842
0.02244044892838896
0.02185934230342626
0.06074522045228889
0.10032871412482654
0.05008168037697117
0.008343651122500134
0.03420732871644907
0.07882932109447362
0.12275993676577958
0.016909999866041452
0.002091123582145379
0.09270577767714835
0.09648521064864263
0.047828531631962885
0.09005341433777858
0.13317914935426178
0.04119570944817245
0.03446105521524727
0.0674778465757089
0.02880238646721784
0.065912258476219
0.05210583885247117
0.06000599223480245
0.15407541284537957
0.0010618584913281936
0.05223853437747182
0.03468764430730934
0.012653420345334024
0.20441321937580076
0.03688231889595136
0.02477357929385058
0.1198837275481347
0.07126928664740886
0.11035636734155749
0.008733058773563515
0.06505369092183055
0.048542679155274875
0.050641088904200035
0.09395742460187723
0.08560634771456097
0.1418296133920669
0.012589503582248723
0.026551339951053694
0.09331534435226005
0.03586714651555457
0.02738781322789683
0.03261718989421581
0.060139018428701944
0.05220917515182798
4.5769224062372846E-4
0.06449085506872924
0.03428116888783833
9.702352936088692E-4
0.009848976882303002
0.04261625640913394
0.05964735045975457
0.13560864966421005
0.03220289215873387
0.07086373457782749
0.02780831040955355
0.06459561915263962
0.02144984154647583
0.01617300755331168
0.11795351681022255
0.021086496777719444
0.01999565396124053
0.019498700035748908
0.008566985575503862
0.04253364488874967
0.006611709946241479
0.02717371992997807
0.03842169418703856
0.03375866557865314
0.0867613590705548
0.06599465278530016
1.565062610503896E-4
0.022333965724450372
0.03679395234849082
0.0019915605732229807
0.03700066562533922
0.009118824948071098
0.032704282358571146
0.012345472451316722
0.033780152535687405
0.03414692384466913
0.05010920021665371
0.13430580098542325
0.11144879050046326
0.01777989953917387
0.0027708705047844416
0.02712233215930597
0.060587682337586365
0.07592967602130132
0.05416966517333726
0.07158967067391402
0.14002333400482822
0.010951551732335049
0.008501065328219254
0.010936457688732576
0.05784920552741952
0.04139368721870192
0.06578036640468016
0.03339578943588836
0.029005881801846566
0.0979922880877085
0.0013557508905281811
0.015594166408428681
0.01643901969573365
4.5525767982166325E-4
0.042372744464342846
0.07637474020375946
0.009725911488670745
0.05829051086223816
0.009725911488670745
0.07637474020375946
0.042372744464342846
4.5525767982166325E-4
0.01643901969573365
0.015594166408428681
0.0013557508905281811
0.0979922880877085
0.029005881801846566
0.03339578943588836
0.06578036640468016
0.04139368721870192
0.05784920552741952
0.010936457688732576
0.008501065328219254
0.010951551732335049
0.14002333400482822
0.07158967067391402
0.05416966517333726
0.07592967602130132
0.060587682337586365
0.02712233215930597
0.0027708705047844416
0.01777989953917387
0.11144879050046326
0.13430580098542325
0.05010920021665371
0.03414692384466913
0.033780152535687405
0.012345472451316722
0.032704282358571146
0.009118824948071098
0.03700066562533922
0.0019915605732229807
0.03679395234849082
0.022333965724450372
1.565062610503896E-4
0.06599465278530016
0.0867613590705548
0.03375866557865314
0.03842169418703856
0.02717371992997807
0.006611709946241479
0.04253364488874967
0.008566985575503862
0.019498700035748908
0.01999565396124053
0.021086496777719444
0.11795351681022255
0.01617300755331168
0.02144984154647583
0.06459561915263962
0.02780831040955355
0.07086373457782749
0.03220289215873387
0.13560864966421005
0.05964735045975457
0.04261625640913394
0.009848976882303002
9.702352936088692E-4
0.03428116888783833
0.06449085506872924
4.5769224062372846E-4
0.05220917515182798
0.060139018428701944
0.03261718989421581
0.02738781322789683
0.03586714651555457
0.09331534435226005
0.026551339951053694
0.012589503582248723
0.1418296133920669
0.08560634771456097
0.09395742460187723
0.050641088904200035
0.048542679155274875
0.06505369092183055
0.008733058773563515
0.11035636734155749
0.07126928664740886
0.1198837275481347
0.02477357929385058
0.03688231889595136
0.20441321937580076
0.012653420345334024
0.03468764430730934
0.05223853437747182
0.0010618584913281936
0.15407541284537957
0.06000599223480245
0.05210583885247117
0.065912258476219
0.02880238646721784
0.0674778465757089
0.03446105521524727
0.04119570944817245
0.13317914935426178
0.09005341433777858
0.047828531631962885
0.09648521064864263
0.09270577767714835
0.002091123582145379
0.016909999866041452
0.12275993676577958
0.07882932109447362
0.03420732871644907
0.008343651122500134
0.05008168037697117
0.10032871412482654
0.06074522045228889
0.02185934230342626
0.02244044892838896
0.016923854863205842
0.05103477152206309
0.07019219868353434
0.013685899665746749
0.05141993068376975
0.028449265982172248
0.04890002064106085
0.055647413385536575
0.035316196599121205
0.009971439423600728
0.014476074732287585
0.05869277629907032
0.08645701201232221
0.0226952253447112
0.0396932581819715
0.14321688001412586
6.074635906205065E-4
0.056428499061007706
0.011579835048913785
0.11776007488131192
0.12019200036245715
0.04884328898698685
0.03742236084462631
0.009772382993237285
0.029552799528309172
0.13222837250512517
0.02130081270877094
0.009256659749758051
0.08683827063051208
0.08945040785166013
0.04701621986828996
0.07143609550340028
0.007233521304891552
0.040090036811909285
0.08343523016246547
0.04454359619898434
0.017038987952648004
0.10833489198979826
0.04378667111143062
0.10314781837687483
0.20855827812866948
0.04371788314667862
0.05085108168571956
0.07681515932712978
0.03872400715869424
0.09748029408022071
0.15052088466584262
0.06685955364242564
0.048289040113609974
0.12326483891152722
0.04761116405122356
0.001401688838062126
0.04191354845128111
0.05216887242359127
0.09514373116259335
0.15920782186331944
0.07958441659825335
0.003584133421362166
0.23692345718783575
0.09137168009535591
0.027389521778918995
0.06760012476023365
0.03544068621096189
0.026469878630048415
0.06682139335367172
0.024642908735333865
0.009094682172816223
0.2712405557377769
0.004170330699576201
0.011644410230912925
0.0022972531844874305
0.11481503834284562
0.06355721850686091
0.10293753065904758
0.009124277666052803
0.02283309002027851
0.021376590242410072
0.07457829947883068
0.07737629904679988
0.05027834059814205
0.10241977559469655
0.07017497728466611
0.08728056398746709
0.0021059689306307844
0.10526107796077709
0.010282373388690973
0.013459996393576928
0.027309054781037845
0.004631859073063585
0.023797047303178914
0.03730094940127831
0.06137984814463618
0.01862325941781986
0.04823278580037613
0.13267133136429596
0.039562033309122016
0.08319589538925269
0.037862122314434386
0.10729374830613798
0.022871768791216367
0.007446574570729344
0.012226479647803769
0.03545810971380972
0.05530526047313239
0.05005471196877416
0.02590679379934115
0.13542694983919518
0.13065291626771722
0.04032770890330987
0.011610749212433357
0.012693030570881182
0.1409553802285074
0.04049392854283595
0.008318265703738614
0.01618125256267952
0.004564194767889692
0.06412437003129344
0.10639996007537919
0.01457262771555954
0.044299550376725685
3.4410549065657465E-4
0.013364679808155552
0.14570622419324689
0.14152294813611702
0.10081641773391191
0.08196274542636836
0.03634420591184261
0.048257723848547984
0.13537843909706787
0.14909706910909498
0.022819816643255084
0.028234619717599104
0.015216047236276788
0.1570496205791926
0.0638705757455596
0.07615686945711665
0.04039291551313865
0.024785434716040194
0.15461517924524967
0.05981790801840498
0.04752022455443694
0.17798145085221548
0.013138404709845961
0.11299046818482739
0.16992566128724934
0.09990517563086934
0.04447272203804507
0.13445077084295853
0.06886298540864966
0.13894601005661508
0.020320796207418695
0.007967750413293081
0.01835371222585017
0.10103494433679272
0.00989223589887235
0.20207979654608627
0.0374294562454236
0.0409282951262155
0.4347636155574036
0.013078324259616947
0.18903518136711817
0.12491714504319168
0.2215940830749579
0.01843414446474571
0.15028751272793026
0.05923358422752534
0.10855684962926702
0.21077426377666564
0.2059487537799591
0.04268870920589733
0.11582420161395125
0.08267773010692185
0.036863746641975746
0.01810153005204262
0.004402328268842434
0.024501404600509764
0.05864681706622372
0.01997352876410587
0.08885614349720533
0.13644035632225843
0.03293757562511491
0.13683393037214192
0.04121569339802551
0.019693995764710592
0.05143598263578501
0.010467062201262601
0.012637601571829792
0.03662816200551253
0.04085160708222833
0.05880886257850292
0.044443142497589766
0.01649672937627927
0.034582959491070375
0.003806967745852035
0.02739734046836727
0.10200839400891677
0.13771855504600353
0.07013784553613482
0.140329499201184
0.1483793564975036
0.20702436334384125
0.0798527872311906
0.02286375139802667
0.052174590589376534
0.10454729260038388
0.20177064523316865
0.046189124091960354
0.19266345636925408
0.03547315858550993
0.04300810973055146
0.08837792929128059
0.05924209409773344
0.04583578507839412
0.03919824653169457
0.020126137109575518
0.0019559623266121886
0.08128392141071115
0.13033532957626406
0.022573699264119246
0.08547194837222853
0.060895925175065764
0.06921521750720552
0.033244733551706276
0.020100806052386656
0.16406417959354042
0.045244351992199325
0.017657944002306445
0.07034604167720458
0.04633668320614075
0.10819660692275314
0.14561367673889433
0.10303203771226144
0.19305732201495612
0.0020228295708303126
0.08057341617366612
0.01524670938022031
0.009096280043161072
0.03587115227367638
0.06755840019408799
0.011852909211947985
0.039115493339376715
0.06250037891129781
0.08804592884317913
0.03361666643745566
0.026324237511748904
0.022172336166607284
0.1390633732054885
0.05450131880001532
0.025664913874487192
0.16076725148554383
0.00788585074591054
0.07785753303622926
0.06984579309833273
0.14026434893394651
0.004668156578819511
0.04921715634104291
0.014868360716479501
0.047508668631821654
0.10019821536700259
0.11289603740705811
0.1234428736362352
0.029060661545356824
0.10913919052633148
0.0031532016038902867
0.021663648951254538
0.08612503466344974
0.008529090778279833
0.5909229470452766
0.18623901700819773
0.030965925040992593
0.11665770468871747
0.04678842466211671
0.03590843549071148
0.053681574837463726
0.06308764884840183
0.18831317105713233
0.3319515129964151
0.15728933939652848
0.072261689054712
0.08549930415397447
0.09622933325232143
0.19792961354376704
0.0858542457401121
0.13893757989913785
0.029748915940108797
0.18314480148663959
0.05248164445619139
0.08337359571138926
0.2397873457459233
0.23025934688627775
0.21220942607473528
0.137394368146549
0.04230189220136485
0.12072450750821692
0.11094729296743283
0.04631980716606658
0.12459721538449152
0.158985797751554
0.07418978503816481
0.14520001501746016
0.1507207182312445
0.1368181994030265
0.3554744715997023
0.8693007205688892
1.0
0.2719310802802081
0.09141209895309726
0.013647237700905217
0.30913652312797074
0.009391732205561842
0.30346996568947604
0.09705499482701581
0.09397876412422411
0.002046980272265188
0.005219698350705831
0.06970413566691752
0.07102958171768259
0.13219493062410745
0.11317452298986527
0.10930069126120279
0.19622753137842106
0.32411823588789107
0.73550980449239
0.21487482573889516
0.3751936487357466
0.02204559231968391
0.292710125113657
0.2845889355616699
0.003344060257437812
0.21566830693859962
0.25330850003333244
0.8727280185625705
0.1556077587912445
0.07302590422005736
0.06827242999514928
0.17541187654117044
0.012020460694297717
0.22800062841557608
0.04606118178538773
0.07825641760479152
0.22238608345434582
0.08317785765749489
0.046303894683246756
0.009870682015480815
0.10674500944259353
0.10009243754271357
0.1126222019882343
0.03775642835444549
0.08621148615485648
