-0.08136016301633184
0.02829947158783214
0.03816905205468976
0.00967288815220294
0.10565959533822192
0.02958800235715345
0.10369221373483219
0.006366779476885874
0.037177673811168786
0.13703106279626856
0.0867164428180027
0.026937446866770277
0.07779966766164438
0.05703290899281673
0.05259628913059406
0.12285758586531517
0.23301051913197993
0.2919618218736121
1.0
0.11953840710205439
0.04082307287678481
0.07237279182515705
0.00928594696071243
0.10702196828263044
0.0337385146154289
0.04564670532407915
0.08862252393339888
0.39570113188043304
0.2097639084763985
0.12912082010154224
0.0193902898915623
0.05390133891229905
0.024730775283299665
0.04055254069184589
0.05505948422432066
0.03416906468273869
0.0491275225349765
0.08525452958088503
0.05904126954348902
0.04870975527756631
0.07368168362372504
0.020838548865531194
0.08179908118098625
0.061369764218622766
0.045436381435810094
0.14984047689720803
0.030933382315155248
0.04761775908793793
0.05946731497360258
0.010223755484508658
0.011859447452841811
0.012414467363269566
0.048434813531744794
0.0035459324833477844
0.0699845903489374
0.04118266411563775
0.018688756418501092
0.043973331420469795
0.02583892252444346
0.004565235304593837
0.01360316227514093
0.050254736752050624
0.0014151195485711222
0.03759325118566312
0.1473560319786508
0.00154287326800406
0.05480346122966732
0.01258581884830265
0.0615084723809438
0.008916176518331102
0.055751130894088875
0.042945286141853896
0.050825266399859806
0.21596298798730007
0.015696383962276707
0.047865024755479026
0.06716578667286649
0.029627165116099228
9.228501398624946E-5
0.02911580213255432
0.035334430173231464
0.09226766090457081
0.04682786054840911
0.05828998334048275
0.039055921406583385
0.010803918944595163
0.07181569777419394
0.004157630290884172
0.047164873411447844
0.049214329670885036
0.009848724940010063
0.1590816487309563
0.042918939579553325
0.00856718335616745
0.03699183297105179
0.05186157657611838
0.006533218175095038
0.01542215092000961
0.011142701954196399
3.9968157687047195E-4
0.030532094476772194
0.009783887303580948
3.6104088558737185E-4
0.03962350078809088
0.03935488297022676
0.009645157781979215
0.019037308249664847
8.4206190600054E-4
0.02796346450699972
0.016436356239072508
0.015550725639226094
0.02800317636844902
0.016079371590383765
0.0835966856468084
0.004550585384792513
0.015636901140061384
0.01746841530898887
0.011534084949802724
0.016999935688977282
0.023277901967099786
0.009457785472158777
0.013387447046838124
0.01570425783694411
0.04195098015800444
0.05726972281100269
0.05755368645313429
0.001080072447869141
0.08049652561189322
0.04327075812211739
0.003583161615545928
0.05121167327235958
0.06502672594942543
0.016504315538878662
0.00871000381448846
0.03836274841088506
0.014145723325089909
0.08369342634954094
0.03127825501669263
0.015406917045077588
0.025300116567670866
5.415788525750182E-4
0.020728712490970098
0.02106009022183853
0.04838612350702667
0.018586156879562325
0.059962466618413146
0.05683348920025446
0.011096569531252813
0.021421496684051546
0.0029645140549474777
0.04077838028768402
0.07329301229080816
0.008990649889776022
0.015554771643900145
0.06973728258542729
0.10630886088514921
0.048667916707176816
0.027216265669445572
0.04705426388651277
0.021828081594192163
0.026145444046528306
0.013373341211440294
0.02055427653165307
0.005724601155153903
0.08677906864767851
0.002698421958845885
0.008775608123696292
0.03430937257768817
0.004475151213451836
0.06507112440940876
0.007836659495955661
0.024220631370156398
0.07312556162617465
0.054412027737974204
0.006270738619924532
0.043058477923166125
0.01933589831371754
0.05450172836996216
0.01218179128425206
0.01760581575281666
0.019609231666305096
0.03282392193852887
0.15169468980567252
0.03411013836986675
0.029045667162328634
0.03583708049353579
0.013279738769240372
0.04367336192004018
0.0210175745237297
0.021443192123922372
0.02321266633365632
0.04311118015149222
0.030577594330921817
0.04564110272633043
0.026148672278011036
0.014088963293324187
0.017599114246649557
0.05478126039830594
0.018344843557448132
0.040365474041395163
0.025588835827777903
0.040747933651718866
0.011759698477862386
0.04789020915444572
0.0029383513420942584
5.247423582762005E-4
8.821731165801814E-4
0.028636944831184556
0.05256614520044499
0.0063728050292342
4.6560225318928644E-5
0.04052726338101363
0.031259169706595216
0.034661628527516544
0.008738290227354607
0.006331050580283003
0.03856028356473115
0.006422568461486983
0.045855482877915604
0.018504227085572686
0.038014339681682205
0.03142429045091019
0.027381398835852045
0.02852708852307966
0.037209215499812785
0.04460756219626139
0.04355885065533665
0.01820919823356287
0.02245821427602892
0.021421132854985907
0.05214749728446591
0.005811440215452274
0.010391175956039951
0.011662392447848323
0.05493853583329503
0.018638803819879295
0.016697929178684713
0.025918735947995524
0.019538660469350686
0.023441555577138746
0.0050068329721960885
0.013281494731865488
0.01814620679885362
0.024601653330187823
0.012433126516421552
0.009717830525955231
0.0260786362708692
0.0065486681826071366
0.005082571899319307
0.012409166710463949
2.835015210819467E-4
0.018234616422567386
0.00606999269938234
0.026555448368131188
0.005178119545581153
0.002312439759754459
0.04204314714171323
0.006221161171185544
0.025700441630201926
0.008328809917033908
0.01382648169078655
0.017063681209171688
0.028966303637815674
0.00986565800774278
0.004135628917796133
0.010718974418954223
0.0066751424277677485
0.021940456951321134
0.013712290373464397
0.05695082592720991
0.057844389349602274
0.03442837484779697
0.0032574783351349344
0.024058793291043566
0.0011544120480715644
0.01945540961119156
0.0033254927685329176
0.0074377509545732285
0.03666933344456705
0.01237136526975861
0.01924309146430223
0.006651295531385542
0.006358268905233419
0.001573331371579598
0.007872139323092824
0.015827205529123776
0.010364592782108358
0.01741565978284806
0.03562037360547825
0.031524442533183074
0.02625891008911749
0.013684704458992076
0.00291644918266858
0.004420269979919173
0.022944777784795346
0.016717731709973892
0.05377680243455148
0.006495887868836631
4.013831682695771E-4
0.016440049943796182
0.0346212068492331
0.009405526846976904
0.012065953868393105
0.019141341880866566
0.01272902290822945
0.013146995196538594
0.012353013095983908
0.03633912122685345
0.005811440215452274
0.046667428393456396
0.021997968803944095
0.00667023102584509
0.0031124313095779307
0.022706703892572438
7.436289686317765E-4
0.018210286290511718
0.002411723477933
0.02180050137877439
0.019127335993969957
0.054415888699355736
0.007248801899899223
0.009973551245593038
0.0012561079026150999
0.00652052942451683
0.039989603187668546
0.0028678065617243845
6.107539772058321E-4
0.018653022059910263
0.036853505401778106
0.004776994343076927
0.012128182524866539
0.02484060663198207
0.018324236666459704
0.016630606564152696
0.006447379782208431
0.007965643512111471
0.024967129351031295
0.01572485232865632
0.018454220379476992
0.0029838367052787444
0.011416032721086836
0.006173271570576563
0.01100266986149919
0.011744492322358708
0.01344205749741042
0.03162986412143575
0.006865452012067338
0.018992961907052762
0.012495532266085813
0.014922016672338351
0.007921789362729236
0.019210722181015768
0.019541028070949817
0.005649312779597802
0.009824647280783494
0.004372721196481179
0.010983422323053046
0.004336215484800188
0.025261793722928493
0.03620635160103702
0.0034666453036290767
0.022998569289694924
0.019493233471306746
0.02261810426972157
0.06113283152676173
0.0249002751555397
0.003807866163483777
0.02370307994426563
0.001283160346164599
0.016529671231117954
0.012483482067052609
0.007888255282351101
0.02520058515211502
0.012006487019123737
0.009350164672912518
0.0023195715728705915
0.004229603977555435
0.024165753405456705
0.024141337996718724
0.002774973987586044
0.011855544743399081
0.03747041930909134
0.001160558967708374
0.010272611233321105
0.009795955820345252
5.69964038837855E-4
0.002780216085034453
0.008982479576386352
0.011995533613230256
0.009073481199822618
0.01719618113322092
0.02519899222667529
0.025180871198880114
0.036215625274795965
0.021236289380356668
0.02028519825500282
0.032708727375165475
0.005799242239748828
0.006783813996760553
0.004664820026989918
0.006071229652280639
0.007098838783394932
6.787097672389046E-4
0.0026419928712356788
0.008899694374026214
0.023285377976117416
0.013489181769145752
0.0011649244874527135
0.0011376100959907033
0.018584921210897967
0.02066452705265951
0.01184572380463929
0.00460286777889833
0.0032268196253945744
0.02059509804850342
0.033187178339233105
0.007140603467568357
0.009059781774862682
0.004178695906357382
0.00564079745592404
0.007562127320326482
0.014457210136286664
0.003911010984985942
0.03627860849011891
0.003344044875303668
0.014851939900695013
4.0849719400406874E-4
0.014634586665003004
0.027498080029461042
0.0025290048021190956
0.026138289145380106
0.015399081721573235
0.016723951076226543
0.006489722768631115
0.001928665022207951
0.0024512252056335467
0.012094942013463315
0.02936372810478447
0.01581798326013316
0.028520663892306907
0.012449777069357697
0.01525466169538438
0.0020106831362712713
0.014559413983707001
0.034890738065103136
0.008834433386337015
0.04622367400457575
0.01560512146001682
0.013730892674199018
0.0034803892920873686
0.0040551047475289904
0.009289264071690282
0.03212114957388743
0.027462915012441764
0.007552286624218309
0.017902485221052596
0.010419775602335169
0.016519814611817916
0.03210695687395931
0.009329284782123425
0.011932109004190746
0.005622030179182174
0.0
0.005622030179182174
0.011932109004190746
0.009329284782123425
0.03210695687395931
0.016519814611817916
0.010419775602335169
0.017902485221052596
0.007552286624218309
0.027462915012441764
0.03212114957388743
0.009289264071690282
0.0040551047475289904
0.0034803892920873686
0.013730892674199018
0.01560512146001682
0.04622367400457575
0.008834433386337015
0.034890738065103136
0.014559413983707001
0.0020106831362712713
0.01525466169538438
0.012449777069357697
0.028520663892306907
0.01581798326013316
0.02936372810478447
0.012094942013463315
0.0024512252056335467
0.001928665022207951
0.006489722768631115
0.016723951076226543
0.015399081721573235
0.026138289145380106
0.0025290048021190956
0.027498080029461042
0.014634586665003004
4.0849719400406874E-4
0.014851939900695013
0.003344044875303668
0.03627860849011891
0.003911010984985942
0.014457210136286664
0.007562127320326482
0.00564079745592404
0.004178695906357382
0.009059781774862682
0.007140603467568357
0.033187178339233105
0.02059509804850342
0.0032268196253945744
0.00460286777889833
0.01184572380463929
0.02066452705265951
0.018584921210897967
0.0011376100959907033
0.0011649244874527135
0.013489181769145752
0.023285377976117416
0.008899694374026214
0.0026419928712356788
6.787097672389046E-4
0.007098838783394932
0.006071229652280639
0.004664820026989918
0.006783813996760553
0.005799242239748828
0.032708727375165475
0.02028519825500282
0.021236289380356668
0.036215625274795965
0.025180871198880114
0.02519899222667529
0.01719618113322092
0.009073481199822618
0.011995533613230256
0.008982479576386352
0.002780216085034453
5.69964038837855E-4
0.009795955820345252
0.010272611233321105
0.001160558967708374
0.03747041930909134
0.011855544743399081
0.002774973987586044
0.024141337996718724
0.024165753405456705
0.004229603977555435
0.0023195715728705915
0.009350164672912518
0.012006487019123737
0.02520058515211502
0.007888255282351101
0.012483482067052609
0.016529671231117954
0.001283160346164599
0.02370307994426563
0.003807866163483777
0.0249002751555397
0.06113283152676173
0.02261810426972157
0.019493233471306746
0.022998569289694924
0.0034666453036290767
0.03620635160103702
0.025261793722928493
0.004336215484800188
0.010983422323053046
0.004372721196481179
0.009824647280783494
0.005649312779597802
0.019541028070949817
0.019210722181015768
0.007921789362729236
0.014922016672338351
0.012495532266085813
0.018992961907052762
0.006865452012067338
0.03162986412143575
0.01344205749741042
0.011744492322358708
0.01100266986149919
0.006173271570576563
0.011416032721086836
0.0029838367052787444
0.018454220379476992
0.01572485232865632
0.024967129351031295
0.007965643512111471
0.006447379782208431
0.016630606564152696
0.018324236666459704
0.02484060663198207
0.012128182524866539
0.004776994343076927
0.036853505401778106
0.018653022059910263
6.107539772058321E-4
0.0028678065617243845
0.039989603187668546
0.00652052942451683
0.0012561079026150999
0.009973551245593038
0.007248801899899223
0.054415888699355736
0.019127335993969957
0.02180050137877439
0.002411723477933
0.018210286290511718
7.436289686317765E-4
0.022706703892572438
0.0031124313095779307
0.00667023102584509
0.021997968803944095
0.046667428393456396
0.005811440215452274
0.03633912122685345
0.012353013095983908
0.013146995196538594
0.01272902290822945
0.019141341880866566
0.012065953868393105
0.009405526846976904
0.0346212068492331
0.016440049943796182
4.013831682695771E-4
0.006495887868836631
0.05377680243455148
0.016717731709973892
0.022944777784795346
0.004420269979919173
0.00291644918266858
0.013684704458992076
0.02625891008911749
0.031524442533183074
0.03562037360547825
0.01741565978284806
0.010364592782108358
0.015827205529123776
0.007872139323092824
0.001573331371579598
0.006358268905233419
0.006651295531385542
0.01924309146430223
0.01237136526975861
0.03666933344456705
0.0074377509545732285
0.0033254927685329176
0.01945540961119156
0.0011544120480715644
0.024058793291043566
0.0032574783351349344
0.03442837484779697
0.057844389349602274
0.05695082592720991
0.013712290373464397
0.021940456951321134
0.0066751424277677485
0.010718974418954223
0.004135628917796133
0.00986565800774278
0.028966303637815674
0.017063681209171688
0.01382648169078655
0.008328809917033908
0.025700441630201926
0.006221161171185544
0.04204314714171323
0.002312439759754459
0.005178119545581153
0.026555448368131188
0.00606999269938234
0.018234616422567386
2.835015210819467E-4
0.012409166710463949
0.005082571899319307
0.0065486681826071366
0.0260786362708692
0.009717830525955231
0.012433126516421552
0.024601653330187823
0.01814620679885362
0.013281494731865488
0.0050068329721960885
0.023441555577138746
0.019538660469350686
0.025918735947995524
0.016697929178684713
0.018638803819879295
0.05493853583329503
0.011662392447848323
0.010391175956039951
0.005811440215452274
0.05214749728446591
0.021421132854985907
0.02245821427602892
0.01820919823356287
0.04355885065533665
0.04460756219626139
0.037209215499812785
0.02852708852307966
0.027381398835852045
0.03142429045091019
0.038014339681682205
0.018504227085572686
0.045855482877915604
0.006422568461486983
0.03856028356473115
0.006331050580283003
0.008738290227354607
0.034661628527516544
0.031259169706595216
0.04052726338101363
4.6560225318928644E-5
0.0063728050292342
0.05256614520044499
0.028636944831184556
8.821731165801814E-4
5.247423582762005E-4
0.0029383513420942584
0.04789020915444572
0.011759698477862386
0.040747933651718866
0.025588835827777903
0.040365474041395163
0.018344843557448132
0.05478126039830594
0.017599114246649557
0.014088963293324187
0.026148672278011036
0.04564110272633043
0.030577594330921817
0.04311118015149222
0.02321266633365632
0.021443192123922372
0.0210175745237297
0.04367336192004018
0.013279738769240372
0.03583708049353579
0.029045667162328634
0.03411013836986675
0.15169468980567252
0.03282392193852887
0.019609231666305096
0.01760581575281666
0.01218179128425206
0.05450172836996216
0.01933589831371754
0.043058477923166125
0.006270738619924532
0.054412027737974204
0.07312556162617465
0.024220631370156398
0.007836659495955661
0.06507112440940876
0.004475151213451836
0.03430937257768817
0.008775608123696292
0.002698421958845885
0.08677906864767851
0.005724601155153903
0.02055427653165307
0.013373341211440294
0.026145444046528306
0.021828081594192163
0.04705426388651277
0.027216265669445572
0.048667916707176816
0.10630886088514921
0.06973728258542729
0.015554771643900145
0.008990649889776022
0.07329301229080816
0.04077838028768402
0.0029645140549474777
0.021421496684051546
0.011096569531252813
0.05683348920025446
0.059962466618413146
0.018586156879562325
0.04838612350702667
0.02106009022183853
0.020728712490970098
5.415788525750182E-4
0.025300116567670866
0.015406917045077588
0.03127825501669263
0.08369342634954094
0.014145723325089909
0.03836274841088506
0.00871000381448846
0.016504315538878662
0.06502672594942543
0.05121167327235958
0.003583161615545928
0.04327075812211739
0.08049652561189322
0.001080072447869141
0.05755368645313429
0.05726972281100269
0.04195098015800444
0.01570425783694411
0.013387447046838124
0.009457785472158777
0.023277901967099786
0.016999935688977282
0.011534084949802724
0.01746841530898887
0.015636901140061384
0.004550585384792513
0.0835966856468084
0.016079371590383765
0.02800317636844902
0.015550725639226094
0.016436356239072508
0.02796346450699972
8.4206190600054E-4
0.019037308249664847
0.009645157781979215
0.03935488297022676
0.03962350078809088
3.6104088558737185E-4
0.009783887303580948
0.030532094476772194
3.9968157687047195E-4
0.011142701954196399
0.01542215092000961
0.006533218175095038
0.05186157657611838
0.03699183297105179
0.00856718335616745
0.042918939579553325
0.1590816487309563
0.009848724940010063
0.049214329670885036
0.047164873411447844
0.004157630290884172
0.07181569777419394
0.010803918944595163
0.039055921406583385
0.05828998334048275
0.04682786054840911
0.09226766090457081
0.035334430173231464
0.02911580213255432
9.228501398624946E-5
0.029627165116099228
0.06716578667286649
0.047865024755479026
0.015696383962276707
0.21596298798730007
0.050825266399859806
0.042945286141853896
0.055751130894088875
0.008916176518331102
0.0615084723809438
0.01258581884830265
0.05480346122966732
0.00154287326800406
0.1473560319786508
0.03759325118566312
0.0014151195485711222
0.050254736752050624
0.01360316227514093
0.004565235304593837
0.02583892252444346
0.043973331420469795
0.018688756418501092
0.04118266411563775
0.0699845903489374
0.0035459324833477844
0.048434813531744794
0.012414467363269566
0.011859447452841811
0.010223755484508658
0.05946731497360258
0.04761775908793793
0.030933382315155248
0.14984047689720803
0.045436381435810094
0.061369764218622766
0.08179908118098625
0.020838548865531194
0.07368168362372504
0.04870975527756631
0.05904126954348902
0.08525452958088503
0.0491275225349765
0.03416906468273869
0.05505948422432066
0.04055254069184589
0.024730775283299665
0.05390133891229905
0.0193902898915623
0.12912082010154224
0.2097639084763985
0.39570113188043304
0.08862252393339888
0.04564670532407915
0.0337385146154289
0.10702196828263044
0.00928594696071243
0.07237279182515705
0.04082307287678481
0.11953840710205439
1.0
0.2919618218736121
0.23301051913197993
0.12285758586531517
0.05259628913059406
0.05703290899281673
0.07779966766164438
0.026937446866770277
0.0867164428180027
0.13703106279626856
0.037177673811168786
0.006366779476885874
0.10369221373483219
0.02958800235715345
0.10565959533822192
0.00967288815220294
0.03816905205468976
0.02829947158783214
