-0.2341289871513977
0.02964433759018294
0.021490512806532594
0.015703785061345822
0.10608264128809619
0.13757870944747919
0.026555833170201368
0.010013687174453062
0.0012564468375291544
0.20160244430356786
0.17209794263886866
0.10849112757977986
0.18517828397224773
0.06160176322762851
0.014311934681775289
0.061856578635899884
0.060855603279829154
0.045722152128016946
0.21432811236312463
0.021891756720953514
0.03128374078357694
0.1069288128982469
0.1058550122867454
0.09693766953884217
0.10354686473861534
0.024250455933085214
0.06946633360677187
0.675834427566479
0.28987765323895426
0.15397474380760276
0.07670189903200318
0.04691788186020008
0.13295918107975496
0.020559806050277407
0.01551235810048158
0.08549389625386494
0.041714624393124865
0.09304524078733932
0.0427175744084756
0.11955742573866002
0.02241662916299997
0.2232232588754089
0.012219342489962016
0.011828855365147257
0.2529303856230175
1.0
0.807923432500124
0.14762349668090116
0.05903643542501279
0.10103974939595958
0.026855425892140926
0.14870281184100204
0.12812264006454857
0.130335225750175
0.0854976165119802
0.08871035433080471
0.02609992690665449
0.015838062823795344
0.017732098689934816
0.04214293730726647
0.01792707694002625
0.008395372085225693
0.0776644638272674
0.03587019442490162
0.14706411698582925
0.006128767496658801
0.018317568297987242
0.03997660297874932
0.008469166455130144
0.007775252998517313
0.10104381293764406
0.12759367707604052
0.11734357530086571
0.24164627713702466
0.04455409920246885
0.06373040458204517
0.045144416772225
0.014047739229083858
0.01317279636554352
0.09726934884088258
0.03458002908595667
0.2735372786442905
0.4784409911942937
0.039219785994850584
0.0606889187674006
0.06765753799973069
0.043514420583685216
0.06645476706880234
0.04550536786266922
0.05268275768878817
0.03581540011007144
0.009787287182111436
0.027164313276893268
0.11321408273878157
0.05594081443441758
0.02803332907374863
0.036439097169726375
0.04266606555722416
0.07537723307370167
0.037020529485322556
0.05784401624162553
0.030377159699281328
0.13551661555767863
0.027652692114159994
0.05511987028011148
0.08308984691734812
0.11091732049012853
0.03284346045681796
0.02206020486556917
0.059461159410802246
0.04569369260746765
0.03061673476341581
0.021807170597057623
0.036603306041322344
0.020423050264463918
0.02914208757149452
0.047274374024143626
0.08903892730373583
0.0874547868768522
0.04256105956144408
0.034600706601940805
0.08220432964311454
0.029221206919490737
0.032057619195286345
0.010545602315310012
0.007106316804986679
0.07989571156851902
0.08736265372629541
0.07841186848487909
0.023671074651919168
0.10620005340329179
0.09272836115255222
0.021741705353777334
0.006593149160700477
0.028605996508514656
0.08940098335775098
0.03927048840579907
0.030400347639426284
0.03004528074535875
0.05185076299964416
0.004330058887126792
0.026434857576891405
0.06909600321859816
0.021378156503746353
0.047643776119897265
0.20960913356414973
0.07319909952494183
0.002831202568180663
0.022989343660126605
0.04908938177789415
0.07504904696484162
0.04780936803211779
0.1191721390055917
0.1305941014407589
0.03277805820119569
0.06587694010646437
0.0890111263625467
0.014577616192933544
0.01213788465922763
0.027769533777570618
0.05899999784000173
0.055380824120080344
0.061598768760013474
0.08654236325600338
0.04279518150872321
0.07306836485041927
0.05733192912414635
0.0400080903684489
8.848094261016279E-4
0.032259139440121244
0.006388408254257427
0.01057184742929635
0.017772477618830784
0.1220488832326484
0.02005287581761741
0.0519010767262507
0.014500290920666894
0.03996188242796946
0.030217999327551565
0.07262650068051636
0.023070362902418054
0.0413387710219572
0.008951971430576099
0.0045601424901861535
0.08022896084451302
0.008340198673000046
0.030839117336196264
0.07824250667612556
0.17466907710721846
0.03414509252921025
0.041899981656822544
2.0138206765444252E-4
0.03932553307174131
0.012274747887752999
0.030002330656974694
0.007875147646275449
0.021483984077060186
0.010721555729883462
0.027809846129243785
0.04472260871598723
0.09086933509096311
0.025761436820801245
0.0030940636048795143
0.03442659591648739
0.02604369581525612
0.0463176857838887
0.01738661623247254
0.045475148278022084
0.03406732968076503
0.015978112484051718
0.022042511135363638
0.012490850356559285
0.04044843599640476
0.043635019820312204
0.02936034413093821
0.039942639152290835
0.021827259924712617
0.013056904832811893
0.021114076243091112
0.025179080678364076
0.06337103576564823
0.04242000083374813
0.03653852544419088
0.02435342319730377
0.09472697075555486
0.13574793677956484
2.942988897690914E-5
0.08407415965779451
0.007696674276882721
0.09008908702032094
0.0389469130287488
0.028095478458167726
0.06697506117477608
0.01541617424517623
0.07436248046195096
0.045102071556175904
0.031133829549554074
0.06509575568003469
0.025909119579488403
0.07342169480041683
0.0677239545616349
0.03726165999337349
0.012570114356132478
0.09059252617491174
0.05207330004016812
0.009366846698352336
0.03928239946080243
3.410175069394372E-4
0.06276565516131405
0.00426008415070871
0.02649456750632816
0.008894030300616834
0.04405397172368795
0.01737298350451257
0.031242721612284332
1.0949513729594727E-4
0.0030424849371515792
0.0015791421025809277
0.04078506826604494
0.04059045071092859
0.0068660751333220445
0.025640158668826116
0.016474938191208106
0.09665614448539073
0.04237227703038155
0.020765753944741082
0.011489006450782577
0.003518413086314977
0.02828756835372188
0.060886345946953836
0.0015805351847771954
0.0024299982286164457
0.07393198161033955
0.05740647532924665
0.015096662940522967
0.015840992623505103
0.027602481915470517
0.009171213930467064
0.049675531044247115
0.011010897207230395
0.004654344880404419
0.012363898435124024
0.06546413019108215
0.01688610816558981
0.012250872962048824
0.041113141260013884
0.03618042739386761
0.00900281389674576
0.024610237251733544
0.019338353393292828
0.01359205176136904
0.02185334724945859
0.020986259176775362
0.007850460852210335
0.0684182078202094
0.011059194837611775
0.003134615342930213
0.006365771823673878
0.06746135069624537
0.06508588812209945
0.009923721106876837
0.01764326347913263
0.08145386902450574
0.03816307489772687
0.022066025009458583
0.002612230655294748
0.05241560211874617
0.018775596691271688
0.023412898715139775
0.03449516591179854
0.006448268424516897
0.006821046730197615
0.01795159787615747
0.06086771443064251
0.018812203592204767
0.04471896997049022
0.006045761442554059
0.03724006451180456
0.03716518484166356
0.007970716512671368
0.018623042617327442
0.014963497838886008
0.024613113458631188
6.040126874480389E-4
0.018271933043764392
0.04077872159294824
0.008137917675527967
0.008795458842474941
0.0057783093602233335
0.013650462890912252
0.008666776483007345
0.0011553254556956824
0.00434158599673216
0.06497761535099263
0.006953368400716263
0.01587752763301156
2.728618669082609E-5
0.032624181728872166
0.015345957454036916
0.029903552210128678
0.06949587535517587
0.0037629992832719492
0.022077503427287513
0.006805276018562912
0.024398416232461532
0.008941132742199659
0.009864007141182473
0.01986165364408014
0.028568275502166583
0.01919213533887154
0.00823118822464071
0.03710186053661531
0.015410356174103636
0.03136867375572882
0.004066987484955914
4.519512877013942E-4
0.042947782988834796
0.00908865942697155
0.04764513138401037
0.016887161826415982
0.026238180867836202
0.0129980913747338
0.024399542517204616
0.02137836054553447
0.020742565122039584
0.043280112656676
0.004268935411500045
0.011208240114848828
0.039437427411892344
0.029098320909886215
0.026577260411036908
0.007908711036972856
0.007957273617201518
0.07206283064776173
0.01682018911020294
0.04625395435147134
0.04014375194745201
0.03559340583599661
0.03579048601349172
0.020979765865179245
0.030815983752215094
0.036773135952333946
0.02589902635630408
0.020274748954748602
0.04032305130052808
0.014047739229083858
0.033178841722673366
0.015108818319753976
0.002191585232802983
0.0266801420556744
0.017083241282545673
0.01215748682675525
0.014733981551919864
0.021577778514357295
0.0561538967200417
0.02590379139164808
0.020172452990344293
0.058894410508927464
0.018172902955318062
1.764416735782857E-4
0.022886904558338004
0.06268600701688376
0.03210358107002212
0.02851423338330693
0.0425383408450576
0.020505406278617168
0.038939274116706495
0.010671088677172397
0.007661878329243431
0.020890450536900616
0.0150730361793254
0.06590933751107954
0.002887172941899217
0.00847968739700379
0.017073995484423496
0.046146708859119416
0.02662950115604702
0.0036627790084167453
0.012326971653953642
0.049080652614609095
0.0348769785603393
0.07776826098105763
0.0094330826466299
0.03455954814739961
0.03241723220086012
0.00651261505922252
0.022932187715297456
0.02362512201592027
0.023826388824664882
0.07132764014219553
0.018411291758957803
0.015944628032932794
0.012335181763604451
0.019875404200960244
0.004010065320102597
0.010450144487838159
0.02266281950506458
0.002864482788978262
0.021468019235023367
0.006423451568032295
0.032894551885007534
0.0069256994101427796
0.050074546896390015
0.0041145006324946574
0.01761613421069654
0.0491821756196713
0.035109264922238384
0.030889947431173403
0.039813415942835835
0.024471624644100038
0.02718866562789079
0.0031962413962320657
0.033050813156549286
0.03966676451927109
0.023905341378561477
0.02719114585291943
0.011815841110089365
0.005190335776727246
0.06992839015258148
0.032568412591913606
0.020634519090091133
0.013847997580535476
0.009365159486055909
0.013847997580535476
0.020634519090091133
0.032568412591913606
0.06992839015258148
0.005190335776727246
0.011815841110089365
0.02719114585291943
0.023905341378561477
0.03966676451927109
0.033050813156549286
0.0031962413962320657
0.02718866562789079
0.024471624644100038
0.039813415942835835
0.030889947431173403
0.035109264922238384
0.0491821756196713
0.01761613421069654
0.0041145006324946574
0.050074546896390015
0.0069256994101427796
0.032894551885007534
0.006423451568032295
0.021468019235023367
0.002864482788978262
0.02266281950506458
0.010450144487838159
0.004010065320102597
0.019875404200960244
0.012335181763604451
0.015944628032932794
0.018411291758957803
0.07132764014219553
0.023826388824664882
0.02362512201592027
0.022932187715297456
0.00651261505922252
0.03241723220086012
0.03455954814739961
0.0094330826466299
0.07776826098105763
0.0348769785603393
0.049080652614609095
0.012326971653953642
0.0036627790084167453
0.02662950115604702
0.046146708859119416
0.017073995484423496
0.00847968739700379
0.002887172941899217
0.06590933751107954
0.0150730361793254
0.020890450536900616
0.007661878329243431
0.010671088677172397
0.038939274116706495
0.020505406278617168
0.0425383408450576
0.02851423338330693
0.03210358107002212
0.06268600701688376
0.022886904558338004
1.764416735782857E-4
0.018172902955318062
0.058894410508927464
0.020172452990344293
0.02590379139164808
0.0561538967200417
0.021577778514357295
0.014733981551919864
0.01215748682675525
0.017083241282545673
0.0266801420556744
0.002191585232802983
0.015108818319753976
0.033178841722673366
0.014047739229083858
0.04032305130052808
0.020274748954748602
0.02589902635630408
0.036773135952333946
0.030815983752215094
0.020979765865179245
0.03579048601349172
0.03559340583599661
0.04014375194745201
0.04625395435147134
0.01682018911020294
0.07206283064776173
0.007957273617201518
0.007908711036972856
0.026577260411036908
0.029098320909886215
0.039437427411892344
0.011208240114848828
0.004268935411500045
0.043280112656676
0.020742565122039584
0.02137836054553447
0.024399542517204616
0.0129980913747338
0.026238180867836202
0.016887161826415982
0.04764513138401037
0.00908865942697155
0.042947782988834796
4.519512877013942E-4
0.004066987484955914
0.03136867375572882
0.015410356174103636
0.03710186053661531
0.00823118822464071
0.01919213533887154
0.028568275502166583
0.01986165364408014
0.009864007141182473
0.008941132742199659
0.024398416232461532
0.006805276018562912
0.022077503427287513
0.0037629992832719492
0.06949587535517587
0.029903552210128678
0.015345957454036916
0.032624181728872166
2.728618669082609E-5
0.01587752763301156
0.006953368400716263
0.06497761535099263
0.00434158599673216
0.0011553254556956824
0.008666776483007345
0.013650462890912252
0.0057783093602233335
0.008795458842474941
0.008137917675527967
0.04077872159294824
0.018271933043764392
6.040126874480389E-4
0.024613113458631188
0.014963497838886008
0.018623042617327442
0.007970716512671368
0.03716518484166356
0.03724006451180456
0.006045761442554059
0.04471896997049022
0.018812203592204767
0.06086771443064251
0.01795159787615747
0.006821046730197615
0.006448268424516897
0.03449516591179854
0.023412898715139775
0.018775596691271688
0.05241560211874617
0.002612230655294748
0.022066025009458583
0.03816307489772687
0.08145386902450574
0.01764326347913263
0.009923721106876837
0.06508588812209945
0.06746135069624537
0.006365771823673878
0.003134615342930213
0.011059194837611775
0.0684182078202094
0.007850460852210335
0.020986259176775362
0.02185334724945859
0.01359205176136904
0.019338353393292828
0.024610237251733544
0.00900281389674576
0.03618042739386761
0.041113141260013884
0.012250872962048824
0.01688610816558981
0.06546413019108215
0.012363898435124024
0.004654344880404419
0.011010897207230395
0.049675531044247115
0.009171213930467064
0.027602481915470517
0.015840992623505103
0.015096662940522967
0.05740647532924665
0.07393198161033955
0.0024299982286164457
0.0015805351847771954
0.060886345946953836
0.02828756835372188
0.003518413086314977
0.011489006450782577
0.020765753944741082
0.04237227703038155
0.09665614448539073
0.016474938191208106
0.025640158668826116
0.0068660751333220445
0.04059045071092859
0.04078506826604494
0.0015791421025809277
0.0030424849371515792
1.0949513729594727E-4
0.031242721612284332
0.01737298350451257
0.04405397172368795
0.008894030300616834
0.02649456750632816
0.00426008415070871
0.06276565516131405
3.410175069394372E-4
0.03928239946080243
0.009366846698352336
0.05207330004016812
0.09059252617491174
0.012570114356132478
0.03726165999337349
0.0677239545616349
0.07342169480041683
0.025909119579488403
0.06509575568003469
0.031133829549554074
0.045102071556175904
0.07436248046195096
0.01541617424517623
0.06697506117477608
0.028095478458167726
0.0389469130287488
0.09008908702032094
0.007696674276882721
0.08407415965779451
2.942988897690914E-5
0.13574793677956484
0.09472697075555486
0.02435342319730377
0.03653852544419088
0.04242000083374813
0.06337103576564823
0.025179080678364076
0.021114076243091112
0.013056904832811893
0.021827259924712617
0.039942639152290835
0.02936034413093821
0.043635019820312204
0.04044843599640476
0.012490850356559285
0.022042511135363638
0.015978112484051718
0.03406732968076503
0.045475148278022084
0.01738661623247254
0.0463176857838887
0.02604369581525612
0.03442659591648739
0.0030940636048795143
0.025761436820801245
0.09086933509096311
0.04472260871598723
0.027809846129243785
0.010721555729883462
0.021483984077060186
0.007875147646275449
0.030002330656974694
0.012274747887752999
0.03932553307174131
2.0138206765444252E-4
0.041899981656822544
0.03414509252921025
0.17466907710721846
0.07824250667612556
0.030839117336196264
0.008340198673000046
0.08022896084451302
0.0045601424901861535
0.008951971430576099
0.0413387710219572
0.023070362902418054
0.07262650068051636
0.030217999327551565
0.03996188242796946
0.014500290920666894
0.0519010767262507
0.02005287581761741
0.1220488832326484
0.017772477618830784
0.01057184742929635
0.006388408254257427
0.032259139440121244
8.848094261016279E-4
0.0400080903684489
0.05733192912414635
0.07306836485041927
0.04279518150872321
0.08654236325600338
0.061598768760013474
0.055380824120080344
0.05899999784000173
0.027769533777570618
0.01213788465922763
0.014577616192933544
0.0890111263625467
0.06587694010646437
0.03277805820119569
0.1305941014407589
0.1191721390055917
0.04780936803211779
0.07504904696484162
0.04908938177789415
0.022989343660126605
0.002831202568180663
0.07319909952494183
0.20960913356414973
0.047643776119897265
0.021378156503746353
0.06909600321859816
0.026434857576891405
0.004330058887126792
0.05185076299964416
0.03004528074535875
0.030400347639426284
0.03927048840579907
0.08940098335775098
0.028605996508514656
0.006593149160700477
0.021741705353777334
0.09272836115255222
0.10620005340329179
0.023671074651919168
0.07841186848487909
0.08736265372629541
0.07989571156851902
0.007106316804986679
0.010545602315310012
0.032057619195286345
0.029221206919490737
0.08220432964311454
0.034600706601940805
0.04256105956144408
0.0874547868768522
0.08903892730373583
0.047274374024143626
0.02914208757149452
0.020423050264463918
0.036603306041322344
0.021807170597057623
0.03061673476341581
0.04569369260746765
0.059461159410802246
0.02206020486556917
0.03284346045681796
0.11091732049012853
0.08308984691734812
0.05511987028011148
0.027652692114159994
0.13551661555767863
0.030377159699281328
0.05784401624162553
0.037020529485322556
0.07537723307370167
0.04266606555722416
0.036439097169726375
0.02803332907374863
0.05594081443441758
0.11321408273878157
0.027164313276893268
0.009787287182111436
0.03581540011007144
0.05268275768878817
0.04550536786266922
0.06645476706880234
0.043514420583685216
0.06765753799973069
0.0606889187674006
0.039219785994850584
0.4784409911942937
0.2735372786442905
0.03458002908595667
0.09726934884088258
0.01317279636554352
0.014047739229083858
0.045144416772225
0.06373040458204517
0.04455409920246885
0.24164627713702466
0.11734357530086571
0.12759367707604052
0.10104381293764406
0.007775252998517313
0.008469166455130144
0.03997660297874932
0.018317568297987242
0.006128767496658801
0.14706411698582925
0.03587019442490162
0.0776644638272674
0.008395372085225693
0.01792707694002625
0.04214293730726647
0.017732098689934816
0.015838062823795344
0.02609992690665449
0.08871035433080471
0.0854976165119802
0.130335225750175
0.12812264006454857
0.14870281184100204
0.026855425892140926
0.10103974939595958
0.05903643542501279
0.14762349668090116
0.807923432500124
1.0
0.2529303856230175
0.011828855365147257
0.012219342489962016
0.2232232588754089
0.02241662916299997
0.11955742573866002
0.0427175744084756
0.09304524078733932
0.041714624393124865
0.08549389625386494
0.01551235810048158
0.020559806050277407
0.13295918107975496
0.04691788186020008
0.07670189903200318
0.15397474380760276
0.28987765323895426
0.675834427566479
0.06946633360677187
0.024250455933085214
0.10354686473861534
0.09693766953884217
0.1058550122867454
0.1069288128982469
0.03128374078357694
0.021891756720953514
0.21432811236312463
0.045722152128016946
0.060855603279829154
0.061856578635899884
0.014311934681775289
0.06160176322762851
0.18517828397224773
0.10849112757977986
0.17209794263886866
0.20160244430356786
0.0012564468375291544
0.010013687174453062
0.026555833170201368
0.13757870944747919
0.10608264128809619
0.015703785061345822
0.021490512806532594
0.02964433759018294
