-0.15915506087296383
0.0349798940414868
0.0427667439073904
0.04449680395768247
0.027175307233412355
0.08119364692573935
0.05896691388706142
0.06777731208980912
0.048372447571109874
0.1796555796199522
0.07833364342791435
0.03535535067983227
0.09382561934610262
0.0950996534167368
0.048972913789451164
0.057498238625805456
0.05922842075874593
0.10044365375385308
1.0
0.06819328616051923
0.14646415845000546
0.07991135439214274
0.11037442070731618
0.03488062960958417
0.1360756704710963
0.03543415361141309
0.034128364752691195
0.27624602110506374
0.02984349450606209
0.05282054969127203
4.99187184704143E-4
0.008038504962239262
0.012834472748930922
0.026488216531432185
0.0463260638147334
0.03418543962020803
0.4099037363535754
0.06403317221606353
0.014288122782974035
0.026102076165082394
0.06182378693469508
0.030702909985592875
0.03456291534123842
0.012173006724359512
0.05016493784774293
0.3717323732150663
0.0533099339869274
0.052196465920054426
0.013159684174143238
0.03571760655662178
0.02348299346666336
0.10554964888857651
0.012771404162033276
0.005599301887127908
0.04621607557019861
0.0023673094275165783
0.010651590267589444
0.0027919280255544973
0.0037140314087254667
0.0011436357267532555
0.050124824449827306
0.0662967717065159
0.009105143605401286
0.08167852547401913
0.02739021540264132
0.05970659532129732
0.053498217812475844
0.018235214874007463
0.035039352020758016
0.05885809008954818
0.03560388494363455
0.04424625596293674
0.19158736839248283
0.036458597072614715
0.01116382188196738
0.03671366821011876
0.01242443872649777
0.017467099466605338
0.013276888575378357
0.03248437805053786
0.002137851152515707
0.41712913612417984
0.09037880745818533
0.012042211981793616
0.04490796177593315
0.009877250932221946
0.0014947704101311394
0.04359119420953147
0.015790605404471813
0.009321616378668
0.09583122351423874
0.013215473617952838
0.0199872757778954
0.020459216361723265
0.03596835110078926
0.0012908311123522279
0.056177814381384625
0.0357815270462366
0.049353708443736155
0.08250710674691278
0.047803044442056804
0.02020077072802336
0.009903586575580972
0.019664897737785805
0.0709194361132038
0.0467272588139974
0.06858582627639585
0.008519501734898497
0.13113729140695732
0.09324929218982832
0.006604203278356927
0.017827216595866602
0.015478871748754718
0.036853824774074465
0.02236694795329111
0.00438057699502445
0.012250102601729077
0.025458831631995218
0.028355703068006662
0.052349095559124564
0.07821397021985171
0.05788980707030602
0.023914084467682745
0.04291560190437299
0.017377901331613585
0.023599005611940768
0.010907886920272364
0.012424835999961987
0.05208549701083724
0.059319658728065806
0.02053250776139711
0.016804340220030755
0.0029191526845297913
0.01633883857699367
0.001886962502357116
0.05262566791593985
0.02879862339064954
0.015811117731544536
0.005360955540899039
0.001308842327128335
0.005250114901843161
0.08998964259600838
0.014815246375383763
0.018335347575200726
0.06816926124337289
0.04473530141368361
0.09648612353677377
0.043690675410078525
0.022907798552887125
0.04067804818229983
0.012849174563256018
8.566445478786749E-4
0.02803672698366634
0.1047350255091404
0.006631460869706829
0.00635553853036339
0.0309299709221663
0.020992507817721433
0.03291550827274991
0.0414833230067145
0.0688561282466596
0.0034659155680937088
0.127417170260518
0.0336661972730948
0.014159193714751956
0.06518944400270035
0.005780199769150173
0.017759015575528562
0.06925031193484
0.01934473050598382
0.017628402644726357
0.0336679942063811
0.0295517129862502
0.042940822005090924
0.0034240352130169966
0.029088515055434794
0.010077626242160843
0.032713776611356875
0.042404080472006785
0.006061478597884499
0.005107050242742819
0.02251925949921771
0.014292585303562184
0.00954893086046861
0.004602910534312629
0.03625370918511751
0.01158081547026049
0.051878964041082706
0.008617228693547566
0.07201448931043349
0.031518108140610436
0.014188086009887675
0.039747884454350284
0.006511510631716841
0.044555159568389666
0.04662007239975748
0.03666025883310285
0.04922330126505485
0.03076480107786009
0.039566690179536256
0.007153321826469321
0.001768662612813711
0.05075956504776265
0.036140453777995685
0.06083231277151608
0.015475453864759573
0.011961216112355389
0.07956615182986902
0.08750350535440017
0.014098821689599242
0.031714062595667475
0.011081358523554567
0.0153785285054209
0.009489577496494131
0.0021245611303912174
0.0038214892696191824
0.06499568555762998
0.016644234621218154
0.05216935358706163
0.0059107047149416815
0.02801452530750442
0.06799446758737142
0.01192693971765083
0.02829371014750152
0.01810755567509598
0.0038642718195902102
0.06885410997047572
0.025329478107678355
0.019792487824123725
0.0022542000987970214
0.09721895303505519
0.006631460869706826
0.025208183267234424
0.029292669933547517
0.007142656733537099
0.05411909140535478
0.036533538460132374
0.015866477019245134
0.0019282489843720787
0.017283716646364602
0.012803004157384742
0.007332332358413842
0.019891070207808035
0.015461421457263475
0.021373629800687566
0.01678332637876322
0.013053191022009029
0.002048085342049146
0.012452294441304131
0.009570238091634637
0.01963132229510552
0.032186300641730434
0.007576103749423379
0.046311450032967834
0.012431460067675697
0.01228587663590601
0.001871903114345415
0.015524094127374115
7.158070611377521E-4
0.03437384841878209
0.022191750695916584
0.0068443445625554974
0.011947946390301271
9.557254728591536E-4
0.06246429461675592
0.008657209158839366
0.01191982021501658
0.03687746762183974
0.020943696388570826
0.003937195366910235
0.01471821942002015
0.0053041144390782525
0.020752070595773806
0.031567305098443056
0.009270166833529601
0.014491312316951058
0.004451181529751049
0.012480479472236648
0.04799628809574461
0.006867125387069223
0.04271794764583901
0.026575866083986564
0.028221300503580925
0.01640402218592051
0.021454702246613125
0.004207768554392199
0.05978742134776691
0.031516856682729216
0.0016694355251506145
0.04800306980693505
0.009066161857890432
0.055394230972319956
0.03588099068894003
0.006572734652396216
0.018513986293023116
0.018786754495278828
0.0503811441843623
0.0196940165508079
0.004755778778135252
0.026060936863933203
0.04992447444604665
0.02926898795200159
0.011237899187468411
0.03800460537460041
0.013658048013598418
0.003935095893589077
0.03605843171317684
0.008960245239842339
0.03978876521824096
6.966382660056013E-4
0.0021501030093524567
0.005293363273059613
0.016113098079685435
0.019901592769461376
0.011949165865794732
0.00987255211039898
0.02117086252850951
9.03708882604144E-4
0.03640955554406121
0.008755674084208725
0.0027685772204204557
0.01030727299708787
0.0460737051318569
0.03196898850320385
0.005397173324752001
0.005779555102441903
0.01296050147221273
0.011979119343108696
0.02937673205228374
0.0032237993379968482
0.01610195586490895
0.008115315662662041
0.0019394753854975715
0.003314256531195924
0.022162047277214682
5.200685638952699E-4
0.01625240162961121
0.014619011954408142
0.005477687068396731
0.003638668079484591
0.03641628464124316
0.007059208838730949
0.002317028649982402
0.003902670792844725
0.022583470312945598
0.04636673697324054
0.02171480946101507
0.0013653330258548426
0.015990688341471788
0.009050342211605705
0.004252927294542546
0.021846859653461774
0.003168109241441772
0.03388262251609107
0.0022604001082862247
0.0034077662278288166
0.0049959745071834006
0.02696682174567254
0.001826265549865342
0.010718221742022652
0.022943380445468523
0.034003287727125395
0.020488751414942503
0.024749472205103214
0.029029786047124067
0.023907956787754377
0.005816347818275324
0.011744370017658297
0.009713193954997668
0.01299948602699672
0.02485095330896892
0.0024381441285865474
0.05380051300653302
0.00643007159332309
0.0019089634947503274
0.004112091692378847
0.0021004449136093483
0.02845263247789384
0.016531475185369873
0.019421083148174288
0.035336511084481076
0.01827413491430087
0.052000936928110385
0.008637762050414317
0.016691568412118496
0.028953126621342456
0.018589445134877505
0.008477719696442718
0.01287391685872993
0.014294847066798528
0.026403201560588146
0.04431489721691379
0.00777830933951479
0.0019251683754886353
0.004507435697133823
0.009155319730838678
0.014194083135196229
0.0028344368565443034
0.0018216362444843258
0.02520252666558826
0.004454580579441328
0.0017890890763547218
0.0011081575835444149
0.016329349160046
0.01992399807600676
0.016321377372305206
0.018719360478290824
0.006384836051206155
0.004361434757499665
0.05288787762919448
0.007941627337179197
0.014132146180243365
0.027661908106400065
0.0060123670311229204
0.006635811231507984
0.03144263442479358
0.040247499600988085
0.00649675780391833
0.012174431088749061
0.021851073405616216
0.012457875148717268
0.027977201371364665
0.017750812166630034
0.005293531145865504
0.022235129472630087
0.010831919983804634
0.041801683603093276
0.02558575142321471
0.008382669559486565
0.011222545014046705
0.028605827700576854
0.006557799266806753
0.0010707631904529568
0.03078500521486578
0.04624805956208769
0.01169979970191658
0.019265763244011923
0.0274009038909504
0.019151694207822093
0.006694237961272881
0.019301548353492192
0.008754374982685633
0.006930843600130248
7.778727994983744E-4
0.012248712018826576
0.029648088929829466
0.006922189479863025
0.014653633742263385
0.0013333263970540614
0.01420750858688749
0.0136374106751564
0.006719844434423328
0.03183287202090504
0.055143065024905666
0.008869571743861169
0.00760776243658933
0.015921428450999163
0.007661365990078469
0.01088014230300139
0.024845014492757608
0.01490282274071657
0.017265945020560544
0.013262921739413652
0.017265945020560544
0.01490282274071657
0.024845014492757608
0.01088014230300139
0.007661365990078469
0.015921428450999163
0.00760776243658933
0.008869571743861169
0.055143065024905666
0.03183287202090504
0.006719844434423328
0.0136374106751564
0.01420750858688749
0.0013333263970540614
0.014653633742263385
0.006922189479863025
0.029648088929829466
0.012248712018826576
7.778727994983744E-4
0.006930843600130248
0.008754374982685633
0.019301548353492192
0.006694237961272881
0.019151694207822093
0.0274009038909504
0.019265763244011923
0.01169979970191658
0.04624805956208769
0.03078500521486578
0.0010707631904529568
0.006557799266806753
0.028605827700576854
0.011222545014046705
0.008382669559486565
0.02558575142321471
0.041801683603093276
0.010831919983804634
0.022235129472630087
0.005293531145865504
0.017750812166630034
0.027977201371364665
0.012457875148717268
0.021851073405616216
0.012174431088749061
0.00649675780391833
0.040247499600988085
0.03144263442479358
0.006635811231507984
0.0060123670311229204
0.027661908106400065
0.014132146180243365
0.007941627337179197
0.05288787762919448
0.004361434757499665
0.006384836051206155
0.018719360478290824
0.016321377372305206
0.01992399807600676
0.016329349160046
0.0011081575835444149
0.0017890890763547218
0.004454580579441328
0.02520252666558826
0.0018216362444843258
0.0028344368565443034
0.014194083135196229
0.009155319730838678
0.004507435697133823
0.0019251683754886353
0.00777830933951479
0.04431489721691379
0.026403201560588146
0.014294847066798528
0.01287391685872993
0.008477719696442718
0.018589445134877505
0.028953126621342456
0.016691568412118496
0.008637762050414317
0.052000936928110385
0.01827413491430087
0.035336511084481076
0.019421083148174288
0.016531475185369873
0.02845263247789384
0.0021004449136093483
0.004112091692378847
0.0019089634947503274
0.00643007159332309
0.05380051300653302
0.0024381441285865474
0.02485095330896892
0.01299948602699672
0.009713193954997668
0.011744370017658297
0.005816347818275324
0.023907956787754377
0.029029786047124067
0.024749472205103214
0.020488751414942503
0.034003287727125395
0.022943380445468523
0.010718221742022652
0.001826265549865342
0.02696682174567254
0.0049959745071834006
0.0034077662278288166
0.0022604001082862247
0.03388262251609107
0.003168109241441772
0.021846859653461774
0.004252927294542546
0.009050342211605705
0.015990688341471788
0.0013653330258548426
0.02171480946101507
0.04636673697324054
0.022583470312945598
0.003902670792844725
0.002317028649982402
0.007059208838730949
0.03641628464124316
0.003638668079484591
0.005477687068396731
0.014619011954408142
0.01625240162961121
5.200685638952699E-4
0.022162047277214682
0.003314256531195924
0.0019394753854975715
0.008115315662662041
0.01610195586490895
0.0032237993379968482
0.02937673205228374
0.011979119343108696
0.01296050147221273
0.005779555102441903
0.005397173324752001
0.03196898850320385
0.0460737051318569
0.01030727299708787
0.0027685772204204557
0.008755674084208725
0.03640955554406121
9.03708882604144E-4
0.02117086252850951
0.00987255211039898
0.011949165865794732
0.019901592769461376
0.016113098079685435
0.005293363273059613
0.0021501030093524567
6.966382660056013E-4
0.03978876521824096
0.008960245239842339
0.03605843171317684
0.003935095893589077
0.013658048013598418
0.03800460537460041
0.011237899187468411
0.02926898795200159
0.04992447444604665
0.026060936863933203
0.004755778778135252
0.0196940165508079
0.0503811441843623
0.018786754495278828
0.018513986293023116
0.006572734652396216
0.03588099068894003
0.055394230972319956
0.009066161857890432
0.04800306980693505
0.0016694355251506145
0.031516856682729216
0.05978742134776691
0.004207768554392199
0.021454702246613125
0.01640402218592051
0.028221300503580925
0.026575866083986564
0.04271794764583901
0.006867125387069223
0.04799628809574461
0.012480479472236648
0.004451181529751049
0.014491312316951058
0.009270166833529601
0.031567305098443056
0.020752070595773806
0.0053041144390782525
0.01471821942002015
0.003937195366910235
0.020943696388570826
0.03687746762183974
0.01191982021501658
0.008657209158839366
0.06246429461675592
9.557254728591536E-4
0.011947946390301271
0.0068443445625554974
0.022191750695916584
0.03437384841878209
7.158070611377521E-4
0.015524094127374115
0.001871903114345415
0.01228587663590601
0.012431460067675697
0.046311450032967834
0.007576103749423379
0.032186300641730434
0.01963132229510552
0.009570238091634637
0.012452294441304131
0.002048085342049146
0.013053191022009029
0.01678332637876322
0.021373629800687566
0.015461421457263475
0.019891070207808035
0.007332332358413842
0.012803004157384742
0.017283716646364602
0.0019282489843720787
0.015866477019245134
0.036533538460132374
0.05411909140535478
0.007142656733537099
0.029292669933547517
0.025208183267234424
0.006631460869706826
0.09721895303505519
0.0022542000987970214
0.019792487824123725
0.025329478107678355
0.06885410997047572
0.0038642718195902102
0.01810755567509598
0.02829371014750152
0.01192693971765083
0.06799446758737142
0.02801452530750442
0.0059107047149416815
0.05216935358706163
0.016644234621218154
0.06499568555762998
0.0038214892696191824
0.0021245611303912174
0.009489577496494131
0.0153785285054209
0.011081358523554567
0.031714062595667475
0.014098821689599242
0.08750350535440017
0.07956615182986902
0.011961216112355389
0.015475453864759573
0.06083231277151608
0.036140453777995685
0.05075956504776265
0.001768662612813711
0.007153321826469321
0.039566690179536256
0.03076480107786009
0.04922330126505485
0.03666025883310285
0.04662007239975748
0.044555159568389666
0.006511510631716841
0.039747884454350284
0.014188086009887675
0.031518108140610436
0.07201448931043349
0.008617228693547566
0.051878964041082706
0.01158081547026049
0.03625370918511751
0.004602910534312629
0.00954893086046861
0.014292585303562184
0.02251925949921771
0.005107050242742819
0.006061478597884499
0.042404080472006785
0.032713776611356875
0.010077626242160843
0.029088515055434794
0.0034240352130169966
0.042940822005090924
0.0295517129862502
0.0336679942063811
0.017628402644726357
0.01934473050598382
0.06925031193484
0.017759015575528562
0.005780199769150173
0.06518944400270035
0.014159193714751956
0.0336661972730948
0.127417170260518
0.0034659155680937088
0.0688561282466596
0.0414833230067145
0.03291550827274991
0.020992507817721433
0.0309299709221663
0.00635553853036339
0.006631460869706829
0.1047350255091404
0.02803672698366634
8.566445478786749E-4
0.012849174563256018
0.04067804818229983
0.022907798552887125
0.043690675410078525
0.09648612353677377
0.04473530141368361
0.06816926124337289
0.018335347575200726
0.014815246375383763
0.08998964259600838
0.005250114901843161
0.001308842327128335
0.005360955540899039
0.015811117731544536
0.02879862339064954
0.05262566791593985
0.001886962502357116
0.01633883857699367
0.0029191526845297913
0.016804340220030755
0.02053250776139711
0.059319658728065806
0.05208549701083724
0.012424835999961987
0.010907886920272364
0.023599005611940768
0.017377901331613585
0.04291560190437299
0.023914084467682745
0.05788980707030602
0.07821397021985171
0.052349095559124564
0.028355703068006662
0.025458831631995218
0.012250102601729077
0.00438057699502445
0.02236694795329111
0.036853824774074465
0.015478871748754718
0.017827216595866602
0.006604203278356927
0.09324929218982832
0.13113729140695732
0.008519501734898497
0.06858582627639585
0.0467272588139974
0.0709194361132038
0.019664897737785805
0.009903586575580972
0.02020077072802336
0.047803044442056804
0.08250710674691278
0.049353708443736155
0.0357815270462366
0.056177814381384625
0.0012908311123522279
0.03596835110078926
0.020459216361723265
0.0199872757778954
0.013215473617952838
0.09583122351423874
0.009321616378668
0.015790605404471813
0.04359119420953147
0.0014947704101311394
0.009877250932221946
0.04490796177593315
0.012042211981793616
0.09037880745818533
0.41712913612417984
0.002137851152515707
0.03248437805053786
0.013276888575378357
0.017467099466605338
0.01242443872649777
0.03671366821011876
0.01116382188196738
0.036458597072614715
0.19158736839248283
0.04424625596293674
0.03560388494363455
0.05885809008954818
0.035039352020758016
0.018235214874007463
0.053498217812475844
0.05970659532129732
0.02739021540264132
0.08167852547401913
0.009105143605401286
0.0662967717065159
0.050124824449827306
0.0011436357267532555
0.0037140314087254667
0.0027919280255544973
0.010651590267589444
0.0023673094275165783
0.04621607557019861
0.005599301887127908
0.012771404162033276
0.10554964888857651
0.02348299346666336
0.03571760655662178
0.013159684174143238
0.052196465920054426
0.0533099339869274
0.3717323732150663
0.05016493784774293
0.012173006724359512
0.03456291534123842
0.030702909985592875
0.06182378693469508
0.026102076165082394
0.014288122782974035
0.06403317221606353
0.4099037363535754
0.03418543962020803
0.0463260638147334
0.026488216531432185
0.012834472748930922
0.008038504962239262
4.99187184704143E-4
0.05282054969127203
0.02984349450606209
0.27624602110506374
0.034128364752691195
0.03543415361141309
0.1360756704710963
0.03488062960958417
0.11037442070731618
0.07991135439214274
0.14646415845000546
0.06819328616051923
1.0
0.10044365375385308
0.05922842075874593
0.057498238625805456
0.048972913789451164
0.0950996534167368
0.09382561934610262
0.03535535067983227
0.07833364342791435
0.1796555796199522
0.048372447571109874
0.06777731208980912
0.05896691388706142
0.08119364692573935
0.027175307233412355
0.04449680395768247
0.0427667439073904
0.0349798940414868
