0.010689922362519802
0.04488623723863247
0.019650345032707087
0.0028472556388303787
0.11715241435906983
0.03197465659106042
0.027489071143450266
0.03595030719189201
0.01066063716090314
0.23986397605034607
0.048083395261775186
0.05877355118777013
0.04507579597091686
0.01062876312774054
0.0015091350187236008
0.007061662329429533
0.023885080783494186
0.01651254853372915
1.0
0.05830057927717197
0.024730240264276695
0.06694218823868807
0.010272729888826725
0.10247713757389909
0.011418421488965522
0.06833289496780895
0.030450707654963428
0.1981339946901868
0.05038540081861606
0.04272675231619059
0.011176523088413923
0.03900988815271938
0.01381652868858428
0.0035879919400354
0.05153871648012641
0.03141731619628711
0.08195917402318229
0.022402835463659357
0.08274599616523474
0.018770987497894305
0.06288624373938445
0.02405123079928086
0.024240470617320816
0.0013758848828953525
0.04209822551699645
0.5127754679815094
0.17323113973657225
0.06691388668547205
0.020129357289105615
0.026667742773921827
0.008615247415641522
0.02262177418856877
0.02101807398167121
0.049490224364258206
0.12378487040770617
0.02976128401478092
0.021252815602927185
0.03865609748255621
0.0023634126371813997
0.04783752429851247
0.04210904358079886
0.011922073537745192
0.05550064687169995
0.06619557660144103
0.043939455484199426
0.06983563319614719
0.008735670577511572
0.012422329245093415
0.03185623968050004
0.0025169196757466906
0.009143249547269977
0.0033684897317437677
0.06569997034753178
0.010757341397117641
0.022757130959147828
0.010095269387069433
0.006008903860803665
0.00658526373979556
0.07619229541966004
0.051040887253426676
0.039512387968674505
0.2006274266252709
0.15622654517112358
0.016339158793023643
0.007013064274917424
0.009643655218627083
0.010431190780849812
0.015069371874854076
0.019855976618538697
0.10598653373133915
0.12988778435349396
0.032164186167216446
0.009322753892417327
0.023426590076342284
0.024600321932115952
0.014802802336705232
0.008594488023120024
0.009390525546678385
0.024580183966541616
0.02261953331139872
0.03594785634347595
0.026403770314388154
0.004115537908514686
0.03182833428069439
0.013767607129830512
0.006023329364176235
0.026152384755129435
0.04415797505428292
0.04278098133583537
0.02534629367403928
0.04856542165677025
0.04456479522202774
0.0038578333466188896
0.023120681466538437
0.017241307216394667
0.02816259562696201
0.04130883321771644
0.06902968734772094
0.06993821851926865
0.060395371335265485
0.014252914618057175
9.611979081022469E-4
0.021765105248075636
0.012619055429826774
0.028991735656785447
0.024932123202518863
0.014488266323049207
0.021850242653092898
0.006419174060038347
0.01056198863249392
0.00634733302552364
0.002769226907603764
0.012361948447959493
0.04352257040207728
0.009981711347175052
0.01964559383291044
0.048002907597777436
0.05309498538861076
0.034989591300135264
0.027110229269037084
0.011336722999715328
0.012100231608379225
0.049639757777525016
0.012954333126787877
0.002513841213798357
0.005746430761119608
0.01884695972653052
0.007117903044148119
0.0215023436712966
0.04307346979173188
0.02470461511574247
0.0206297186195203
0.036429154657942144
0.08522237553646295
0.013362402953149756
0.00903865834075742
0.02553077993314566
2.9032414905526564E-4
0.012035659439993986
0.013597970754558524
0.027344530177356132
0.006478204247167739
0.025938150007623558
0.020870136891491333
0.04331855275330761
0.029075767110282053
0.01918610904517752
0.00715979226280526
0.008385947737196064
0.04691185635096395
0.05453533390688701
0.06723409048094789
0.06199799183966444
0.01628295240444833
0.026927027837548922
0.03403821931487212
0.0357960778378578
0.014172704320873777
0.021190256803707376
0.014457796192295607
0.022469270221116902
0.038634513411573645
0.03771644128780276
0.022046022625320575
1.2498183390005966E-4
0.0278432520673725
0.009939295040017473
0.019467939220386258
0.02417765114887223
8.71362221467779E-4
0.04402399111767033
0.009069758530070908
0.05193009826605763
0.012688730348092982
0.007850970088240865
0.002230888364198268
0.024227227244184326
0.0012898879421477164
0.015048798462197428
0.02786899147953551
0.022616739308938632
0.003967893530154854
7.177569189101966E-4
0.014947335655887642
0.032385997184328386
0.006448259630700967
0.030771968018141704
0.03670994159661089
0.05902560645248413
0.008723869559397785
0.03321403442221838
0.01283129468856058
0.01314881063347727
0.02949553437783341
0.02382204249124497
0.04628453603518915
0.02625336838614878
0.029679219016105533
0.016660678904734348
0.015267869533662994
0.003946410799326653
0.037070578568628165
0.03534458820856107
0.009910763223201394
0.012380170775857577
0.015275043375628006
0.002576068605041797
0.016629064105062624
0.01421391808703361
0.004798226832053145
0.010672199820524947
0.010689922362519802
0.035090642323034944
0.01622837979096237
0.009132007689165942
0.057314535184814386
0.02771887413996152
0.0016147650408191467
0.01104483000321527
0.021640473395018827
0.015947326035297534
0.005327788500412575
0.05779103981503439
0.0036152346480321086
0.029868044151159
0.007770017365601164
0.005373989561501536
0.03523978460635819
0.03878933634963014
0.011686639078256487
0.03139304321753115
0.002611864756214189
0.030727631724376592
0.03306509180540397
0.033885188317602094
0.028824168934848873
0.02155684045703289
0.029635142065971332
0.014423125527601182
0.01430441309691787
0.03530581033838864
0.0037780064396327057
0.02864586632674646
0.004750627971711325
0.02658768027075758
0.00838235651217385
0.009183886046249014
0.02452611621967743
0.019214926807638935
0.010810235382748763
0.021392173981130722
0.04942965425360213
0.021232976736404355
0.009293115177317835
0.016782775421391803
0.033760374141573436
8.984098817283217E-4
0.01650987040658058
0.012754457239258448
0.006082867723569349
0.04719698829413767
0.004268703936280402
0.0012552897741680412
0.01987819048434979
0.024335821986061424
0.004193958939319482
0.023491612211311214
0.011509786587773284
0.004851068759932461
0.001619076131174866
0.005451297502504762
0.011531437859704466
0.012537410715754168
0.02064304395019557
0.017891610853684955
0.03593794167398178
0.036413042962202186
0.015852978180270316
0.0055333024100916225
0.030848138832108043
0.03221316911458771
0.0410993116096859
0.013463211160183158
8.622336820436606E-4
0.0077976032962548255
0.010929621524862125
0.010485397291601308
0.05598845800210381
0.01336240295314975
0.01235499810907499
0.004625370374882101
0.003016108199348764
0.01044578882697813
0.029429370658949083
0.013526010354893552
0.034277726014346234
0.022985041008817257
0.0303626387151913
0.00495658107606614
0.011556997823629763
0.019273826633782364
0.024032829381876866
0.03948083468666991
0.01863444057774583
0.0018258202043969754
0.004038914485267912
0.0033959163723911467
0.02391159767897541
0.0053886006416234205
0.007128236738975125
0.018439507858449115
0.004124201482287178
0.006187829935334462
0.019670149687214547
5.012173056510681E-4
0.01771486841802091
0.007312203081728417
0.01758394115243069
0.02271988265945885
0.025533628507853415
0.01027348690538664
0.028112611032282388
0.002178492311619386
0.010416378273929975
0.03628188591731798
0.008477970199201663
0.01135706582916921
0.015031266550518762
0.02041126343088948
0.023066783431278017
0.004382456422749932
0.014037473161284264
0.02781872399088711
0.01795812628432965
0.019104252429554217
0.022109362224040127
0.01032986552259422
0.00821296319539568
0.02612306828249863
0.022929765854804274
0.01949822192967032
0.007644453767587096
0.01617803348496986
0.01865924412810025
0.011756817979713188
0.0020777228907212842
0.004660998495109365
0.012003175265767529
0.042128311668158024
0.009180456933588543
5.304850280420378E-4
0.022560929444179593
0.012084546662130161
0.021818172860157952
0.01866378558267162
0.004171903892079369
0.01768345565159802
0.03241927448705268
6.460119438329291E-4
0.013580026650481001
0.019187797035955273
0.004651770608809072
0.0017815484475736559
0.045577268523339855
0.02732407328486721
0.011930224921055459
0.014989262815144523
0.0011744343387944342
0.014769291847034025
0.010045962882268248
0.01830586783264143
0.010245223929824184
0.005903832621033687
0.00784330632055583
0.01299088973806727
0.030271064141158165
0.019570693004057976
0.013464307815048931
0.011076068064509328
0.024857966787830393
0.027393308522810304
0.01621428233536696
0.012638805492143199
0.02379620577730322
0.001463851764542059
0.00462323229705444
0.002326699201574801
0.0031289883303262946
0.0017302428925577461
0.0025415626630601682
0.007424444842276714
0.012103589472346514
0.0029746339777549356
0.0037351191324910154
0.017134005254404668
0.01925541566934843
0.012335702767608061
0.004071757862786325
0.04320250952454539
0.04533761059411455
0.012699702497819898
0.02242927490379894
0.015262349829892738
0.025943404701298623
0.024210998077771908
0.0018369775562181122
0.011404579805556548
7.902396516570958E-4
0.008054844072670791
0.026759070007900274
5.656400865398928E-4
0.00873317168732036
0.023801671066921506
0.012296353278265401
0.015497379535206435
0.0038812634655168384
0.00553042231567746
0.001456096803823224
0.0139392467961244
0.011201863730922784
0.011561236268487629
0.032969999988994525
0.006344095250343876
0.016966387064242017
0.011183339170599514
0.017434451495613363
0.005832762113943055
0.001326872414944444
0.026383802092734394
2.170324700003471E-4
0.01353014345326443
0.02414083022007038
0.008994728193188917
7.582165893848239E-4
0.026223280569933047
0.03683860286710812
0.033531660603685655
0.013695636184691948
0.013735461514951757
0.010820875405776238
0.021002260351305032
0.00725506316750934
0.010689922362519802
0.00725506316750934
0.021002260351305032
0.010820875405776238
0.013735461514951757
0.013695636184691948
0.033531660603685655
0.03683860286710812
0.026223280569933047
7.582165893848239E-4
0.008994728193188917
0.02414083022007038
0.01353014345326443
2.170324700003471E-4
0.026383802092734394
0.001326872414944444
0.005832762113943055
0.017434451495613363
0.011183339170599514
0.016966387064242017
0.006344095250343876
0.032969999988994525
0.011561236268487629
0.011201863730922784
0.0139392467961244
0.001456096803823224
0.00553042231567746
0.0038812634655168384
0.015497379535206435
0.012296353278265401
0.023801671066921506
0.00873317168732036
5.656400865398928E-4
0.026759070007900274
0.008054844072670791
7.902396516570958E-4
0.011404579805556548
0.0018369775562181122
0.024210998077771908
0.025943404701298623
0.015262349829892738
0.02242927490379894
0.012699702497819898
0.04533761059411455
0.04320250952454539
0.004071757862786325
0.012335702767608061
0.01925541566934843
0.017134005254404668
0.0037351191324910154
0.0029746339777549356
0.012103589472346514
0.007424444842276714
0.0025415626630601682
0.0017302428925577461
0.0031289883303262946
0.002326699201574801
0.00462323229705444
0.001463851764542059
0.02379620577730322
0.012638805492143199
0.01621428233536696
0.027393308522810304
0.024857966787830393
0.011076068064509328
0.013464307815048931
0.019570693004057976
0.030271064141158165
0.01299088973806727
0.00784330632055583
0.005903832621033687
0.010245223929824184
0.01830586783264143
0.010045962882268248
0.014769291847034025
0.0011744343387944342
0.014989262815144523
0.011930224921055459
0.02732407328486721
0.045577268523339855
0.0017815484475736559
0.004651770608809072
0.019187797035955273
0.013580026650481001
6.460119438329291E-4
0.03241927448705268
0.01768345565159802
0.004171903892079369
0.01866378558267162
0.021818172860157952
0.012084546662130161
0.022560929444179593
5.304850280420378E-4
0.009180456933588543
0.042128311668158024
0.012003175265767529
0.004660998495109365
0.0020777228907212842
0.011756817979713188
0.01865924412810025
0.01617803348496986
0.007644453767587096
0.01949822192967032
0.022929765854804274
0.02612306828249863
0.00821296319539568
0.01032986552259422
0.022109362224040127
0.019104252429554217
0.01795812628432965
0.02781872399088711
0.014037473161284264
0.004382456422749932
0.023066783431278017
0.02041126343088948
0.015031266550518762
0.01135706582916921
0.008477970199201663
0.03628188591731798
0.010416378273929975
0.002178492311619386
0.028112611032282388
0.01027348690538664
0.025533628507853415
0.02271988265945885
0.01758394115243069
0.007312203081728417
0.01771486841802091
5.012173056510681E-4
0.019670149687214547
0.006187829935334462
0.004124201482287178
0.018439507858449115
0.007128236738975125
0.0053886006416234205
0.02391159767897541
0.0033959163723911467
0.004038914485267912
0.0018258202043969754
0.01863444057774583
0.03948083468666991
0.024032829381876866
0.019273826633782364
0.011556997823629763
0.00495658107606614
0.0303626387151913
0.022985041008817257
0.034277726014346234
0.013526010354893552
0.029429370658949083
0.01044578882697813
0.003016108199348764
0.004625370374882101
0.01235499810907499
0.01336240295314975
0.05598845800210381
0.010485397291601308
0.010929621524862125
0.0077976032962548255
8.622336820436606E-4
0.013463211160183158
0.0410993116096859
0.03221316911458771
0.030848138832108043
0.0055333024100916225
0.015852978180270316
0.036413042962202186
0.03593794167398178
0.017891610853684955
0.02064304395019557
0.012537410715754168
0.011531437859704466
0.005451297502504762
0.001619076131174866
0.004851068759932461
0.011509786587773284
0.023491612211311214
0.004193958939319482
0.024335821986061424
0.01987819048434979
0.0012552897741680412
0.004268703936280402
0.04719698829413767
0.006082867723569349
0.012754457239258448
0.01650987040658058
8.984098817283217E-4
0.033760374141573436
0.016782775421391803
0.009293115177317835
0.021232976736404355
0.04942965425360213
0.021392173981130722
0.010810235382748763
0.019214926807638935
0.02452611621967743
0.009183886046249014
0.00838235651217385
0.02658768027075758
0.004750627971711325
0.02864586632674646
0.0037780064396327057
0.03530581033838864
0.01430441309691787
0.014423125527601182
0.029635142065971332
0.02155684045703289
0.028824168934848873
0.033885188317602094
0.03306509180540397
0.030727631724376592
0.002611864756214189
0.03139304321753115
0.011686639078256487
0.03878933634963014
0.03523978460635819
0.005373989561501536
0.007770017365601164
0.029868044151159
0.0036152346480321086
0.05779103981503439
0.005327788500412575
0.015947326035297534
0.021640473395018827
0.01104483000321527
0.0016147650408191467
0.02771887413996152
0.057314535184814386
0.009132007689165942
0.01622837979096237
0.035090642323034944
0.010689922362519802
0.010672199820524947
0.004798226832053145
0.01421391808703361
0.016629064105062624
0.002576068605041797
0.015275043375628006
0.012380170775857577
0.009910763223201394
0.03534458820856107
0.037070578568628165
0.003946410799326653
0.015267869533662994
0.016660678904734348
0.029679219016105533
0.02625336838614878
0.04628453603518915
0.02382204249124497
0.02949553437783341
0.01314881063347727
0.01283129468856058
0.03321403442221838
0.008723869559397785
0.05902560645248413
0.03670994159661089
0.030771968018141704
0.006448259630700967
0.032385997184328386
0.014947335655887642
7.177569189101966E-4
0.003967893530154854
0.022616739308938632
0.02786899147953551
0.015048798462197428
0.0012898879421477164
0.024227227244184326
0.002230888364198268
0.007850970088240865
0.012688730348092982
0.05193009826605763
0.009069758530070908
0.04402399111767033
8.71362221467779E-4
0.02417765114887223
0.019467939220386258
0.009939295040017473
0.0278432520673725
1.2498183390005966E-4
0.022046022625320575
0.03771644128780276
0.038634513411573645
0.022469270221116902
0.014457796192295607
0.021190256803707376
0.014172704320873777
0.0357960778378578
0.03403821931487212
0.026927027837548922
0.01628295240444833
0.06199799183966444
0.06723409048094789
0.05453533390688701
0.04691185635096395
0.008385947737196064
0.00715979226280526
0.01918610904517752
0.029075767110282053
0.04331855275330761
0.020870136891491333
0.025938150007623558
0.006478204247167739
0.027344530177356132
0.013597970754558524
0.012035659439993986
2.9032414905526564E-4
0.02553077993314566
0.00903865834075742
0.013362402953149756
0.08522237553646295
0.036429154657942144
0.0206297186195203
0.02470461511574247
0.04307346979173188
0.0215023436712966
0.007117903044148119
0.01884695972653052
0.005746430761119608
0.002513841213798357
0.012954333126787877
0.049639757777525016
0.012100231608379225
0.011336722999715328
0.027110229269037084
0.034989591300135264
0.05309498538861076
0.048002907597777436
0.01964559383291044
0.009981711347175052
0.04352257040207728
0.012361948447959493
0.002769226907603764
0.00634733302552364
0.01056198863249392
0.006419174060038347
0.021850242653092898
0.014488266323049207
0.024932123202518863
0.028991735656785447
0.012619055429826774
0.021765105248075636
9.611979081022469E-4
0.014252914618057175
0.060395371335265485
0.06993821851926865
0.06902968734772094
0.04130883321771644
0.02816259562696201
0.017241307216394667
0.023120681466538437
0.0038578333466188896
0.04456479522202774
0.04856542165677025
0.02534629367403928
0.04278098133583537
0.04415797505428292
0.026152384755129435
0.006023329364176235
0.013767607129830512
0.03182833428069439
0.004115537908514686
0.026403770314388154
0.03594785634347595
0.02261953331139872
0.024580183966541616
0.009390525546678385
0.008594488023120024
0.014802802336705232
0.024600321932115952
0.023426590076342284
0.009322753892417327
0.032164186167216446
0.12988778435349396
0.10598653373133915
0.019855976618538697
0.015069371874854076
0.010431190780849812
0.009643655218627083
0.007013064274917424
0.016339158793023643
0.15622654517112358
0.2006274266252709
0.039512387968674505
0.051040887253426676
0.07619229541966004
0.00658526373979556
0.006008903860803665
0.010095269387069433
0.022757130959147828
0.010757341397117641
0.06569997034753178
0.0033684897317437677
0.009143249547269977
0.0025169196757466906
0.03185623968050004
0.012422329245093415
0.008735670577511572
0.06983563319614719
0.043939455484199426
0.06619557660144103
0.05550064687169995
0.011922073537745192
0.04210904358079886
0.04783752429851247
0.0023634126371813997
0.03865609748255621
0.021252815602927185
0.02976128401478092
0.12378487040770617
0.049490224364258206
0.02101807398167121
0.02262177418856877
0.008615247415641522
0.026667742773921827
0.020129357289105615
0.06691388668547205
0.17323113973657225
0.5127754679815094
0.04209822551699645
0.0013758848828953525
0.024240470617320816
0.02405123079928086
0.06288624373938445
0.018770987497894305
0.08274599616523474
0.022402835463659357
0.08195917402318229
0.03141731619628711
0.05153871648012641
0.0035879919400354
0.01381652868858428
0.03900988815271938
0.011176523088413923
0.04272675231619059
0.05038540081861606
0.1981339946901868
0.030450707654963428
0.06833289496780895
0.011418421488965522
0.10247713757389909
0.010272729888826725
0.06694218823868807
0.024730240264276695
0.05830057927717197
1.0
0.01651254853372915
0.023885080783494186
0.007061662329429533
0.0015091350187236008
0.01062876312774054
0.04507579597091686
0.05877355118777013
0.048083395261775186
0.23986397605034607
0.01066063716090314
0.03595030719189201
0.027489071143450266
0.03197465659106042
0.11715241435906983
0.0028472556388303787
0.019650345032707087
0.04488623723863247
