0.0909187573223703
0.0444586636518566
0.037449194602601814
0.01854709741674434
1.6194588004494505E-4
0.0758554373530559
0.08349254519386157
0.09379989947278741
0.0031918071144887016
0.20449404912534838
0.02144408734218266
0.03539604519821935
0.11524894315508528
0.006599776892865274
0.08202821550004806
0.05610300829549911
0.10587704360455351
0.006656297063256542
0.7372594057796964
0.12678451686088507
0.025658697257905438
0.1217385484895773
0.13071988923103195
0.00818228211300989
0.045781392879585235
0.04384044421960749
0.08942210254757284
0.3347444838840557
0.043183061780842476
0.051487910096030945
0.044943631743348596
0.041697377281096855
0.13601486192282417
0.023820024650238407
0.0042805746708960484
0.08998840509030406
0.03279983623194885
0.03619060744970847
0.012688912556297364
0.04843559241829687
0.018346377853754314
0.05710782888246132
0.04609926169638113
0.02786574101360944
0.24405209205900052
1.0
0.29213046203604215
0.03194820859024782
0.12890168608417663
0.054167870627057926
0.04443439114438866
0.07393062047513335
0.10939823855151078
0.08558366166247378
0.19373174383838837
0.030419904064347383
0.16191137213546591
0.008646465047540002
0.11771635765681361
0.06590553348520382
0.002805288281559681
0.05218152268760505
0.030529543910211135
0.07017874399171628
0.10232136727897718
0.08019911596572118
0.02225047698961337
0.059316587142056496
0.02452804292530428
0.06885689451765296
0.09814698850476951
0.006361357691869254
0.1582053335716969
0.11525262559924553
0.08349493198862176
0.0038383967666054345
0.06431807088467792
0.010480033174885516
0.04480448871448655
0.01964076387081855
0.22506192745560605
0.6230565119499636
0.42108902138134935
0.14188087216096934
0.0020231903069460938
0.06506835505257541
0.028318351038918717
0.036486605338509434
0.028140410657258523
0.05922051241389394
0.12107871638670796
0.15796697192521986
0.026015264191662574
0.013132648738742167
0.01082318148610555
0.007274161939852065
0.007799274102226537
0.002765484944335413
0.010098983744412739
0.09020578253134548
0.05843148420050374
0.02534290194791848
0.018517576824277335
0.006867764414966887
0.060041204363053505
0.07624084342914235
0.05359215651085933
0.047490075808991825
0.07630328232804875
0.06359725286290872
0.006988874460019653
0.07713279494519949
0.032945087697386806
0.0015085939855673828
0.048323796891134925
0.011445546455882829
0.02375217674713695
0.10906965783069784
0.09201472427127688
0.02236942123290891
0.03529748835418605
0.006957476435815084
0.010932423822253368
0.0023890120362369924
0.0030914289301855807
0.07722008139913361
0.03502589232764986
0.1280071969644451
0.008136118793063024
0.007888433160835812
0.03400949028726179
0.010854196553768378
0.02061342472296977
0.029902293135288197
0.06451942725662857
0.025257704951782183
0.1789665798843591
0.03781408861319998
0.0016440565145928612
0.06796762460837398
0.006412928886845146
0.005480699725462069
0.006321656708057146
0.07791099324830845
7.433687105382607E-4
0.028139075172376127
0.044420905450119105
0.007215291288624751
1.2626380981130522E-4
0.02429290025799618
0.010604501106020302
0.026505164299290285
0.06121988971729603
0.04864651450623007
0.05785739102332656
0.0015156324203719122
0.010140036256341228
0.010774799783808514
0.019716296448522855
0.0021209353188738843
0.06897336540669566
0.0469338563215722
0.0988333137387136
0.02059772560630821
0.029927964940209446
0.05000836182386942
0.012600397633058508
0.03080378153285241
0.018631022203579383
0.033161719377365825
0.11186131620609813
0.02600345478485584
0.19853522096464465
0.05705062776024902
0.052483614409954055
0.052491909665310386
0.0507261551489552
0.016859209742619254
0.01797520178980344
0.06979863314596095
0.07884285574785996
0.0732888616513223
0.02762471162929887
0.01595706508204747
0.014387317348594553
0.04134821262708359
0.09728771387883184
0.06944351823657985
0.03211276964018634
0.059719700240326024
0.20449783214865733
0.004791396036955795
0.01875742065713311
0.07057648174641741
0.003779327005488084
0.004585848063269832
0.02373390412759341
0.061641701552341194
0.01693500166960225
0.02552864292361497
0.023449564320982188
0.015565048216896981
0.005661593657394413
0.029519877630952585
0.011210559102726489
0.006914219613539602
0.006611744904308805
0.020073455934075373
0.07778502907483105
0.05459849069970403
0.006716340582515241
0.029280286745572974
0.010447720771056955
0.008284292677430041
0.007354665384264333
0.011356660249499256
0.013731301933739377
0.05774358753159876
0.029643786593328433
0.012197259251071318
0.013393521787819218
0.02274958222232514
0.021306170676225568
0.034980640017567434
0.05172194857904928
0.012586550750478851
0.023074944031381647
0.006829713611068095
0.019877803837983064
0.027705276441390144
0.02196555573795268
0.04959204944856562
0.008271407181552264
3.1374836922565556E-4
0.02445200170503033
0.07514539696364805
0.06768600628397475
0.009873408764514768
0.017617702344231455
0.008422877970687663
0.013983386952122314
0.012613467297828362
0.02847082630397289
0.033136138875071816
0.08873792384687808
0.0473745042788002
0.026222250695077543
0.012669515136622065
0.0051243783976350245
0.007733016715754642
0.004409490872211681
0.021512584219115876
0.05019981557140069
0.03782962933819076
0.035249221778136636
0.005601545027496826
0.006586887015285776
0.011331723222723288
0.04236984442296546
0.007254372522163872
0.02865973865250253
0.049618739577252206
0.026180778074870903
0.03534631097426122
0.007356846106735026
0.009552667401399937
0.02785506959680191
0.007664804017264218
0.013199114674848696
0.01622633401365986
0.017186119075329638
0.05869352144829284
0.03778477130007484
0.013499982816179335
0.02951031373243668
0.02675408300744755
0.018805434003846787
0.051365950521351164
0.004967949188940164
0.033066511334283254
0.024085045032472243
0.019122648078240035
0.026954046375663218
0.005643868547616456
0.001249312232495984
0.015707714347227814
0.01642766869351118
0.005565166364445068
0.03423411217534727
0.03509948940295631
0.014424732832562579
0.06197115231758111
0.018227793659603902
0.021518590484380335
0.007770642366156493
0.0020746662619994484
0.02974112055638446
0.03771637120675694
0.07174864846514316
0.04656505036493621
4.66378235950199E-4
0.02582728244079115
0.004307547360074799
0.05686816160031939
0.010507897196258645
0.001720748849394567
0.003809088203226475
0.0548237864578885
0.0909187573223703
0.0521210987814085
0.013504700231139127
0.029893757916390366
0.017206371668888245
0.03937111946651885
0.003939489632400234
0.06082651391895028
4.4859744670602825E-4
0.017820112131667305
0.019947938072512144
0.020019660407558322
0.016609149874864074
0.014086796342070433
0.006756655509450867
0.0159021463288762
0.010774937805429844
0.06541102816506385
0.03698136780792987
0.034483413272345914
0.014899123291219354
0.009472114887962032
0.019480549404271724
0.007333755314352582
0.013610551975989803
0.005714635334408808
0.05651774802182848
0.05072885794368589
0.012913085135496952
2.642520444323818E-4
0.04475320249306159
0.020992959915933522
0.0492649694925016
0.029521301667570075
0.025040847469618356
0.006859333867046645
0.03210465933136664
0.02370751546271792
0.05720227680886458
0.001617055130867735
0.011852435529071208
0.0030012730710479796
0.004293155653672601
0.02544686665109554
0.004354956228989688
0.014283314770416089
0.0015678417218009293
0.045303521037722665
0.017000720829538966
0.039651301222585145
0.031518496471911336
0.008192217936158699
0.02991069803959399
0.024035402073816194
0.11419965539164409
0.0015281128514293002
0.029962515318730457
0.030401769338246645
0.0067736027598555
0.022851912316642752
0.03380276150730015
0.056078431588711744
0.02116967981353172
0.07556185845829433
0.02483888559306099
0.05761286937189268
0.028031751954293485
0.017305720719556224
0.014742385283215857
0.009256357713689241
0.008826050437712897
0.03971267723506481
0.05990519290474274
0.005752112479857927
0.015551060986022006
0.013882821714132536
0.005518696213293225
0.039112016273680106
0.015288395131809643
0.01380050964248199
0.04063335825719645
0.02023289594743856
0.03806984045253183
0.01921709282908951
0.034760223549544424
0.003614077675784252
0.0010548733577714212
0.008434683167833272
0.029787261765756627
0.04251003015432385
0.0023298002534809384
0.04540951032301749
0.01493240541469971
0.010351053475008868
0.03719744826126201
0.04856750267938848
0.004296923777750246
0.005930591001474807
0.024777969843212268
0.05180136203992764
0.037543797081158306
0.0035348995950755533
0.012349088162609772
0.026336299752788103
0.030687045094343075
0.03181049621371504
0.014785263600875485
0.027680248489466635
0.03699574330059136
0.012690842107820873
0.022007569795715824
0.008665882212089242
0.012481564285243983
0.0029778341050572927
0.035992535053514074
0.011333627769634721
0.04980080883353142
0.04719285076717287
0.026894596954400496
0.03500649673576102
0.04002297119081806
0.01460174642618761
0.042025105017670004
0.034113693956808536
0.0034729559756414697
0.0240223794244828
0.004242386081046188
0.032550370835709656
0.013887642941870542
0.0546403804467565
0.0021371730452542656
0.01548085870478418
0.014869111297451538
0.01732573687036069
0.012797345508467943
0.02620526228629647
0.002566172997230972
0.005698328352502206
0.01906888766696312
0.0038206238771816875
5.38608370217901E-4
0.03190246462414195
0.0052244545306075465
0.01753183656588985
0.043333162590979135
0.009949517116857154
0.049524480726482155
0.0264404762262958
0.03945517152125596
0.04188333260677492
0.019569894719099062
0.023149528310496863
0.03624708521012251
0.026586059703073393
0.008265341574760937
0.026586059703073393
0.03624708521012251
0.023149528310496863
0.019569894719099062
0.04188333260677492
0.03945517152125596
0.0264404762262958
0.049524480726482155
0.009949517116857154
0.043333162590979135
0.01753183656588985
0.0052244545306075465
0.03190246462414195
5.38608370217901E-4
0.0038206238771816875
0.01906888766696312
0.005698328352502206
0.002566172997230972
0.02620526228629647
0.012797345508467943
0.01732573687036069
0.014869111297451538
0.01548085870478418
0.0021371730452542656
0.0546403804467565
0.013887642941870542
0.032550370835709656
0.004242386081046188
0.0240223794244828
0.0034729559756414697
0.034113693956808536
0.042025105017670004
0.01460174642618761
0.04002297119081806
0.03500649673576102
0.026894596954400496
0.04719285076717287
0.04980080883353142
0.011333627769634721
0.035992535053514074
0.0029778341050572927
0.012481564285243983
0.008665882212089242
0.022007569795715824
0.012690842107820873
0.03699574330059136
0.027680248489466635
0.014785263600875485
0.03181049621371504
0.030687045094343075
0.026336299752788103
0.012349088162609772
0.0035348995950755533
0.037543797081158306
0.05180136203992764
0.024777969843212268
0.005930591001474807
0.004296923777750246
0.04856750267938848
0.03719744826126201
0.010351053475008868
0.01493240541469971
0.04540951032301749
0.0023298002534809384
0.04251003015432385
0.029787261765756627
0.008434683167833272
0.0010548733577714212
0.003614077675784252
0.034760223549544424
0.01921709282908951
0.03806984045253183
0.02023289594743856
0.04063335825719645
0.01380050964248199
0.015288395131809643
0.039112016273680106
0.005518696213293225
0.013882821714132536
0.015551060986022006
0.005752112479857927
0.05990519290474274
0.03971267723506481
0.008826050437712897
0.009256357713689241
0.014742385283215857
0.017305720719556224
0.028031751954293485
0.05761286937189268
0.02483888559306099
0.07556185845829433
0.02116967981353172
0.056078431588711744
0.03380276150730015
0.022851912316642752
0.0067736027598555
0.030401769338246645
0.029962515318730457
0.0015281128514293002
0.11419965539164409
0.024035402073816194
0.02991069803959399
0.008192217936158699
0.031518496471911336
0.039651301222585145
0.017000720829538966
0.045303521037722665
0.0015678417218009293
0.014283314770416089
0.004354956228989688
0.02544686665109554
0.004293155653672601
0.0030012730710479796
0.011852435529071208
0.001617055130867735
0.05720227680886458
0.02370751546271792
0.03210465933136664
0.006859333867046645
0.025040847469618356
0.029521301667570075
0.0492649694925016
0.020992959915933522
0.04475320249306159
2.642520444323818E-4
0.012913085135496952
0.05072885794368589
0.05651774802182848
0.005714635334408808
0.013610551975989803
0.007333755314352582
0.019480549404271724
0.009472114887962032
0.014899123291219354
0.034483413272345914
0.03698136780792987
0.06541102816506385
0.010774937805429844
0.0159021463288762
0.006756655509450867
0.014086796342070433
0.016609149874864074
0.020019660407558322
0.019947938072512144
0.017820112131667305
4.4859744670602825E-4
0.06082651391895028
0.003939489632400234
0.03937111946651885
0.017206371668888245
0.029893757916390366
0.013504700231139127
0.0521210987814085
0.0909187573223703
0.0548237864578885
0.003809088203226475
0.001720748849394567
0.010507897196258645
0.05686816160031939
0.004307547360074799
0.02582728244079115
4.66378235950199E-4
0.04656505036493621
0.07174864846514316
0.03771637120675694
0.02974112055638446
0.0020746662619994484
0.007770642366156493
0.021518590484380335
0.018227793659603902
0.06197115231758111
0.014424732832562579
0.03509948940295631
0.03423411217534727
0.005565166364445068
0.01642766869351118
0.015707714347227814
0.001249312232495984
0.005643868547616456
0.026954046375663218
0.019122648078240035
0.024085045032472243
0.033066511334283254
0.004967949188940164
0.051365950521351164
0.018805434003846787
0.02675408300744755
0.02951031373243668
0.013499982816179335
0.03778477130007484
0.05869352144829284
0.017186119075329638
0.01622633401365986
0.013199114674848696
0.007664804017264218
0.02785506959680191
0.009552667401399937
0.007356846106735026
0.03534631097426122
0.026180778074870903
0.049618739577252206
0.02865973865250253
0.007254372522163872
0.04236984442296546
0.011331723222723288
0.006586887015285776
0.005601545027496826
0.035249221778136636
0.03782962933819076
0.05019981557140069
0.021512584219115876
0.004409490872211681
0.007733016715754642
0.0051243783976350245
0.012669515136622065
0.026222250695077543
0.0473745042788002
0.08873792384687808
0.033136138875071816
0.02847082630397289
0.012613467297828362
0.013983386952122314
0.008422877970687663
0.017617702344231455
0.009873408764514768
0.06768600628397475
0.07514539696364805
0.02445200170503033
3.1374836922565556E-4
0.008271407181552264
0.04959204944856562
0.02196555573795268
0.027705276441390144
0.019877803837983064
0.006829713611068095
0.023074944031381647
0.012586550750478851
0.05172194857904928
0.034980640017567434
0.021306170676225568
0.02274958222232514
0.013393521787819218
0.012197259251071318
0.029643786593328433
0.05774358753159876
0.013731301933739377
0.011356660249499256
0.007354665384264333
0.008284292677430041
0.010447720771056955
0.029280286745572974
0.006716340582515241
0.05459849069970403
0.07778502907483105
0.020073455934075373
0.006611744904308805
0.006914219613539602
0.011210559102726489
0.029519877630952585
0.005661593657394413
0.015565048216896981
0.023449564320982188
0.02552864292361497
0.01693500166960225
0.061641701552341194
0.02373390412759341
0.004585848063269832
0.003779327005488084
0.07057648174641741
0.01875742065713311
0.004791396036955795
0.20449783214865733
0.059719700240326024
0.03211276964018634
0.06944351823657985
0.09728771387883184
0.04134821262708359
0.014387317348594553
0.01595706508204747
0.02762471162929887
0.0732888616513223
0.07884285574785996
0.06979863314596095
0.01797520178980344
0.016859209742619254
0.0507261551489552
0.052491909665310386
0.052483614409954055
0.05705062776024902
0.19853522096464465
0.02600345478485584
0.11186131620609813
0.033161719377365825
0.018631022203579383
0.03080378153285241
0.012600397633058508
0.05000836182386942
0.029927964940209446
0.02059772560630821
0.0988333137387136
0.0469338563215722
0.06897336540669566
0.0021209353188738843
0.019716296448522855
0.010774799783808514
0.010140036256341228
0.0015156324203719122
0.05785739102332656
0.04864651450623007
0.06121988971729603
0.026505164299290285
0.010604501106020302
0.02429290025799618
1.2626380981130522E-4
0.007215291288624751
0.044420905450119105
0.028139075172376127
7.433687105382607E-4
0.07791099324830845
0.006321656708057146
0.005480699725462069
0.006412928886845146
0.06796762460837398
0.0016440565145928612
0.03781408861319998
0.1789665798843591
0.025257704951782183
0.06451942725662857
0.029902293135288197
0.02061342472296977
0.010854196553768378
0.03400949028726179
0.007888433160835812
0.008136118793063024
0.1280071969644451
0.03502589232764986
0.07722008139913361
0.0030914289301855807
0.0023890120362369924
0.010932423822253368
0.006957476435815084
0.03529748835418605
0.02236942123290891
0.09201472427127688
0.10906965783069784
0.02375217674713695
0.011445546455882829
0.048323796891134925
0.0015085939855673828
0.032945087697386806
0.07713279494519949
0.006988874460019653
0.06359725286290872
0.07630328232804875
0.047490075808991825
0.05359215651085933
0.07624084342914235
0.060041204363053505
0.006867764414966887
0.018517576824277335
0.02534290194791848
0.05843148420050374
0.09020578253134548
0.010098983744412739
0.002765484944335413
0.007799274102226537
0.007274161939852065
0.01082318148610555
0.013132648738742167
0.026015264191662574
0.15796697192521986
0.12107871638670796
0.05922051241389394
0.028140410657258523
0.036486605338509434
0.028318351038918717
0.06506835505257541
0.0020231903069460938
0.14188087216096934
0.42108902138134935
0.6230565119499636
0.22506192745560605
0.01964076387081855
0.04480448871448655
0.010480033174885516
0.06431807088467792
0.0038383967666054345
0.08349493198862176
0.11525262559924553
0.1582053335716969
0.006361357691869254
0.09814698850476951
0.06885689451765296
0.02452804292530428
0.059316587142056496
0.02225047698961337
0.08019911596572118
0.10232136727897718
0.07017874399171628
0.030529543910211135
0.05218152268760505
0.002805288281559681
0.06590553348520382
0.11771635765681361
0.008646465047540002
0.16191137213546591
0.030419904064347383
0.19373174383838837
0.08558366166247378
0.10939823855151078
0.07393062047513335
0.04443439114438866
0.054167870627057926
0.12890168608417663
0.03194820859024782
0.29213046203604215
1.0
0.24405209205900052
0.02786574101360944
0.04609926169638113
0.05710782888246132
0.018346377853754314
0.04843559241829687
0.012688912556297364
0.03619060744970847
0.03279983623194885
0.08998840509030406
0.0042805746708960484
0.023820024650238407
0.13601486192282417
0.041697377281096855
0.044943631743348596
0.051487910096030945
0.043183061780842476
0.3347444838840557
0.08942210254757284
0.04384044421960749
0.045781392879585235
0.00818228211300989
0.13071988923103195
0.1217385484895773
0.025658697257905438
0.12678451686088507
0.7372594057796964
0.006656297063256542
0.10587704360455351
0.05610300829549911
0.08202821550004806
0.006599776892865274
0.11524894315508528
0.03539604519821935
0.02144408734218266
0.20449404912534838
0.0031918071144887016
0.09379989947278741
0.08349254519386157
0.0758554373530559
1.6194588004494505E-4
0.01854709741674434
0.037449194602601814
0.0444586636518566
