0.2913421400766717
0.023236037670322954
0.2667105577043199
0.313720236186293
0.13314651628137436
0.07363028119516102
0.12646588441890352
0.6236523690810013
1.0
0.37684318987933585
0.35929015060748454
0.391810616706019
0.2805916223895293
0.7912372398100731
0.5350467078175023
0.33312386251486614
0.25305354784183454
0.07794931558652045
0.03242000073313458
0.3133639822993053
0.022170719884386476
0.7086710650582403
0.11839050021864879
0.824300562102631
0.27051196734904526
0.4836981973525151
0.5288143221714163
0.5816228266266773
0.1133484894942661
0.4966960080236759
0.29312356043269167
0.08256487877552096
0.01930094122623132
0.24663544671434404
0.14745877945782004
0.06518910710700192
0.26379656074152624
0.12993950630869797
0.3532421077534655
0.4371356481559561
0.5233756541789883
0.6523965149525951
0.5259128816229276
0.7021451193612692
0.6213576389627137
0.738556195147239
0.7077543100728266
0.6192131737588207
0.34057545788537325
0.1152222376754723
0.043202120129625876
0.24832964345413108
0.2679416533941846
0.05602837889425452
0.10954243262579234
0.18547859374499062
0.19353202555977478
0.036392258163090274
0.02856759669820364
0.001470272628411862
0.1660048190034291
0.2351991499175517
0.18633790042198906
0.11880123399815484
0.19033094145018178
0.19499129566525425
0.11882497822127275
0.002056867788295212
0.06034232047315149
0.03654901595348986
0.07250767240869378
0.12981092007890466
0.16101284883197275
0.19837937404471523
0.14658936501246056
0.028834420452694895
0.0736074309094865
0.09598627688835747
0.034571094218507056
8.539058628862583E-4
2.3552147685211661E-4
0.05230445604419121
0.04931108909043079
0.05300125731028269
0.12745340870900945
0.1747967939433856
0.1328233856993195
0.06086181319341145
0.01383143132049737
0.009509172985732726
0.02195188437535177
0.08668342059008718
0.11569984125967185
0.04268159747717475
0.11247415623714663
0.18186728533277965
0.1932274593831255
0.11581732918636506
0.12370325353740769
0.14239027865940077
0.15649981330740964
0.0711306441260219
0.0958925540611925
0.2941863461725083
0.3704815865985111
0.27001584560683445
0.14304992716032663
0.026490001977844697
0.15394591349581505
0.15901960344310506
0.046314352019526044
0.13050180619590182
0.2426107324635701
0.27255258654017667
0.21838328905122067
0.1378119614599552
0.04784893381587934
0.011828748454570201
0.03060803802319415
0.002805264402082548
0.015508937804180147
0.05715709843208954
0.05492841181966645
0.09527867574859901
0.10098495549683409
0.10402631324686769
0.09384539171688239
0.06370599647939694
0.015446276559151938
0.031276884648436636
0.05007774081044626
0.012478499445353914
0.050594415586733096
0.08441378285727955
0.06037490850111951
0.0032710722143313156
0.027864454089013356
0.056334368492571986
0.07015348003733764
0.05483407809344322
0.06525679630960839
0.06462522019564265
0.0792841435369974
0.06127637979565416
0.03131145430394865
0.027790035651834757
0.10760490772008764
0.1430070964734163
0.12694488282949593
0.08974681959069677
0.05368875243187402
0.0461370789657052
0.04562595089218022
0.04362245173113143
0.03342391595164606
0.022896053235054656
1.1670769909376204E-4
0.029572852986347358
0.05616377777423074
0.07320967853751216
0.09364526477197652
0.12527055909153353
0.1592636350685003
0.16459567487107393
0.11880359704350435
0.056626330835818375
0.010573649137942997
0.003422834861257618
0.013417362552827309
0.03521790546020544
0.03564413004070046
0.007625544683634451
0.030715657076006573
0.05720553554324204
0.06985321287887415
0.07483996714666692
0.07445763607143174
0.07283419216010592
0.06874368424209248
0.06098288489856371
0.04657900886055205
0.04395283233466107
0.048052120670608746
0.04433556397721696
0.0374943929953045
0.019488212413198685
0.0066533503837085525
0.018635003372460476
0.03494699323275371
0.036335093784835036
0.018828915597087343
0.013495181581846994
0.0071626887605188245
0.005595070970757718
0.005125265848098743
0.014386608563383101
0.009697578688112352
0.013799712786412106
0.034130136210939806
0.05398150810829373
0.06345605662446892
0.07669946708710489
0.08447969435703018
0.0881551982700179
0.06953588647199863
0.05772697884961036
0.04525501249309004
0.05066659641594618
0.04117183017198978
0.029061349881862233
0.019268900863027662
0.018514731015581435
0.013376139474376407
0.015187320863477278
0.01544872088760422
0.012486670291360493
0.0072086064187196555
0.010186185142814079
0.010586818358749292
0.017238643158918463
0.020275610006473346
0.0176112249373644
0.003387758395602985
0.023395757947978598
0.04373471677572026
0.04960380948740714
0.05213364166380794
0.030237195913082982
0.015004715931181266
0.004356100156379774
0.00691354691987107
0.01837320952085482
0.02258211723702192
0.022791785749003292
0.017290292077569575
0.011933788379630179
0.01110081483453233
0.017331847712774455
0.013735878955633041
0.006966383741130128
0.0031053136766175707
0.008782502800442522
0.012878792952933624
0.016716058903977003
0.012034039529097795
0.015996510403827185
0.01444865789529431
0.015164553461564355
0.0032035190311079393
0.009280928276118294
0.019771084842304987
0.02593268018829022
0.031181908954721487
0.03246805689681424
0.033503108514774886
0.026719522577478363
0.022414290341380563
0.017190528828058268
0.014179563121376118
0.0027798551070640698
0.020401493080620482
0.04630361248486971
0.06672265633525591
0.08052302450616527
0.08811948951428042
0.08539694038850949
0.07991631888730166
0.0732462306278411
0.06494904469137067
0.05332892860736759
0.039957648067187976
0.03398082819566397
0.023238699251131655
0.01857481044963417
0.017707667031301152
0.020156574219715454
0.02419233670735911
0.026109542611407053
0.02222404736058817
0.016758610673602237
0.009303014767723904
0.009059957497069927
0.001227720458368032
0.01066528773646074
0.02796839957099366
0.035838021653246545
0.03417950027050066
0.023190317322022164
0.012769191498252237
0.001474296124150471
0.004206392055939211
5.533345844045644E-4
0.0171131065099603
0.026489729469306233
0.025702105173563687
0.013218525953234316
3.3958872727469754E-4
0.010359202208892611
0.015123501024690681
0.021533105503069697
0.024338933205106866
0.01771813821127271
0.005898476419105376
0.02880213048518409
0.046045869653376974
0.04131460211773209
0.023597024448399954
0.009439079868218458
0.03864184169518907
0.05515834518085862
0.04758265977794787
0.028375624462987113
0.0024182918046678084
0.027276600761346165
0.04778656669938888
0.05315701615659432
0.04799881355187151
0.029325177192704794
0.007864952920664902
0.01571824246376767
0.029759262572326726
0.03401205187818345
0.023857762231804015
0.009270077288450987
0.007231625295781624
0.01432511486477954
0.013762195049888832
0.002720994639527424
0.00987554416473983
0.0238894491239997
0.029866359907697673
0.022549213638521907
8.256730216256792E-4
0.02406886597663379
0.04238189077951353
0.045704562772381684
0.03467517145562829
0.007231554081833544
0.02509840277792589
0.06029742687897525
0.07881682063426008
0.07916431798935453
0.0597796881575525
0.037897576409124924
0.017389534957710017
0.004539794560942781
0.003890534739152027
0.0020748195608181474
0.010326624808056977
0.023252220609754855
0.029229764615305333
0.027280439714636198
0.011987536452249752
0.005590793078492554
0.028368986388205467
0.04404032149398464
0.055986778252619385
0.05374844947009774
0.04971501779203513
0.04299731324823426
0.03993073938182038
0.032599132870523066
0.027057702556660297
0.0199939684933595
0.019134576079104033
0.014165109226081014
0.012189528157620429
0.0014411633929907837
0.010515200189834113
0.027842249674223368
0.03931556886671281
0.043231733072978576
0.03647614441731624
0.02906699868840403
0.014845235633284921
9.165091531823752E-4
0.017570944930787716
0.03233407987723319
0.04534590197563519
0.0445529811576549
0.03582155611814048
0.018712576396676124
0.004628448777706846
0.00975607216459862
0.01031519831010818
0.0013483076628496536
0.014553146891902681
0.021641498250404945
0.0242688361958719
0.018489220204427517
0.012130721653639888
4.130459821916323E-4
0.009214342478922721
0.017021254107333697
0.013440727340992326
0.004936723135939444
0.008398438402670598
0.013087406253822098
0.013689521393858097
0.0039050043740648257
0.00835992256138038
0.02497907874538989
0.034648139798242626
0.0380475398203852
0.02817490008135905
0.016343666410548588
0.002398192736831102
0.004307511173408581
0.009150442862805485
0.0042566642580225715
0.002781753054858659
0.013621364953384663
0.018569113025415484
0.022670732827328247
0.018328739841819344
0.012872478651734801
0.00312586581886282
0.002407498256932689
0.009573856247280032
0.011365852075028745
0.014576355529020866
0.01508381592188272
0.018469306414169728
0.017873069703283624
0.02175265045641262
0.02418934492584271
0.028294582713807147
0.026734014443029436
0.027785219946739152
0.025018926144712364
0.0223658212222553
0.014051998672956617
0.008668628188618481
0.0039943001936501785
0.010761022214397741
0.02076295229368441
0.033803137506040595
0.039757100784527495
0.04651650171889124
0.04713518930744921
0.04452165938738852
0.03132153267528616
0.017232273798838998
4.858839538050376E-4
0.012969768382567632
0.02539223092041241
0.0300324982228408
0.032227847287203404
0.027900858750446046
0.027878222629894315
0.02720471480053593
0.029831108132282777
0.026730389688464338
0.022548418027424466
0.01139369919682473
0.0023229057957600977
0.008398036208001945
0.01429846834748667
0.01983913599711847
0.015090486980840393
0.008468829647231245
9.290038200353298E-5
5.240781485292169E-4
9.290038200353298E-5
0.008468829647231245
0.015090486980840393
0.01983913599711847
0.01429846834748667
0.008398036208001945
0.0023229057957600977
0.01139369919682473
0.022548418027424466
0.026730389688464338
0.029831108132282777
0.02720471480053593
0.027878222629894315
0.027900858750446046
0.032227847287203404
0.0300324982228408
0.02539223092041241
0.012969768382567632
4.858839538050376E-4
0.017232273798838998
0.03132153267528616
0.04452165938738852
0.04713518930744921
0.04651650171889124
0.039757100784527495
0.033803137506040595
0.02076295229368441
0.010761022214397741
0.0039943001936501785
0.008668628188618481
0.014051998672956617
0.0223658212222553
0.025018926144712364
0.027785219946739152
0.026734014443029436
0.028294582713807147
0.02418934492584271
0.02175265045641262
0.017873069703283624
0.018469306414169728
0.01508381592188272
0.014576355529020866
0.011365852075028745
0.009573856247280032
0.002407498256932689
0.00312586581886282
0.012872478651734801
0.018328739841819344
0.022670732827328247
0.018569113025415484
0.013621364953384663
0.002781753054858659
0.0042566642580225715
0.009150442862805485
0.004307511173408581
0.002398192736831102
0.016343666410548588
0.02817490008135905
0.0380475398203852
0.034648139798242626
0.02497907874538989
0.00835992256138038
0.0039050043740648257
0.013689521393858097
0.013087406253822098
0.008398438402670598
0.004936723135939444
0.013440727340992326
0.017021254107333697
0.009214342478922721
4.130459821916323E-4
0.012130721653639888
0.018489220204427517
0.0242688361958719
0.021641498250404945
0.014553146891902681
0.0013483076628496536
0.01031519831010818
0.00975607216459862
0.004628448777706846
0.018712576396676124
0.03582155611814048
0.0445529811576549
0.04534590197563519
0.03233407987723319
0.017570944930787716
9.165091531823752E-4
0.014845235633284921
0.02906699868840403
0.03647614441731624
0.043231733072978576
0.03931556886671281
0.027842249674223368
0.010515200189834113
0.0014411633929907837
0.012189528157620429
0.014165109226081014
0.019134576079104033
0.0199939684933595
0.027057702556660297
0.032599132870523066
0.03993073938182038
0.04299731324823426
0.04971501779203513
0.05374844947009774
0.055986778252619385
0.04404032149398464
0.028368986388205467
0.005590793078492554
0.011987536452249752
0.027280439714636198
0.029229764615305333
0.023252220609754855
0.010326624808056977
0.0020748195608181474
0.003890534739152027
0.004539794560942781
0.017389534957710017
0.037897576409124924
0.0597796881575525
0.07916431798935453
0.07881682063426008
0.06029742687897525
0.02509840277792589
0.007231554081833544
0.03467517145562829
0.045704562772381684
0.04238189077951353
0.02406886597663379
8.256730216256792E-4
0.022549213638521907
0.029866359907697673
0.0238894491239997
0.00987554416473983
0.002720994639527424
0.013762195049888832
0.01432511486477954
0.007231625295781624
0.009270077288450987
0.023857762231804015
0.03401205187818345
0.029759262572326726
0.01571824246376767
0.007864952920664902
0.029325177192704794
0.04799881355187151
0.05315701615659432
0.04778656669938888
0.027276600761346165
0.0024182918046678084
0.028375624462987113
0.04758265977794787
0.05515834518085862
0.03864184169518907
0.009439079868218458
0.023597024448399954
0.04131460211773209
0.046045869653376974
0.02880213048518409
0.005898476419105376
0.01771813821127271
0.024338933205106866
0.021533105503069697
0.015123501024690681
0.010359202208892611
3.3958872727469754E-4
0.013218525953234316
0.025702105173563687
0.026489729469306233
0.0171131065099603
5.533345844045644E-4
0.004206392055939211
0.001474296124150471
0.012769191498252237
0.023190317322022164
0.03417950027050066
0.035838021653246545
0.02796839957099366
0.01066528773646074
0.001227720458368032
0.009059957497069927
0.009303014767723904
0.016758610673602237
0.02222404736058817
0.026109542611407053
0.02419233670735911
0.020156574219715454
0.017707667031301152
0.01857481044963417
0.023238699251131655
0.03398082819566397
0.039957648067187976
0.05332892860736759
0.06494904469137067
0.0732462306278411
0.07991631888730166
0.08539694038850949
0.08811948951428042
0.08052302450616527
0.06672265633525591
0.04630361248486971
0.020401493080620482
0.0027798551070640698
0.014179563121376118
0.017190528828058268
0.022414290341380563
0.026719522577478363
0.033503108514774886
0.03246805689681424
0.031181908954721487
0.02593268018829022
0.019771084842304987
0.009280928276118294
0.0032035190311079393
0.015164553461564355
0.01444865789529431
0.015996510403827185
0.012034039529097795
0.016716058903977003
0.012878792952933624
0.008782502800442522
0.0031053136766175707
0.006966383741130128
0.013735878955633041
0.017331847712774455
0.01110081483453233
0.011933788379630179
0.017290292077569575
0.022791785749003292
0.02258211723702192
0.01837320952085482
0.00691354691987107
0.004356100156379774
0.015004715931181266
0.030237195913082982
0.05213364166380794
0.04960380948740714
0.04373471677572026
0.023395757947978598
0.003387758395602985
0.0176112249373644
0.020275610006473346
0.017238643158918463
0.010586818358749292
0.010186185142814079
0.0072086064187196555
0.012486670291360493
0.01544872088760422
0.015187320863477278
0.013376139474376407
0.018514731015581435
0.019268900863027662
0.029061349881862233
0.04117183017198978
0.05066659641594618
0.04525501249309004
0.05772697884961036
0.06953588647199863
0.0881551982700179
0.08447969435703018
0.07669946708710489
0.06345605662446892
0.05398150810829373
0.034130136210939806
0.013799712786412106
0.009697578688112352
0.014386608563383101
0.005125265848098743
0.005595070970757718
0.0071626887605188245
0.013495181581846994
0.018828915597087343
0.036335093784835036
0.03494699323275371
0.018635003372460476
0.0066533503837085525
0.019488212413198685
0.0374943929953045
0.04433556397721696
0.048052120670608746
0.04395283233466107
0.04657900886055205
0.06098288489856371
0.06874368424209248
0.07283419216010592
0.07445763607143174
0.07483996714666692
0.06985321287887415
0.05720553554324204
0.030715657076006573
0.007625544683634451
0.03564413004070046
0.03521790546020544
0.013417362552827309
0.003422834861257618
0.010573649137942997
0.056626330835818375
0.11880359704350435
0.16459567487107393
0.1592636350685003
0.12527055909153353
0.09364526477197652
0.07320967853751216
0.05616377777423074
0.029572852986347358
1.1670769909376204E-4
0.022896053235054656
0.03342391595164606
0.04362245173113143
0.04562595089218022
0.0461370789657052
0.05368875243187402
0.08974681959069677
0.12694488282949593
0.1430070964734163
0.10760490772008764
0.027790035651834757
0.03131145430394865
0.06127637979565416
0.0792841435369974
0.06462522019564265
0.06525679630960839
0.05483407809344322
0.07015348003733764
0.056334368492571986
0.027864454089013356
0.0032710722143313156
0.06037490850111951
0.08441378285727955
0.050594415586733096
0.012478499445353914
0.05007774081044626
0.031276884648436636
0.015446276559151938
0.06370599647939694
0.09384539171688239
0.10402631324686769
0.10098495549683409
0.09527867574859901
0.05492841181966645
0.05715709843208954
0.015508937804180147
0.002805264402082548
0.03060803802319415
0.011828748454570201
0.04784893381587934
0.1378119614599552
0.21838328905122067
0.27255258654017667
0.2426107324635701
0.13050180619590182
0.046314352019526044
0.15901960344310506
0.15394591349581505
0.026490001977844697
0.14304992716032663
0.27001584560683445
0.3704815865985111
0.2941863461725083
0.0958925540611925
0.0711306441260219
0.15649981330740964
0.14239027865940077
0.12370325353740769
0.11581732918636506
0.1932274593831255
0.18186728533277965
0.11247415623714663
0.04268159747717475
0.11569984125967185
0.08668342059008718
0.02195188437535177
0.009509172985732726
0.01383143132049737
0.06086181319341145
0.1328233856993195
0.1747967939433856
0.12745340870900945
0.05300125731028269
0.04931108909043079
0.05230445604419121
2.3552147685211661E-4
8.539058628862583E-4
0.034571094218507056
0.09598627688835747
0.0736074309094865
0.028834420452694895
0.14658936501246056
0.19837937404471523
0.16101284883197275
0.12981092007890466
0.07250767240869378
0.03654901595348986
0.06034232047315149
0.002056867788295212
0.11882497822127275
0.19499129566525425
0.19033094145018178
0.11880123399815484
0.18633790042198906
0.2351991499175517
0.1660048190034291
0.001470272628411862
0.02856759669820364
0.036392258163090274
0.19353202555977478
0.18547859374499062
0.10954243262579234
0.05602837889425452
0.2679416533941846
0.24832964345413108
0.043202120129625876
0.1152222376754723
0.34057545788537325
0.6192131737588207
0.7077543100728266
0.738556195147239
0.6213576389627137
0.7021451193612692
0.5259128816229276
0.6523965149525951
0.5233756541789883
0.4371356481559561
0.3532421077534655
0.12993950630869797
0.26379656074152624
0.06518910710700192
0.14745877945782004
0.24663544671434404
0.01930094122623132
0.08256487877552096
0.29312356043269167
0.4966960080236759
0.1133484894942661
0.5816228266266773
0.5288143221714163
0.4836981973525151
0.27051196734904526
0.824300562102631
0.11839050021864879
0.7086710650582403
0.022170719884386476
0.3133639822993053
0.03242000073313458
0.07794931558652045
0.25305354784183454
0.33312386251486614
0.5350467078175023
0.7912372398100731
0.2805916223895293
0.391810616706019
0.35929015060748454
0.37684318987933585
1.0
0.6236523690810013
0.12646588441890352
0.07363028119516102
0.13314651628137436
0.313720236186293
0.2667105577043199
0.023236037670322954
