-0.11298184519349397
0.1137141544132043
0.10606743261632393
0.07560125822836664
0.25167590972145776
0.03572305105557704
0.5983377594258967
0.11700694798336111
0.14732865698055936
0.7506414366247018
0.3281704001979349
0.21598198223316428
0.10070937762476617
0.1304713023206193
1.0
0.30350091746966834
0.09372066655908816
0.8032876811643513
0.22933687639036468
0.6851302844023754
0.42739054724960057
0.4812357435680837
0.15500290871343025
0.4264354948974581
0.14192409753721436
0.23756720886311056
0.05388816132921637
0.07664541681581258
0.414581072431928
0.011537953787208092
0.7019564382292597
0.3846582471289166
0.5915920667192214
0.21592091573129063
0.2670427627680767
0.15605309015865085
0.08207744202329907
0.5239112599543744
0.019703707160065562
0.2383690035796534
0.4908899349709201
0.8899151700474102
0.06162879979964657
0.29455350034669314
0.6496469606038254
0.12442523702400554
0.21878147765483774
0.3944505269947745
0.46972005758433016
0.12668180192239756
0.23009888784192553
0.29647908445607424
0.4095234280997527
0.08153148932650119
0.22706665293161482
0.2583370007585218
0.03099742687600012
0.024991929611964454
0.15406556342508343
0.2112084193221178
0.02623125977556377
0.31797783553693765
0.11801339020398961
0.10543035437437401
0.042611901689444016
0.09622260671337682
0.06595392234731083
0.10565492173613597
0.07695197985804778
0.028710054128201806
0.003845418183649943
0.026026299868224127
0.052585213719389026
0.012210664301942474
0.03558282609250366
0.0037890391036348096
0.07765707191298249
0.00873033239369604
0.10640016289473453
0.07776342821876246
0.03426735420022368
0.02958896226573746
0.07512686182534467
0.06852105077850341
0.026404333119376646
0.05512150059513918
0.0015436344661672544
0.09604389918996205
0.03153525544189156
0.024710348100036666
0.03489188012592074
0.0062651883876164195
0.06657830021548798
0.05454371307943162
0.10589730903443964
0.07871269082039065
0.05657567795197334
0.11641874029422553
0.032046367527730504
0.04313050986939741
0.04598622537083192
0.020443840169788643
0.08126305072249083
0.058454996273652464
0.02736422740631509
0.007095137765336233
0.06784087312068715
0.0887213824805321
0.045341367860876065
0.03350825517623419
0.034728538504879634
0.16967126658862408
0.1097201966393482
0.04435116203942011
0.05615152970995366
0.01860537777526016
0.16971846343556254
0.056063373030005435
0.06193980114584903
0.013325253965996995
0.04623236200166142
0.04282911890543141
0.00149579065860168
0.011387390648206978
0.0943922864246888
0.05225662250451514
0.02173758902606694
0.03740085901952352
0.08181138136764146
0.0771127041054456
0.029265032120369426
0.04673338094605596
0.01714074157871753
0.002242411785918015
0.03760025097826192
0.006171369228380293
0.0043216594094467485
0.00781965465247246
0.006934032416989547
0.04763766747522556
0.053954288416956646
0.023491339977704893
0.015532256195665237
0.014839293640951984
0.02443502351003903
0.0027674774930641403
0.04094110617595766
0.03121456733916089
0.012907123987421299
0.013654482269462446
0.0052706638292220045
0.007414440628108072
0.00812077702685514
3.1363082806711663E-4
0.02560736263787038
0.015327545146366998
0.025267472590418533
0.01307942897294856
0.0026815165897227785
0.01573173274658568
0.02452124259850768
0.008301739086382223
0.0019146506349108435
0.015798106054996732
0.004085877414028197
0.004878135041936158
0.00262260334919585
0.005576792154276317
0.010020565243741742
0.002577209689541559
0.009476780929474028
0.0013277375871344973
0.01973790764201596
0.023371447548664166
0.004626178185620299
0.00783788228987386
0.01538142809828347
0.008738506108545006
0.011498973649051657
0.015351072413583073
0.01461981096365855
0.004805081962715239
0.0012682060308110454
0.0015476617102714483
0.0016755111380823819
0.013165592696647148
0.01164095408663786
0.0215185136968979
0.003100638588635374
0.0076337918391471814
0.008439578840932313
0.00743883786445235
0.01108180661583897
0.018877680425021054
0.013322493376923279
0.00883212603738886
0.012128016540475337
0.009242181859509428
0.008429885483271475
0.005155619053304636
0.0036546416539701546
0.0074940670437128026
0.01580068042203038
0.01239263939957544
0.016353966358408818
0.007686014224207876
0.0021745221565412334
0.01169766069803766
0.006082660630071727
0.012775503406670682
0.013369865636023753
5.239712052229653E-4
0.0028617198423587344
0.008537445233087224
0.017558399583083775
0.007470659700835847
0.004406916972482683
0.009118508186319449
0.01558348275980979
0.005813899901675544
0.006689425802798215
0.003268768562722764
0.01870180775837683
0.014603738266667466
0.014700208388278352
0.007521228538371491
0.012238171128237853
0.012047553804223298
0.014283168522246573
0.01140990957886709
0.00424553991707058
0.0050306024107964675
0.01720549301353899
0.01618106672171649
0.00888551326626056
0.006036782687823286
0.021286854257907
0.011192671680773604
1.711676093447205E-4
0.0012085014572613079
0.0073624263343481855
0.00787895874395512
0.01186546207634067
0.014116314002798325
0.009458317032267415
0.008322817432951136
0.0018054575412615825
0.014916146783371251
0.008394303602394437
0.017468293345006745
0.003927086283194337
0.0037264207423605565
0.005424183649538149
0.004867755463638603
0.018230034357657646
0.0019637790421445337
0.007431267745618761
0.010595358452036326
0.007243484790357074
0.008633859319038824
8.720203264347366E-4
0.014645858684882138
0.009517171604646808
0.007827903649584038
0.00951227929246786
0.01181681363390472
0.018369787323533282
4.3330383591411197E-4
0.007422735461644407
0.004417284336462824
0.002207203744930706
0.01648212130913636
0.012786973675379634
0.00869816230903001
0.014543988592472874
0.009977952968697973
0.01703784887204667
0.006489315474621952
0.00900227009660633
0.009024671272327756
0.0035165819100611596
0.015764729307627807
0.014685729285810063
0.0158684712979431
0.006151425601339778
0.010703806746084349
0.010470099402233708
0.0021951011803895415
0.012181733208571634
0.01299095577035002
9.290084398522184E-4
0.0034981996820779003
0.011218282776325705
0.009763759631618445
0.013184977862151493
0.014901580614232853
0.0036373669552250587
0.012467030661712555
0.016589077089476992
0.0024360872986334435
0.0032511644883336556
0.004727558615986523
0.010945976276742823
0.0035806651606206416
0.011294447929843713
0.014304251650387349
0.005691054217357592
0.005022328660167229
3.1108688626569063E-4
0.00632397969986518
0.006484449860330403
0.0071614441413737585
0.01287345019329225
0.012228004972425363
0.011907342780192976
0.01015450822867565
0.008852977229474559
0.009690421137249518
0.0027180721628532302
0.005640325313459053
0.004752502832775768
0.00889457843294015
0.008242411676808097
0.006712957510122359
0.00845729204351932
0.012323078911281213
0.01279794333182811
0.008636908246467982
0.010271259469570795
0.010337117138403388
0.013477771296957281
0.011373764239051369
0.010539562552517711
0.010696234030188307
0.0075414172984501066
0.010003785894262622
0.010401603875113323
0.00622587654977399
0.0063169898884761315
0.009860706303187979
0.009219136689094234
0.010030396737131568
0.011060008842200488
0.008928218098202332
0.011814175647416271
0.00571322795839094
0.005261942802638155
0.007256464425501227
0.00683893364600177
0.015499195581050255
0.012569748840666037
0.013869617891285367
0.00923716120223536
0.010360627913239249
0.00880192540090364
0.01418784275076591
0.010968198825578823
0.008805847311071204
0.010222899683068512
0.009456936347634842
0.01020443332404337
0.009257983788757243
0.010423011393142131
0.010602758846485802
0.0069105567504133564
0.011503073374235553
0.008358938564215133
0.008126398735100446
0.00874743057965985
0.009150002634814303
0.010048490691974476
0.008556054351276503
0.010469379466003143
0.0077448984075593336
0.005253497301472923
0.00854954419757045
0.012527660551326718
0.008243887015196752
0.00826313171754832
0.008209347145101424
0.01038156144522405
0.008429915039807853
0.010034384461384644
0.008119910764828877
0.007710261246116053
0.009410944973797814
0.011058232632379884
0.00980915963703864
0.007946672295302958
0.009402817157787166
0.008543732772687454
0.009706780835331077
0.009350603300560156
0.01029346496550029
0.010929163851534814
0.009737370701651638
0.008442158279132115
0.009589374606951829
0.009376818349046525
0.008972096122820435
0.00913191861411446
0.009759990508884257
0.008543857204144089
0.009669878484160822
0.00978725522378125
0.009559364203485287
0.009798509616659162
0.008656714910782128
0.00910438870708072
0.008546329197288765
0.009486988395388887
0.0090971317015387
0.009157982931509299
0.01028500814059475
0.008477009796429427
0.0088072693908043
0.009811031365425313
0.009049472721326491
0.009863762220861369
0.009037717101083864
0.008814062582534643
0.009181480692649787
0.009766166636010123
0.008925886055719392
0.00978818280659651
0.008610452846366192
0.009621647250500617
0.008916431456787671
0.009358893062625658
0.008596550205298176
0.009810704638271037
0.009305749531813701
0.00947355324802453
0.009217008167514506
0.009368457312753984
0.008925059751980133
0.009295957113107824
0.009209744754608677
0.009438095874016693
0.00953613611569786
0.00938109473362641
0.009588606197772003
0.00905922128664419
0.008831891762502512
0.009247012469342617
0.00945710681132792
0.009268116853783426
0.009577023950639389
0.009594682603632202
0.008911964076140982
0.009363209476223837
0.009719708563122643
0.009407768079608915
0.009469942743604106
0.00966693967000297
0.009491642653545867
0.009165878836133491
0.00937270613086579
0.010021498478750142
0.009468741902559606
0.009343537365685713
0.009431182689601495
0.009201622635858794
0.009431182689601495
0.009343537365685713
0.009468741902559606
0.010021498478750142
0.00937270613086579
0.009165878836133491
0.009491642653545867
0.00966693967000297
0.009469942743604106
0.009407768079608915
0.009719708563122643
0.009363209476223837
0.008911964076140982
0.009594682603632202
0.009577023950639389
0.009268116853783426
0.00945710681132792
0.009247012469342617
0.008831891762502512
0.00905922128664419
0.009588606197772003
0.00938109473362641
0.00953613611569786
0.009438095874016693
0.009209744754608677
0.009295957113107824
0.008925059751980133
0.009368457312753984
0.009217008167514506
0.00947355324802453
0.009305749531813701
0.009810704638271037
0.008596550205298176
0.009358893062625658
0.008916431456787671
0.009621647250500617
0.008610452846366192
0.00978818280659651
0.008925886055719392
0.009766166636010123
0.009181480692649787
0.008814062582534643
0.009037717101083864
0.009863762220861369
0.009049472721326491
0.009811031365425313
0.0088072693908043
0.008477009796429427
0.01028500814059475
0.009157982931509299
0.0090971317015387
0.009486988395388887
0.008546329197288765
0.00910438870708072
0.008656714910782128
0.009798509616659162
0.009559364203485287
0.00978725522378125
0.009669878484160822
0.008543857204144089
0.009759990508884257
0.00913191861411446
0.008972096122820435
0.009376818349046525
0.009589374606951829
0.008442158279132115
0.009737370701651638
0.010929163851534814
0.01029346496550029
0.009350603300560156
0.009706780835331077
0.008543732772687454
0.009402817157787166
0.007946672295302958
0.00980915963703864
0.011058232632379884
0.009410944973797814
0.007710261246116053
0.008119910764828877
0.010034384461384644
0.008429915039807853
0.01038156144522405
0.008209347145101424
0.00826313171754832
0.008243887015196752
0.012527660551326718
0.00854954419757045
0.005253497301472923
0.0077448984075593336
0.010469379466003143
0.008556054351276503
0.010048490691974476
0.009150002634814303
0.00874743057965985
0.008126398735100446
0.008358938564215133
0.011503073374235553
0.0069105567504133564
0.010602758846485802
0.010423011393142131
0.009257983788757243
0.01020443332404337
0.009456936347634842
0.010222899683068512
0.008805847311071204
0.010968198825578823
0.01418784275076591
0.00880192540090364
0.010360627913239249
0.00923716120223536
0.013869617891285367
0.012569748840666037
0.015499195581050255
0.00683893364600177
0.007256464425501227
0.005261942802638155
0.00571322795839094
0.011814175647416271
0.008928218098202332
0.011060008842200488
0.010030396737131568
0.009219136689094234
0.009860706303187979
0.0063169898884761315
0.00622587654977399
0.010401603875113323
0.010003785894262622
0.0075414172984501066
0.010696234030188307
0.010539562552517711
0.011373764239051369
0.013477771296957281
0.010337117138403388
0.010271259469570795
0.008636908246467982
0.01279794333182811
0.012323078911281213
0.00845729204351932
0.006712957510122359
0.008242411676808097
0.00889457843294015
0.004752502832775768
0.005640325313459053
0.0027180721628532302
0.009690421137249518
0.008852977229474559
0.01015450822867565
0.011907342780192976
0.012228004972425363
0.01287345019329225
0.0071614441413737585
0.006484449860330403
0.00632397969986518
3.1108688626569063E-4
0.005022328660167229
0.005691054217357592
0.014304251650387349
0.011294447929843713
0.0035806651606206416
0.010945976276742823
0.004727558615986523
0.0032511644883336556
0.0024360872986334435
0.016589077089476992
0.012467030661712555
0.0036373669552250587
0.014901580614232853
0.013184977862151493
0.009763759631618445
0.011218282776325705
0.0034981996820779003
9.290084398522184E-4
0.01299095577035002
0.012181733208571634
0.0021951011803895415
0.010470099402233708
0.010703806746084349
0.006151425601339778
0.0158684712979431
0.014685729285810063
0.015764729307627807
0.0035165819100611596
0.009024671272327756
0.00900227009660633
0.006489315474621952
0.01703784887204667
0.009977952968697973
0.014543988592472874
0.00869816230903001
0.012786973675379634
0.01648212130913636
0.002207203744930706
0.004417284336462824
0.007422735461644407
4.3330383591411197E-4
0.018369787323533282
0.01181681363390472
0.00951227929246786
0.007827903649584038
0.009517171604646808
0.014645858684882138
8.720203264347366E-4
0.008633859319038824
0.007243484790357074
0.010595358452036326
0.007431267745618761
0.0019637790421445337
0.018230034357657646
0.004867755463638603
0.005424183649538149
0.0037264207423605565
0.003927086283194337
0.017468293345006745
0.008394303602394437
0.014916146783371251
0.0018054575412615825
0.008322817432951136
0.009458317032267415
0.014116314002798325
0.01186546207634067
0.00787895874395512
0.0073624263343481855
0.0012085014572613079
1.711676093447205E-4
0.011192671680773604
0.021286854257907
0.006036782687823286
0.00888551326626056
0.01618106672171649
0.01720549301353899
0.0050306024107964675
0.00424553991707058
0.01140990957886709
0.014283168522246573
0.012047553804223298
0.012238171128237853
0.007521228538371491
0.014700208388278352
0.014603738266667466
0.01870180775837683
0.003268768562722764
0.006689425802798215
0.005813899901675544
0.01558348275980979
0.009118508186319449
0.004406916972482683
0.007470659700835847
0.017558399583083775
0.008537445233087224
0.0028617198423587344
5.239712052229653E-4
0.013369865636023753
0.012775503406670682
0.006082660630071727
0.01169766069803766
0.0021745221565412334
0.007686014224207876
0.016353966358408818
0.01239263939957544
0.01580068042203038
0.0074940670437128026
0.0036546416539701546
0.005155619053304636
0.008429885483271475
0.009242181859509428
0.012128016540475337
0.00883212603738886
0.013322493376923279
0.018877680425021054
0.01108180661583897
0.00743883786445235
0.008439578840932313
0.0076337918391471814
0.003100638588635374
0.0215185136968979
0.01164095408663786
0.013165592696647148
0.0016755111380823819
0.0015476617102714483
0.0012682060308110454
0.004805081962715239
0.01461981096365855
0.015351072413583073
0.011498973649051657
0.008738506108545006
0.01538142809828347
0.00783788228987386
0.004626178185620299
0.023371447548664166
0.01973790764201596
0.0013277375871344973
0.009476780929474028
0.002577209689541559
0.010020565243741742
0.005576792154276317
0.00262260334919585
0.004878135041936158
0.004085877414028197
0.015798106054996732
0.0019146506349108435
0.008301739086382223
0.02452124259850768
0.01573173274658568
0.0026815165897227785
0.01307942897294856
0.025267472590418533
0.015327545146366998
0.02560736263787038
3.1363082806711663E-4
0.00812077702685514
0.007414440628108072
0.0052706638292220045
0.013654482269462446
0.012907123987421299
0.03121456733916089
0.04094110617595766
0.0027674774930641403
0.02443502351003903
0.014839293640951984
0.015532256195665237
0.023491339977704893
0.053954288416956646
0.04763766747522556
0.006934032416989547
0.00781965465247246
0.0043216594094467485
0.006171369228380293
0.03760025097826192
0.002242411785918015
0.01714074157871753
0.04673338094605596
0.029265032120369426
0.0771127041054456
0.08181138136764146
0.03740085901952352
0.02173758902606694
0.05225662250451514
0.0943922864246888
0.011387390648206978
0.00149579065860168
0.04282911890543141
0.04623236200166142
0.013325253965996995
0.06193980114584903
0.056063373030005435
0.16971846343556254
0.01860537777526016
0.05615152970995366
0.04435116203942011
0.1097201966393482
0.16967126658862408
0.034728538504879634
0.03350825517623419
0.045341367860876065
0.0887213824805321
0.06784087312068715
0.007095137765336233
0.02736422740631509
0.058454996273652464
0.08126305072249083
0.020443840169788643
0.04598622537083192
0.04313050986939741
0.032046367527730504
0.11641874029422553
0.05657567795197334
0.07871269082039065
0.10589730903443964
0.05454371307943162
0.06657830021548798
0.0062651883876164195
0.03489188012592074
0.024710348100036666
0.03153525544189156
0.09604389918996205
0.0015436344661672544
0.05512150059513918
0.026404333119376646
0.06852105077850341
0.07512686182534467
0.02958896226573746
0.03426735420022368
0.07776342821876246
0.10640016289473453
0.00873033239369604
0.07765707191298249
0.0037890391036348096
0.03558282609250366
0.012210664301942474
0.052585213719389026
0.026026299868224127
0.003845418183649943
0.028710054128201806
0.07695197985804778
0.10565492173613597
0.06595392234731083
0.09622260671337682
0.042611901689444016
0.10543035437437401
0.11801339020398961
0.31797783553693765
0.02623125977556377
0.2112084193221178
0.15406556342508343
0.024991929611964454
0.03099742687600012
0.2583370007585218
0.22706665293161482
0.08153148932650119
0.4095234280997527
0.29647908445607424
0.23009888784192553
0.12668180192239756
0.46972005758433016
0.3944505269947745
0.21878147765483774
0.12442523702400554
0.6496469606038254
0.29455350034669314
0.06162879979964657
0.8899151700474102
0.4908899349709201
0.2383690035796534
0.019703707160065562
0.5239112599543744
0.08207744202329907
0.15605309015865085
0.2670427627680767
0.21592091573129063
0.5915920667192214
0.3846582471289166
0.7019564382292597
0.011537953787208092
0.414581072431928
0.07664541681581258
0.05388816132921637
0.23756720886311056
0.14192409753721436
0.4264354948974581
0.15500290871343025
0.4812357435680837
0.42739054724960057
0.6851302844023754
0.22933687639036468
0.8032876811643513
0.09372066655908816
0.30350091746966834
1.0
0.1304713023206193
0.10070937762476617
0.21598198223316428
0.3281704001979349
0.7506414366247018
0.14732865698055936
0.11700694798336111
0.5983377594258967
0.03572305105557704
0.25167590972145776
0.07560125822836664
0.10606743261632393
0.1137141544132043
