0.12478938905979817
0.00458050252463245
0.06307490575425895
0.09006897757390159
0.11078698387187705
0.07704797769017842
0.06695581234398273
0.025700983853504618
0.009613055137121873
0.08616869796053632
0.048670299076313886
0.048534725458639835
0.01424323639441632
0.0010880283058189756
0.03296451666412018
0.011784430713280997
0.04147114544501308
0.06867520540932384
0.14185152219488495
0.12802349669990581
0.010668345256802323
0.08197923764519857
0.008794999980693418
0.010724331859686244
0.003139405571594752
0.006553934756340495
0.045218860775052216
0.20163106924766863
0.10367143859654036
0.11261472171439058
0.0013858088348055032
0.05886913719341282
0.0499913242811301
0.02027327700426264
0.03527652035130094
0.007243038652487158
0.06552625990545732
0.0800767163210169
0.057926541221820595
0.08929021663302772
0.10127650313708733
0.09063200622408463
0.15587206469004522
0.12097197144424066
0.1991734406331865
1.0
0.41236804819055534
0.17522163947631803
0.15427868434959682
0.08892743776488152
0.010219820404997597
0.0861222927182986
0.013127619307722087
0.022358429171886404
0.19338654502004274
0.18807898094200595
0.01253884599366162
0.040014355159581086
0.04430127011845509
0.019392063628117462
0.05635017318471992
0.05934951184378865
0.02244683310009666
0.11858988827365652
0.041414423499703305
0.10043275054132376
0.0391893645212655
0.10457339526172021
0.053735326124024915
0.12097151907449516
0.19273705172114952
0.46766831517814683
0.936781027352518
0.5220533646462934
0.40785307700403634
0.07575760362144719
0.15098561402031868
0.14044581417605614
0.18012079906721185
0.18617815642294128
0.10516979997502388
0.11802933881864235
0.01035825469487175
0.016516350604170303
0.07803067740587216
0.010749052445200686
0.004122274172998067
0.0577538077742103
0.03893540654048435
0.04236480725818139
0.08859381818248363
0.03348234093844714
0.0374403962267904
0.012116453351166612
0.0037902088903348425
0.03051368733069658
0.034072694055806554
0.014595480661183425
0.032276799381710276
0.002588527884684908
0.09086390441124634
0.02022235892256044
0.03134710568769681
0.025576706734248403
0.009360954542027067
0.04010213881096049
0.014821446731147726
0.023799965891448022
0.09909055283038307
0.11765900808564282
0.020945850282447467
0.015102084721698824
0.021936125012731445
0.0022132386308455227
0.010331156472224485
0.035526460014229856
0.022426932596692848
0.05097728622412711
0.01100877721322298
0.02353889244829955
0.030419519471000522
0.026472674848325554
0.02216712966173692
0.01972721953949071
0.014698832183415856
0.07401965007318598
0.016766769545789394
0.018145988054592707
0.109066056346712
0.020114893058932187
0.03824727083186126
0.02912517529390685
0.03842734321825988
0.045695853733162296
0.019449033153495787
0.003699780739648416
0.1247331437919348
0.029901855477953775
0.033717389838084276
0.0206814969717814
0.02050576591638538
0.04417022300639478
0.01515442736618906
0.005964410052610746
0.034497245150005164
0.09529857393623717
0.04800345559630001
0.019692321857096903
0.00320658829106504
0.003130719887911175
5.061924841537768E-4
0.010262053227142338
0.03192935148450903
0.07147940489785698
0.114390273304815
0.04972925066412875
0.014641971181534937
0.028407735765690934
0.025719958325306467
6.419203514167324E-4
0.001213256201712685
0.04696315080883411
0.022803841587088394
0.060624549080530034
0.052865072011493805
0.045826106639791794
0.05413322958579266
0.01205887993048188
0.004467042271838346
0.03999799964854705
0.00752451129741571
8.268588370476389E-4
0.059147115358084985
0.034871333298861745
0.0104423534282318
0.04387490608172642
0.036525975632982495
0.0319387728451209
0.0305901033103991
0.04419198963836176
0.05545722286676572
0.08172821075005351
0.020885234316445858
0.03874156047712727
0.033813785368674486
0.05358071659615696
0.022055016153045687
0.04334010429263325
0.01267780200670519
0.07986285475808995
0.0934358008096886
0.07189987325585945
0.03894742127081823
0.016793613007381844
0.028683496269712273
0.004097050643871704
0.006084252511679249
0.008452751521028427
0.010169032768118617
0.05794144018607621
0.0037298197253193216
0.026174914061606047
0.010851410966269216
0.010688132648655065
0.014143438494645805
0.026288243464522982
0.007761939511444368
0.009106818160853033
0.02164605647502797
0.01068756565566717
0.0029701410049914278
0.040891848342385344
0.02200175532607585
0.04956054340460616
0.013593232812291006
7.532087006633608E-4
6.913688981238566E-4
0.15584060776616346
0.041251341343832966
0.056987347854102005
0.015902552599241476
0.014169257143497434
0.028721990721262018
9.28378860865041E-5
0.04777162872729159
0.009076081839467919
0.01375367949694505
0.04694101368925778
0.018923946022531404
0.010454159398546646
0.007954065870046446
0.02079823150996636
0.03602082339205454
0.017396466512487094
0.04911575098379859
0.02096389107322976
0.020974196566949353
0.03654660462024707
0.04043642364642703
0.024473517595845543
0.009540366091039382
0.056080034097492244
0.005474615950187185
0.05514889335642974
0.06657449912842152
0.036873781174764746
0.009189201160940198
0.014235134153196723
0.007555537471926593
0.010785700055508054
0.035985666961215614
0.019840410550423095
0.012340400813555382
0.05194065152741949
0.04237468473817619
0.0030470536347067916
5.025710875688169E-5
0.038189426030317664
0.03809222392800402
0.055697012066935864
0.02809653374140194
0.03895051195517745
0.014457124419415393
0.12873469623534928
0.017901073962582028
0.009748748981432931
0.0066390557727362635
0.047497514209981974
0.03026793421945776
0.012444033019553047
0.02322238578671237
0.004130740459250951
0.006055409133396318
0.029099641060839676
0.0536375063264579
0.005119265395857861
0.009292075472137189
0.01802952597423286
0.0509523864688973
0.004502190904271193
0.0060383472943741695
0.0016163780412249355
0.07830678110586402
0.04044322889978037
1.023837532842453E-4
0.007631088086374727
0.036131853830422826
0.0028677985548916807
0.04141813184920031
0.0035491617621347844
0.08196526342119838
0.11444072412132804
0.03268449080377508
0.003386119739600695
0.02232235127120569
0.026180472311924545
0.05136622852783587
0.030587504025107827
0.018102016394389256
0.054420268660195954
0.04019914937430403
0.012419415589535849
0.015112497153362985
0.021925268837275594
0.04486778690747819
0.042524348019199736
0.04873545618117912
0.0028979464983212105
0.031197347264949542
0.04541478154980766
0.03677839440976973
0.014194540381196155
0.0491864961106164
0.004698918955778659
0.01864070507047971
0.009425243361226233
0.004058970855356135
0.04814938259677793
0.013412004877486882
0.03921436676508508
0.0023511553382008694
0.010912415199395039
0.026219081251724313
0.026683888396423917
0.05946583044181324
0.06122133273590083
0.026058531912550822
0.07634738435283325
0.023911514515610563
1.7262599743688816E-4
0.03595307558980236
0.0036016327051140383
0.015544453850820398
0.02537519006585729
0.018873778250995465
0.0810981076471894
0.0062356816260383564
0.07310556196649326
0.015339806979199462
1.742852286800078E-4
0.004233545394091875
0.034624937923409045
0.0185579373873351
0.04260624178620947
0.08650276645559303
0.08452779784047518
0.009358248327876975
0.04847048562705198
0.01985718994073133
0.014747715177899702
0.001971443794424
0.0016294974882623864
0.05442494806631041
0.029358195376397955
0.0565189157686389
0.04342897883308344
0.01457037075015272
0.011956315351051057
0.06257594116350966
0.05196307306010274
0.02603137803640282
0.037953317787237734
0.023714924670684454
0.03378743762404422
0.027527032249361698
0.025656296954952394
0.05220971857704595
0.04053812638028342
0.035668245902705495
0.03151011153749611
0.012037460938224548
0.14136581981022303
0.022888249326491198
0.055040871406985714
0.031206896377725675
0.01435487644322975
0.009028725826727257
0.010796189280381919
0.002125782924303862
0.03443053132845442
0.011297998635291955
0.005277687177996634
0.07000750184231039
0.024608861327732847
0.0140957468306197
0.015656425116257953
0.002665233407658088
0.010059012798800454
0.025430082051327057
0.04332497511474616
0.02160478405852824
0.03181888084058105
0.05668902605347283
0.015982879010099565
0.006037890364019425
0.009321018069653915
0.034391756928988736
0.02011196435633247
0.048082232600349266
0.045389588196075845
0.04267595552290949
7.344569439781647E-4
0.010879006838282733
0.02897906522474283
0.06693694369719994
0.010937489775649362
0.005113502501668035
0.03137634834577814
0.03149888008056111
0.05609075052714693
0.054665030051658806
0.020965734264059874
0.04262022137941153
0.02185309977309543
0.005088693945768484
0.03522475171748833
0.07305555652155038
0.03348843751487974
0.012428546544955616
0.0023859652127887357
0.013732669386327391
0.02796986838395252
0.004429473263570668
0.006455615951442695
0.028339722111471583
0.016008911350418435
0.031256832055425836
0.013237014380561662
0.009153773120582099
0.004372337075534321
0.06868369388941369
0.030973865472190117
0.004195566114689212
0.004274641130691585
0.06234869216208308
0.04150238854457963
0.048394985357570336
0.02218499191025621
0.011754066093825302
0.028903656780827677
0.03631083918361185
0.02404277044846808
0.01755783423754847
0.010112653962499576
0.030045539805646625
0.030806688909392647
0.0012521770951228832
0.007207210292595442
0.017958466944528233
0.004756703347668447
0.005077462135179424
0.015693532736022787
0.012892826321016623
0.02864389291877163
0.006366640568515829
0.008062355342606485
0.02429340716577274
0.011817883601858342
0.04009365301376066
0.03774779957299919
0.01802872678573232
0.060545113320357995
0.08319292603986544
0.060545113320357995
0.01802872678573232
0.03774779957299919
0.04009365301376066
0.011817883601858342
0.02429340716577274
0.008062355342606485
0.006366640568515829
0.02864389291877163
0.012892826321016623
0.015693532736022787
0.005077462135179424
0.004756703347668447
0.017958466944528233
0.007207210292595442
0.0012521770951228832
0.030806688909392647
0.030045539805646625
0.010112653962499576
0.01755783423754847
0.02404277044846808
0.03631083918361185
0.028903656780827677
0.011754066093825302
0.02218499191025621
0.048394985357570336
0.04150238854457963
0.06234869216208308
0.004274641130691585
0.004195566114689212
0.030973865472190117
0.06868369388941369
0.004372337075534321
0.009153773120582099
0.013237014380561662
0.031256832055425836
0.016008911350418435
0.028339722111471583
0.006455615951442695
0.004429473263570668
0.02796986838395252
0.013732669386327391
0.0023859652127887357
0.012428546544955616
0.03348843751487974
0.07305555652155038
0.03522475171748833
0.005088693945768484
0.02185309977309543
0.04262022137941153
0.020965734264059874
0.054665030051658806
0.05609075052714693
0.03149888008056111
0.03137634834577814
0.005113502501668035
0.010937489775649362
0.06693694369719994
0.02897906522474283
0.010879006838282733
7.344569439781647E-4
0.04267595552290949
0.045389588196075845
0.048082232600349266
0.02011196435633247
0.034391756928988736
0.009321018069653915
0.006037890364019425
0.015982879010099565
0.05668902605347283
0.03181888084058105
0.02160478405852824
0.04332497511474616
0.025430082051327057
0.010059012798800454
0.002665233407658088
0.015656425116257953
0.0140957468306197
0.024608861327732847
0.07000750184231039
0.005277687177996634
0.011297998635291955
0.03443053132845442
0.002125782924303862
0.010796189280381919
0.009028725826727257
0.01435487644322975
0.031206896377725675
0.055040871406985714
0.022888249326491198
0.14136581981022303
0.012037460938224548
0.03151011153749611
0.035668245902705495
0.04053812638028342
0.05220971857704595
0.025656296954952394
0.027527032249361698
0.03378743762404422
0.023714924670684454
0.037953317787237734
0.02603137803640282
0.05196307306010274
0.06257594116350966
0.011956315351051057
0.01457037075015272
0.04342897883308344
0.0565189157686389
0.029358195376397955
0.05442494806631041
0.0016294974882623864
0.001971443794424
0.014747715177899702
0.01985718994073133
0.04847048562705198
0.009358248327876975
0.08452779784047518
0.08650276645559303
0.04260624178620947
0.0185579373873351
0.034624937923409045
0.004233545394091875
1.742852286800078E-4
0.015339806979199462
0.07310556196649326
0.0062356816260383564
0.0810981076471894
0.018873778250995465
0.02537519006585729
0.015544453850820398
0.0036016327051140383
0.03595307558980236
1.7262599743688816E-4
0.023911514515610563
0.07634738435283325
0.026058531912550822
0.06122133273590083
0.05946583044181324
0.026683888396423917
0.026219081251724313
0.010912415199395039
0.0023511553382008694
0.03921436676508508
0.013412004877486882
0.04814938259677793
0.004058970855356135
0.009425243361226233
0.01864070507047971
0.004698918955778659
0.0491864961106164
0.014194540381196155
0.03677839440976973
0.04541478154980766
0.031197347264949542
0.0028979464983212105
0.04873545618117912
0.042524348019199736
0.04486778690747819
0.021925268837275594
0.015112497153362985
0.012419415589535849
0.04019914937430403
0.054420268660195954
0.018102016394389256
0.030587504025107827
0.05136622852783587
0.026180472311924545
0.02232235127120569
0.003386119739600695
0.03268449080377508
0.11444072412132804
0.08196526342119838
0.0035491617621347844
0.04141813184920031
0.0028677985548916807
0.036131853830422826
0.007631088086374727
1.023837532842453E-4
0.04044322889978037
0.07830678110586402
0.0016163780412249355
0.0060383472943741695
0.004502190904271193
0.0509523864688973
0.01802952597423286
0.009292075472137189
0.005119265395857861
0.0536375063264579
0.029099641060839676
0.006055409133396318
0.004130740459250951
0.02322238578671237
0.012444033019553047
0.03026793421945776
0.047497514209981974
0.0066390557727362635
0.009748748981432931
0.017901073962582028
0.12873469623534928
0.014457124419415393
0.03895051195517745
0.02809653374140194
0.055697012066935864
0.03809222392800402
0.038189426030317664
5.025710875688169E-5
0.0030470536347067916
0.04237468473817619
0.05194065152741949
0.012340400813555382
0.019840410550423095
0.035985666961215614
0.010785700055508054
0.007555537471926593
0.014235134153196723
0.009189201160940198
0.036873781174764746
0.06657449912842152
0.05514889335642974
0.005474615950187185
0.056080034097492244
0.009540366091039382
0.024473517595845543
0.04043642364642703
0.03654660462024707
0.020974196566949353
0.02096389107322976
0.04911575098379859
0.017396466512487094
0.03602082339205454
0.02079823150996636
0.007954065870046446
0.010454159398546646
0.018923946022531404
0.04694101368925778
0.01375367949694505
0.009076081839467919
0.04777162872729159
9.28378860865041E-5
0.028721990721262018
0.014169257143497434
0.015902552599241476
0.056987347854102005
0.041251341343832966
0.15584060776616346
6.913688981238566E-4
7.532087006633608E-4
0.013593232812291006
0.04956054340460616
0.02200175532607585
0.040891848342385344
0.0029701410049914278
0.01068756565566717
0.02164605647502797
0.009106818160853033
0.007761939511444368
0.026288243464522982
0.014143438494645805
0.010688132648655065
0.010851410966269216
0.026174914061606047
0.0037298197253193216
0.05794144018607621
0.010169032768118617
0.008452751521028427
0.006084252511679249
0.004097050643871704
0.028683496269712273
0.016793613007381844
0.03894742127081823
0.07189987325585945
0.0934358008096886
0.07986285475808995
0.01267780200670519
0.04334010429263325
0.022055016153045687
0.05358071659615696
0.033813785368674486
0.03874156047712727
0.020885234316445858
0.08172821075005351
0.05545722286676572
0.04419198963836176
0.0305901033103991
0.0319387728451209
0.036525975632982495
0.04387490608172642
0.0104423534282318
0.034871333298861745
0.059147115358084985
8.268588370476389E-4
0.00752451129741571
0.03999799964854705
0.004467042271838346
0.01205887993048188
0.05413322958579266
0.045826106639791794
0.052865072011493805
0.060624549080530034
0.022803841587088394
0.04696315080883411
0.001213256201712685
6.419203514167324E-4
0.025719958325306467
0.028407735765690934
0.014641971181534937
0.04972925066412875
0.114390273304815
0.07147940489785698
0.03192935148450903
0.010262053227142338
5.061924841537768E-4
0.003130719887911175
0.00320658829106504
0.019692321857096903
0.04800345559630001
0.09529857393623717
0.034497245150005164
0.005964410052610746
0.01515442736618906
0.04417022300639478
0.02050576591638538
0.0206814969717814
0.033717389838084276
0.029901855477953775
0.1247331437919348
0.003699780739648416
0.019449033153495787
0.045695853733162296
0.03842734321825988
0.02912517529390685
0.03824727083186126
0.020114893058932187
0.109066056346712
0.018145988054592707
0.016766769545789394
0.07401965007318598
0.014698832183415856
0.01972721953949071
0.02216712966173692
0.026472674848325554
0.030419519471000522
0.02353889244829955
0.01100877721322298
0.05097728622412711
0.022426932596692848
0.035526460014229856
0.010331156472224485
0.0022132386308455227
0.021936125012731445
0.015102084721698824
0.020945850282447467
0.11765900808564282
0.09909055283038307
0.023799965891448022
0.014821446731147726
0.04010213881096049
0.009360954542027067
0.025576706734248403
0.03134710568769681
0.02022235892256044
0.09086390441124634
0.002588527884684908
0.032276799381710276
0.014595480661183425
0.034072694055806554
0.03051368733069658
0.0037902088903348425
0.012116453351166612
0.0374403962267904
0.03348234093844714
0.08859381818248363
0.04236480725818139
0.03893540654048435
0.0577538077742103
0.004122274172998067
0.010749052445200686
0.07803067740587216
0.016516350604170303
0.01035825469487175
0.11802933881864235
0.10516979997502388
0.18617815642294128
0.18012079906721185
0.14044581417605614
0.15098561402031868
0.07575760362144719
0.40785307700403634
0.5220533646462934
0.936781027352518
0.46766831517814683
0.19273705172114952
0.12097151907449516
0.053735326124024915
0.10457339526172021
0.0391893645212655
0.10043275054132376
0.041414423499703305
0.11858988827365652
0.02244683310009666
0.05934951184378865
0.05635017318471992
0.019392063628117462
0.04430127011845509
0.040014355159581086
0.01253884599366162
0.18807898094200595
0.19338654502004274
0.022358429171886404
0.013127619307722087
0.0861222927182986
0.010219820404997597
0.08892743776488152
0.15427868434959682
0.17522163947631803
0.41236804819055534
1.0
0.1991734406331865
0.12097197144424066
0.15587206469004522
0.09063200622408463
0.10127650313708733
0.08929021663302772
0.057926541221820595
0.0800767163210169
0.06552625990545732
0.007243038652487158
0.03527652035130094
0.02027327700426264
0.0499913242811301
0.05886913719341282
0.0013858088348055032
0.11261472171439058
0.10367143859654036
0.20163106924766863
0.045218860775052216
0.006553934756340495
0.003139405571594752
0.010724331859686244
0.008794999980693418
0.08197923764519857
0.010668345256802323
0.12802349669990581
0.14185152219488495
0.06867520540932384
0.04147114544501308
0.011784430713280997
0.03296451666412018
0.0010880283058189756
0.01424323639441632
0.048534725458639835
0.048670299076313886
0.08616869796053632
0.009613055137121873
0.025700983853504618
0.06695581234398273
0.07704797769017842
0.11078698387187705
0.09006897757390159
0.06307490575425895
0.00458050252463245
