0.29723326651404447
0.16747675249332417
0.03296732306534636
0.1682618873351755
0.06196464223158409
0.1791191906030309
0.10399217603862108
0.11027689123554939
0.06903071226219534
0.4455570825612673
0.24425311517061282
0.15468703850590618
0.20616212603729464
0.039677167730195875
0.15722105771809475
0.05455394796802397
0.159072214366416
0.04389986382468894
1.0
0.07555317651292494
0.1846340216773859
0.20774226246479136
0.05118943475821129
0.23538896316826347
0.1501782307148148
0.12548603576435072
0.06366691001790534
0.1833458033162584
0.13001978675611764
0.11545150868203716
0.04331216501258835
0.03447017847750384
0.05572564387673799
0.18679892636751774
0.19573052473265098
0.009959117479776328
0.06634763986535598
0.037181569544760866
0.006458087740284009
0.10173241591011604
0.12040266419320739
0.14556649614970157
0.04972715527660589
0.05485017393350607
0.08750628078346304
0.3215330854441
0.05329517434872751
0.12152601660058814
0.17783467910527692
0.01991848808874124
0.11609591116979792
0.05452619712779811
0.0023024733294893843
0.19325663967295104
0.1791884557922181
0.34511418925411264
0.015984168381222384
0.005312310100565643
0.1907844293223164
0.1590762036320179
0.040207781051000924
0.0495163692882512
0.10032083435278753
0.1269269854576507
0.04808906486504792
0.03404845313924645
0.10695498666470334
0.16045858800448495
0.1783617262147442
0.14973746855426573
0.0703393157591629
0.04976051777065943
0.30204976457738714
0.06683950948073299
0.06128170357543357
0.014689828490828135
0.053693838315981623
0.05558304032978356
0.11614361773325843
0.02104051326635563
0.014685894928885153
0.05512656231215569
0.48548627037555697
0.05032364884642528
0.0034503812234819476
0.035253927348395886
0.12454259851711846
0.006100417527113741
0.24815230044811667
0.010235737976779893
0.19653938287726305
0.8083623981229339
0.0670413936189411
0.08588034263946691
0.08126613516408308
0.027555757261925478
0.04561884890400161
0.0030094076900056554
0.11578586721782307
0.07398201242445122
0.13327274926080201
0.16281309316679596
0.020629501818491776
0.07289368088066317
0.1538067650786357
0.04958845179309327
0.08001515470484305
0.0970477139411443
0.039561804740275826
0.14220299602182765
0.020850729290666045
0.013615100914330394
0.08976851580911158
0.11878723717690381
0.026921241701189192
0.10033365911260497
0.13787487074266758
0.044066419419705384
0.306355040844699
0.1024729736939509
0.11417163761871167
0.049586205409523694
0.03946995383658111
0.06359516793958539
0.127090143680176
0.12229971858326769
0.0829645625151462
0.14676577008146427
0.1368623425817284
0.06578091342158339
0.010983934639581567
0.03435375449228396
0.040310726218548545
0.04115570681757411
0.020814593764494124
0.008593564389354987
0.2202113988890248
0.09608193916390843
0.016455203222571473
0.0961980141992804
0.05869156462442704
0.03222007297529699
0.05663604080403372
0.02214173599116977
0.04270437697099633
0.00927222581144054
0.20960106917318794
0.03222962089096161
0.08100571772708237
0.19407543206409159
0.0047951858914138095
0.06356089187526524
0.044722885022338774
0.32618807329695193
0.3632851035171655
0.31790622131296076
0.08552733098766709
0.02652856556755036
0.10063491956668348
0.22277490730426194
0.12869389948713814
0.17605319203961942
0.013868250773152378
0.13957885918538795
0.07249038301770708
0.08198955306901977
0.1290290030064414
0.03504670389528847
0.005062587387569356
0.00902356791081587
0.13120024493619953
0.0444991825911609
0.05099574020172494
0.2005922597332746
0.05437712944552756
0.054225640287343384
0.1530086331252435
0.10216686883369755
0.018731428922694828
0.009477328849290928
0.22745109960808538
0.09972616415301179
0.16552685280230392
0.014934732385038457
0.3636057061573955
0.08206696804741258
0.08443003972474002
0.24980878022742645
0.13145847264999508
0.001679883586939345
0.033595245677575776
0.4368160315528626
0.04806229948504935
0.12799304198764513
0.05860678942294138
0.02682599550925479
0.12690956790643085
0.15343426499090454
0.13910898461933124
0.023507247331504496
0.09557782978858197
0.0631596309071195
0.1321784200958032
0.10839545903023091
0.03384998741751343
0.06763070571431648
0.017727350720884598
0.1131627257903493
0.16250506777401885
0.04160302993639929
0.055781876472861605
0.08533329177217992
0.031002544802319624
0.17220352270165012
0.03259903830940425
0.034685774234777915
0.02010310037474623
0.042941429060630046
0.015855737826443474
0.15817540566555605
0.10108754745306901
0.1986617193749185
0.1078678535390744
0.017249999883686445
0.018868048934726368
0.053504421003802406
0.14557951430463129
0.085214782078514
0.14281715368373543
0.05039920064086973
0.0401440287615765
0.08256479625390124
0.09935044658264292
0.10004929458457479
0.2146964498389997
0.08013934902794029
0.03221994427349019
0.061334374412732026
0.07020276537775084
0.00626817966277864
0.05251953144099623
0.022264901061157683
0.12321555817315026
0.010165113748592858
0.05417973453204874
0.3031034058052491
0.10179900381098872
0.12326855099518953
0.10231352345929855
0.009330994421764785
0.07240879212560428
0.009414764600903696
0.07322149777509122
0.011891364136999845
0.02507996897712322
0.006792518324088479
0.0668798161943282
0.13345870972356805
0.03456017103597993
0.1648804892276032
0.1848401620111666
0.14887476522216264
0.14833744611326205
0.13615869891706905
0.21985873808191692
0.13086879417487338
0.09937653814302942
0.003524213777051351
0.05667343803547641
0.006290743326973377
0.0015981239816230525
0.03003245713196693
0.015800642323204463
0.12891982331342408
0.1641124150731891
0.09106520997010827
0.015098570857461344
0.11019100290859767
0.03307515036609463
0.07906221188973578
0.021120089430833718
0.0826752369665514
0.16843337688607818
0.0767037623326416
0.04483277884205369
0.03469360758621472
0.10067803561607379
0.028515318202154565
0.0837834970299746
5.591381194432047E-4
0.06892912480710012
0.23333551863592322
0.007412408323084898
0.026056599403769233
0.0883277331886965
0.0055286755905873605
0.09400682364665622
0.0023902859761969673
0.040439178138316684
0.04520598556754186
0.03953393626805831
0.0928273971762753
0.10238868626900302
0.030471377085692
0.0828618049666494
0.09905732782581034
0.193693490318228
0.12254944330687638
0.04953887775234075
0.04223755275800541
0.09405817016619923
0.08124179277397343
0.06368120376570462
0.050627383973633526
0.05755021980125765
0.002968938005858638
0.007809884785801315
0.03815829695646211
0.023742682850709042
0.045339746770996794
0.030761558668816753
0.0978656741039351
0.041815679659721064
0.054679441133663347
0.033476993412093946
0.020381103726967432
0.0752606141800484
0.27534528250224577
6.050233647299705E-4
0.06250571048166097
0.06517991645618831
0.09364083362308481
0.04139324923427041
0.02096769875949064
0.04168111891777439
0.021836845514309092
0.11852113889911688
0.07378517088119137
0.04150101779934198
0.06554593786477704
0.008564475716790459
0.10759109788286961
0.014555460880983513
0.058295126401910584
0.14350120865020208
0.06274904550840113
0.026622643015420253
0.009153793642771866
0.08478254980523026
0.08753161045675767
0.006804713671933636
0.10275541702196918
0.08225674202016188
0.07880364736599724
0.10086263730216617
0.027033070382216414
0.004036800031766815
0.12994850155840676
0.13989666624596486
0.0952758896401594
0.021434844895842336
0.016076199753622906
0.10251162415037002
0.03441490572734674
0.16080367441194704
0.03213436972714031
0.08823725834120293
0.0635917195335653
0.005306774267468781
0.05194118981843819
0.09266747470860583
0.02843240028911358
0.1393633963276077
0.019937137772519185
0.10565093263300779
0.09645541350571535
0.02564167818413858
0.004803289640033045
0.1195516595223676
0.036304482611774276
0.09553091358551188
0.15650081251974177
0.055455686424791616
0.011850976351356476
0.022313519182952782
0.026981755924117678
0.07349346127524967
0.052469181768041565
0.04216201495854447
0.01129102403724584
0.046701041364061155
0.12377217660679177
0.05030225776847453
0.09901553232799641
0.17704112190005344
0.024074766991644833
0.018607499145994594
0.10844453149705571
0.11495560753604489
0.01783694161323377
0.26097341784029066
0.0030432879563690343
0.1591378679525695
0.10902911661510126
0.03932650791758029
0.09174758025768316
0.0027936381827734866
0.10553867211769574
3.344695904186586E-4
0.04996026232572833
0.09313953663905544
0.0037874020643952795
0.1064983245939524
0.039656588110721425
0.03322589571365268
0.024970983508330283
0.016253379839008337
0.0633323038225818
0.04131766476021142
0.04541400591803674
0.010883510089617856
0.06350168771402756
0.04431179332303436
0.03261462608976323
0.07287137012369889
0.0039010619720555137
0.018909053668760913
0.018391934144294294
0.019382374025956398
0.046538524097355025
0.035171470314258275
0.10155988704574731
0.15846446408968076
0.13747458861919226
0.0256070114431926
0.0018616771065906748
0.079030998433652
0.08776249349321269
0.10393221382547388
0.09216320377642807
0.06219907436218831
0.007905129795643619
0.11590250202175
0.028001600305438978
0.11844194479759607
0.05554010118763779
0.1343680620326682
0.0661086965787342
0.09121715663774187
0.02630958859841479
0.033905942156622786
0.138318505709032
0.039611154833190394
0.08281946347477749
0.011740119913909036
0.09582083050223729
0.01288742290179887
0.09588321933212154
0.036084032464080006
0.00973748248717139
0.07623396395619048
0.030109951961867196
0.06605183700312099
0.030109951961867196
0.07623396395619048
0.00973748248717139
0.036084032464080006
0.09588321933212154
0.01288742290179887
0.09582083050223729
0.011740119913909036
0.08281946347477749
0.039611154833190394
0.138318505709032
0.033905942156622786
0.02630958859841479
0.09121715663774187
0.0661086965787342
0.1343680620326682
0.05554010118763779
0.11844194479759607
0.028001600305438978
0.11590250202175
0.007905129795643619
0.06219907436218831
0.09216320377642807
0.10393221382547388
0.08776249349321269
0.079030998433652
0.0018616771065906748
0.0256070114431926
0.13747458861919226
0.15846446408968076
0.10155988704574731
0.035171470314258275
0.046538524097355025
0.019382374025956398
0.018391934144294294
0.018909053668760913
0.0039010619720555137
0.07287137012369889
0.03261462608976323
0.04431179332303436
0.06350168771402756
0.010883510089617856
0.04541400591803674
0.04131766476021142
0.0633323038225818
0.016253379839008337
0.024970983508330283
0.03322589571365268
0.039656588110721425
0.1064983245939524
0.0037874020643952795
0.09313953663905544
0.04996026232572833
3.344695904186586E-4
0.10553867211769574
0.0027936381827734866
0.09174758025768316
0.03932650791758029
0.10902911661510126
0.1591378679525695
0.0030432879563690343
0.26097341784029066
0.01783694161323377
0.11495560753604489
0.10844453149705571
0.018607499145994594
0.024074766991644833
0.17704112190005344
0.09901553232799641
0.05030225776847453
0.12377217660679177
0.046701041364061155
0.01129102403724584
0.04216201495854447
0.052469181768041565
0.07349346127524967
0.026981755924117678
0.022313519182952782
0.011850976351356476
0.055455686424791616
0.15650081251974177
0.09553091358551188
0.036304482611774276
0.1195516595223676
0.004803289640033045
0.02564167818413858
0.09645541350571535
0.10565093263300779
0.019937137772519185
0.1393633963276077
0.02843240028911358
0.09266747470860583
0.05194118981843819
0.005306774267468781
0.0635917195335653
0.08823725834120293
0.03213436972714031
0.16080367441194704
0.03441490572734674
0.10251162415037002
0.016076199753622906
0.021434844895842336
0.0952758896401594
0.13989666624596486
0.12994850155840676
0.004036800031766815
0.027033070382216414
0.10086263730216617
0.07880364736599724
0.08225674202016188
0.10275541702196918
0.006804713671933636
0.08753161045675767
0.08478254980523026
0.009153793642771866
0.026622643015420253
0.06274904550840113
0.14350120865020208
0.058295126401910584
0.014555460880983513
0.10759109788286961
0.008564475716790459
0.06554593786477704
0.04150101779934198
0.07378517088119137
0.11852113889911688
0.021836845514309092
0.04168111891777439
0.02096769875949064
0.04139324923427041
0.09364083362308481
0.06517991645618831
0.06250571048166097
6.050233647299705E-4
0.27534528250224577
0.0752606141800484
0.020381103726967432
0.033476993412093946
0.054679441133663347
0.041815679659721064
0.0978656741039351
0.030761558668816753
0.045339746770996794
0.023742682850709042
0.03815829695646211
0.007809884785801315
0.002968938005858638
0.05755021980125765
0.050627383973633526
0.06368120376570462
0.08124179277397343
0.09405817016619923
0.04223755275800541
0.04953887775234075
0.12254944330687638
0.193693490318228
0.09905732782581034
0.0828618049666494
0.030471377085692
0.10238868626900302
0.0928273971762753
0.03953393626805831
0.04520598556754186
0.040439178138316684
0.0023902859761969673
0.09400682364665622
0.0055286755905873605
0.0883277331886965
0.026056599403769233
0.007412408323084898
0.23333551863592322
0.06892912480710012
5.591381194432047E-4
0.0837834970299746
0.028515318202154565
0.10067803561607379
0.03469360758621472
0.04483277884205369
0.0767037623326416
0.16843337688607818
0.0826752369665514
0.021120089430833718
0.07906221188973578
0.03307515036609463
0.11019100290859767
0.015098570857461344
0.09106520997010827
0.1641124150731891
0.12891982331342408
0.015800642323204463
0.03003245713196693
0.0015981239816230525
0.006290743326973377
0.05667343803547641
0.003524213777051351
0.09937653814302942
0.13086879417487338
0.21985873808191692
0.13615869891706905
0.14833744611326205
0.14887476522216264
0.1848401620111666
0.1648804892276032
0.03456017103597993
0.13345870972356805
0.0668798161943282
0.006792518324088479
0.02507996897712322
0.011891364136999845
0.07322149777509122
0.009414764600903696
0.07240879212560428
0.009330994421764785
0.10231352345929855
0.12326855099518953
0.10179900381098872
0.3031034058052491
0.05417973453204874
0.010165113748592858
0.12321555817315026
0.022264901061157683
0.05251953144099623
0.00626817966277864
0.07020276537775084
0.061334374412732026
0.03221994427349019
0.08013934902794029
0.2146964498389997
0.10004929458457479
0.09935044658264292
0.08256479625390124
0.0401440287615765
0.05039920064086973
0.14281715368373543
0.085214782078514
0.14557951430463129
0.053504421003802406
0.018868048934726368
0.017249999883686445
0.1078678535390744
0.1986617193749185
0.10108754745306901
0.15817540566555605
0.015855737826443474
0.042941429060630046
0.02010310037474623
0.034685774234777915
0.03259903830940425
0.17220352270165012
0.031002544802319624
0.08533329177217992
0.055781876472861605
0.04160302993639929
0.16250506777401885
0.1131627257903493
0.017727350720884598
0.06763070571431648
0.03384998741751343
0.10839545903023091
0.1321784200958032
0.0631596309071195
0.09557782978858197
0.023507247331504496
0.13910898461933124
0.15343426499090454
0.12690956790643085
0.02682599550925479
0.05860678942294138
0.12799304198764513
0.04806229948504935
0.4368160315528626
0.033595245677575776
0.001679883586939345
0.13145847264999508
0.24980878022742645
0.08443003972474002
0.08206696804741258
0.3636057061573955
0.014934732385038457
0.16552685280230392
0.09972616415301179
0.22745109960808538
0.009477328849290928
0.018731428922694828
0.10216686883369755
0.1530086331252435
0.054225640287343384
0.05437712944552756
0.2005922597332746
0.05099574020172494
0.0444991825911609
0.13120024493619953
0.00902356791081587
0.005062587387569356
0.03504670389528847
0.1290290030064414
0.08198955306901977
0.07249038301770708
0.13957885918538795
0.013868250773152378
0.17605319203961942
0.12869389948713814
0.22277490730426194
0.10063491956668348
0.02652856556755036
0.08552733098766709
0.31790622131296076
0.3632851035171655
0.32618807329695193
0.044722885022338774
0.06356089187526524
0.0047951858914138095
0.19407543206409159
0.08100571772708237
0.03222962089096161
0.20960106917318794
0.00927222581144054
0.04270437697099633
0.02214173599116977
0.05663604080403372
0.03222007297529699
0.05869156462442704
0.0961980141992804
0.016455203222571473
0.09608193916390843
0.2202113988890248
0.008593564389354987
0.020814593764494124
0.04115570681757411
0.040310726218548545
0.03435375449228396
0.010983934639581567
0.06578091342158339
0.1368623425817284
0.14676577008146427
0.0829645625151462
0.12229971858326769
0.127090143680176
0.06359516793958539
0.03946995383658111
0.049586205409523694
0.11417163761871167
0.1024729736939509
0.306355040844699
0.044066419419705384
0.13787487074266758
0.10033365911260497
0.026921241701189192
0.11878723717690381
0.08976851580911158
0.013615100914330394
0.020850729290666045
0.14220299602182765
0.039561804740275826
0.0970477139411443
0.08001515470484305
0.04958845179309327
0.1538067650786357
0.07289368088066317
0.020629501818491776
0.16281309316679596
0.13327274926080201
0.07398201242445122
0.11578586721782307
0.0030094076900056554
0.04561884890400161
0.027555757261925478
0.08126613516408308
0.08588034263946691
0.0670413936189411
0.8083623981229339
0.19653938287726305
0.010235737976779893
0.24815230044811667
0.006100417527113741
0.12454259851711846
0.035253927348395886
0.0034503812234819476
0.05032364884642528
0.48548627037555697
0.05512656231215569
0.014685894928885153
0.02104051326635563
0.11614361773325843
0.05558304032978356
0.053693838315981623
0.014689828490828135
0.06128170357543357
0.06683950948073299
0.30204976457738714
0.04976051777065943
0.0703393157591629
0.14973746855426573
0.1783617262147442
0.16045858800448495
0.10695498666470334
0.03404845313924645
0.04808906486504792
0.1269269854576507
0.10032083435278753
0.0495163692882512
0.040207781051000924
0.1590762036320179
0.1907844293223164
0.005312310100565643
0.015984168381222384
0.34511418925411264
0.1791884557922181
0.19325663967295104
0.0023024733294893843
0.05452619712779811
0.11609591116979792
0.01991848808874124
0.17783467910527692
0.12152601660058814
0.05329517434872751
0.3215330854441
0.08750628078346304
0.05485017393350607
0.04972715527660589
0.14556649614970157
0.12040266419320739
0.10173241591011604
0.006458087740284009
0.037181569544760866
0.06634763986535598
0.009959117479776328
0.19573052473265098
0.18679892636751774
0.05572564387673799
0.03447017847750384
0.04331216501258835
0.11545150868203716
0.13001978675611764
0.1833458033162584
0.06366691001790534
0.12548603576435072
0.1501782307148148
0.23538896316826347
0.05118943475821129
0.20774226246479136
0.1846340216773859
0.07555317651292494
1.0
0.04389986382468894
0.159072214366416
0.05455394796802397
0.15722105771809475
0.039677167730195875
0.20616212603729464
0.15468703850590618
0.24425311517061282
0.4455570825612673
0.06903071226219534
0.11027689123554939
0.10399217603862108
0.1791191906030309
0.06196464223158409
0.1682618873351755
0.03296732306534636
0.16747675249332417
