0.0816004793024488
0.019122366058659808
0.0037751955297554585
0.03513523706524978
0.017412221571320875
0.12380486907815401
0.06925181995861732
0.05344371106463307
0.03430275015377214
0.27768507840216244
0.03787562230698644
0.04972643865227591
0.040475204284405784
0.18388846565374165
0.14688721410251385
0.0726284323819768
0.051867978559106596
0.02116187144423931
0.2096803335689893
0.014051758893635068
0.04348871519185289
0.09079512621353486
0.06491114408429358
0.03375817204221478
0.03807196657560861
0.0264020705710029
0.048486672157583385
0.06922958777820251
0.08119638841897696
0.015025637381108998
0.0481041492254481
0.06624916027179026
0.0035288472327844097
0.05986767643439159
0.010609652526561974
0.005284141534852097
0.02625250911402257
0.04697868853330183
0.01593847809255186
0.04358912328129574
0.04078384953819731
0.08298713040249972
0.1304121102883189
0.13088561540782076
0.15642279417934554
0.6114514928182264
0.5491018969043906
0.2866644353308162
0.08781912809689248
0.13930042056208122
0.048979957792903824
0.07471494526992244
0.11388197889114977
0.09068085520214578
0.19750863941624958
0.3306598805601824
0.004554869865227917
0.0019224549672416228
0.01626124997280726
0.06526633325951452
0.0056622627520403765
0.013995690831526011
0.024574643487999922
0.05192268233519817
0.09972032617282954
0.04689357756756718
0.03603564297200515
0.04826775483904409
0.043949094741714545
0.006433441782695202
0.10183151348011865
0.020124330866816302
0.14006744493166445
1.0
0.06659952674930766
0.03684035730096907
0.03531149934284289
0.031159467007792385
0.06942289618861087
0.15356007795520038
0.02555667702306373
0.028942938832963522
0.2803586265274797
0.09847208633551809
0.019323206973553997
0.0630719331532503
0.03328399792983025
0.03480580906811839
0.004207044367231903
3.065084704573646E-4
0.01817323998200312
0.26089741662655924
0.008194023815002584
0.018727285490498662
0.08631428443659094
0.06225678165447849
0.02416987736102501
0.03054715137804026
0.02164239865625533
0.061278105851700064
0.016250431289010107
0.020379714420380016
0.09718786892678885
0.02414819911779933
0.0017172514173606638
0.047955905919291456
0.08422915366095962
0.020923363862085643
0.0473926747490141
0.0012739767962888383
0.03659166830346546
0.015310636061648385
0.02624355636837802
0.017914832269668984
0.033632531492852356
0.01960282943409603
0.05102705143190863
0.018284966734527678
0.07515262374329759
0.010576600470197112
0.004470929790587212
0.10823584556904074
0.02031116090828114
0.022624590057943903
0.018524511028256037
0.04472260276201018
0.04979234723087905
0.06487591376644547
0.11363717157061924
0.005280091357773969
0.019037789778646827
0.030214433324895887
0.0015502810800979577
0.006133557805425359
0.0743800938638804
0.046793214180373896
0.0028589851098989433
0.11861343996941838
0.00849445815489152
0.015329128491869102
0.009487940751191188
0.017504578181429427
0.057656550919647505
0.030775191243824673
0.04041796717662273
0.06561529552290328
0.003659080982203079
0.10122585860754901
0.0214050165294461
0.01108624132780793
0.010534318378247611
0.07803355756565523
0.020168782547873493
0.021520325940651976
0.009415439919513323
0.12241029808111176
0.08056768125145362
0.06553188975141723
0.028744014047101637
0.018035794152261978
0.06432747659531775
0.023092812234172408
0.10137485369346358
0.010012315842058563
0.09063365605529813
0.029738547378330895
0.02182847697614859
0.017148547988976384
0.05284168561819094
0.0025000852940455956
0.04132916346924996
0.023761569318469674
0.04735412668418722
0.006193244700168961
0.02467565405255265
0.07847118081862892
0.004340392093234329
0.04135779671400401
0.05323377738599522
0.05654342536340146
0.0064794069303804646
0.005940503686121699
0.34968338204891447
0.02870269474222402
0.02224233366157776
0.034380541767266154
0.07236449046984611
0.07448929801110409
0.06347221391043165
0.03425091096814059
0.0555945640610024
0.15981212727348562
0.0070354370881107456
9.661112885784235E-5
0.01370553677599034
0.05634218312641362
0.031063199794447292
0.03117341122092258
0.021378153087664258
0.05748332079961814
2.739095443361632E-4
0.058814295574284164
9.497805715567853E-4
0.04810158617247766
0.09176838775123829
0.03888656649411794
0.0025310465831780266
0.05063343644425844
0.04372563152191219
0.019471497994009747
0.032195410612913866
0.02463768641467791
0.032922065061109486
0.018136211151235714
0.05371480762920333
7.046728704020093E-4
0.07119996749810396
0.04112700112468466
0.08072736684849467
0.08822077798973414
0.030712655855233896
0.014194370400044619
0.005045063091766378
0.0839965206343736
0.03189601604164831
0.016024235422825824
0.014175994602790775
0.042815046432489304
0.006936086140687601
0.05179064367677372
0.03358097573778435
0.05649263951707994
0.05559743622477609
0.022150537239266375
0.002637141987303119
0.014009455554091077
0.0017875405574410582
0.11192518615712611
0.04270262551314957
0.008176367502698739
0.02886733359781951
0.003908720679671538
0.022358692299390068
0.010292441136197436
4.261674549754116E-4
0.005280744344190283
0.03178949154423973
0.012222235497082476
0.01047453992036332
0.059244872326128434
0.004724436152090126
0.08247801018352907
0.006895842600401798
0.060205216844185526
0.007878821644941794
0.035364562521257074
0.027348315717093882
0.04974516319157404
0.017160543253254393
0.02602391097644212
0.03688407369013098
0.03305474961904065
0.027792643314092026
0.007147470856381301
0.009070469925675102
0.015449578577500038
0.004112121954049635
0.043015700616957656
0.06866390581273826
0.04446848851378442
0.010608062129232116
0.007471243888846124
0.027861252304549167
0.07319291632377128
0.04259630198702117
0.041008450539620114
0.01144571622006625
0.03537276965504841
0.021302974702752584
0.0456411014954495
0.03134939891421814
0.060118588503365496
1.6495988757011818E-4
0.047228831224721206
0.020710215938258343
0.0012933792841334545
0.0152697962237758
0.0169374096881144
0.052667975466546425
0.051199855069387304
0.001543893232098335
0.0710603788987458
0.0218500089495423
0.02221055156263638
0.04509619327402123
0.005070066551748849
0.006026486303890373
0.008230264480585526
0.008335392987601345
0.01836118035192259
0.058745019113259904
0.01197722815930761
0.026541117824918116
0.03797530007728996
0.03907157633100992
0.05587565642640504
0.027137786432443797
0.030424144407631956
0.0408002396512244
0.013697260900741276
0.01839151786075145
0.036294894516456795
0.011792966013117018
0.0076943704141236476
0.007997982630299817
0.012827829681331506
0.045095371787853215
0.015281122285336107
0.02830600624613455
0.03225445864381403
0.020895484506235816
0.019236650617054603
0.042390543196072314
0.0400160627372756
0.009494289174112071
0.008450757831613661
0.013106937134711526
0.03360573304653361
0.0025383845718958773
0.01771448759444169
0.0041733899546857476
0.03651057094537385
0.06177467900421732
0.05197963108016405
0.010268431682913994
0.011584048175072815
0.0133218433391492
0.03579431985267528
0.010813002980624837
0.0011498340129474755
0.005572306647718962
0.05465427260815751
0.003412077858198804
0.002506990208559436
0.0346404378941649
0.008393080090578294
0.03217307277624866
0.005145691430895792
0.02918595808376528
0.016435090820167423
0.017084898837414382
0.04323682059011684
0.04610605192063959
0.03584526949769759
0.029487665403413767
0.025257046942026674
0.051127218980417964
0.05265058664186256
0.0346226659486153
0.024316936929700873
0.05976494901438212
0.028809294660146718
0.005148440467599578
0.06948823468495363
0.05746163502947867
0.024669019215781227
0.015910600556042653
0.00905791857416371
0.006208638038317274
0.023215773843149257
0.03134140210511678
0.05642025990333954
0.017331825291216466
0.10910101734103894
0.0013448824084211488
0.03168208041159141
0.06624621568828956
0.030656910570172325
0.04644334612098056
0.016762993699403452
0.02872684874867521
0.05887562718478901
0.029430198166119456
0.030724974331614533
0.04164323321214144
0.012328587168765738
0.027850604404576696
0.027647205928183604
0.005997659890864041
0.03586251530512266
0.009975679605147548
0.014903769433392819
0.02456834585940474
0.048560849998868415
0.03841279050888427
0.0353008272995424
0.017587650939791758
0.0212705874872097
0.03551682859053467
0.016792264209453678
0.03475190393679405
0.02822867284530211
0.02125742286921265
0.019345853187282245
0.004225234987518243
0.03799206702657481
0.024589585792898355
0.00985266711502896
0.020190575606076705
0.011194662576330441
0.03636068254680848
0.00492932292154743
0.02334443864923653
0.041749013495808666
0.017396873299629374
0.016769352439680602
0.010139599357791938
0.05955329050157163
0.006036801939091993
0.02539733952461417
0.027499446946138466
0.009670585726125787
0.016317962517389997
0.0016134426786239826
0.0025688114869781586
0.02160813529956144
0.008470799421176433
0.04542143248441766
0.010079214352373056
0.07018137525930161
0.031643038787268596
0.01795735300188877
0.038215664468895225
0.003311229306341794
0.008295725951247975
0.003941340124980502
0.060543563439460484
0.03372361177196659
0.020797506384433607
0.016488896426347818
0.03418773130011964
0.032600431030428055
0.004526253312243217
0.04413553951120984
0.01663466962509414
0.014956684934336734
0.02161192120996632
0.005008302205070178
1.7354788258247008E-4
0.05872492927336162
1.2916648889899033E-4
0.03497646547161396
0.03338489699011381
0.050796690058404
0.06780787370456309
0.035564765840226914
7.236568164001782E-4
0.017462998549607617
0.05042097141602571
0.008540384866888481
0.030502706421892928
0.04936853328103607
0.09415439919513323
0.04936853328103607
0.030502706421892928
0.008540384866888481
0.05042097141602571
0.017462998549607617
7.236568164001782E-4
0.035564765840226914
0.06780787370456309
0.050796690058404
0.03338489699011381
0.03497646547161396
1.2916648889899033E-4
0.05872492927336162
1.7354788258247008E-4
0.005008302205070178
0.02161192120996632
0.014956684934336734
0.01663466962509414
0.04413553951120984
0.004526253312243217
0.032600431030428055
0.03418773130011964
0.016488896426347818
0.020797506384433607
0.03372361177196659
0.060543563439460484
0.003941340124980502
0.008295725951247975
0.003311229306341794
0.038215664468895225
0.01795735300188877
0.031643038787268596
0.07018137525930161
0.010079214352373056
0.04542143248441766
0.008470799421176433
0.02160813529956144
0.0025688114869781586
0.0016134426786239826
0.016317962517389997
0.009670585726125787
0.027499446946138466
0.02539733952461417
0.006036801939091993
0.05955329050157163
0.010139599357791938
0.016769352439680602
0.017396873299629374
0.041749013495808666
0.02334443864923653
0.00492932292154743
0.03636068254680848
0.011194662576330441
0.020190575606076705
0.00985266711502896
0.024589585792898355
0.03799206702657481
0.004225234987518243
0.019345853187282245
0.02125742286921265
0.02822867284530211
0.03475190393679405
0.016792264209453678
0.03551682859053467
0.0212705874872097
0.017587650939791758
0.0353008272995424
0.03841279050888427
0.048560849998868415
0.02456834585940474
0.014903769433392819
0.009975679605147548
0.03586251530512266
0.005997659890864041
0.027647205928183604
0.027850604404576696
0.012328587168765738
0.04164323321214144
0.030724974331614533
0.029430198166119456
0.05887562718478901
0.02872684874867521
0.016762993699403452
0.04644334612098056
0.030656910570172325
0.06624621568828956
0.03168208041159141
0.0013448824084211488
0.10910101734103894
0.017331825291216466
0.05642025990333954
0.03134140210511678
0.023215773843149257
0.006208638038317274
0.00905791857416371
0.015910600556042653
0.024669019215781227
0.05746163502947867
0.06948823468495363
0.005148440467599578
0.028809294660146718
0.05976494901438212
0.024316936929700873
0.0346226659486153
0.05265058664186256
0.051127218980417964
0.025257046942026674
0.029487665403413767
0.03584526949769759
0.04610605192063959
0.04323682059011684
0.017084898837414382
0.016435090820167423
0.02918595808376528
0.005145691430895792
0.03217307277624866
0.008393080090578294
0.0346404378941649
0.002506990208559436
0.003412077858198804
0.05465427260815751
0.005572306647718962
0.0011498340129474755
0.010813002980624837
0.03579431985267528
0.0133218433391492
0.011584048175072815
0.010268431682913994
0.05197963108016405
0.06177467900421732
0.03651057094537385
0.0041733899546857476
0.01771448759444169
0.0025383845718958773
0.03360573304653361
0.013106937134711526
0.008450757831613661
0.009494289174112071
0.0400160627372756
0.042390543196072314
0.019236650617054603
0.020895484506235816
0.03225445864381403
0.02830600624613455
0.015281122285336107
0.045095371787853215
0.012827829681331506
0.007997982630299817
0.0076943704141236476
0.011792966013117018
0.036294894516456795
0.01839151786075145
0.013697260900741276
0.0408002396512244
0.030424144407631956
0.027137786432443797
0.05587565642640504
0.03907157633100992
0.03797530007728996
0.026541117824918116
0.01197722815930761
0.058745019113259904
0.01836118035192259
0.008335392987601345
0.008230264480585526
0.006026486303890373
0.005070066551748849
0.04509619327402123
0.02221055156263638
0.0218500089495423
0.0710603788987458
0.001543893232098335
0.051199855069387304
0.052667975466546425
0.0169374096881144
0.0152697962237758
0.0012933792841334545
0.020710215938258343
0.047228831224721206
1.6495988757011818E-4
0.060118588503365496
0.03134939891421814
0.0456411014954495
0.021302974702752584
0.03537276965504841
0.01144571622006625
0.041008450539620114
0.04259630198702117
0.07319291632377128
0.027861252304549167
0.007471243888846124
0.010608062129232116
0.04446848851378442
0.06866390581273826
0.043015700616957656
0.004112121954049635
0.015449578577500038
0.009070469925675102
0.007147470856381301
0.027792643314092026
0.03305474961904065
0.03688407369013098
0.02602391097644212
0.017160543253254393
0.04974516319157404
0.027348315717093882
0.035364562521257074
0.007878821644941794
0.060205216844185526
0.006895842600401798
0.08247801018352907
0.004724436152090126
0.059244872326128434
0.01047453992036332
0.012222235497082476
0.03178949154423973
0.005280744344190283
4.261674549754116E-4
0.010292441136197436
0.022358692299390068
0.003908720679671538
0.02886733359781951
0.008176367502698739
0.04270262551314957
0.11192518615712611
0.0017875405574410582
0.014009455554091077
0.002637141987303119
0.022150537239266375
0.05559743622477609
0.05649263951707994
0.03358097573778435
0.05179064367677372
0.006936086140687601
0.042815046432489304
0.014175994602790775
0.016024235422825824
0.03189601604164831
0.0839965206343736
0.005045063091766378
0.014194370400044619
0.030712655855233896
0.08822077798973414
0.08072736684849467
0.04112700112468466
0.07119996749810396
7.046728704020093E-4
0.05371480762920333
0.018136211151235714
0.032922065061109486
0.02463768641467791
0.032195410612913866
0.019471497994009747
0.04372563152191219
0.05063343644425844
0.0025310465831780266
0.03888656649411794
0.09176838775123829
0.04810158617247766
9.497805715567853E-4
0.058814295574284164
2.739095443361632E-4
0.05748332079961814
0.021378153087664258
0.03117341122092258
0.031063199794447292
0.05634218312641362
0.01370553677599034
9.661112885784235E-5
0.0070354370881107456
0.15981212727348562
0.0555945640610024
0.03425091096814059
0.06347221391043165
0.07448929801110409
0.07236449046984611
0.034380541767266154
0.02224233366157776
0.02870269474222402
0.34968338204891447
0.005940503686121699
0.0064794069303804646
0.05654342536340146
0.05323377738599522
0.04135779671400401
0.004340392093234329
0.07847118081862892
0.02467565405255265
0.006193244700168961
0.04735412668418722
0.023761569318469674
0.04132916346924996
0.0025000852940455956
0.05284168561819094
0.017148547988976384
0.02182847697614859
0.029738547378330895
0.09063365605529813
0.010012315842058563
0.10137485369346358
0.023092812234172408
0.06432747659531775
0.018035794152261978
0.028744014047101637
0.06553188975141723
0.08056768125145362
0.12241029808111176
0.009415439919513323
0.021520325940651976
0.020168782547873493
0.07803355756565523
0.010534318378247611
0.01108624132780793
0.0214050165294461
0.10122585860754901
0.003659080982203079
0.06561529552290328
0.04041796717662273
0.030775191243824673
0.057656550919647505
0.017504578181429427
0.009487940751191188
0.015329128491869102
0.00849445815489152
0.11861343996941838
0.0028589851098989433
0.046793214180373896
0.0743800938638804
0.006133557805425359
0.0015502810800979577
0.030214433324895887
0.019037789778646827
0.005280091357773969
0.11363717157061924
0.06487591376644547
0.04979234723087905
0.04472260276201018
0.018524511028256037
0.022624590057943903
0.02031116090828114
0.10823584556904074
0.004470929790587212
0.010576600470197112
0.07515262374329759
0.018284966734527678
0.05102705143190863
0.01960282943409603
0.033632531492852356
0.017914832269668984
0.02624355636837802
0.015310636061648385
0.03659166830346546
0.0012739767962888383
0.0473926747490141
0.020923363862085643
0.08422915366095962
0.047955905919291456
0.0017172514173606638
0.02414819911779933
0.09718786892678885
0.020379714420380016
0.016250431289010107
0.061278105851700064
0.02164239865625533
0.03054715137804026
0.02416987736102501
0.06225678165447849
0.08631428443659094
0.018727285490498662
0.008194023815002584
0.26089741662655924
0.01817323998200312
3.065084704573646E-4
0.004207044367231903
0.03480580906811839
0.03328399792983025
0.0630719331532503
0.019323206973553997
0.09847208633551809
0.2803586265274797
0.028942938832963522
0.02555667702306373
0.15356007795520038
0.06942289618861087
0.031159467007792385
0.03531149934284289
0.03684035730096907
0.06659952674930766
1.0
0.14006744493166445
0.020124330866816302
0.10183151348011865
0.006433441782695202
0.043949094741714545
0.04826775483904409
0.03603564297200515
0.04689357756756718
0.09972032617282954
0.05192268233519817
0.024574643487999922
0.013995690831526011
0.0056622627520403765
0.06526633325951452
0.01626124997280726
0.0019224549672416228
0.004554869865227917
0.3306598805601824
0.19750863941624958
0.09068085520214578
0.11388197889114977
0.07471494526992244
0.048979957792903824
0.13930042056208122
0.08781912809689248
0.2866644353308162
0.5491018969043906
0.6114514928182264
0.15642279417934554
0.13088561540782076
0.1304121102883189
0.08298713040249972
0.04078384953819731
0.04358912328129574
0.01593847809255186
0.04697868853330183
0.02625250911402257
0.005284141534852097
0.010609652526561974
0.05986767643439159
0.0035288472327844097
0.06624916027179026
0.0481041492254481
0.015025637381108998
0.08119638841897696
0.06922958777820251
0.048486672157583385
0.0264020705710029
0.03807196657560861
0.03375817204221478
0.06491114408429358
0.09079512621353486
0.04348871519185289
0.014051758893635068
0.2096803335689893
0.02116187144423931
0.051867978559106596
0.0726284323819768
0.14688721410251385
0.18388846565374165
0.040475204284405784
0.04972643865227591
0.03787562230698644
0.27768507840216244
0.03430275015377214
0.05344371106463307
0.06925181995861732
0.12380486907815401
0.017412221571320875
0.03513523706524978
0.0037751955297554585
0.019122366058659808
