-0.14851178717056135
0.036847889070172765
0.006492007580550709
0.01061531491978299
0.056718303347487266
0.050581407961057506
0.05222570575963072
0.02611596994467201
0.01011039957883721
0.131914042973154
0.0733745761617749
0.005549480740160352
0.13790452585732285
0.11829285215703136
0.043011530588142596
0.05535890656806399
0.05418235026471992
0.02295608331059438
0.20643180026741736
0.003545506754075089
0.002727921081645169
9.436672564319215E-4
0.007609843494887506
0.08402322456768552
0.061481972198600625
0.07081712378546841
0.09350814472076523
0.04711703906223784
0.07071931462917547
0.011969376227686856
0.01182088328278583
0.007517832408890308
0.03027327078577177
0.056777879412664274
0.009946549000594879
0.1321894598829384
0.03636768323923246
0.002353396761998744
0.010776585799414798
0.06020634438897598
0.040581149374025426
0.0075409895223086144
0.017972589630761412
0.05294717540803209
0.0658486552140186
0.5742968323516525
0.057510736845640384
0.013194268678532878
0.08675035203967298
0.06314105155238121
0.058965481813256324
0.011512969079313784
0.16360410408761164
0.12638520978955656
0.15062309123755396
0.06809422732805351
0.009118066345883045
9.305772399792425E-4
0.012075044503061702
0.002346541082329465
0.04140440019052057
0.02016888257077528
0.006804735985365404
0.24338482296445493
0.04942677865832807
0.10603369365132098
0.02800168798087478
0.0396253904045865
0.07551480782955312
0.13924785850308694
0.12225719652125012
0.14695191080047784
1.0
0.10257058724350333
0.002030681852727895
0.1333209830294624
0.06799255298641244
0.10993926907572542
0.03248776771458181
0.05169684731295162
0.055307371484782826
0.6025124108591029
0.07514859523786994
0.0858300824655034
0.006476507216568389
0.014245018998877642
0.0358187402486263
0.035577895057741324
0.03567290879228908
0.024162125270216078
0.097476412867211
0.004376076717672131
0.010397271319712714
0.042654646321114924
0.01714402622916673
0.15111347331252892
0.01451221335444689
0.1125304397376786
0.0942984249274504
0.5067383966225173
0.05718834571019637
0.02128443721652237
0.04223465644077224
0.077001988584063
0.029193699071643046
0.11783275939350082
0.04970285874864105
0.062406667458006035
0.0362055903479638
0.006256202263692247
0.012047875709741808
0.022003532088533465
0.036455341154619854
0.07026569940340074
0.05112295848955098
0.03628032941739994
0.04942003106643294
0.006018010000852167
0.054104324166348465
0.003273575517972599
0.0033245460858202427
0.014414880733269738
0.0033468438278795127
0.005932653976113735
0.0161651861245498
0.0058882759832582805
0.11253705961144987
0.07591846414009915
0.025122491659680102
0.04242459612462972
0.0312666539911442
0.011759020812222722
0.016616376965240556
0.025630638631289983
0.014622229945423382
0.0014774909639287167
0.012573630063507743
0.013269364450280345
0.012215526682273254
0.03381898398209266
0.006439649878623239
0.014020861238782071
0.0057174453638202715
0.02636397813918341
0.11216434408214637
0.030936659958660344
0.10480899182692183
0.017993454806800303
0.03350117849267073
0.030154519957499546
0.08041470888667832
0.011132348595593014
0.0032909208634517902
0.21474247506525448
0.14205475294575434
0.165095428764535
0.018438126696298164
0.18996852244601548
0.1298688496756672
0.04299151988055683
0.001641890674616354
0.0015754135521094824
0.2537461129988395
0.05229503066403092
0.012720689180265664
0.05380344245743498
0.023609920750256867
0.05949625597428717
0.11098704973521101
0.03634297914700608
0.019411987851885824
0.1666129266624781
0.16451085537955581
0.06190857853692485
0.066522793218135
0.031543811308019164
0.004991005066940234
0.10089640448614522
0.012427193765341614
0.06494198426408304
0.1670411842371034
0.039816997528842726
0.05256407179261918
0.06281469243647779
0.04354722310919917
0.028142860877605345
0.06050325093260999
0.1019696508020762
0.021498243944280963
0.5312414323585427
0.13555913429931213
0.1305835584898725
0.09825570388400658
0.05598033847835465
0.033595173407614205
0.006327804527398997
0.059599121615164806
0.09018750812460975
0.11521685102080838
0.0255138634085158
0.029234458161156822
0.03791550152343736
0.04773998360104095
0.02531113543768846
0.04647160254859136
0.007527371714730522
0.011002096372351406
0.03638469407426465
0.006447679199097411
0.004369616904794384
0.008360471551416596
0.026041472022852546
0.06010280881960346
0.02494290806584322
0.07971834212371325
0.05035288269116118
0.03838527906067734
0.04580922716326077
0.006233028087613916
0.025960050657285065
0.04273811036034537
0.02589192488149304
0.04914272893859591
0.03317510519353632
0.0352827339785958
0.03747770823147181
0.11882130961308066
0.008833487890194622
0.024726654379092813
0.04470662563088141
0.03414931674367726
0.07748441069768418
0.016830110740143147
0.030583577518359183
0.060048515732629745
0.08217495232925734
0.031981353403511235
0.010923131597929087
0.048320509613346135
0.058642061733564954
0.04912688946662723
0.03629091584846664
0.04483150855408339
0.10900687978759181
0.02114939475147591
0.01676811560884983
0.042348319280430445
0.03451328696186302
0.006768399701520154
0.08285051142690768
0.01275920940468455
0.026832094956225197
0.006933490592305926
0.01175080521140022
0.0270434089839241
0.03421962804338915
0.01706647776837027
0.027611525804011154
0.008202066610871712
0.0104760901210822
0.03026643598477129
0.0035144987329185184
0.01921952760104975
0.06824670963382182
0.02930222927674983
0.004683880177093019
0.04874240134043441
0.04784442096736398
0.044974883189136325
0.02071111718827567
0.022657036334736293
0.024533920142099336
0.02398495667944533
0.04071985969065167
0.02020532229706941
0.023434435987463944
0.035424467515002465
0.018809106429007565
0.026161138764852366
0.02043911249182891
0.04652110753647653
0.03724300168636875
0.02401864398759941
0.009791968737238064
0.03668446529802894
0.046899102990102165
0.010302787415917562
0.05871942121527136
0.005032415155993625
0.030405777981588597
0.025996866628743804
0.002615757440724629
0.07937389192804631
0.03896664475730184
0.005527376343114423
0.019319398067950917
0.03206127387904963
0.0729157299030252
0.03227486001463933
0.05242995969220295
0.0011614402893568002
0.03382172588222895
0.11040414016018206
0.029244368269498607
0.029479248564332542
0.007536798677696782
0.002250055060916545
2.078808058855814E-6
0.006457034224807015
0.07744041854749305
0.02857899548318128
0.051709344060504335
0.06913082934883252
0.031225552414899424
0.003725166164293083
0.06236045235466165
0.03991975208475209
0.021984507711446912
0.019237414580223447
0.022989463092512746
0.01589393979392379
0.035371402448303176
0.08348164665720052
5.410962440114825E-5
0.0018880795547730406
0.0217572131977578
0.040248078988774375
0.03439785484788662
0.01744621920915407
0.03061955229263493
0.02264482079186344
0.043880461669672535
0.02489667411559707
0.04157942580898972
0.007173891802214496
0.04864628048182045
0.040910274042886795
0.011028655360239371
0.052432524298695084
0.002534668705996316
0.0124927046200221
0.05319175896848932
0.0021704178877194028
0.028978720632535947
0.025329863230355798
0.006753781921184137
0.015330810428616717
0.023035685648325276
0.011914391300867458
0.03867338476312036
0.053224736575268064
0.04261584928953509
0.09919842595751253
0.013324067315005177
0.0455352189374756
0.020261563891298462
0.011214062741579007
0.057945756923779825
0.0018689471433302788
0.05245983269480352
0.045883556495306003
0.07555308257976148
0.0154003045362168
0.020118815868065052
0.06711609002668374
0.033099209114606454
0.008431320629097482
0.05299209346290274
0.020621934904742286
0.01090056643838415
0.024044263641004295
0.04675180275209732
0.0065678846647823945
0.014954710301661787
0.020331549960613267
0.010996210177329827
0.07870409308388295
0.01918752634335488
0.015600533745132266
0.04369215481725037
0.03961459265017944
0.03781440012224193
0.09047393880200356
0.006068147591228306
0.015079121497895075
0.013083755703620182
0.0156668810495959
0.024591654612974276
0.05670591197488602
0.037431529102079426
0.042911575420005704
0.0019012752836213322
0.0654135647001801
0.02788048261217947
0.011223793961576092
0.017106342623837388
0.02605635303733286
0.01056145067634812
0.0325779722758915
0.002372609147191857
0.031190116714670982
0.05440531438782308
0.024143967172149436
0.06912815837832995
0.0017865687494896692
0.019496812851206406
0.056302757739264624
0.0020312843119154383
0.013149209331541518
0.030533930446282033
0.0425275915486559
0.03533040983962497
8.750647034151048E-4
0.016692629678899066
0.004330176888888226
0.062111369196186046
0.02889768135778055
0.05154742472221155
0.01905996633213245
0.07220716384871877
3.3890986412741034E-4
0.001650989859419739
0.01516542769342826
0.02172510070977066
0.0032042975726653848
0.04674577981515981
0.041233352878244985
0.03586267192838781
0.0275569804185335
0.024285156337403052
0.05484504876178926
0.015782427366304013
0.013976417427352165
0.06648777884192997
0.008476408324618106
0.038107318773909396
0.04664456931302686
0.04619922835110961
0.03872148966289726
0.04169994115618735
0.07111709746470574
0.026095152970944908
0.008931084970032482
0.06711701961942676
0.028878035376969823
0.0549871005396174
0.0697291511648151
0.07671918830440685
0.010810567259649627
0.04785791321413315
0.0437148325342801
0.03350692927725152
0.013453086778549875
0.034149089292283906
0.023536535084087058
0.05637310438730109
0.046060422737637975
0.01695644438363281
0.02752649917348843
0.006343387983794495
0.06860866819627322
0.08445654562609761
0.0839414449224912
0.08445654562609761
0.06860866819627322
0.006343387983794495
0.02752649917348843
0.01695644438363281
0.046060422737637975
0.05637310438730109
0.023536535084087058
0.034149089292283906
0.013453086778549875
0.03350692927725152
0.0437148325342801
0.04785791321413315
0.010810567259649627
0.07671918830440685
0.0697291511648151
0.0549871005396174
0.028878035376969823
0.06711701961942676
0.008931084970032482
0.026095152970944908
0.07111709746470574
0.04169994115618735
0.03872148966289726
0.04619922835110961
0.04664456931302686
0.038107318773909396
0.008476408324618106
0.06648777884192997
0.013976417427352165
0.015782427366304013
0.05484504876178926
0.024285156337403052
0.0275569804185335
0.03586267192838781
0.041233352878244985
0.04674577981515981
0.0032042975726653848
0.02172510070977066
0.01516542769342826
0.001650989859419739
3.3890986412741034E-4
0.07220716384871877
0.01905996633213245
0.05154742472221155
0.02889768135778055
0.062111369196186046
0.004330176888888226
0.016692629678899066
8.750647034151048E-4
0.03533040983962497
0.0425275915486559
0.030533930446282033
0.013149209331541518
0.0020312843119154383
0.056302757739264624
0.019496812851206406
0.0017865687494896692
0.06912815837832995
0.024143967172149436
0.05440531438782308
0.031190116714670982
0.002372609147191857
0.0325779722758915
0.01056145067634812
0.02605635303733286
0.017106342623837388
0.011223793961576092
0.02788048261217947
0.0654135647001801
0.0019012752836213322
0.042911575420005704
0.037431529102079426
0.05670591197488602
0.024591654612974276
0.0156668810495959
0.013083755703620182
0.015079121497895075
0.006068147591228306
0.09047393880200356
0.03781440012224193
0.03961459265017944
0.04369215481725037
0.015600533745132266
0.01918752634335488
0.07870409308388295
0.010996210177329827
0.020331549960613267
0.014954710301661787
0.0065678846647823945
0.04675180275209732
0.024044263641004295
0.01090056643838415
0.020621934904742286
0.05299209346290274
0.008431320629097482
0.033099209114606454
0.06711609002668374
0.020118815868065052
0.0154003045362168
0.07555308257976148
0.045883556495306003
0.05245983269480352
0.0018689471433302788
0.057945756923779825
0.011214062741579007
0.020261563891298462
0.0455352189374756
0.013324067315005177
0.09919842595751253
0.04261584928953509
0.053224736575268064
0.03867338476312036
0.011914391300867458
0.023035685648325276
0.015330810428616717
0.006753781921184137
0.025329863230355798
0.028978720632535947
0.0021704178877194028
0.05319175896848932
0.0124927046200221
0.002534668705996316
0.052432524298695084
0.011028655360239371
0.040910274042886795
0.04864628048182045
0.007173891802214496
0.04157942580898972
0.02489667411559707
0.043880461669672535
0.02264482079186344
0.03061955229263493
0.01744621920915407
0.03439785484788662
0.040248078988774375
0.0217572131977578
0.0018880795547730406
5.410962440114825E-5
0.08348164665720052
0.035371402448303176
0.01589393979392379
0.022989463092512746
0.019237414580223447
0.021984507711446912
0.03991975208475209
0.06236045235466165
0.003725166164293083
0.031225552414899424
0.06913082934883252
0.051709344060504335
0.02857899548318128
0.07744041854749305
0.006457034224807015
2.078808058855814E-6
0.002250055060916545
0.007536798677696782
0.029479248564332542
0.029244368269498607
0.11040414016018206
0.03382172588222895
0.0011614402893568002
0.05242995969220295
0.03227486001463933
0.0729157299030252
0.03206127387904963
0.019319398067950917
0.005527376343114423
0.03896664475730184
0.07937389192804631
0.002615757440724629
0.025996866628743804
0.030405777981588597
0.005032415155993625
0.05871942121527136
0.010302787415917562
0.046899102990102165
0.03668446529802894
0.009791968737238064
0.02401864398759941
0.03724300168636875
0.04652110753647653
0.02043911249182891
0.026161138764852366
0.018809106429007565
0.035424467515002465
0.023434435987463944
0.02020532229706941
0.04071985969065167
0.02398495667944533
0.024533920142099336
0.022657036334736293
0.02071111718827567
0.044974883189136325
0.04784442096736398
0.04874240134043441
0.004683880177093019
0.02930222927674983
0.06824670963382182
0.01921952760104975
0.0035144987329185184
0.03026643598477129
0.0104760901210822
0.008202066610871712
0.027611525804011154
0.01706647776837027
0.03421962804338915
0.0270434089839241
0.01175080521140022
0.006933490592305926
0.026832094956225197
0.01275920940468455
0.08285051142690768
0.006768399701520154
0.03451328696186302
0.042348319280430445
0.01676811560884983
0.02114939475147591
0.10900687978759181
0.04483150855408339
0.03629091584846664
0.04912688946662723
0.058642061733564954
0.048320509613346135
0.010923131597929087
0.031981353403511235
0.08217495232925734
0.060048515732629745
0.030583577518359183
0.016830110740143147
0.07748441069768418
0.03414931674367726
0.04470662563088141
0.024726654379092813
0.008833487890194622
0.11882130961308066
0.03747770823147181
0.0352827339785958
0.03317510519353632
0.04914272893859591
0.02589192488149304
0.04273811036034537
0.025960050657285065
0.006233028087613916
0.04580922716326077
0.03838527906067734
0.05035288269116118
0.07971834212371325
0.02494290806584322
0.06010280881960346
0.026041472022852546
0.008360471551416596
0.004369616904794384
0.006447679199097411
0.03638469407426465
0.011002096372351406
0.007527371714730522
0.04647160254859136
0.02531113543768846
0.04773998360104095
0.03791550152343736
0.029234458161156822
0.0255138634085158
0.11521685102080838
0.09018750812460975
0.059599121615164806
0.006327804527398997
0.033595173407614205
0.05598033847835465
0.09825570388400658
0.1305835584898725
0.13555913429931213
0.5312414323585427
0.021498243944280963
0.1019696508020762
0.06050325093260999
0.028142860877605345
0.04354722310919917
0.06281469243647779
0.05256407179261918
0.039816997528842726
0.1670411842371034
0.06494198426408304
0.012427193765341614
0.10089640448614522
0.004991005066940234
0.031543811308019164
0.066522793218135
0.06190857853692485
0.16451085537955581
0.1666129266624781
0.019411987851885824
0.03634297914700608
0.11098704973521101
0.05949625597428717
0.023609920750256867
0.05380344245743498
0.012720689180265664
0.05229503066403092
0.2537461129988395
0.0015754135521094824
0.001641890674616354
0.04299151988055683
0.1298688496756672
0.18996852244601548
0.018438126696298164
0.165095428764535
0.14205475294575434
0.21474247506525448
0.0032909208634517902
0.011132348595593014
0.08041470888667832
0.030154519957499546
0.03350117849267073
0.017993454806800303
0.10480899182692183
0.030936659958660344
0.11216434408214637
0.02636397813918341
0.0057174453638202715
0.014020861238782071
0.006439649878623239
0.03381898398209266
0.012215526682273254
0.013269364450280345
0.012573630063507743
0.0014774909639287167
0.014622229945423382
0.025630638631289983
0.016616376965240556
0.011759020812222722
0.0312666539911442
0.04242459612462972
0.025122491659680102
0.07591846414009915
0.11253705961144987
0.0058882759832582805
0.0161651861245498
0.005932653976113735
0.0033468438278795127
0.014414880733269738
0.0033245460858202427
0.003273575517972599
0.054104324166348465
0.006018010000852167
0.04942003106643294
0.03628032941739994
0.05112295848955098
0.07026569940340074
0.036455341154619854
0.022003532088533465
0.012047875709741808
0.006256202263692247
0.0362055903479638
0.062406667458006035
0.04970285874864105
0.11783275939350082
0.029193699071643046
0.077001988584063
0.04223465644077224
0.02128443721652237
0.05718834571019637
0.5067383966225173
0.0942984249274504
0.1125304397376786
0.01451221335444689
0.15111347331252892
0.01714402622916673
0.042654646321114924
0.010397271319712714
0.004376076717672131
0.097476412867211
0.024162125270216078
0.03567290879228908
0.035577895057741324
0.0358187402486263
0.014245018998877642
0.006476507216568389
0.0858300824655034
0.07514859523786994
0.6025124108591029
0.055307371484782826
0.05169684731295162
0.03248776771458181
0.10993926907572542
0.06799255298641244
0.1333209830294624
0.002030681852727895
0.10257058724350333
1.0
0.14695191080047784
0.12225719652125012
0.13924785850308694
0.07551480782955312
0.0396253904045865
0.02800168798087478
0.10603369365132098
0.04942677865832807
0.24338482296445493
0.006804735985365404
0.02016888257077528
0.04140440019052057
0.002346541082329465
0.012075044503061702
9.305772399792425E-4
0.009118066345883045
0.06809422732805351
0.15062309123755396
0.12638520978955656
0.16360410408761164
0.011512969079313784
0.058965481813256324
0.06314105155238121
0.08675035203967298
0.013194268678532878
0.057510736845640384
0.5742968323516525
0.0658486552140186
0.05294717540803209
0.017972589630761412
0.0075409895223086144
0.040581149374025426
0.06020634438897598
0.010776585799414798
0.002353396761998744
0.03636768323923246
0.1321894598829384
0.009946549000594879
0.056777879412664274
0.03027327078577177
0.007517832408890308
0.01182088328278583
0.011969376227686856
0.07071931462917547
0.04711703906223784
0.09350814472076523
0.07081712378546841
0.061481972198600625
0.08402322456768552
0.007609843494887506
9.436672564319215E-4
0.002727921081645169
0.003545506754075089
0.20643180026741736
0.02295608331059438
0.05418235026471992
0.05535890656806399
0.043011530588142596
0.11829285215703136
0.13790452585732285
0.005549480740160352
0.0733745761617749
0.131914042973154
0.01011039957883721
0.02611596994467201
0.05222570575963072
0.050581407961057506
0.056718303347487266
0.01061531491978299
0.006492007580550709
0.036847889070172765
