-0.03629155357086107
0.0879239317509927
0.04708387184782582
0.011596565801957422
0.10974552146169514
0.03971858179329365
0.020160879075417554
0.023318517332795847
0.01311486117992323
0.12490046259524684
0.046425032309658144
0.09218475675234028
2.2706817743761517E-4
0.0024699166813024354
0.09086626314918302
0.06306374822914083
0.032058996117820995
0.044099214093028256
0.0918341328915213
0.051129748860306586
0.006466223873411827
0.025403418911435684
0.017061215978636895
0.03570109856180084
0.035916321656955554
0.08773737429405644
0.05407511126440899
0.08804703912509763
0.005629428828167334
0.029473908536618416
0.0954311846477153
0.055580890143421414
0.015273896718197197
0.02524232283444699
0.01603738244426164
0.028397820972103
0.09933288340910129
0.0029361655850957246
0.01742102175931391
0.021838445280360812
0.02251041380363132
0.021811719297739136
0.14753082501507264
0.11434093601448389
0.03734482943994524
0.27844636787959276
0.046375918951680715
0.002492401224256001
0.0386103746472385
0.08208711188352502
0.09869651039008213
0.026082715331426518
0.06845943754474512
0.1461467714765421
0.24826473315173206
0.2147635819854012
0.10350598499091193
0.12982100917621484
0.005806870405355615
0.1014138843244475
0.10011960740551598
0.04247737243693411
0.027761760628376243
0.08843908392696909
0.16632097581245348
0.11156884082195583
0.052419316435460404
0.029318244478099973
0.005603395266989584
0.13765577715342284
0.3859889588614732
0.13230791637727468
0.8500496190979683
1.0
0.4982865359192057
0.165896928925557
0.16719903883927703
0.009448976712885332
0.025416673753631974
0.15090691286968863
0.06289586175305042
0.32624130489037023
0.21920093184625516
0.012677817853492047
0.012982945982565452
0.004568002744851868
0.0025903918639941658
0.02129668394441728
0.06655146768825708
0.05729864362665856
0.0613726632283198
0.06957869944931058
0.02472299537896853
0.012287031744314008
0.06852141048440295
0.06924863298524546
0.06847212475010081
0.13881794812793244
0.015252732067271667
0.1973144247420235
0.20721935697967048
0.20758497220631578
0.02621871802241257
0.050974441072947706
0.05061929033977026
0.049577473730164995
0.042630026071327064
0.009696821997663582
0.11283182295577888
0.13677707527488178
0.04470275538891236
0.004270337949689354
0.021328307304415695
0.03813188246632707
0.026810195685767303
0.0337162986793824
0.06154459988226771
0.05327562931544064
0.06504988967992079
0.03972747245113636
0.07081245267701505
0.019816108341424284
0.02514131530135185
0.0013981271681003879
0.040889759545094016
0.040073881733159365
0.06659612798983697
0.05685526524366889
0.05587500292977911
0.05018506523077216
0.0169320274182947
0.08627003506525734
0.00885187128973531
0.019160819456605988
0.07710622526391189
0.07567811826628079
0.022741315235341224
0.02368933245738877
0.0033634193764195087
0.06902822718027773
0.011207483919507367
0.0039385215835258894
0.03422198467569567
0.04527656865233356
0.007676699658176886
0.12365319131894716
0.009369441804460461
0.008693437855903551
0.008482799999707588
0.046062539587071696
0.07118422888449195
0.006696504859336445
0.005312592094101157
0.027874435525684024
0.11492325297439339
0.029991637436789544
0.015520603017339941
0.029655853143958123
0.0013684339450316253
0.027048357027472478
0.019714940592776592
0.02772085709217422
0.0030259677729320153
0.008039434322881199
0.032243170694962645
0.027157573209423497
0.07173206528185082
0.06590700049314205
0.09733847948035294
0.10405714167100007
0.02153044985733176
0.026721187247617184
0.1818757607999179
0.043768306862295804
0.041199504650767
0.018750653528140402
0.005025751746487943
0.021131848068728646
0.009063916983755306
0.02640913086285389
0.001033212878608014
0.049084403080214
0.03648286533998208
0.006608054407058622
0.03928250368118767
0.039676705235873716
0.004099824400928292
0.07905703037918366
0.10880132860329975
0.34754331982415027
0.24792308967322815
0.07846884334249574
0.05694688435392769
0.012277214830867104
0.05696289714547096
0.06548763215755823
0.08372038993969909
0.06525028461385997
0.0203337958047218
0.08481523190809527
0.002046294448068351
0.04593876150982871
0.026044851780347985
0.01578714207463068
0.026895541881618596
1.3623156593785355E-4
0.009758351807413293
0.04329125002693452
0.011988306368628687
0.035950918969564184
0.014488797034791553
0.04232401502851916
0.008893332523210874
0.05136100409888122
0.029427052782471968
3.0745039530124786E-4
0.05629244372011993
0.010133305950068948
0.02724525324204389
0.042809684467207725
0.05449082145580097
0.06084989106859449
0.013199471124653316
0.046953505493861014
0.013969751384012595
0.02063064152449634
0.027522747560700528
0.029742452910254145
0.060557271716609545
0.05235185506515132
0.021217622621398743
0.03629155357086107
0.06657132882232686
0.04138154472477607
0.01700847869481217
0.11174013743782746
0.03398075598114589
0.0014272713295803124
0.03810915452642978
0.0604678281432546
0.04168665960201183
0.004322870744103532
0.0073818466812649265
0.022561391517080445
0.07975259375412767
0.05715104832166705
0.05638467317288218
0.021143673347826894
0.019624872427109422
0.01717508998205871
0.007098934943508349
0.005272242627834783
0.018443519574676704
0.01483487859792685
0.020743767144691776
0.009406393103231726
0.003092649015604085
0.04257102839605878
0.029759379654357727
0.013155975692073557
0.0324289079323245
0.0026043342041378397
0.009601941697297667
0.046891939997709596
0.01774751772731263
0.09201966362849925
0.02966934455045918
0.008692510095437008
0.029620344414970946
0.01723094095721253
0.02346610330619213
0.020245911215435727
0.0010946909414382357
0.07496315746431366
0.030422523606966623
0.013609547025054616
0.09220946369355806
0.00381264691564783
0.015914352429669258
0.008563325954365092
0.034848311961686806
0.009125289592784391
0.026157946324883087
0.023010157292009868
0.03239649617175809
0.008856822220446004
0.035407732645233274
0.01645797557961493
1.2845601383904107E-4
0.006577111441806706
0.032690351096404446
3.175447861917854E-4
0.049610511157204856
0.020608549205211497
0.056039296695962096
0.03557681449529761
0.004518018448466111
0.07552023057363222
0.0446215740149292
0.032287528999767064
0.0010920022799079535
0.0017403920096680623
0.015580386162414006
0.036629739700410245
0.00274178960986396
0.0027274141699584536
0.026402623531496885
0.01712248110560406
0.0
3.067689669794091E-4
0.03811282726575148
0.004009485227468422
0.023899295340826205
0.04483529210288882
0.0521958508024819
0.037372352978414576
0.004608131272809164
0.08752895107308117
0.028847669033743778
0.004742771636386955
0.006317090283620815
0.04459481598757842
0.03712076049253015
0.023704499889019966
0.03053183087055391
0.017641852956110045
0.05387060343479121
0.003956398516736639
0.014445272661207131
0.01614232541338067
0.0018425593216877458
0.009296680153487164
0.03365969719420582
0.016623834139612263
0.043878753254828366
0.01652775157560235
0.024904985437590045
0.04890478781866751
0.07184895318668817
0.05575190848890468
0.01608327358206722
0.021750227106520945
0.03264347987207567
0.03651743568551545
0.017030999476289894
0.023302678874368737
0.04005260642152031
0.015112286150102143
0.03504398527655873
0.027696685167620496
0.037962793061449354
0.00442790541582297
0.012522160018934431
0.018904996981353527
0.02179310506579283
0.02521004173268851
0.03337133165438764
0.001757441191714213
0.002254467676648415
0.03475902763896591
0.02608701044100542
0.00556421763753144
0.007608760807157054
0.01712231037538789
0.0025295833718544805
0.007979931946811708
0.02063359695202404
0.037489820914869194
0.007475247935212854
0.031599927625770956
0.04913084034333589
0.047003372400601776
0.040728317648871006
0.08285713050019769
0.003232629254120879
0.025215798838255695
0.03903630106764868
0.03197196620321906
0.0032158700130539143
0.0792981816905252
0.004948604075251064
0.007388045009301544
0.10466926424409752
0.023532013512485354
0.004680146965463765
0.06388630706917696
0.017598857806100286
0.01575605051001426
0.00724479207709588
0.06435171548482561
0.046643612849433656
0.0047273420707911904
0.0021420296067204588
0.015942366358091882
0.00531806886635529
0.026974541981041548
0.05159027618052445
0.006471701660775549
0.028851821132819273
0.06870982754082128
0.011428250968970814
0.0031499093123877934
0.03634288119351762
0.007295870066866082
0.027666766440536106
0.04198138544964267
0.020196816193471415
0.034566345290949346
0.030304777519629848
0.0020837722760202832
0.020401585720294577
0.02028435178619631
0.03647494113484828
0.003137190298703691
0.0033099856700333466
0.05394100436845827
0.012582500023444963
5.181090109832736E-4
0.01670734864426262
0.07874809658078775
0.0024551239299308095
0.03918292933429371
0.0019560747085820202
0.004176322623298072
0.009428936014961859
0.010570249896009264
0.038906490073360285
0.04762697921544512
0.0033289231784367035
0.027952248058229427
0.003448083752009437
0.016902446697736884
0.05080582483547786
0.0041845105219701735
0.028404757087567754
0.0386448104241378
0.05432012696911612
0.011809807946379714
0.021090373856163715
0.016671647409857517
0.01343380147426875
0.035238265270140935
0.023708944573547688
0.08943737483671661
0.03528903330894986
0.00961696244843781
0.03437777417933818
0.06929749664524001
0.008052584518493444
0.02369913682822752
0.008686976397142662
0.03102543891868098
0.0275119552110004
0.04767769169952018
0.05525424962393297
0.041004978308521685
0.04056001210561428
0.016221361864523456
0.03404280712009676
0.041091775380572626
0.002501679335546316
0.0389525670271637
0.06048592261810178
0.0389525670271637
0.002501679335546316
0.041091775380572626
0.03404280712009676
0.016221361864523456
0.04056001210561428
0.041004978308521685
0.05525424962393297
0.04767769169952018
0.0275119552110004
0.03102543891868098
0.008686976397142662
0.02369913682822752
0.008052584518493444
0.06929749664524001
0.03437777417933818
0.00961696244843781
0.03528903330894986
0.08943737483671661
0.023708944573547688
0.035238265270140935
0.01343380147426875
0.016671647409857517
0.021090373856163715
0.011809807946379714
0.05432012696911612
0.0386448104241378
0.028404757087567754
0.0041845105219701735
0.05080582483547786
0.016902446697736884
0.003448083752009437
0.027952248058229427
0.0033289231784367035
0.04762697921544512
0.038906490073360285
0.010570249896009264
0.009428936014961859
0.004176322623298072
0.0019560747085820202
0.03918292933429371
0.0024551239299308095
0.07874809658078775
0.01670734864426262
5.181090109832736E-4
0.012582500023444963
0.05394100436845827
0.0033099856700333466
0.003137190298703691
0.03647494113484828
0.02028435178619631
0.020401585720294577
0.0020837722760202832
0.030304777519629848
0.034566345290949346
0.020196816193471415
0.04198138544964267
0.027666766440536106
0.007295870066866082
0.03634288119351762
0.0031499093123877934
0.011428250968970814
0.06870982754082128
0.028851821132819273
0.006471701660775549
0.05159027618052445
0.026974541981041548
0.00531806886635529
0.015942366358091882
0.0021420296067204588
0.0047273420707911904
0.046643612849433656
0.06435171548482561
0.00724479207709588
0.01575605051001426
0.017598857806100286
0.06388630706917696
0.004680146965463765
0.023532013512485354
0.10466926424409752
0.007388045009301544
0.004948604075251064
0.0792981816905252
0.0032158700130539143
0.03197196620321906
0.03903630106764868
0.025215798838255695
0.003232629254120879
0.08285713050019769
0.040728317648871006
0.047003372400601776
0.04913084034333589
0.031599927625770956
0.007475247935212854
0.037489820914869194
0.02063359695202404
0.007979931946811708
0.0025295833718544805
0.01712231037538789
0.007608760807157054
0.00556421763753144
0.02608701044100542
0.03475902763896591
0.002254467676648415
0.001757441191714213
0.03337133165438764
0.02521004173268851
0.02179310506579283
0.018904996981353527
0.012522160018934431
0.00442790541582297
0.037962793061449354
0.027696685167620496
0.03504398527655873
0.015112286150102143
0.04005260642152031
0.023302678874368737
0.017030999476289894
0.03651743568551545
0.03264347987207567
0.021750227106520945
0.01608327358206722
0.05575190848890468
0.07184895318668817
0.04890478781866751
0.024904985437590045
0.01652775157560235
0.043878753254828366
0.016623834139612263
0.03365969719420582
0.009296680153487164
0.0018425593216877458
0.01614232541338067
0.014445272661207131
0.003956398516736639
0.05387060343479121
0.017641852956110045
0.03053183087055391
0.023704499889019966
0.03712076049253015
0.04459481598757842
0.006317090283620815
0.004742771636386955
0.028847669033743778
0.08752895107308117
0.004608131272809164
0.037372352978414576
0.0521958508024819
0.04483529210288882
0.023899295340826205
0.004009485227468422
0.03811282726575148
3.067689669794091E-4
0.0
0.01712248110560406
0.026402623531496885
0.0027274141699584536
0.00274178960986396
0.036629739700410245
0.015580386162414006
0.0017403920096680623
0.0010920022799079535
0.032287528999767064
0.0446215740149292
0.07552023057363222
0.004518018448466111
0.03557681449529761
0.056039296695962096
0.020608549205211497
0.049610511157204856
3.175447861917854E-4
0.032690351096404446
0.006577111441806706
1.2845601383904107E-4
0.01645797557961493
0.035407732645233274
0.008856822220446004
0.03239649617175809
0.023010157292009868
0.026157946324883087
0.009125289592784391
0.034848311961686806
0.008563325954365092
0.015914352429669258
0.00381264691564783
0.09220946369355806
0.013609547025054616
0.030422523606966623
0.07496315746431366
0.0010946909414382357
0.020245911215435727
0.02346610330619213
0.01723094095721253
0.029620344414970946
0.008692510095437008
0.02966934455045918
0.09201966362849925
0.01774751772731263
0.046891939997709596
0.009601941697297667
0.0026043342041378397
0.0324289079323245
0.013155975692073557
0.029759379654357727
0.04257102839605878
0.003092649015604085
0.009406393103231726
0.020743767144691776
0.01483487859792685
0.018443519574676704
0.005272242627834783
0.007098934943508349
0.01717508998205871
0.019624872427109422
0.021143673347826894
0.05638467317288218
0.05715104832166705
0.07975259375412767
0.022561391517080445
0.0073818466812649265
0.004322870744103532
0.04168665960201183
0.0604678281432546
0.03810915452642978
0.0014272713295803124
0.03398075598114589
0.11174013743782746
0.01700847869481217
0.04138154472477607
0.06657132882232686
0.03629155357086107
0.021217622621398743
0.05235185506515132
0.060557271716609545
0.029742452910254145
0.027522747560700528
0.02063064152449634
0.013969751384012595
0.046953505493861014
0.013199471124653316
0.06084989106859449
0.05449082145580097
0.042809684467207725
0.02724525324204389
0.010133305950068948
0.05629244372011993
3.0745039530124786E-4
0.029427052782471968
0.05136100409888122
0.008893332523210874
0.04232401502851916
0.014488797034791553
0.035950918969564184
0.011988306368628687
0.04329125002693452
0.009758351807413293
1.3623156593785355E-4
0.026895541881618596
0.01578714207463068
0.026044851780347985
0.04593876150982871
0.002046294448068351
0.08481523190809527
0.0203337958047218
0.06525028461385997
0.08372038993969909
0.06548763215755823
0.05696289714547096
0.012277214830867104
0.05694688435392769
0.07846884334249574
0.24792308967322815
0.34754331982415027
0.10880132860329975
0.07905703037918366
0.004099824400928292
0.039676705235873716
0.03928250368118767
0.006608054407058622
0.03648286533998208
0.049084403080214
0.001033212878608014
0.02640913086285389
0.009063916983755306
0.021131848068728646
0.005025751746487943
0.018750653528140402
0.041199504650767
0.043768306862295804
0.1818757607999179
0.026721187247617184
0.02153044985733176
0.10405714167100007
0.09733847948035294
0.06590700049314205
0.07173206528185082
0.027157573209423497
0.032243170694962645
0.008039434322881199
0.0030259677729320153
0.02772085709217422
0.019714940592776592
0.027048357027472478
0.0013684339450316253
0.029655853143958123
0.015520603017339941
0.029991637436789544
0.11492325297439339
0.027874435525684024
0.005312592094101157
0.006696504859336445
0.07118422888449195
0.046062539587071696
0.008482799999707588
0.008693437855903551
0.009369441804460461
0.12365319131894716
0.007676699658176886
0.04527656865233356
0.03422198467569567
0.0039385215835258894
0.011207483919507367
0.06902822718027773
0.0033634193764195087
0.02368933245738877
0.022741315235341224
0.07567811826628079
0.07710622526391189
0.019160819456605988
0.00885187128973531
0.08627003506525734
0.0169320274182947
0.05018506523077216
0.05587500292977911
0.05685526524366889
0.06659612798983697
0.040073881733159365
0.040889759545094016
0.0013981271681003879
0.02514131530135185
0.019816108341424284
0.07081245267701505
0.03972747245113636
0.06504988967992079
0.05327562931544064
0.06154459988226771
0.0337162986793824
0.026810195685767303
0.03813188246632707
0.021328307304415695
0.004270337949689354
0.04470275538891236
0.13677707527488178
0.11283182295577888
0.009696821997663582
0.042630026071327064
0.049577473730164995
0.05061929033977026
0.050974441072947706
0.02621871802241257
0.20758497220631578
0.20721935697967048
0.1973144247420235
0.015252732067271667
0.13881794812793244
0.06847212475010081
0.06924863298524546
0.06852141048440295
0.012287031744314008
0.02472299537896853
0.06957869944931058
0.0613726632283198
0.05729864362665856
0.06655146768825708
0.02129668394441728
0.0025903918639941658
0.004568002744851868
0.012982945982565452
0.012677817853492047
0.21920093184625516
0.32624130489037023
0.06289586175305042
0.15090691286968863
0.025416673753631974
0.009448976712885332
0.16719903883927703
0.165896928925557
0.4982865359192057
1.0
0.8500496190979683
0.13230791637727468
0.3859889588614732
0.13765577715342284
0.005603395266989584
0.029318244478099973
0.052419316435460404
0.11156884082195583
0.16632097581245348
0.08843908392696909
0.027761760628376243
0.04247737243693411
0.10011960740551598
0.1014138843244475
0.005806870405355615
0.12982100917621484
0.10350598499091193
0.2147635819854012
0.24826473315173206
0.1461467714765421
0.06845943754474512
0.026082715331426518
0.09869651039008213
0.08208711188352502
0.0386103746472385
0.002492401224256001
0.046375918951680715
0.27844636787959276
0.03734482943994524
0.11434093601448389
0.14753082501507264
0.021811719297739136
0.02251041380363132
0.021838445280360812
0.01742102175931391
0.0029361655850957246
0.09933288340910129
0.028397820972103
0.01603738244426164
0.02524232283444699
0.015273896718197197
0.055580890143421414
0.0954311846477153
0.029473908536618416
0.005629428828167334
0.08804703912509763
0.05407511126440899
0.08773737429405644
0.035916321656955554
0.03570109856180084
0.017061215978636895
0.025403418911435684
0.006466223873411827
0.051129748860306586
0.0918341328915213
0.044099214093028256
0.032058996117820995
0.06306374822914083
0.09086626314918302
0.0024699166813024354
2.2706817743761517E-4
0.09218475675234028
0.046425032309658144
0.12490046259524684
0.01311486117992323
0.023318517332795847
0.020160879075417554
0.03971858179329365
0.10974552146169514
0.011596565801957422
0.04708387184782582
0.0879239317509927
