0.16751107652833122
0.037922450698867176
0.015745808345159457
0.035925846782198435
0.04222657399962841
0.039376806051822255
0.12583818980199368
0.13437004989045157
0.06049440431754534
0.10329233642412151
0.07840818622999775
0.0195257596103463
0.11111023906953367
0.04023649086755989
0.0426439457272858
0.12666013372068102
0.06613764614461774
0.0535001597976497
0.05023052658836908
0.016809800850675176
0.004304136667309372
0.04152177828993225
0.04510013221119781
0.028036438101727987
0.020495369270232613
0.025761611566626173
0.029745564570637248
0.09966893763398908
0.02052341817612613
0.021868016728874874
0.030444571387808074
0.008500649527090311
0.05077046362666429
0.035322784351017184
0.017789951904731066
0.06742637793160172
0.0023041682464403548
0.12935104045979187
0.04605433880683648
0.06538927153496957
0.022676922364335047
0.05528622767423318
0.08466867122036013
0.16907542092127043
0.09942359287307029
0.29675650956514443
1.0
0.2676674590773563
0.1092214242802063
0.022834277990055874
0.052760311204037263
0.015400553505408896
0.032591432898608615
0.023187770099002077
0.02811393341957061
0.4002915648708598
0.009124552632872722
0.06508654076525518
0.056733737933397366
0.07581229294247002
0.13401615069522654
0.11346102942466954
0.03650085325491818
0.007242436070104376
0.06696525262153995
0.03935533526877617
0.0174430434726125
2.8162255097368473E-4
0.041075637547536153
0.020546379879768203
0.08135665780065864
0.0876730966139991
0.4477290774369506
0.004754743330157836
0.22124006631531457
0.12941287006186358
0.013675683498191352
0.07441681624418571
0.024442631061200863
0.053960605914319504
0.06388986611530784
0.07649223755025528
0.048133107163987075
0.13495335648223614
0.04596538031127569
0.01880374972666111
0.01652739700794823
0.031130119403864644
0.05208627698818553
0.0256227971573649
0.03972280792565963
0.027143787028836578
0.009468808711582023
0.00589573422992107
0.01026413657690385
0.003723733500419075
0.03240477737695148
0.04092283154357717
0.017717103206646913
0.17618197803629232
0.015078048201519183
0.26867980305088096
0.11460755579442285
0.06379051181944925
0.036361692231226476
6.773780757616548E-4
9.827458209253075E-4
0.04043522167079542
0.02742430533342316
0.001795720774473592
0.10235830079910675
0.006207608028567714
0.028512892435791238
0.05995928281415847
0.016619050665222283
0.05311017763947234
0.0021627418169746083
0.009059156294620384
0.007371928421422282
0.07055154216846428
0.03214334863162479
0.0364008163520769
0.02284756269897724
0.005257950169178454
0.018019248731135896
0.0022608585180306042
0.015034849136039544
0.05876913642004389
0.0282148989397407
8.866476235257634E-4
0.0297118114287532
0.029102311898834977
0.01921307282303932
0.05379001888984276
0.0015787871112210989
0.06630898570412333
0.0026337680179650113
0.012639111226003717
0.002091382686542316
0.02564386117970382
0.023731403514664944
0.01835231535177619
0.03856699338017541
0.026481151317812302
0.027532477303318318
0.02205755601686081
0.012532911310240705
0.005036554874596246
0.027734695216863933
0.10104412107482379
0.015487729430247989
4.1319646531969305E-4
7.367936997850587E-4
0.009203609245481725
0.04568483905318124
0.0210297177713684
0.10088617511010582
0.039772850716209014
0.0564388424237468
0.02187698182410254
0.04245388735850514
0.031006871785838233
9.462422923012698E-4
0.03490248895928993
0.008101543748717365
0.019653129762288998
0.09810849612833883
0.020667553701188498
0.022339691278704873
0.03493471297872805
0.022194803205410722
0.03798116741050919
0.05535536567048547
0.016802938018004844
0.15899348713039121
0.08745837424754736
0.06217991939323109
0.00785849555286889
0.023727672368343486
0.014083927946748136
0.011688266540666932
0.019692946376453028
0.013762114091405344
0.032809220101370405
0.0034201743502343582
0.025564878470680764
0.02665411232362003
0.031199165390733974
0.008580267451491007
0.0550844766435703
0.004744578448758708
0.08115406295308834
0.06961727522847753
0.12928084134236897
0.007872360923665082
0.0326130487319239
0.06610916754518639
0.04126312320274317
0.016550871721030022
0.014774518051393274
0.03145641458352592
0.029903053766775507
0.0804618877917126
0.004777754217829532
0.01866500041390687
0.02210603968157424
0.018388169397368464
0.036473292023128934
0.013909331222464018
0.026866365531540176
0.014934718827398821
0.012454095109779413
0.026468417072895458
0.017833923175007062
0.003803445079128877
0.020775868948325015
7.845665259633905E-4
0.04515951046143135
0.040175687448485015
0.01382234372739521
0.02307039083673805
0.05200513703241797
0.06371894320729532
0.0373276002644283
0.022922473059420616
0.04243540883044119
0.0021197354407842994
0.021215795525340683
0.02346635647258704
0.029337497989404788
0.06862244476519508
0.015228279684393747
0.07293895407232708
0.01793881198449148
0.02211526112416682
0.02699438607663431
0.01412104400205073
0.01753803691643215
0.04174851279888624
0.059415070298277875
0.017024803229259325
0.03269888874342486
0.010175551721750688
0.03455882126502106
0.04566444146768417
0.01313300004253642
0.009122189795243957
0.0071615318610680125
0.02262245883499412
0.002529847402947286
0.0024416062250697144
0.023056192023569868
0.03517664586699167
0.008159929322051491
0.0229607345441603
0.011170082148819835
0.03661854228562726
0.028980300502286935
0.051270333481901256
0.0028357195728641884
0.02144182947923621
0.05852392054694456
0.03066604709421934
2.821407420000279E-4
0.00807252087748419
0.023306847532010115
0.006276501182697587
7.483920788965549E-4
0.00807866390068666
0.032858958523775184
0.012370666638759029
0.004988931520539827
0.024899099925584492
1.4268539628663058E-4
0.0046626055259928
0.014288255558261848
4.499216166794767E-4
0.024452974688668618
0.012200216535449773
0.029169892632610658
0.0046007621432689
0.04034417899434437
0.011586945679493275
0.011335337926340866
0.0014083580117040552
0.06930426651925681
0.005956352832447655
0.0032826036300496503
0.017999379560699018
0.02133481280180943
0.029459029207447553
0.00161556539512249
0.014324586126473183
0.05306037526527445
0.008523610664219066
0.012433756543662166
0.0034410945547157044
0.016863017909665504
0.027217482206017624
0.02861415839247872
0.018175352394197163
0.03882355801918888
0.04553222291423121
0.029228091049355445
0.04401258682894253
0.04860028209376332
0.003836878847152139
0.001086608094935467
0.07614139842196874
0.021882902109365714
0.02621551472676895
0.0035281622201750774
0.040355906049732534
0.04293511307573778
0.015138689725991663
0.06498731089096565
0.03509705828255239
0.045047397662294396
0.026779656697540035
0.010127102288065983
0.020908751369863875
0.01305431773765609
0.016248708796488622
0.03091240321956972
0.020320910501641372
0.008231711156242558
0.018923978010512432
0.035018780828798654
0.025851587848295977
0.02737717366063333
0.02384172873738008
0.008945087569161453
0.009734496035146813
0.006887830789736473
0.02443736882074879
0.0168144649677449
0.03612973484892477
0.008389611457311421
0.0022736144686757607
0.05511215747601275
0.026835851764707527
0.006959755453064189
0.002243552308132065
0.03476197078008267
0.02701915807229415
0.05091212733232533
0.022543629306037295
0.030568611250600192
0.02158720366882437
0.0159841554334912
0.03240272635884492
0.02466381281092168
0.02933955516635083
0.04797445381545835
0.011040791975428505
2.570061071837116E-5
0.030646027510110127
0.020519482389068835
0.009030896955567384
0.01004116926252802
0.009538810117128095
0.018909637792717763
0.015615220208211203
0.015183270933931178
0.017621380157331827
0.04180731043289482
0.006515123043507305
0.012993559291615052
0.008460798028121563
0.009744963140643605
0.009412267574814562
0.018470775244121683
0.02928202765060354
0.02073038249086959
0.04362341555664367
0.008163887907423843
0.0070574422303478655
0.003702602359239751
0.04109207509622682
0.0011056023532319493
0.009699356662630495
0.006373094168632932
0.012112511130649255
0.020535718139329473
0.0041825747115415935
0.013503697506610702
0.019288196018504
0.02551046230176128
0.0017412640803481996
0.01771248583801812
0.031218243380278544
0.017401886248525
0.03638628139126544
0.015852187469969928
0.05401093875406051
0.05027711013681927
0.032361686928654786
0.04705073391013285
0.018010142513463716
0.018473022826905175
0.014669485990143517
0.009611066260859578
0.015684581099511017
0.025434245710995687
0.015928707662417947
0.017690844206801056
0.001581478360996863
0.010799105883930609
0.01235327431876423
0.02701285079006041
0.030679947504217323
0.015293664226083145
0.006556858037158203
0.008802126645566002
0.016834732545137576
0.0038496454612165164
0.021015873028723472
0.011086550674020302
0.014964935232661613
0.004236544377921399
0.02267260005063771
0.020890691392930014
0.056460347519161146
0.011081746863716779
0.029078586796728877
0.01620959313791882
0.0035050921345475224
0.011976937071465512
0.01193595718686451
0.03477998572728904
0.009232003534162158
0.019252425325309165
0.05644924423651734
0.006481247172633972
0.052323234326197586
0.010634983549946138
0.008747846907343843
0.015085340076813341
0.007590257231024527
0.05897101382370937
0.03384570782246279
0.0358210618068033
0.03659328241161445
0.00920014671678168
0.026627341097030167
0.015054735290913994
0.00636773719508239
7.549158259078171E-4
0.009152362642059578
0.04094704762268347
0.05245874774149871
0.030568786975190533
0.010341930289005609
0.009120310646475551
0.014097124091301224
0.009654241827388147
0.03486060378039256
0.03199386854503409
0.005911052469184283
0.010431469380390145
0.025950670823685483
0.03672985691852351
0.015228279684393747
0.03672985691852351
0.025950670823685483
0.010431469380390145
0.005911052469184283
0.03199386854503409
0.03486060378039256
0.009654241827388147
0.014097124091301224
0.009120310646475551
0.010341930289005609
0.030568786975190533
0.05245874774149871
0.04094704762268347
0.009152362642059578
7.549158259078171E-4
0.00636773719508239
0.015054735290913994
0.026627341097030167
0.00920014671678168
0.03659328241161445
0.0358210618068033
0.03384570782246279
0.05897101382370937
0.007590257231024527
0.015085340076813341
0.008747846907343843
0.010634983549946138
0.052323234326197586
0.006481247172633972
0.05644924423651734
0.019252425325309165
0.009232003534162158
0.03477998572728904
0.01193595718686451
0.011976937071465512
0.0035050921345475224
0.01620959313791882
0.029078586796728877
0.011081746863716779
0.056460347519161146
0.020890691392930014
0.02267260005063771
0.004236544377921399
0.014964935232661613
0.011086550674020302
0.021015873028723472
0.0038496454612165164
0.016834732545137576
0.008802126645566002
0.006556858037158203
0.015293664226083145
0.030679947504217323
0.02701285079006041
0.01235327431876423
0.010799105883930609
0.001581478360996863
0.017690844206801056
0.015928707662417947
0.025434245710995687
0.015684581099511017
0.009611066260859578
0.014669485990143517
0.018473022826905175
0.018010142513463716
0.04705073391013285
0.032361686928654786
0.05027711013681927
0.05401093875406051
0.015852187469969928
0.03638628139126544
0.017401886248525
0.031218243380278544
0.01771248583801812
0.0017412640803481996
0.02551046230176128
0.019288196018504
0.013503697506610702
0.0041825747115415935
0.020535718139329473
0.012112511130649255
0.006373094168632932
0.009699356662630495
0.0011056023532319493
0.04109207509622682
0.003702602359239751
0.0070574422303478655
0.008163887907423843
0.04362341555664367
0.02073038249086959
0.02928202765060354
0.018470775244121683
0.009412267574814562
0.009744963140643605
0.008460798028121563
0.012993559291615052
0.006515123043507305
0.04180731043289482
0.017621380157331827
0.015183270933931178
0.015615220208211203
0.018909637792717763
0.009538810117128095
0.01004116926252802
0.009030896955567384
0.020519482389068835
0.030646027510110127
2.570061071837116E-5
0.011040791975428505
0.04797445381545835
0.02933955516635083
0.02466381281092168
0.03240272635884492
0.0159841554334912
0.02158720366882437
0.030568611250600192
0.022543629306037295
0.05091212733232533
0.02701915807229415
0.03476197078008267
0.002243552308132065
0.006959755453064189
0.026835851764707527
0.05511215747601275
0.0022736144686757607
0.008389611457311421
0.03612973484892477
0.0168144649677449
0.02443736882074879
0.006887830789736473
0.009734496035146813
0.008945087569161453
0.02384172873738008
0.02737717366063333
0.025851587848295977
0.035018780828798654
0.018923978010512432
0.008231711156242558
0.020320910501641372
0.03091240321956972
0.016248708796488622
0.01305431773765609
0.020908751369863875
0.010127102288065983
0.026779656697540035
0.045047397662294396
0.03509705828255239
0.06498731089096565
0.015138689725991663
0.04293511307573778
0.040355906049732534
0.0035281622201750774
0.02621551472676895
0.021882902109365714
0.07614139842196874
0.001086608094935467
0.003836878847152139
0.04860028209376332
0.04401258682894253
0.029228091049355445
0.04553222291423121
0.03882355801918888
0.018175352394197163
0.02861415839247872
0.027217482206017624
0.016863017909665504
0.0034410945547157044
0.012433756543662166
0.008523610664219066
0.05306037526527445
0.014324586126473183
0.00161556539512249
0.029459029207447553
0.02133481280180943
0.017999379560699018
0.0032826036300496503
0.005956352832447655
0.06930426651925681
0.0014083580117040552
0.011335337926340866
0.011586945679493275
0.04034417899434437
0.0046007621432689
0.029169892632610658
0.012200216535449773
0.024452974688668618
4.499216166794767E-4
0.014288255558261848
0.0046626055259928
1.4268539628663058E-4
0.024899099925584492
0.004988931520539827
0.012370666638759029
0.032858958523775184
0.00807866390068666
7.483920788965549E-4
0.006276501182697587
0.023306847532010115
0.00807252087748419
2.821407420000279E-4
0.03066604709421934
0.05852392054694456
0.02144182947923621
0.0028357195728641884
0.051270333481901256
0.028980300502286935
0.03661854228562726
0.011170082148819835
0.0229607345441603
0.008159929322051491
0.03517664586699167
0.023056192023569868
0.0024416062250697144
0.002529847402947286
0.02262245883499412
0.0071615318610680125
0.009122189795243957
0.01313300004253642
0.04566444146768417
0.03455882126502106
0.010175551721750688
0.03269888874342486
0.017024803229259325
0.059415070298277875
0.04174851279888624
0.01753803691643215
0.01412104400205073
0.02699438607663431
0.02211526112416682
0.01793881198449148
0.07293895407232708
0.015228279684393747
0.06862244476519508
0.029337497989404788
0.02346635647258704
0.021215795525340683
0.0021197354407842994
0.04243540883044119
0.022922473059420616
0.0373276002644283
0.06371894320729532
0.05200513703241797
0.02307039083673805
0.01382234372739521
0.040175687448485015
0.04515951046143135
7.845665259633905E-4
0.020775868948325015
0.003803445079128877
0.017833923175007062
0.026468417072895458
0.012454095109779413
0.014934718827398821
0.026866365531540176
0.013909331222464018
0.036473292023128934
0.018388169397368464
0.02210603968157424
0.01866500041390687
0.004777754217829532
0.0804618877917126
0.029903053766775507
0.03145641458352592
0.014774518051393274
0.016550871721030022
0.04126312320274317
0.06610916754518639
0.0326130487319239
0.007872360923665082
0.12928084134236897
0.06961727522847753
0.08115406295308834
0.004744578448758708
0.0550844766435703
0.008580267451491007
0.031199165390733974
0.02665411232362003
0.025564878470680764
0.0034201743502343582
0.032809220101370405
0.013762114091405344
0.019692946376453028
0.011688266540666932
0.014083927946748136
0.023727672368343486
0.00785849555286889
0.06217991939323109
0.08745837424754736
0.15899348713039121
0.016802938018004844
0.05535536567048547
0.03798116741050919
0.022194803205410722
0.03493471297872805
0.022339691278704873
0.020667553701188498
0.09810849612833883
0.019653129762288998
0.008101543748717365
0.03490248895928993
9.462422923012698E-4
0.031006871785838233
0.04245388735850514
0.02187698182410254
0.0564388424237468
0.039772850716209014
0.10088617511010582
0.0210297177713684
0.04568483905318124
0.009203609245481725
7.367936997850587E-4
4.1319646531969305E-4
0.015487729430247989
0.10104412107482379
0.027734695216863933
0.005036554874596246
0.012532911310240705
0.02205755601686081
0.027532477303318318
0.026481151317812302
0.03856699338017541
0.01835231535177619
0.023731403514664944
0.02564386117970382
0.002091382686542316
0.012639111226003717
0.0026337680179650113
0.06630898570412333
0.0015787871112210989
0.05379001888984276
0.01921307282303932
0.029102311898834977
0.0297118114287532
8.866476235257634E-4
0.0282148989397407
0.05876913642004389
0.015034849136039544
0.0022608585180306042
0.018019248731135896
0.005257950169178454
0.02284756269897724
0.0364008163520769
0.03214334863162479
0.07055154216846428
0.007371928421422282
0.009059156294620384
0.0021627418169746083
0.05311017763947234
0.016619050665222283
0.05995928281415847
0.028512892435791238
0.006207608028567714
0.10235830079910675
0.001795720774473592
0.02742430533342316
0.04043522167079542
9.827458209253075E-4
6.773780757616548E-4
0.036361692231226476
0.06379051181944925
0.11460755579442285
0.26867980305088096
0.015078048201519183
0.17618197803629232
0.017717103206646913
0.04092283154357717
0.03240477737695148
0.003723733500419075
0.01026413657690385
0.00589573422992107
0.009468808711582023
0.027143787028836578
0.03972280792565963
0.0256227971573649
0.05208627698818553
0.031130119403864644
0.01652739700794823
0.01880374972666111
0.04596538031127569
0.13495335648223614
0.048133107163987075
0.07649223755025528
0.06388986611530784
0.053960605914319504
0.024442631061200863
0.07441681624418571
0.013675683498191352
0.12941287006186358
0.22124006631531457
0.004754743330157836
0.4477290774369506
0.0876730966139991
0.08135665780065864
0.020546379879768203
0.041075637547536153
2.8162255097368473E-4
0.0174430434726125
0.03935533526877617
0.06696525262153995
0.007242436070104376
0.03650085325491818
0.11346102942466954
0.13401615069522654
0.07581229294247002
0.056733737933397366
0.06508654076525518
0.009124552632872722
0.4002915648708598
0.02811393341957061
0.023187770099002077
0.032591432898608615
0.015400553505408896
0.052760311204037263
0.022834277990055874
0.1092214242802063
0.2676674590773563
1.0
0.29675650956514443
0.09942359287307029
0.16907542092127043
0.08466867122036013
0.05528622767423318
0.022676922364335047
0.06538927153496957
0.04605433880683648
0.12935104045979187
0.0023041682464403548
0.06742637793160172
0.017789951904731066
0.035322784351017184
0.05077046362666429
0.008500649527090311
0.030444571387808074
0.021868016728874874
0.02052341817612613
0.09966893763398908
0.029745564570637248
0.025761611566626173
0.020495369270232613
0.028036438101727987
0.04510013221119781
0.04152177828993225
0.004304136667309372
0.016809800850675176
0.05023052658836908
0.0535001597976497
0.06613764614461774
0.12666013372068102
0.0426439457272858
0.04023649086755989
0.11111023906953367
0.0195257596103463
0.07840818622999775
0.10329233642412151
0.06049440431754534
0.13437004989045157
0.12583818980199368
0.039376806051822255
0.04222657399962841
0.035925846782198435
0.015745808345159457
0.037922450698867176
