-0.07236036313392095
0.0716833362526564
0.08073889314350466
0.11341320052895326
0.15037472330360263
0.13437575333940097
0.02214860088505513
0.14756106616369444
0.25403547972122864
0.19614749755612285
0.00909501276870334
0.1421827489178356
0.119387078755133
0.03549286181706821
0.130958246196519
0.030443552811874233
0.19073880916548913
0.32279727967312594
0.25390292012909565
0.08948153615309545
0.018528461266202646
0.08998966645864459
0.16959497978668775
0.12186883620530412
0.016779452919207256
0.08899274261593787
0.01678160808292244
0.109577714110916
0.15956515665579957
0.12606773369425744
0.10649574257292961
0.14147959388532902
0.1499926670087368
0.06136893902873925
0.045779371055029695
0.02049937300210436
0.14140550271280264
0.24115784238347932
0.10941969800775106
0.1411064684709633
0.1960462428774665
0.08428701551826687
0.43352390755087905
0.4160125323871221
0.09300485765587196
0.7310074212176899
1.0
0.7638975937325799
0.34159290943250636
0.11988547778242588
0.15447951280878064
0.19874547113265065
0.0653678239250594
0.14702375058868836
0.21204159935331784
0.07527954210247435
0.09115543695146223
0.11850106129824757
0.03605622250068532
0.007119411302771101
0.04455006902659286
0.10140961069254181
0.0864252618214652
0.057232356198649297
0.11136905729498872
0.21590530467728125
0.22613370236300992
0.09838620421881805
0.007389922378389078
0.16665798869129783
0.5371771364267075
0.7952971879060557
0.6466591012352081
0.14904481987255638
0.32915450240872773
0.4764216433602005
0.32376834301761986
0.15031781983490974
0.1526002344480772
0.264518788182215
0.29719013581720094
0.18699102852492286
0.05284629113455503
0.031042722195899104
0.11667030387408334
0.19264359666801611
0.17724005809333104
0.09841184938445557
0.029632118517103335
0.0016591076692629488
0.018917211918649875
0.03775809329663361
0.041376608431705056
0.01625275074643183
0.018955242009107587
0.03928959476324983
0.05209431175497322
0.08468969759519916
0.1346730928179564
0.15656729064595246
0.11200676822374873
0.021886961718524108
0.047783940539395726
0.05028145863907213
0.003475105095310332
0.06863195895107523
0.11034555558553158
0.11608643138755542
0.08254626673883253
0.015811238731181752
0.0540099492858692
0.08219289585782674
0.05183289536627708
9.94665360845593E-4
0.02263760388228523
0.002861686194830685
0.015952819207181206
0.003985045222000563
0.04746945951481688
0.07202771989360461
0.0697837012688634
0.07349414899497143
0.09369413824561332
0.08135744825496509
0.01220090180662688
0.1450641279570965
0.19698735778900317
0.09906283498577112
0.06898697316911433
0.14982051265289328
0.08285855341062814
0.024676924322916932
0.025183167139687025
0.09071290953204218
0.18209042968602818
0.12975743745390989
0.017402406358937465
0.10051315436581224
0.039283511458126134
0.08086380534632583
0.12292609456792364
0.06325330380113514
0.004132251358987433
0.032411135149554016
0.11265981817906605
0.14402105471525717
0.09266456360533708
0.024287098685525182
0.0064165895803203945
0.022698675839834478
0.011835160421186363
0.03560218697333832
0.06655532792467339
0.05582495574642268
0.0603003026116008
0.1432877524002514
0.261881794593707
0.2826193341839664
0.13425944734542467
0.08323936775224908
0.181909480461566
0.07984628776137902
0.11619904059075926
0.23281296449028016
0.20828698927368544
0.1237480252796696
0.07398069048225321
0.05469032784096314
7.786900888240975E-5
0.10014337897540584
0.16678639556725117
0.12729522700565027
0.008950996633725916
0.08888224272273257
0.10469650633274026
0.06848355991649366
0.04519975157847949
0.05605154613713539
0.07666876905256301
0.09257949516720461
0.11777511611549638
0.1505932298454521
0.145040615201864
0.05960872179546172
0.071558169675935
0.1499994950324812
0.1124852178621746
0.0029189816039179774
0.07549827774524034
0.07252515412431428
0.03125051847072486
0.013545225618199175
0.014610731421870155
0.02053661794887667
0.10518959070471602
0.17249613691385648
0.1489693910260637
0.04875556275461436
0.03400208799010786
0.028857510016276375
0.03793076848118581
0.08591368053393038
0.07709787429725538
0.045126019198037444
0.0324504240502137
0.03027670595755162
0.001572743213517056
0.052692541420602944
0.08288050332885986
0.054361189437749056
0.0018149495357589437
0.024000325701274763
0.0028231256048265613
0.030916453568290127
0.01785298036645419
0.012241298319917967
6.450186369441512E-4
0.06635748591488398
0.11725471693134973
0.08236361225130943
0.025155247584629854
0.1168557695114276
0.12623504732522675
0.07792486115362658
0.0485948673686232
0.07209537981640585
0.10441616044479561
0.0843200956694565
0.00901774029463773
0.06547961794587993
0.09063651872845553
0.07236036313392095
0.048238886992814506
0.03600712086786095
0.022054213681745764
0.0035616514752344875
0.02169601782333709
0.006224589042555461
0.03668684033186057
0.06737559442617143
0.05509871940079625
0.012642548680530392
0.01918098323327655
0.017938211785369015
0.0017784466784232361
0.0037285489948388375
0.0309961356745748
0.05643068397248961
0.04947894453539475
0.010398480820888624
0.028697878588617134
0.035327034490648175
0.008206560976010968
0.021141768280902015
0.017949551692985743
0.021558512365862266
0.06254665583457036
0.06033810787809098
0.0028417526762690394
0.07234010205370807
0.10600304342945428
0.06832222157676132
0.014421306197458381
0.08295051655169099
0.09468178736040976
0.0523656621482825
0.00982933416055173
0.05939235520269862
0.08220968199482954
0.07655911037679383
0.045757833659077055
0.0022519090393876093
0.030631436151276354
0.03415739788508954
0.01323341346245828
0.009068299794772255
0.021248438224022673
0.03980501280626572
0.08449354210473065
0.13872548783918098
0.150849903835446
0.08861283582281726
0.012012801780162268
0.06925252031919828
0.03663401096405149
0.044699128402250446
0.08614292153836826
0.04482028843528053
0.03272337067945657
0.06448155893972102
0.022279796609471512
0.04348055144694628
0.06597130869127679
0.034668199269044436
0.0026461806169518548
0.002199317587885053
0.027146112177469775
0.04159939846139682
0.016820040349499656
0.02770593400945712
0.05588499798458438
0.05312860128750753
0.031342897841174104
0.0061524007997495024
0.016328059806717924
0.0290573120805621
0.015026708474885632
0.03706863612976408
0.10854054470088143
0.15432101983645455
0.14061148532497453
0.0783443224165934
0.013852428339669882
0.014673522159385059
0.007967779262985475
0.006860017160484346
0.012303398430822144
0.01600154270051528
0.03091333143801912
0.049496470963297685
0.047309390978185095
0.013629066898215218
0.028374492017534527
0.039558618303778
0.004911290361819461
0.04737703539344354
0.07064539757782944
0.04464248191624918
0.005193008063049148
0.033549413863937
0.018934579906714516
0.019482886569120044
0.046619317630756656
0.04799878562694749
0.0378792672472899
0.03350503481858342
0.029766917371752518
0.0069749999006285725
0.03723391972130631
0.0731105979604636
0.06472012515773029
0.010999053784899685
0.0458134156232437
0.058128462309101785
0.0185241305593077
0.03553808291520166
0.06091934554030954
0.047979866054443515
0.02062466650908978
0.005187303476378611
0.007073262116759622
0.015734747135993613
0.021117594541767894
0.01768691020036155
0.0013948029148281524
0.04043359707548512
0.086721917980821
0.10950406629638229
0.085931227563183
0.02938812900275109
0.017240932734377615
0.02290304341010703
0.001075045854060185
0.01809515161108313
0.010897872308680076
0.0013913952107215786
0.005448735032745549
0.022733480271545602
0.01593508692070174
0.02906579528719649
0.0792702617183376
0.0850329267162979
0.03481886116702344
0.030077075655351823
0.05780180908037772
0.035583862675144795
0.0069487210771902175
0.035702182700947174
0.041676073332680766
0.03406302487588279
0.019498542525810594
3.1817911947816394E-4
0.012632953583474443
0.0023130898739294093
0.03238384258365249
0.0667632695668531
0.07466845330966394
0.060557085705122894
0.05507820675240979
0.07476946243294601
0.09740729988974203
0.08885661951282518
0.04925307342249485
0.016086028559195973
0.015537638527411647
0.02473882720116309
7.356507231048475E-4
0.06400941571206477
0.1105822267751455
0.08686796704495145
0.005748482478457053
0.06328771874900756
0.07089097114203778
0.03923754327649758
0.026754660357602836
0.052743718443344606
0.07659130125215703
0.05442036323293412
0.002185614121412373
0.039802471267514086
0.028150512692527038
0.008331055296471596
0.028535592845979965
0.026179766132322483
0.02579956755507608
0.03473361010058791
0.024097842278917692
0.03019721553391519
0.10280682358048482
0.13801411210417625
0.1149548761021628
0.07421566386233218
0.06628460056996857
0.08543724812128692
0.07676972610644364
0.011751819679320262
0.06426388049935994
0.07862990879035002
0.01927553229324102
0.045332088111414884
0.04258882150167845
0.021624496519569717
0.07242579022702902
0.05399883252612447
0.009681670324016189
0.04900942443823476
0.029635971255301805
0.01691660157228542
0.03968966873255075
0.02583845406400455
0.001999345979249636
0.008722733742496396
0.011410353637555033
0.019389372645471234
0.02761635594912328
0.020753185489815452
0.0019884178761957385
0.0034661884377230603
0.019749740312484734
0.05218860975549946
0.05835038934595564
0.028616928925530714
0.008291925753401569
0.01864267365935697
0.0018573204088739071
0.011951529609671871
8.32959299587384E-4
0.03141387704515451
0.05126434614766957
0.043199771318866396
0.014913100614070576
0.012984842467801544
0.024120121044640317
0.012984842467801544
0.014913100614070576
0.043199771318866396
0.05126434614766957
0.03141387704515451
8.32959299587384E-4
0.011951529609671871
0.0018573204088739071
0.01864267365935697
0.008291925753401569
0.028616928925530714
0.05835038934595564
0.05218860975549946
0.019749740312484734
0.0034661884377230603
0.0019884178761957385
0.020753185489815452
0.02761635594912328
0.019389372645471234
0.011410353637555033
0.008722733742496396
0.001999345979249636
0.02583845406400455
0.03968966873255075
0.01691660157228542
0.029635971255301805
0.04900942443823476
0.009681670324016189
0.05399883252612447
0.07242579022702902
0.021624496519569717
0.04258882150167845
0.045332088111414884
0.01927553229324102
0.07862990879035002
0.06426388049935994
0.011751819679320262
0.07676972610644364
0.08543724812128692
0.06628460056996857
0.07421566386233218
0.1149548761021628
0.13801411210417625
0.10280682358048482
0.03019721553391519
0.024097842278917692
0.03473361010058791
0.02579956755507608
0.026179766132322483
0.028535592845979965
0.008331055296471596
0.028150512692527038
0.039802471267514086
0.002185614121412373
0.05442036323293412
0.07659130125215703
0.052743718443344606
0.026754660357602836
0.03923754327649758
0.07089097114203778
0.06328771874900756
0.005748482478457053
0.08686796704495145
0.1105822267751455
0.06400941571206477
7.356507231048475E-4
0.02473882720116309
0.015537638527411647
0.016086028559195973
0.04925307342249485
0.08885661951282518
0.09740729988974203
0.07476946243294601
0.05507820675240979
0.060557085705122894
0.07466845330966394
0.0667632695668531
0.03238384258365249
0.0023130898739294093
0.012632953583474443
3.1817911947816394E-4
0.019498542525810594
0.03406302487588279
0.041676073332680766
0.035702182700947174
0.0069487210771902175
0.035583862675144795
0.05780180908037772
0.030077075655351823
0.03481886116702344
0.0850329267162979
0.0792702617183376
0.02906579528719649
0.01593508692070174
0.022733480271545602
0.005448735032745549
0.0013913952107215786
0.010897872308680076
0.01809515161108313
0.001075045854060185
0.02290304341010703
0.017240932734377615
0.02938812900275109
0.085931227563183
0.10950406629638229
0.086721917980821
0.04043359707548512
0.0013948029148281524
0.01768691020036155
0.021117594541767894
0.015734747135993613
0.007073262116759622
0.005187303476378611
0.02062466650908978
0.047979866054443515
0.06091934554030954
0.03553808291520166
0.0185241305593077
0.058128462309101785
0.0458134156232437
0.010999053784899685
0.06472012515773029
0.0731105979604636
0.03723391972130631
0.0069749999006285725
0.029766917371752518
0.03350503481858342
0.0378792672472899
0.04799878562694749
0.046619317630756656
0.019482886569120044
0.018934579906714516
0.033549413863937
0.005193008063049148
0.04464248191624918
0.07064539757782944
0.04737703539344354
0.004911290361819461
0.039558618303778
0.028374492017534527
0.013629066898215218
0.047309390978185095
0.049496470963297685
0.03091333143801912
0.01600154270051528
0.012303398430822144
0.006860017160484346
0.007967779262985475
0.014673522159385059
0.013852428339669882
0.0783443224165934
0.14061148532497453
0.15432101983645455
0.10854054470088143
0.03706863612976408
0.015026708474885632
0.0290573120805621
0.016328059806717924
0.0061524007997495024
0.031342897841174104
0.05312860128750753
0.05588499798458438
0.02770593400945712
0.016820040349499656
0.04159939846139682
0.027146112177469775
0.002199317587885053
0.0026461806169518548
0.034668199269044436
0.06597130869127679
0.04348055144694628
0.022279796609471512
0.06448155893972102
0.03272337067945657
0.04482028843528053
0.08614292153836826
0.044699128402250446
0.03663401096405149
0.06925252031919828
0.012012801780162268
0.08861283582281726
0.150849903835446
0.13872548783918098
0.08449354210473065
0.03980501280626572
0.021248438224022673
0.009068299794772255
0.01323341346245828
0.03415739788508954
0.030631436151276354
0.0022519090393876093
0.045757833659077055
0.07655911037679383
0.08220968199482954
0.05939235520269862
0.00982933416055173
0.0523656621482825
0.09468178736040976
0.08295051655169099
0.014421306197458381
0.06832222157676132
0.10600304342945428
0.07234010205370807
0.0028417526762690394
0.06033810787809098
0.06254665583457036
0.021558512365862266
0.017949551692985743
0.021141768280902015
0.008206560976010968
0.035327034490648175
0.028697878588617134
0.010398480820888624
0.04947894453539475
0.05643068397248961
0.0309961356745748
0.0037285489948388375
0.0017784466784232361
0.017938211785369015
0.01918098323327655
0.012642548680530392
0.05509871940079625
0.06737559442617143
0.03668684033186057
0.006224589042555461
0.02169601782333709
0.0035616514752344875
0.022054213681745764
0.03600712086786095
0.048238886992814506
0.07236036313392095
0.09063651872845553
0.06547961794587993
0.00901774029463773
0.0843200956694565
0.10441616044479561
0.07209537981640585
0.0485948673686232
0.07792486115362658
0.12623504732522675
0.1168557695114276
0.025155247584629854
0.08236361225130943
0.11725471693134973
0.06635748591488398
6.450186369441512E-4
0.012241298319917967
0.01785298036645419
0.030916453568290127
0.0028231256048265613
0.024000325701274763
0.0018149495357589437
0.054361189437749056
0.08288050332885986
0.052692541420602944
0.001572743213517056
0.03027670595755162
0.0324504240502137
0.045126019198037444
0.07709787429725538
0.08591368053393038
0.03793076848118581
0.028857510016276375
0.03400208799010786
0.04875556275461436
0.1489693910260637
0.17249613691385648
0.10518959070471602
0.02053661794887667
0.014610731421870155
0.013545225618199175
0.03125051847072486
0.07252515412431428
0.07549827774524034
0.0029189816039179774
0.1124852178621746
0.1499994950324812
0.071558169675935
0.05960872179546172
0.145040615201864
0.1505932298454521
0.11777511611549638
0.09257949516720461
0.07666876905256301
0.05605154613713539
0.04519975157847949
0.06848355991649366
0.10469650633274026
0.08888224272273257
0.008950996633725916
0.12729522700565027
0.16678639556725117
0.10014337897540584
7.786900888240975E-5
0.05469032784096314
0.07398069048225321
0.1237480252796696
0.20828698927368544
0.23281296449028016
0.11619904059075926
0.07984628776137902
0.181909480461566
0.08323936775224908
0.13425944734542467
0.2826193341839664
0.261881794593707
0.1432877524002514
0.0603003026116008
0.05582495574642268
0.06655532792467339
0.03560218697333832
0.011835160421186363
0.022698675839834478
0.0064165895803203945
0.024287098685525182
0.09266456360533708
0.14402105471525717
0.11265981817906605
0.032411135149554016
0.004132251358987433
0.06325330380113514
0.12292609456792364
0.08086380534632583
0.039283511458126134
0.10051315436581224
0.017402406358937465
0.12975743745390989
0.18209042968602818
0.09071290953204218
0.025183167139687025
0.024676924322916932
0.08285855341062814
0.14982051265289328
0.06898697316911433
0.09906283498577112
0.19698735778900317
0.1450641279570965
0.01220090180662688
0.08135744825496509
0.09369413824561332
0.07349414899497143
0.0697837012688634
0.07202771989360461
0.04746945951481688
0.003985045222000563
0.015952819207181206
0.002861686194830685
0.02263760388228523
9.94665360845593E-4
0.05183289536627708
0.08219289585782674
0.0540099492858692
0.015811238731181752
0.08254626673883253
0.11608643138755542
0.11034555558553158
0.06863195895107523
0.003475105095310332
0.05028145863907213
0.047783940539395726
0.021886961718524108
0.11200676822374873
0.15656729064595246
0.1346730928179564
0.08468969759519916
0.05209431175497322
0.03928959476324983
0.018955242009107587
0.01625275074643183
0.041376608431705056
0.03775809329663361
0.018917211918649875
0.0016591076692629488
0.029632118517103335
0.09841184938445557
0.17724005809333104
0.19264359666801611
0.11667030387408334
0.031042722195899104
0.05284629113455503
0.18699102852492286
0.29719013581720094
0.264518788182215
0.1526002344480772
0.15031781983490974
0.32376834301761986
0.4764216433602005
0.32915450240872773
0.14904481987255638
0.6466591012352081
0.7952971879060557
0.5371771364267075
0.16665798869129783
0.007389922378389078
0.09838620421881805
0.22613370236300992
0.21590530467728125
0.11136905729498872
0.057232356198649297
0.0864252618214652
0.10140961069254181
0.04455006902659286
0.007119411302771101
0.03605622250068532
0.11850106129824757
0.09115543695146223
0.07527954210247435
0.21204159935331784
0.14702375058868836
0.0653678239250594
0.19874547113265065
0.15447951280878064
0.11988547778242588
0.34159290943250636
0.7638975937325799
1.0
0.7310074212176899
0.09300485765587196
0.4160125323871221
0.43352390755087905
0.08428701551826687
0.1960462428774665
0.1411064684709633
0.10941969800775106
0.24115784238347932
0.14140550271280264
0.02049937300210436
0.045779371055029695
0.06136893902873925
0.1499926670087368
0.14147959388532902
0.10649574257292961
0.12606773369425744
0.15956515665579957
0.109577714110916
0.01678160808292244
0.08899274261593787
0.016779452919207256
0.12186883620530412
0.16959497978668775
0.08998966645864459
0.018528461266202646
0.08948153615309545
0.25390292012909565
0.32279727967312594
0.19073880916548913
0.030443552811874233
0.130958246196519
0.03549286181706821
0.119387078755133
0.1421827489178356
0.00909501276870334
0.19614749755612285
0.25403547972122864
0.14756106616369444
0.02214860088505513
0.13437575333940097
0.15037472330360263
0.11341320052895326
0.08073889314350466
0.0716833362526564
