0.0
0.023143932774497396
0.09392232916766656
0.06895664436923096
0.030198291290142756
0.007052791587858805
0.056903965863574074
0.10136272183120665
0.03752254817082022
0.10972686676465208
0.08192355512415
0.001489427035928124
0.07863286020540305
1.0243984753945504E-4
0.062128456900096767
0.05731253672545355
0.008598920585742749
0.10475160444036948
0.008631766515613185
0.06518575547490184
0.03362992165334541
0.009095552743449278
0.017268009548776487
0.02115589527084395
0.05719698049315921
0.0610591276232117
0.07665329838106646
0.0824622154259524
0.08743704186724138
0.06720372195931411
0.0468509871229226
0.1315476297035927
0.023606150865324145
0.07071896555310249
0.061729865420962995
0.03747817750270121
0.009077135237770682
0.005159022025220878
0.04112673344261704
0.07107615475500466
0.009235368384652996
0.03847201154513675
0.06561471387734609
0.007053198690480697
0.12074041480364554
0.03231196205869342
0.009578495647454801
0.037016450330721484
0.029059054233730827
0.017959036980941808
0.06183889753987721
0.04163469464915539
0.044518024319855416
0.049659017330510355
0.009588825016174484
0.03054826372750212
0.054147666004933655
0.0923079504854954
0.05128951225956923
0.07323040096606936
0.018763356377416596
0.06525828818023248
0.07078386320558187
0.033220805561518414
0.045639189404454626
0.13360235835141088
0.053442593669183074
0.05192566872244746
0.11788518851568323
0.07873107551220292
0.02692140741774145
0.025855462630950992
0.01857468887595089
0.022158165575527192
0.009836988264099998
0.051121662862999746
0.07073605347783972
0.03502105940040832
0.0015417844776532024
0.0848764199836749
0.06818834802281483
0.12578271115558093
0.008922304444075616
0.025601055365092967
0.09204295445574204
0.05188927844454309
0.05229011320144321
0.07269821918475224
0.11231889254935974
0.041493666152119336
0.04674951048165497
0.0484801659433061
0.056310990156389136
0.04375890019460406
0.02373665072657021
0.0685147131571935
0.055331274682516925
0.005010105377417723
0.0723393825205884
0.012824268316521777
0.020405744358148327
0.05436666634067099
0.10122871568235105
0.06935944932916685
0.11596847408751337
0.01422565469174821
0.044215723379360146
0.008447625460829417
0.038555686042385164
0.10676090189603865
0.08753418323993495
0.09336132151231634
0.13574162817900504
0.06430946403665601
0.0462515080428846
0.01958993924846569
0.010686185951144747
0.1202151055875557
0.20109976531379709
0.07010486849312174
0.15382697951000057
0.06160473025374728
0.10941825467920789
0.22684147080308376
0.11817322504205448
0.28564244613077977
0.17657630200222252
0.017476680281932163
0.16721695169726933
0.16116589527701997
0.10713659123737367
0.006394636380407583
0.30072164836928716
0.2530100157978136
0.11191730686241472
0.06835188315807504
0.08949845969680657
0.10201697625365329
0.014972242585336066
0.05757180368704935
0.04863330914971414
0.1286335145149838
0.03453094299630966
0.11636587047976278
0.18395090073642928
0.22132776081645433
0.11934237489318197
0.0585994027770709
0.08900693006691077
0.052997715490348166
0.100534279254979
0.12507030965619612
0.024610959490286615
0.49090162038362845
0.1431769150269279
0.06708739940987463
0.1515569018374848
0.09547516888857523
0.026985945707563644
0.13051295228577003
0.1852506302189952
0.11636152528239838
0.07721687407850486
0.03521304862791753
0.2595765620404674
0.11269529504223082
0.1590167140584956
0.22268694581246337
0.08872446319497627
0.2192864618208319
0.049856267068563574
0.21613483133212194
0.15733813227549157
0.45703628518700434
0.14236350897795896
0.3565311475397417
0.03964974614358392
0.24288997946757157
0.12362110576228641
0.35013216972405314
0.6156571524023636
0.9859029161584987
0.9671251974677676
1.0
0.2861331143337049
0.5252288940966702
0.699213867549164
0.8486071542969336
0.03296577324837591
0.4305036739579435
0.9865840551728542
0.18994857949877259
0.16119504606328172
0.2123809502830425
0.04832906715643095
0.14724572325983856
0.1083924589748914
0.030356744337694537
0.04457629583355514
0.09957972680592629
0.00680707572882304
0.0874007523508385
0.08527844809316082
0.04184856239099889
0.07447049061267454
0.02776868255728646
0.059217503718842164
0.0015726198871316471
0.1006602899189187
0.07236720680394639
0.02820670762543518
0.11436276302042239
0.10217531960297181
0.1957172791643827
0.046330084260359936
0.0591897829091035
0.08415724802371118
0.19681382235409467
0.21293401540809795
0.02252393684032699
0.11830027666211712
0.09269286013630024
0.059577093514639294
0.019650013041426596
0.0067775683740063175
0.11268261297223783
0.060238978801664934
1.6102067775037735E-5
0.06738621132699385
0.05900666045078949
0.06912913013780561
0.07809649910559703
0.05841141668050628
0.06005932340369293
0.058102934633877855
0.05534654428375618
0.03562320284189672
0.06696400548867731
0.06611388455842704
0.3915754534247932
0.019830327933741697
0.06562573718687491
0.023034182793787536
0.05426749319955512
0.03215434525081676
0.07454055133805045
0.05422730890724902
0.08668509495781392
0.21116912412829247
0.009319368365141158
0.232187711672414
0.046629024867298814
0.09969935431252101
0.02075556037977625
0.01189206750197378
0.22490118727760414
0.17816971494611633
0.20630577300261543
0.0584749519608271
0.11341582460756212
2.784622691524972E-5
0.017221916945367448
0.07216192495948293
0.0601708349285518
0.12162569541791972
0.05158181704748527
0.024217434557797797
0.0359287846622668
0.055495647299148625
0.020492425913155393
0.013921037627003741
0.0271432129352282
0.0053155528731716264
0.01639098641087291
0.05333947694240488
0.07296904224754953
0.069059870845353
0.0037061854742052804
0.011471887633313686
0.028824224090493514
0.019952739193431657
0.014090031089567747
0.003954718946003422
0.0922580932906005
0.07316261697106764
0.04433149182379955
0.003445013034718057
0.1522578596982731
0.022170226445980327
0.01289471854316503
0.010297899351715541
0.00633490460570747
0.05456768047058109
0.024056754417554817
0.05520783380367874
0.08054815955369679
0.002028325673726759
0.05443711389902494
0.10106394884141086
0.06349335304907626
0.06819692051057011
0.03809280350204701
0.04380411050720188
0.06598782888738351
0.020767168013075193
0.048567512974571764
0.13142588599122354
0.014264457744038476
0.06508041592133086
0.0509282733334366
0.025871343377320135
0.05295987093366094
0.0016899771762572023
0.0436827327823451
0.022011718923446656
0.01653842749382981
0.005294040197541846
0.00930766977284539
0.042665933765608594
0.04779807174915081
0.08322618355450162
0.060341551619125626
0.011551958026860328
0.003938896809503408
0.06896340619207235
0.02209227562073411
0.07458814081013478
0.030491288408441907
0.0591253486795957
0.1303685505237341
0.011245001607630114
0.05560345398854603
0.023468028115826187
0.006807682644958082
0.10776517651479285
0.020501326747367387
0.008875725649476795
0.027962482615197164
0.06517205824888257
0.05204964781079286
0.014290714232179695
0.008954427049361238
0.06966720774365183
0.05577149931047131
0.03985600687574868
0.05865982084183568
0.06171553177792388
0.0034694418087671953
0.01812706440744459
0.039672715911111094
0.07277572044729214
0.015492804715830264
0.05925252404135324
0.030161179257306218
0.03349595308609306
0.03667307654960287
0.1404776344150698
0.03180052304517529
0.11053337975503226
0.028167804476697526
0.01728336510327848
0.11277953536187416
0.01098193032825981
0.03102799544271042
0.09722292398128916
0.0030671519413110844
0.05916369665180693
0.002498189059687422
0.01940277966743823
0.13251472767489075
0.1136489449792795
0.06125321076970302
0.07739341146185916
0.09588889048293751
0.010168946480095116
0.011130943906188401
0.0012448006989408456
0.0308068902975921
0.010432606945005474
0.10064319298825376
0.04892914137881627
0.005377881399725289
0.13209744703686555
0.03198580749582323
0.035717405083178645
0.09513977244225338
0.12579041702814064
0.059371742775369676
0.04630579778391596
0.04323934403499858
0.016663646135238772
0.04790104787557568
0.08576493035007855
0.11700648413466705
0.04328395354536701
0.06177501532052002
0.05789701462775395
0.007252258530136855
0.03492034186226282
0.007074847563679846
1.3289579134118408E-4
0.09379191555361861
0.014777915531778932
0.06739555856754267
0.01934833300346945
0.013042346769911227
0.03132348302832496
0.0012850749434085839
0.09862086934662419
0.015268903538718051
0.10292348630685884
0.025565015408418473
0.12916806126536007
0.012216908229834058
0.03917974698149997
0.0193610303299075
0.027671759900111028
0.010712349565090125
0.08522084402598232
0.0051769804945887635
0.05323312603925392
0.05152101941698385
0.005715313287651798
0.021591615525712482
0.0956154430986143
0.020232568810125088
0.022911680049963766
0.01774237143055031
0.13946126803312828
0.006644754095990325
0.02556368574107449
0.008971843047322322
0.033027729045316166
0.019146523382304124
0.08828106154342072
0.03578214696974073
0.04881297315363637
0.08126936998704877
0.016434570519115937
0.020823695446518752
0.046912599407936455
0.08448486544851821
0.03393815904009824
0.038867399504626005
0.007575617718084887
0.06791317257767995
0.02839870858936999
0.04010948516648555
5.863621497519847E-4
0.0201254251778309
0.11434715513419072
0.025329476067501803
0.1194145634101978
0.027140236958831894
0.088432198764621
0.057551556198772724
0.007615719885543809
0.10359637634464193
0.03819739876096824
0.07589773573587365
0.008963458996779465
0.1558584466533778
0.052064332737064685
0.1558584466533778
0.008963458996779465
0.07589773573587365
0.03819739876096824
0.10359637634464193
0.007615719885543809
0.057551556198772724
0.088432198764621
0.027140236958831894
0.1194145634101978
0.025329476067501803
0.11434715513419072
0.0201254251778309
5.863621497519847E-4
0.04010948516648555
0.02839870858936999
0.06791317257767995
0.007575617718084887
0.038867399504626005
0.03393815904009824
0.08448486544851821
0.046912599407936455
0.020823695446518752
0.016434570519115937
0.08126936998704877
0.04881297315363637
0.03578214696974073
0.08828106154342072
0.019146523382304124
0.033027729045316166
0.008971843047322322
0.02556368574107449
0.006644754095990325
0.13946126803312828
0.01774237143055031
0.022911680049963766
0.020232568810125088
0.0956154430986143
0.021591615525712482
0.005715313287651798
0.05152101941698385
0.05323312603925392
0.0051769804945887635
0.08522084402598232
0.010712349565090125
0.027671759900111028
0.0193610303299075
0.03917974698149997
0.012216908229834058
0.12916806126536007
0.025565015408418473
0.10292348630685884
0.015268903538718051
0.09862086934662419
0.0012850749434085839
0.03132348302832496
0.013042346769911227
0.01934833300346945
0.06739555856754267
0.014777915531778932
0.09379191555361861
1.3289579134118408E-4
0.007074847563679846
0.03492034186226282
0.007252258530136855
0.05789701462775395
0.06177501532052002
0.04328395354536701
0.11700648413466705
0.08576493035007855
0.04790104787557568
0.016663646135238772
0.04323934403499858
0.04630579778391596
0.059371742775369676
0.12579041702814064
0.09513977244225338
0.035717405083178645
0.03198580749582323
0.13209744703686555
0.005377881399725289
0.04892914137881627
0.10064319298825376
0.010432606945005474
0.0308068902975921
0.0012448006989408456
0.011130943906188401
0.010168946480095116
0.09588889048293751
0.07739341146185916
0.06125321076970302
0.1136489449792795
0.13251472767489075
0.01940277966743823
0.002498189059687422
0.05916369665180693
0.0030671519413110844
0.09722292398128916
0.03102799544271042
0.01098193032825981
0.11277953536187416
0.01728336510327848
0.028167804476697526
0.11053337975503226
0.03180052304517529
0.1404776344150698
0.03667307654960287
0.03349595308609306
0.030161179257306218
0.05925252404135324
0.015492804715830264
0.07277572044729214
0.039672715911111094
0.01812706440744459
0.0034694418087671953
0.06171553177792388
0.05865982084183568
0.03985600687574868
0.05577149931047131
0.06966720774365183
0.008954427049361238
0.014290714232179695
0.05204964781079286
0.06517205824888257
0.027962482615197164
0.008875725649476795
0.020501326747367387
0.10776517651479285
0.006807682644958082
0.023468028115826187
0.05560345398854603
0.011245001607630114
0.1303685505237341
0.0591253486795957
0.030491288408441907
0.07458814081013478
0.02209227562073411
0.06896340619207235
0.003938896809503408
0.011551958026860328
0.060341551619125626
0.08322618355450162
0.04779807174915081
0.042665933765608594
0.00930766977284539
0.005294040197541846
0.01653842749382981
0.022011718923446656
0.0436827327823451
0.0016899771762572023
0.05295987093366094
0.025871343377320135
0.0509282733334366
0.06508041592133086
0.014264457744038476
0.13142588599122354
0.048567512974571764
0.020767168013075193
0.06598782888738351
0.04380411050720188
0.03809280350204701
0.06819692051057011
0.06349335304907626
0.10106394884141086
0.05443711389902494
0.002028325673726759
0.08054815955369679
0.05520783380367874
0.024056754417554817
0.05456768047058109
0.00633490460570747
0.010297899351715541
0.01289471854316503
0.022170226445980327
0.1522578596982731
0.003445013034718057
0.04433149182379955
0.07316261697106764
0.0922580932906005
0.003954718946003422
0.014090031089567747
0.019952739193431657
0.028824224090493514
0.011471887633313686
0.0037061854742052804
0.069059870845353
0.07296904224754953
0.05333947694240488
0.01639098641087291
0.0053155528731716264
0.0271432129352282
0.013921037627003741
0.020492425913155393
0.055495647299148625
0.0359287846622668
0.024217434557797797
0.05158181704748527
0.12162569541791972
0.0601708349285518
0.07216192495948293
0.017221916945367448
2.784622691524972E-5
0.11341582460756212
0.0584749519608271
0.20630577300261543
0.17816971494611633
0.22490118727760414
0.01189206750197378
0.02075556037977625
0.09969935431252101
0.046629024867298814
0.232187711672414
0.009319368365141158
0.21116912412829247
0.08668509495781392
0.05422730890724902
0.07454055133805045
0.03215434525081676
0.05426749319955512
0.023034182793787536
0.06562573718687491
0.019830327933741697
0.3915754534247932
0.06611388455842704
0.06696400548867731
0.03562320284189672
0.05534654428375618
0.058102934633877855
0.06005932340369293
0.05841141668050628
0.07809649910559703
0.06912913013780561
0.05900666045078949
0.06738621132699385
1.6102067775037735E-5
0.060238978801664934
0.11268261297223783
0.0067775683740063175
0.019650013041426596
0.059577093514639294
0.09269286013630024
0.11830027666211712
0.02252393684032699
0.21293401540809795
0.19681382235409467
0.08415724802371118
0.0591897829091035
0.046330084260359936
0.1957172791643827
0.10217531960297181
0.11436276302042239
0.02820670762543518
0.07236720680394639
0.1006602899189187
0.0015726198871316471
0.059217503718842164
0.02776868255728646
0.07447049061267454
0.04184856239099889
0.08527844809316082
0.0874007523508385
0.00680707572882304
0.09957972680592629
0.04457629583355514
0.030356744337694537
0.1083924589748914
0.14724572325983856
0.04832906715643095
0.2123809502830425
0.16119504606328172
0.18994857949877259
0.9865840551728542
0.4305036739579435
0.03296577324837591
0.8486071542969336
0.699213867549164
0.5252288940966702
0.2861331143337049
1.0
0.9671251974677676
0.9859029161584987
0.6156571524023636
0.35013216972405314
0.12362110576228641
0.24288997946757157
0.03964974614358392
0.3565311475397417
0.14236350897795896
0.45703628518700434
0.15733813227549157
0.21613483133212194
0.049856267068563574
0.2192864618208319
0.08872446319497627
0.22268694581246337
0.1590167140584956
0.11269529504223082
0.2595765620404674
0.03521304862791753
0.07721687407850486
0.11636152528239838
0.1852506302189952
0.13051295228577003
0.026985945707563644
0.09547516888857523
0.1515569018374848
0.06708739940987463
0.1431769150269279
0.49090162038362845
0.024610959490286615
0.12507030965619612
0.100534279254979
0.052997715490348166
0.08900693006691077
0.0585994027770709
0.11934237489318197
0.22132776081645433
0.18395090073642928
0.11636587047976278
0.03453094299630966
0.1286335145149838
0.04863330914971414
0.05757180368704935
0.014972242585336066
0.10201697625365329
0.08949845969680657
0.06835188315807504
0.11191730686241472
0.2530100157978136
0.30072164836928716
0.006394636380407583
0.10713659123737367
0.16116589527701997
0.16721695169726933
0.017476680281932163
0.17657630200222252
0.28564244613077977
0.11817322504205448
0.22684147080308376
0.10941825467920789
0.06160473025374728
0.15382697951000057
0.07010486849312174
0.20109976531379709
0.1202151055875557
0.010686185951144747
0.01958993924846569
0.0462515080428846
0.06430946403665601
0.13574162817900504
0.09336132151231634
0.08753418323993495
0.10676090189603865
0.038555686042385164
0.008447625460829417
0.044215723379360146
0.01422565469174821
0.11596847408751337
0.06935944932916685
0.10122871568235105
0.05436666634067099
0.020405744358148327
0.012824268316521777
0.0723393825205884
0.005010105377417723
0.055331274682516925
0.0685147131571935
0.02373665072657021
0.04375890019460406
0.056310990156389136
0.0484801659433061
0.04674951048165497
0.041493666152119336
0.11231889254935974
0.07269821918475224
0.05229011320144321
0.05188927844454309
0.09204295445574204
0.025601055365092967
0.008922304444075616
0.12578271115558093
0.06818834802281483
0.0848764199836749
0.0015417844776532024
0.03502105940040832
0.07073605347783972
0.051121662862999746
0.009836988264099998
0.022158165575527192
0.01857468887595089
0.025855462630950992
0.02692140741774145
0.07873107551220292
0.11788518851568323
0.05192566872244746
0.053442593669183074
0.13360235835141088
0.045639189404454626
0.033220805561518414
0.07078386320558187
0.06525828818023248
0.018763356377416596
0.07323040096606936
0.05128951225956923
0.0923079504854954
0.054147666004933655
0.03054826372750212
0.009588825016174484
0.049659017330510355
0.044518024319855416
0.04163469464915539
0.06183889753987721
0.017959036980941808
0.029059054233730827
0.037016450330721484
0.009578495647454801
0.03231196205869342
0.12074041480364554
0.007053198690480697
0.06561471387734609
0.03847201154513675
0.009235368384652996
0.07107615475500466
0.04112673344261704
0.005159022025220878
0.009077135237770682
0.03747817750270121
0.061729865420962995
0.07071896555310249
0.023606150865324145
0.1315476297035927
0.0468509871229226
0.06720372195931411
0.08743704186724138
0.0824622154259524
0.07665329838106646
0.0610591276232117
0.05719698049315921
0.02115589527084395
0.017268009548776487
0.009095552743449278
0.03362992165334541
0.06518575547490184
0.008631766515613185
0.10475160444036948
0.008598920585742749
0.05731253672545355
0.062128456900096767
1.0243984753945504E-4
0.07863286020540305
0.001489427035928124
0.08192355512415
0.10972686676465208
0.03752254817082022
0.10136272183120665
0.056903965863574074
0.007052791587858805
0.030198291290142756
0.06895664436923096
0.09392232916766656
0.023143932774497396
