0.0
0.006956297045688383
0.11072167292699621
0.038236914662755105
0.05922077188227569
0.0939297009066718
0.05389236606099822
0.07467437151619004
0.04812957270599657
0.11106084264717368
0.023698914892456947
0.04688352891773275
0.14412612194664953
0.04842742724254511
0.0031809307504872537
0.029235667584174712
0.1185321218611087
0.05779272246330294
0.05383085062502695
0.02392132663839009
0.07091176635895649
0.002237224150952094
0.028775646070550907
0.10890657156273437
0.08491183829569207
0.07990935673387484
0.07365002545303197
0.031129425678996937
0.0961680287634677
0.08486400449569116
0.012709555633165726
0.0724845412964936
0.04940543209021599
0.10605054899842842
0.10432991805818169
0.08229972880900202
0.09336239630534404
0.05765182996476362
0.07972798952637425
0.11800967769130224
0.11364031946573658
0.06880618948731242
0.05101057718184724
0.03225024999307581
0.013682964252652627
0.0014661746088605035
0.11544616342070718
0.016938450150888403
0.05537721139464672
0.004092520567483454
0.15178188633397344
0.07985382812029526
0.02167737413605221
0.027656610179111935
0.029864176982056262
0.030387260862460925
0.035624491253512205
0.08348945069863134
0.08175729499999172
0.0150525541216976
0.10464787967340193
0.0270339683727808
0.006802875149946805
0.08952662178449586
0.06113073911834739
0.13607688321588488
0.0789821078051383
0.032030342729867434
0.015574244242290106
0.016313831345656636
0.026924614990022456
0.06679811280638072
0.06320922240826019
0.17499635049273082
0.09544103482984813
0.04245701953574051
0.04988706472949858
0.016569776502860803
0.09411726032871705
0.10182244419165476
6.310548304504193E-4
0.0026635243615223537
0.04395573810460902
0.02010144704911234
0.08085800165980864
0.06554530968993072
0.11106268137970902
0.005339199887181722
0.010314945247852196
0.11162833525031252
0.06704398588110358
0.02208556931717587
0.008128967160993601
0.13520155675964082
0.1633394925188904
0.07677002849004654
0.04542330075925313
0.02702509730212926
0.13146867219118363
0.06724789462214212
0.04430488424263895
0.002276011941008892
0.025085862851616104
0.0801971710624108
0.03548970742609037
0.10526504548063098
0.01932931515475503
0.1463833129102378
0.7737410292894299
0.2799888262028057
0.10515591895949021
0.5718512413097202
0.12157722330834075
0.2733011019188694
0.8235852463948694
0.1161915008443316
0.15044873818777182
0.46968200923038805
0.4633746536495784
0.46680493069382323
0.380560241832103
0.13679128825811657
0.6279895386549674
0.10939145389940304
0.6341017651444872
0.01798504751135185
0.26828048185382863
0.5478635210855769
0.24591068238374442
0.4202687781295
0.38644501054642977
0.22859712056690878
0.19381961533146683
0.45830884428658203
0.03015550180949658
0.47329592048711505
0.38284099856537923
0.2492326414805419
0.21279935894405122
0.27891622746944345
0.05342663263997925
0.15653892612847412
0.04355022158870197
0.7868579014934327
0.03690461841529853
0.04303234140415653
0.5116092538641237
0.7090467449743272
0.3118802564761013
1.0
0.026643215346956624
0.5182525684125542
0.6771283832747642
0.4284028357802726
0.5547188779891442
0.32724868855849926
0.020121492971111446
0.03168510669574502
0.5118863243458274
0.2861654228181378
0.2808277235364362
0.049219557372488114
0.2798331971429196
0.38519973105803185
0.033846226588360104
0.13130635801795446
0.16509657886685977
0.39383643375173555
0.11492137681409999
0.3323476636592061
0.24005752506669986
0.025154446062010945
0.10908779381050773
0.05343536299527466
0.4481525737747359
0.13454556970643627
0.46631603160991486
0.1810478353871961
0.5100829471065359
0.29170113827553545
0.2121472666243228
0.5629118280479797
0.1429360243297771
0.06394876534378538
0.019968824448974586
0.47960397588364245
0.7854400547312786
0.15858001370372313
0.19334153017833886
0.3422849743055958
0.21868119106536896
0.027981115861369137
0.18182570687210842
0.12173905889983595
0.07799968654065585
0.2413555785142397
0.26105064636123615
0.16900497156563682
5.022890801393365E-5
0.01711279487822479
0.24002100077297564
0.010068564680608207
0.11071389517835231
0.39264477787601226
0.07737458362831062
0.2326474741964226
0.6015256646575697
0.04777431719932065
0.02248980066000774
0.05974352350141794
0.19766023561680626
0.09537900706019738
0.09184084294516077
0.09545534923684557
0.07277235629818872
0.10922111089789041
0.09032915887019381
0.0312389974074777
0.04912129570314286
0.010282018181269411
0.14112310585324522
0.06608001246286763
0.023214875948470878
0.11527449201754565
0.0738741526267138
0.09844395774862602
0.10633185299907348
0.08702319446998673
0.020041366759572615
0.0454257640565344
0.028495359328628275
0.020737154317351184
0.15524450850311908
0.09063561232431772
0.007357252255627749
0.08210314235398564
0.0853913919633203
0.012039866975734854
0.04708077061309395
0.040956592159942844
0.09060045062195325
0.03108332077871609
0.005405941688232935
0.007789068130792793
0.07499747164821098
0.10807357523122535
0.19891486352325427
0.1446478085325095
0.004723955866266202
0.0711428435245264
0.09788727594952634
0.07996661221238441
0.16098226805826674
0.04633224215334718
0.044561782422197285
0.05931404548467274
0.18272363627324142
0.14426513656102366
0.09888714112104367
0.22737442085576737
0.0755135078228119
0.018303194574516644
0.017199012662115418
0.021722389357307574
0.06611840190188485
0.11756648708262663
0.07011941576655745
0.08821314992187103
0.09161491392328935
0.05342478730135751
0.10733240222246163
0.03536464318963986
0.11826735510815682
0.07345783922740208
0.008253449714994017
0.062475800720230935
0.04511748888611978
0.003611329810940898
0.08007770351883904
0.012580795848383518
0.08865956858503113
0.03720160611645727
0.0401908547932104
0.05643515943308248
0.03461616218801534
0.051465536152390114
0.03277997892703483
0.08183314767287361
0.009195223159353009
0.007519202168998213
0.003266626503396947
0.05773784344338324
0.004290794649546663
0.08242914403126629
0.058684666859411296
0.03161644967780277
0.016117770186228324
0.049171231534962036
0.09624035481330233
0.0945979950474219
0.12561083149469124
0.02125228901702302
0.01137319661469365
0.007428364868716694
0.10141452969976014
0.09740992708023247
0.05789629288049423
0.040517365164394505
0.015552865738013389
0.019715931986763628
0.07050255427407891
0.03766260144207664
0.08014559178880803
0.022225491947193112
0.05135858440728402
0.09665189978420846
0.08504495257804796
0.016271030754979494
0.08009179789041362
0.08153746641384986
0.05992140340182283
0.019608993352066267
0.13551390757059228
0.06728785823078609
0.025657309801309723
0.09432447041760883
0.010637022701013191
0.010838127762558878
0.03608105197176711
0.0036812703101183385
0.03512246984830715
0.06919233528204963
0.019337548613832106
0.08832883838779317
0.06955778635621074
0.14088566030621344
0.027294590653601153
0.12321634128885894
0.08435244623312933
0.0809927791138722
0.006709546095937095
0.02253295033880456
0.1316455026856288
0.08847291659780004
0.027018181405306783
0.038416563115789865
0.09439839369804427
0.0023690214255689787
0.09117642477739721
0.09658583139725564
0.03718984122569474
0.01901694044629502
0.10103785930935277
0.0656586457018891
0.0800884575874795
0.03222720448083449
0.0069951845117564165
0.02473038086026317
0.04836980303112849
0.09932153247261814
0.031445297197116036
0.09998566291669009
0.09870076872146694
0.06843274601148815
0.10592085016537098
0.06949140070952937
0.04009574640632771
0.030554532946695658
0.03627294689711901
0.0226668537134445
0.017139597803479227
0.007240188438762375
0.06255793317860453
0.20610787515683696
0.045128655625294944
0.01768408924171304
0.09360480027444737
0.030414224073397007
0.0627414701765732
0.10738819161517642
0.03738618798973948
0.007069651180291248
0.011068921835897139
0.015430258496292544
0.045910656949502894
0.03730693082021195
0.010633388761821282
0.006415147841377257
0.058640738598674774
0.014779662038275338
0.015006292347704646
0.003600990824903668
0.018863987246581983
0.09252225951291791
0.06959135974858625
0.007504680082379958
0.09003890690260545
0.07460343013956755
0.029373559298491614
0.04569846302272614
0.0871713521517768
0.09399272500788011
0.09697625707039226
0.05912711857060138
0.005248131824752018
0.09301599798776791
0.002123451423773954
0.017305232292002357
0.053701072321974345
0.024866687901489288
0.0675223332921578
0.09313488461166212
0.06775058768012858
0.06583233794649473
0.15136553202130149
0.06460650639635623
0.032459299325365676
0.045398808169664594
0.04013249401896429
0.007645604735566119
0.003330470559190218
0.09210750366458743
0.03216664144078558
0.06462541363908622
0.06811692171718232
0.06064699044635326
0.0970499007869744
0.17638112219020183
0.038758557417760735
0.07324218916514186
0.07918260163952094
0.04095305224240604
0.021622686388912297
0.012357495408369227
0.06003665020099504
4.325219192416092E-4
0.13061094244891244
0.06397186453564846
0.0036506395507150146
0.16914771853092317
0.03137026225091411
0.10340452881289583
0.07043364249364076
0.0365854629981333
0.0036807363829169893
0.004606842366519746
0.06694037978685789
0.12302055746965021
0.05768180546766343
0.041826902648092024
0.08496898865437846
0.026593917814231892
0.06233390846679395
0.03666027612347447
0.003979399931204237
0.0027847360145886414
0.006397356680803623
0.033288461338209514
0.04982292376300171
0.043162771282424905
6.903480726831032E-4
0.03269790739990163
0.08294861726940474
0.03269790739990163
6.903480726831032E-4
0.043162771282424905
0.04982292376300171
0.033288461338209514
0.006397356680803623
0.0027847360145886414
0.003979399931204237
0.03666027612347447
0.06233390846679395
0.026593917814231892
0.08496898865437846
0.041826902648092024
0.05768180546766343
0.12302055746965021
0.06694037978685789
0.004606842366519746
0.0036807363829169893
0.0365854629981333
0.07043364249364076
0.10340452881289583
0.03137026225091411
0.16914771853092317
0.0036506395507150146
0.06397186453564846
0.13061094244891244
4.325219192416092E-4
0.06003665020099504
0.012357495408369227
0.021622686388912297
0.04095305224240604
0.07918260163952094
0.07324218916514186
0.038758557417760735
0.17638112219020183
0.0970499007869744
0.06064699044635326
0.06811692171718232
0.06462541363908622
0.03216664144078558
0.09210750366458743
0.003330470559190218
0.007645604735566119
0.04013249401896429
0.045398808169664594
0.032459299325365676
0.06460650639635623
0.15136553202130149
0.06583233794649473
0.06775058768012858
0.09313488461166212
0.0675223332921578
0.024866687901489288
0.053701072321974345
0.017305232292002357
0.002123451423773954
0.09301599798776791
0.005248131824752018
0.05912711857060138
0.09697625707039226
0.09399272500788011
0.0871713521517768
0.04569846302272614
0.029373559298491614
0.07460343013956755
0.09003890690260545
0.007504680082379958
0.06959135974858625
0.09252225951291791
0.018863987246581983
0.003600990824903668
0.015006292347704646
0.014779662038275338
0.058640738598674774
0.006415147841377257
0.010633388761821282
0.03730693082021195
0.045910656949502894
0.015430258496292544
0.011068921835897139
0.007069651180291248
0.03738618798973948
0.10738819161517642
0.0627414701765732
0.030414224073397007
0.09360480027444737
0.01768408924171304
0.045128655625294944
0.20610787515683696
0.06255793317860453
0.007240188438762375
0.017139597803479227
0.0226668537134445
0.03627294689711901
0.030554532946695658
0.04009574640632771
0.06949140070952937
0.10592085016537098
0.06843274601148815
0.09870076872146694
0.09998566291669009
0.031445297197116036
0.09932153247261814
0.04836980303112849
0.02473038086026317
0.0069951845117564165
0.03222720448083449
0.0800884575874795
0.0656586457018891
0.10103785930935277
0.01901694044629502
0.03718984122569474
0.09658583139725564
0.09117642477739721
0.0023690214255689787
0.09439839369804427
0.038416563115789865
0.027018181405306783
0.08847291659780004
0.1316455026856288
0.02253295033880456
0.006709546095937095
0.0809927791138722
0.08435244623312933
0.12321634128885894
0.027294590653601153
0.14088566030621344
0.06955778635621074
0.08832883838779317
0.019337548613832106
0.06919233528204963
0.03512246984830715
0.0036812703101183385
0.03608105197176711
0.010838127762558878
0.010637022701013191
0.09432447041760883
0.025657309801309723
0.06728785823078609
0.13551390757059228
0.019608993352066267
0.05992140340182283
0.08153746641384986
0.08009179789041362
0.016271030754979494
0.08504495257804796
0.09665189978420846
0.05135858440728402
0.022225491947193112
0.08014559178880803
0.03766260144207664
0.07050255427407891
0.019715931986763628
0.015552865738013389
0.040517365164394505
0.05789629288049423
0.09740992708023247
0.10141452969976014
0.007428364868716694
0.01137319661469365
0.02125228901702302
0.12561083149469124
0.0945979950474219
0.09624035481330233
0.049171231534962036
0.016117770186228324
0.03161644967780277
0.058684666859411296
0.08242914403126629
0.004290794649546663
0.05773784344338324
0.003266626503396947
0.007519202168998213
0.009195223159353009
0.08183314767287361
0.03277997892703483
0.051465536152390114
0.03461616218801534
0.05643515943308248
0.0401908547932104
0.03720160611645727
0.08865956858503113
0.012580795848383518
0.08007770351883904
0.003611329810940898
0.04511748888611978
0.062475800720230935
0.008253449714994017
0.07345783922740208
0.11826735510815682
0.03536464318963986
0.10733240222246163
0.05342478730135751
0.09161491392328935
0.08821314992187103
0.07011941576655745
0.11756648708262663
0.06611840190188485
0.021722389357307574
0.017199012662115418
0.018303194574516644
0.0755135078228119
0.22737442085576737
0.09888714112104367
0.14426513656102366
0.18272363627324142
0.05931404548467274
0.044561782422197285
0.04633224215334718
0.16098226805826674
0.07996661221238441
0.09788727594952634
0.0711428435245264
0.004723955866266202
0.1446478085325095
0.19891486352325427
0.10807357523122535
0.07499747164821098
0.007789068130792793
0.005405941688232935
0.03108332077871609
0.09060045062195325
0.040956592159942844
0.04708077061309395
0.012039866975734854
0.0853913919633203
0.08210314235398564
0.007357252255627749
0.09063561232431772
0.15524450850311908
0.020737154317351184
0.028495359328628275
0.0454257640565344
0.020041366759572615
0.08702319446998673
0.10633185299907348
0.09844395774862602
0.0738741526267138
0.11527449201754565
0.023214875948470878
0.06608001246286763
0.14112310585324522
0.010282018181269411
0.04912129570314286
0.0312389974074777
0.09032915887019381
0.10922111089789041
0.07277235629818872
0.09545534923684557
0.09184084294516077
0.09537900706019738
0.19766023561680626
0.05974352350141794
0.02248980066000774
0.04777431719932065
0.6015256646575697
0.2326474741964226
0.07737458362831062
0.39264477787601226
0.11071389517835231
0.010068564680608207
0.24002100077297564
0.01711279487822479
5.022890801393365E-5
0.16900497156563682
0.26105064636123615
0.2413555785142397
0.07799968654065585
0.12173905889983595
0.18182570687210842
0.027981115861369137
0.21868119106536896
0.3422849743055958
0.19334153017833886
0.15858001370372313
0.7854400547312786
0.47960397588364245
0.019968824448974586
0.06394876534378538
0.1429360243297771
0.5629118280479797
0.2121472666243228
0.29170113827553545
0.5100829471065359
0.1810478353871961
0.46631603160991486
0.13454556970643627
0.4481525737747359
0.05343536299527466
0.10908779381050773
0.025154446062010945
0.24005752506669986
0.3323476636592061
0.11492137681409999
0.39383643375173555
0.16509657886685977
0.13130635801795446
0.033846226588360104
0.38519973105803185
0.2798331971429196
0.049219557372488114
0.2808277235364362
0.2861654228181378
0.5118863243458274
0.03168510669574502
0.020121492971111446
0.32724868855849926
0.5547188779891442
0.4284028357802726
0.6771283832747642
0.5182525684125542
0.026643215346956624
1.0
0.3118802564761013
0.7090467449743272
0.5116092538641237
0.04303234140415653
0.03690461841529853
0.7868579014934327
0.04355022158870197
0.15653892612847412
0.05342663263997925
0.27891622746944345
0.21279935894405122
0.2492326414805419
0.38284099856537923
0.47329592048711505
0.03015550180949658
0.45830884428658203
0.19381961533146683
0.22859712056690878
0.38644501054642977
0.4202687781295
0.24591068238374442
0.5478635210855769
0.26828048185382863
0.01798504751135185
0.6341017651444872
0.10939145389940304
0.6279895386549674
0.13679128825811657
0.380560241832103
0.46680493069382323
0.4633746536495784
0.46968200923038805
0.15044873818777182
0.1161915008443316
0.8235852463948694
0.2733011019188694
0.12157722330834075
0.5718512413097202
0.10515591895949021
0.2799888262028057
0.7737410292894299
0.1463833129102378
0.01932931515475503
0.10526504548063098
0.03548970742609037
0.0801971710624108
0.025085862851616104
0.002276011941008892
0.04430488424263895
0.06724789462214212
0.13146867219118363
0.02702509730212926
0.04542330075925313
0.07677002849004654
0.1633394925188904
0.13520155675964082
0.008128967160993601
0.02208556931717587
0.06704398588110358
0.11162833525031252
0.010314945247852196
0.005339199887181722
0.11106268137970902
0.06554530968993072
0.08085800165980864
0.02010144704911234
0.04395573810460902
0.0026635243615223537
6.310548304504193E-4
0.10182244419165476
0.09411726032871705
0.016569776502860803
0.04988706472949858
0.04245701953574051
0.09544103482984813
0.17499635049273082
0.06320922240826019
0.06679811280638072
0.026924614990022456
0.016313831345656636
0.015574244242290106
0.032030342729867434
0.0789821078051383
0.13607688321588488
0.06113073911834739
0.08952662178449586
0.006802875149946805
0.0270339683727808
0.10464787967340193
0.0150525541216976
0.08175729499999172
0.08348945069863134
0.035624491253512205
0.030387260862460925
0.029864176982056262
0.027656610179111935
0.02167737413605221
0.07985382812029526
0.15178188633397344
0.004092520567483454
0.05537721139464672
0.016938450150888403
0.11544616342070718
0.0014661746088605035
0.013682964252652627
0.03225024999307581
0.05101057718184724
0.06880618948731242
0.11364031946573658
0.11800967769130224
0.07972798952637425
0.05765182996476362
0.09336239630534404
0.08229972880900202
0.10432991805818169
0.10605054899842842
0.04940543209021599
0.0724845412964936
0.012709555633165726
0.08486400449569116
0.0961680287634677
0.031129425678996937
0.07365002545303197
0.07990935673387484
0.08491183829569207
0.10890657156273437
0.028775646070550907
0.002237224150952094
0.07091176635895649
0.02392132663839009
0.05383085062502695
0.05779272246330294
0.1185321218611087
0.029235667584174712
0.0031809307504872537
0.04842742724254511
0.14412612194664953
0.04688352891773275
0.023698914892456947
0.11106084264717368
0.04812957270599657
0.07467437151619004
0.05389236606099822
0.0939297009066718
0.05922077188227569
0.038236914662755105
0.11072167292699621
0.006956297045688383
