0.04509384122856446
0.04525990302429245
0.045142618736630113
0.03962702305468691
0.059062050467890086
0.04313308346073974
0.2671340944625067
0.0634788271450985
0.1745678909298729
0.09438621157231306
0.05534013815785039
0.20072747488947898
0.417224209252431
0.2086521569740462
0.44207561378892785
0.17098136070147668
0.03805417724191938
5.884528945172108E-4
0.41203552520251446
0.5325422632638384
0.5238176643829578
0.24733364509074823
0.16334265233109257
0.1546732116891687
0.004036788307072508
0.04673903363623747
0.15626270286902252
0.11841122771717182
0.4096715698465095
0.7402845551020047
0.5462364286292736
0.42705085833324335
0.6756237239031427
0.054019902205958426
0.2840910600097263
0.5845437499740336
0.48702304862249995
0.35152831987990113
0.08616134005984674
0.8851951621751231
0.18602503211423527
0.25415643663631715
0.3373673028559692
0.29158904958455756
0.3218432190059603
0.26074887621134224
1.0
0.14959856268995403
0.5133969434425412
0.08568437965254273
0.08985714682895682
0.01890202532139048
0.10602980631317906
0.1183156802421543
0.27188176542503006
0.0943772672636163
0.05603860775580691
0.013408060225466626
0.18305277444016033
0.05408314684715569
0.07515135357185598
0.028470758257920534
0.001834445081748784
0.06816489377730374
0.0369783741916109
0.02974773008151703
0.006073486973344013
0.021420868877563486
0.018093947460603606
0.02483354796930836
0.04515085209210156
0.012272397385429701
0.03967113705102811
0.004540675414460508
0.0311969187340567
0.08396659220398046
0.0031098561066070867
0.013557655656841158
0.03697516747335564
0.01466396263667173
0.0674970008137467
0.067212835614378
0.05880665448581777
0.013665083460168752
5.476261077483057E-4
0.03193917300666377
0.04236279673349276
0.059063705504113065
0.06860644736022176
0.005095322643021876
0.028879921866116525
0.027303713167884134
0.005573501024534429
0.011985671303312765
0.06643536996519968
0.026861646530937793
0.016081695144265138
0.014835199989582347
0.028050340814691085
0.0018368389376303509
0.05497983613844603
0.06105001442147197
0.001991189565471808
0.009307321963415629
0.02964888148712656
0.006344422133035971
0.013550255904647476
0.003916231191214708
0.007029504713449462
0.07446733360080426
0.026993010921788057
0.008152817969563528
0.039740302982961676
0.07069302444722442
0.026375601739105043
0.004901359047640103
0.049593035264314425
0.005457813761755366
0.002401235706817104
0.012609582580776869
0.054250555983045894
0.016726044258541847
0.02095234452088302
0.06928574930219542
0.0018088149372471707
0.013614479275280754
0.023367559601569644
0.035188307849514905
4.560498513923645E-4
0.029670614257792605
0.007521382053709413
0.0036909266563899873
0.011857655677464161
0.019525361840300483
0.016362184999086093
0.012255930484159456
0.031589725437180846
0.006872215188592156
7.091393000350384E-4
0.008921416689495741
0.002713693367232674
0.007086993118907321
0.006028646127082949
0.0024488367839182582
0.005484311300129634
0.010183952270003653
0.02417641488326015
0.011625499310726508
0.009035437942739486
0.008562722787914914
0.0025362893998095892
0.010284268675166
0.009373202947305918
0.008804561590500103
0.002697736955666215
0.0032909272200283375
0.005187202870777865
0.002698917807981028
0.0060050587014864095
0.009389416346413867
0.004850888126173328
0.004201747691135669
0.0031950733768347284
0.005958930680986387
0.004038917261955717
0.0036858627479195638
0.0015290866801348942
0.003797014991086919
0.0027783949614929295
0.0012712939629394451
7.744518042231616E-4
0.0014493302748028924
0.0023936211153888424
0.003067761510039391
0.0024413311291264766
0.003598363907723009
0.0019199398580576762
0.0032081857330661695
0.0023737988815547817
0.008254344829746116
0.003969122095317881
0.003330705091119595
1.1325655468462947E-4
0.002611709951170712
0.0029626352158413443
0.00498305939937293
3.388428583087005E-4
0.005775345079455615
7.614527737653E-5
0.0017515754356258074
0.001955204587501226
0.0013522366728167185
0.0013228124292501192
0.0033974667324125998
0.0038395958629035888
0.004064397049236277
0.0025645544248469594
0.004350494864024403
0.0022774956331802496
0.0038076795271367045
0.0015336660612300062
0.0018003734328813613
1.3060475180121873E-4
7.452437818259136E-4
5.172476029391091E-4
0.004810308832596563
0.008187213513358119
0.0024807001123721643
0.001327196471613156
0.00990498515295098
0.0036285581728642997
5.457785768954678E-4
0.0030514434136310773
0.0015137175736693038
0.002748663421727325
0.0038791870359741235
0.0013849063850594136
3.6035515385041735E-4
0.006633175926272689
0.005751740859607825
0.001385825070387472
0.0032649155934366975
2.2602658559300363E-4
0.0022414745453786912
7.479334095244236E-4
0.003714521385500571
0.0016465169210126667
5.178613701554116E-4
0.004655420609125573
4.25597973412178E-4
6.501313896304759E-4
0.0038600998758101055
0.0030473884179894454
0.0024277571036626674
0.0010461609147910012
0.003006358250234004
0.002624783222891282
0.0035158616550389527
2.7139835287609445E-4
0.002352171204034482
0.0016396246142844893
0.0020152805364381
4.0892961989222033E-4
9.28165491976183E-4
0.001365463951311232
2.146208754460658E-5
9.000523185395102E-4
0.003000644328052883
7.714637684443594E-4
0.0015913733542296386
0.0012810128064581212
7.263498506063043E-4
0.0014915389225954728
7.519614333388931E-4
3.6352056506834914E-4
7.823142033341449E-4
3.910532368607789E-4
2.2518191619246627E-4
2.5860751737891483E-4
0.001642613804326993
0.0010581272795979588
0.0016218277765530013
0.002432236413577927
3.9856574011615833E-4
4.4373679819822824E-4
1.23901907213172E-4
0.005226530435185527
0.0019198869847662147
0.0018815189392479524
5.61029962022018E-4
0.002637956382984206
3.1675228942037407E-4
0.003593206914478102
1.9067065689577293E-4
3.8228649417415154E-4
1.840565197722405E-4
0.0018455589638209275
7.365983774270032E-4
0.0014144606671793087
0.0014648102054983995
0.0020142667245169163
2.5831390712235535E-4
0.0015335839719877926
0.0015838294217253037
8.211975295869437E-4
0.0018748756356693212
0.0022054317491208026
8.25513378960971E-4
9.505123193206782E-4
0.002060703667587706
0.003535386193457336
0.0019483385721862305
9.213164759514722E-4
0.0026879114642479893
0.0017277986753754596
0.0018394823570426812
3.8118935383534263E-4
8.770684682514665E-4
6.753532122703371E-4
0.002003921625919503
0.0010274932585229676
0.0011113479156181208
8.558684602592017E-4
0.0016349848917975034
0.0015003442854022709
0.0019478983934026594
0.001189803777370603
0.002204082207938853
0.0021636528586471008
8.615757633384383E-4
0.0023421447674443477
0.002627884326094575
0.0022582970547176708
0.0023507833333803385
0.0023394401073846254
0.0016393994965504064
3.164059274731174E-4
0.0010479068661140424
9.48351464225348E-5
3.332459208866514E-4
5.219243763474761E-4
3.8371101328744613E-4
5.263266151397861E-4
2.0639626032974812E-4
9.333074317169428E-4
0.002032949698756307
0.0014488049645789527
5.159816034680861E-4
0.0012900293910864768
8.197978809105992E-4
8.094545072515029E-4
8.430122029385512E-4
9.289958265998312E-4
0.0018774453160315605
8.557904437118686E-4
3.3701930681040876E-4
0.0013012749581872347
0.0012811286148617224
8.55826535404052E-4
0.001402677211086799
6.677425764182749E-4
4.8127768718606056E-4
0.0011455778719748856
9.626597788506826E-4
0.0011327098648774593
6.417068475958962E-4
9.726223721155413E-4
0.0015207531353905472
2.3789924179509016E-4
0.0018581848511865916
0.0015611453359490285
9.064786714067005E-4
8.703890701768637E-4
3.2418985480567536E-4
0.001548111161276348
3.515966909036383E-4
3.429493398626353E-4
2.619265574242596E-4
0.001729524854151034
0.00194700169047477
0.0018314515170817502
0.0013408910033226738
0.002100579719572122
0.0010407170879013835
0.0011948751903598912
0.001296307805620318
3.538885182135014E-4
0.0012893755221021635
0.00110369326511138
0.001128157152784903
0.0018392302462093557
0.0019497403077696157
0.0016584321708122717
8.157009256912265E-4
1.9380583178715087E-4
2.3730893389058388E-4
0.0013264958443322385
0.0011793978405069236
4.477113141138699E-4
0.0011045496347823346
9.941903436522397E-4
0.0010938898291961493
8.566860177605389E-4
3.037416571709248E-4
0.0010987168506838643
0.0010589574498806164
0.0013623750167149362
0.0017248874150621772
0.0011504320355151894
0.001217096276952895
0.0011849434777343568
0.0010043701521487034
0.0014429715357972398
6.785757192560839E-4
0.00104015202795575
0.001286556810294037
8.509222937768136E-4
0.0012449239527997891
0.0014144295029843404
0.001104414926551902
0.0010997152215524257
5.191479152178468E-4
0.001108125222317891
0.0010846949155121253
0.0013159963979863239
0.001025177875187846
0.0011962526437828383
9.839023579138971E-4
0.001147166912553352
0.0011304647794794355
9.578520672007523E-4
0.0010432377627081616
0.001109170832645053
0.00114913788824868
0.0011589557655297814
0.001071168061599266
0.0011125479740931017
0.0011727554930835815
0.0010652679368745317
0.0010176118869635162
0.0011824367949443337
0.0010778749863882041
0.0011355932752192951
0.001052410216043457
0.0010576207867552376
0.001220179013521242
0.001158781096243598
9.993703069659048E-4
9.879625399997845E-4
0.0011050042725372254
0.001055047470447353
0.0011079890886170878
0.0010170962735561483
0.0011385254865922685
0.0011297102321695509
9.510768150427466E-4
0.0011372410044636978
9.802102863808145E-4
9.776992563648266E-4
0.0010536930133157457
0.0011696800832195608
9.86582626508353E-4
0.001109183234334073
0.0010453163198650437
0.0011672766801386384
0.0010756455040682369
0.0011184039166384887
0.0011723650046446003
0.0011684404458102487
0.001012704579777997
9.365067119966041E-4
0.001161827518764518
0.001193019375501807
0.001143637687106573
0.0010934140084657151
9.519900648629015E-4
0.0010433401989775484
0.001205924922280239
0.001147839408449881
0.0011639140484192522
9.606620309076443E-4
0.0010174246967625889
0.0011633048674049489
0.0010174246967625889
9.606620309076443E-4
0.0011639140484192522
0.001147839408449881
0.001205924922280239
0.0010433401989775484
9.519900648629015E-4
0.0010934140084657151
0.001143637687106573
0.001193019375501807
0.001161827518764518
9.365067119966041E-4
0.001012704579777997
0.0011684404458102487
0.0011723650046446003
0.0011184039166384887
0.0010756455040682369
0.0011672766801386384
0.0010453163198650437
0.001109183234334073
9.86582626508353E-4
0.0011696800832195608
0.0010536930133157457
9.776992563648266E-4
9.802102863808145E-4
0.0011372410044636978
9.510768150427466E-4
0.0011297102321695509
0.0011385254865922685
0.0010170962735561483
0.0011079890886170878
0.001055047470447353
0.0011050042725372254
9.879625399997845E-4
9.993703069659048E-4
0.001158781096243598
0.001220179013521242
0.0010576207867552376
0.001052410216043457
0.0011355932752192951
0.0010778749863882041
0.0011824367949443337
0.0010176118869635162
0.0010652679368745317
0.0011727554930835815
0.0011125479740931017
0.001071168061599266
0.0011589557655297814
0.00114913788824868
0.001109170832645053
0.0010432377627081616
9.578520672007523E-4
0.0011304647794794355
0.001147166912553352
9.839023579138971E-4
0.0011962526437828383
0.001025177875187846
0.0013159963979863239
0.0010846949155121253
0.001108125222317891
5.191479152178468E-4
0.0010997152215524257
0.001104414926551902
0.0014144295029843404
0.0012449239527997891
8.509222937768136E-4
0.001286556810294037
0.00104015202795575
6.785757192560839E-4
0.0014429715357972398
0.0010043701521487034
0.0011849434777343568
0.001217096276952895
0.0011504320355151894
0.0017248874150621772
0.0013623750167149362
0.0010589574498806164
0.0010987168506838643
3.037416571709248E-4
8.566860177605389E-4
0.0010938898291961493
9.941903436522397E-4
0.0011045496347823346
4.477113141138699E-4
0.0011793978405069236
0.0013264958443322385
2.3730893389058388E-4
1.9380583178715087E-4
8.157009256912265E-4
0.0016584321708122717
0.0019497403077696157
0.0018392302462093557
0.001128157152784903
0.00110369326511138
0.0012893755221021635
3.538885182135014E-4
0.001296307805620318
0.0011948751903598912
0.0010407170879013835
0.002100579719572122
0.0013408910033226738
0.0018314515170817502
0.00194700169047477
0.001729524854151034
2.619265574242596E-4
3.429493398626353E-4
3.515966909036383E-4
0.001548111161276348
3.2418985480567536E-4
8.703890701768637E-4
9.064786714067005E-4
0.0015611453359490285
0.0018581848511865916
2.3789924179509016E-4
0.0015207531353905472
9.726223721155413E-4
6.417068475958962E-4
0.0011327098648774593
9.626597788506826E-4
0.0011455778719748856
4.8127768718606056E-4
6.677425764182749E-4
0.001402677211086799
8.55826535404052E-4
0.0012811286148617224
0.0013012749581872347
3.3701930681040876E-4
8.557904437118686E-4
0.0018774453160315605
9.289958265998312E-4
8.430122029385512E-4
8.094545072515029E-4
8.197978809105992E-4
0.0012900293910864768
5.159816034680861E-4
0.0014488049645789527
0.002032949698756307
9.333074317169428E-4
2.0639626032974812E-4
5.263266151397861E-4
3.8371101328744613E-4
5.219243763474761E-4
3.332459208866514E-4
9.48351464225348E-5
0.0010479068661140424
3.164059274731174E-4
0.0016393994965504064
0.0023394401073846254
0.0023507833333803385
0.0022582970547176708
0.002627884326094575
0.0023421447674443477
8.615757633384383E-4
0.0021636528586471008
0.002204082207938853
0.001189803777370603
0.0019478983934026594
0.0015003442854022709
0.0016349848917975034
8.558684602592017E-4
0.0011113479156181208
0.0010274932585229676
0.002003921625919503
6.753532122703371E-4
8.770684682514665E-4
3.8118935383534263E-4
0.0018394823570426812
0.0017277986753754596
0.0026879114642479893
9.213164759514722E-4
0.0019483385721862305
0.003535386193457336
0.002060703667587706
9.505123193206782E-4
8.25513378960971E-4
0.0022054317491208026
0.0018748756356693212
8.211975295869437E-4
0.0015838294217253037
0.0015335839719877926
2.5831390712235535E-4
0.0020142667245169163
0.0014648102054983995
0.0014144606671793087
7.365983774270032E-4
0.0018455589638209275
1.840565197722405E-4
3.8228649417415154E-4
1.9067065689577293E-4
0.003593206914478102
3.1675228942037407E-4
0.002637956382984206
5.61029962022018E-4
0.0018815189392479524
0.0019198869847662147
0.005226530435185527
1.23901907213172E-4
4.4373679819822824E-4
3.9856574011615833E-4
0.002432236413577927
0.0016218277765530013
0.0010581272795979588
0.001642613804326993
2.5860751737891483E-4
2.2518191619246627E-4
3.910532368607789E-4
7.823142033341449E-4
3.6352056506834914E-4
7.519614333388931E-4
0.0014915389225954728
7.263498506063043E-4
0.0012810128064581212
0.0015913733542296386
7.714637684443594E-4
0.003000644328052883
9.000523185395102E-4
2.146208754460658E-5
0.001365463951311232
9.28165491976183E-4
4.0892961989222033E-4
0.0020152805364381
0.0016396246142844893
0.002352171204034482
2.7139835287609445E-4
0.0035158616550389527
0.002624783222891282
0.003006358250234004
0.0010461609147910012
0.0024277571036626674
0.0030473884179894454
0.0038600998758101055
6.501313896304759E-4
4.25597973412178E-4
0.004655420609125573
5.178613701554116E-4
0.0016465169210126667
0.003714521385500571
7.479334095244236E-4
0.0022414745453786912
2.2602658559300363E-4
0.0032649155934366975
0.001385825070387472
0.005751740859607825
0.006633175926272689
3.6035515385041735E-4
0.0013849063850594136
0.0038791870359741235
0.002748663421727325
0.0015137175736693038
0.0030514434136310773
5.457785768954678E-4
0.0036285581728642997
0.00990498515295098
0.001327196471613156
0.0024807001123721643
0.008187213513358119
0.004810308832596563
5.172476029391091E-4
7.452437818259136E-4
1.3060475180121873E-4
0.0018003734328813613
0.0015336660612300062
0.0038076795271367045
0.0022774956331802496
0.004350494864024403
0.0025645544248469594
0.004064397049236277
0.0038395958629035888
0.0033974667324125998
0.0013228124292501192
0.0013522366728167185
0.001955204587501226
0.0017515754356258074
7.614527737653E-5
0.005775345079455615
3.388428583087005E-4
0.00498305939937293
0.0029626352158413443
0.002611709951170712
1.1325655468462947E-4
0.003330705091119595
0.003969122095317881
0.008254344829746116
0.0023737988815547817
0.0032081857330661695
0.0019199398580576762
0.003598363907723009
0.0024413311291264766
0.003067761510039391
0.0023936211153888424
0.0014493302748028924
7.744518042231616E-4
0.0012712939629394451
0.0027783949614929295
0.003797014991086919
0.0015290866801348942
0.0036858627479195638
0.004038917261955717
0.005958930680986387
0.0031950733768347284
0.004201747691135669
0.004850888126173328
0.009389416346413867
0.0060050587014864095
0.002698917807981028
0.005187202870777865
0.0032909272200283375
0.002697736955666215
0.008804561590500103
0.009373202947305918
0.010284268675166
0.0025362893998095892
0.008562722787914914
0.009035437942739486
0.011625499310726508
0.02417641488326015
0.010183952270003653
0.005484311300129634
0.0024488367839182582
0.006028646127082949
0.007086993118907321
0.002713693367232674
0.008921416689495741
7.091393000350384E-4
0.006872215188592156
0.031589725437180846
0.012255930484159456
0.016362184999086093
0.019525361840300483
0.011857655677464161
0.0036909266563899873
0.007521382053709413
0.029670614257792605
4.560498513923645E-4
0.035188307849514905
0.023367559601569644
0.013614479275280754
0.0018088149372471707
0.06928574930219542
0.02095234452088302
0.016726044258541847
0.054250555983045894
0.012609582580776869
0.002401235706817104
0.005457813761755366
0.049593035264314425
0.004901359047640103
0.026375601739105043
0.07069302444722442
0.039740302982961676
0.008152817969563528
0.026993010921788057
0.07446733360080426
0.007029504713449462
0.003916231191214708
0.013550255904647476
0.006344422133035971
0.02964888148712656
0.009307321963415629
0.001991189565471808
0.06105001442147197
0.05497983613844603
0.0018368389376303509
0.028050340814691085
0.014835199989582347
0.016081695144265138
0.026861646530937793
0.06643536996519968
0.011985671303312765
0.005573501024534429
0.027303713167884134
0.028879921866116525
0.005095322643021876
0.06860644736022176
0.059063705504113065
0.04236279673349276
0.03193917300666377
5.476261077483057E-4
0.013665083460168752
0.05880665448581777
0.067212835614378
0.0674970008137467
0.01466396263667173
0.03697516747335564
0.013557655656841158
0.0031098561066070867
0.08396659220398046
0.0311969187340567
0.004540675414460508
0.03967113705102811
0.012272397385429701
0.04515085209210156
0.02483354796930836
0.018093947460603606
0.021420868877563486
0.006073486973344013
0.02974773008151703
0.0369783741916109
0.06816489377730374
0.001834445081748784
0.028470758257920534
0.07515135357185598
0.05408314684715569
0.18305277444016033
0.013408060225466626
0.05603860775580691
0.0943772672636163
0.27188176542503006
0.1183156802421543
0.10602980631317906
0.01890202532139048
0.08985714682895682
0.08568437965254273
0.5133969434425412
0.14959856268995403
1.0
0.26074887621134224
0.3218432190059603
0.29158904958455756
0.3373673028559692
0.25415643663631715
0.18602503211423527
0.8851951621751231
0.08616134005984674
0.35152831987990113
0.48702304862249995
0.5845437499740336
0.2840910600097263
0.054019902205958426
0.6756237239031427
0.42705085833324335
0.5462364286292736
0.7402845551020047
0.4096715698465095
0.11841122771717182
0.15626270286902252
0.04673903363623747
0.004036788307072508
0.1546732116891687
0.16334265233109257
0.24733364509074823
0.5238176643829578
0.5325422632638384
0.41203552520251446
5.884528945172108E-4
0.03805417724191938
0.17098136070147668
0.44207561378892785
0.2086521569740462
0.417224209252431
0.20072747488947898
0.05534013815785039
0.09438621157231306
0.1745678909298729
0.0634788271450985
0.2671340944625067
0.04313308346073974
0.059062050467890086
0.03962702305468691
0.045142618736630113
0.04525990302429245
