0.0
0.03327817512826916
0.12872331268733414
0.2737422761109803
0.44918790846809215
0.6318672828641686
0.7975798059928652
0.9242870983104653
0.9949993435255677
1.0
0.938117514885249
0.8168776008443764
0.651516345068632
0.46298368713259647
0.27519906072706585
0.1119189131087993
0.006373430287717377
0.06514813939095458
0.057728513691413075
0.013838687175516064
0.13905583201722815
0.30035375585027607
0.47539669132136336
0.6400104524901329
0.7713500156508903
0.8508914642824976
0.8668564857322965
0.8157521551791774
0.7028248209183143
0.5413692789099107
0.35098442065064445
0.15500449546752684
0.022557025048211485
0.16015036993968212
0.2415074774235703
0.2577662449508512
0.20862332830999455
0.1023652628594253
0.04522527107800272
0.212943868542763
0.3769469967734453
0.5138777302678809
0.6039249605383424
0.6334155008753124
0.5966000607293824
0.4963999751621124
0.344017922909749
0.15746475719172714
0.040803514392694085
0.22682821746347953
0.37828401804998
0.4773975766701989
0.5132669020084872
0.4832783828732921
0.39343700621297606
0.25756782609279905
0.09549462821716097
0.06956444379316197
0.2140422855187288
0.31710991781369496
0.36340098884627214
0.3450174404370775
0.26255470690241084
0.1250135744639752
0.0513881858309153
0.2453472373251438
0.43326870635740367
0.5923560202963388
0.7035915675072536
0.7542181044792536
0.7393968142647299
0.6628262438909811
0.5362427604913992
0.37786975293359176
0.21002034961794736
0.05616892177767341
0.06212433413557853
0.12803286294587973
0.13165860867740756
0.07131604087270402
0.04626110193060011
0.20681544827634382
0.39044472276775505
0.5742157860398333
0.7351703973664352
0.8533284808979943
0.9142957669764424
0.9111352487811929
0.8452589558330227
0.7262252990368062
0.5704707603373523
0.3991441569846474
0.23532884958987157
0.10101778951962319
0.014237878604555788
0.01330029073335091
0.0222791504326791
0.11652766678291901
0.25727314480910946
0.4262301005601538
0.6014061924416044
0.7599882132470109
0.8813287103839226
0.9496421072187426
0.9560581617925339
0.8997655771756422
0.7880983313071694
0.6355560565536605
0.46188935252431895
0.28950298344969994
0.14051855303889874
0.03388194273054919
0.017106062381471734
0.006513922302934089
0.06346537369772189
0.1828241124501107
0.33507130782678846
0.49940875136647944
0.6534645588730589
0.7762249416672602
0.8507799978647581
0.8665247522044067
0.8205289997757446
0.7178991253349125
0.5710875156982681
0.39824305004511673
0.22082137479920932
0.060769888348735576
0.06234293469857892
0.13387809658098276
0.14602377872106412
0.09879394046036959
1.9900304529166983E-16
0.13579742099099984
0.2892162544939769
0.43860516732958316
0.5628842043977826
0.6443012860520261
0.6707441970822948
0.6373070769289992
0.5469089899692363
0.4098868851856955
0.24261972867680529
0.06536717259627722
0.1003917334573631
0.23476986455478122
0.32206505926183426
0.3527964362074801
0.32491961474368813
0.2440648646188812
0.12277062716473518
0.021183596443334833
0.16712353810491645
0.29419614895546314
0.3840985888376392
0.4234631863595675
0.40558772021859163
0.3312872317374674
0.20875938788592607
0.052484901805990296
0.11868931902026811
0.2840302893693592
0.4236356483761919
0.5210306392624862
0.5653061775640583
0.5525202538276127
0.48618244514690034
0.3767620169620115
0.24028808652085348
0.09622880939470543
0.0350699281941142
0.13504941003907686
0.18935759204074715
0.18970784263922266
0.13493630532122228
0.031123168613188267
0.1092338127907135
0.26888116968085835
0.42808579778256
0.5672247812831301
0.669348817912123
0.7223841327253985
0.720686621273335
0.6657480426463974
0.5659659489007198
0.4355119275313629
0.2924505125423105
0.15635839770128285
0.04575773064249306
0.024299955275989254
0.04418398176920777
0.010916248647477329
0.07147300351695182
0.19250746556235646
0.33666685197201346
0.4854411547140589
0.6197650692321843
0.7225122918018222
0.7807232317287512
0.7872762677285867
0.7417869934011401
0.6506220176635458
0.5260303007833739
0.3845104046030733
0.2446313211748627
0.12459481234885757
0.03985940727237464
0.0011363591955257165
0.013017478889468782
0.07341065866738482
0.1738522733301111
0.30065057257239836
0.43670576928767374
0.5637649275354135
0.6648143054278519
0.7262955805795578
0.7398572729427159
0.7034151830345198
0.6213873809709705
0.504078037557031
0.366295849735825
0.22539237790685138
0.09898032641743242
0.002632037158695396
0.05214082255608833
0.05936406003901563
0.019344659894283592
0.061411126008277146
0.1710892648068475
0.294147212170749
0.4133700305939117
0.5121314517835189
0.5765629736101108
0.5973480783288152
0.5709095671511373
0.4998389201837904
0.39251672224630835
0.26197931300604554
0.12418499874629073
0.004089388923156034
0.10744407598009373
0.1738564559470518
0.19622569882184981
0.17326323315447256
0.10961742053959933
0.015221672008408255
0.0960431349212923
0.2081920911202228
0.30524087909913883
0.37329458160896084
0.40234780230252165
0.3875630138248672
0.32986402449196994
0.23577223538362876
0.11651291012584573
0.013486092231176899
0.1385021918180531
0.24358005002863017
0.31647693854727793
0.3492382193545943
0.3392000152073398
0.28929266393109265
0.2076109823657565
0.1063134949613982
2.2743205176190836E-16
0.09621618630966255
0.168686847536853
0.20699936328330487
0.20530948783629735
0.16306598352464236
0.08503763821440577
0.01935483550714856
0.137308670644996
0.25433948057596345
0.35618626715124374
0.43067026282706256
0.46926513224105104
0.4681759632627418
0.42879051910313815
0.3574495257826998
0.2645722769685357
0.16325778198277788
0.06754912891106951
0.009408990783993829
0.057077845578550376
0.0688754909918914
0.04299778748889233
0.01739254049259151
0.10462735123993343
0.20757836514291686
0.3131439348115801
0.4079786557647898
0.48023739913983193
0.5211057530660538
0.5259190849574132
0.4947282285016356
0.4322435967962903
0.34717148538875264
0.25103564508202775
0.15664352046533575
0.07640132146414429
0.020699687168142168
0.0034199024294785008
0.006853218324117447
0.04977941978238385
0.11934700842292989
0.20610517409125667
0.2984366125368961
0.3840985888376392
0.45182804387354136
0.4928002970622431
0.5017524506866572
0.47762861969406195
0.4236682914422923
0.3469328506367069
0.25733882151205256
0.16633005910541657
0.08536674229848258
0.02443082409113741
0.009256990641573721
0.012143724315593614
0.015239673856233227
0.06840061632164104
0.1395228417054908
0.21853010070571785
0.2944310883247832
0.35676623068877983
0.3969659453702198
0.40944406447180937
0.3922870724605355
0.3474545253713476
0.28047108348125327
0.1996573446806887
0.11500634217430185
0.03685744441712561
0.025456211328389128
0.06480962363735053
0.0771822490705766
0.06213599959971202
0.022818514502293743
0.03450177445663601
0.10130110872918471
0.16794732036355653
0.22497406880310267
0.2643139180402846
0.28032970959476433
0.27051253038988715
0.2357602309699268
0.18020667664840442
0.11063117655591069
0.03553201374527813
0.036009377753395404
0.0955216807665468
0.13623745154518402
0.15394601274892858
0.14749800559214687
0.11890152740224637
0.07300426923094464
0.016810372072469496
0.04147228570527237
0.09352501906564933
0.13200604144428307
0.15149076391364055
0.14914436272973786
0.125043539171958
0.08211187392351452
0.02568446448362993
0.03723417976911722
0.09891601553511652
0.1519313985759667
0.1901118398390421
0.2093287380964213
0.20798982159578694
0.18719399789168104
0.150531299082056
0.10356143053130669
0.05304590625116573
0.0060395304464028274
0.031036774111831405
0.05321992690070107
0.057619734852667984
0.04374903624184486
0.013532034534582954
0.029003001915023845
0.07829917353647899
0.12803286294587973
0.17195784201084907
0.20471890542271257
0.22252902012235937
0.2236244532764203
0.2084436095642797
0.17951298829321222
0.14106263029225297
0.09842848078329204
0.0573257033228286
0.023091825162257627
5.685801294047709E-17
0.009269211108160076
0.003932405408345752
0.01484961450211612
0.04418125830990113
0.07986313907333258
0.11698145665723143
0.15057346092300866
0.17627900448262587
0.19089267790503534
0.19274672858184927
0.18187948845386084
0.15997385355136476
0.13008133750273318
0.0961751902193584
0.06259738246578392
0.03347625609288272
0.012193004985439893
9.660283260082965E-4
6.041377428965766E-4
0.010455312416100145
0.0285506474670116
0.051917062806077025
0.07701071586709751
0.10020866271626133
0.11829083997828216
0.12884832968704663
0.1305662679852328
0.123348683212358
0.10827519205261851
0.08740262364699156
0.06344510261333212
0.039381202283894516
0.018044613007194333
0.001754555487535677
0.007965755489371512
0.010548532055233522
0.006402990403493364
0.003196921113003539
0.01633634014812536
0.03075815979339944
0.044191235028076606
0.05466094004512792
0.06073974985954289
0.061706140648194414
0.05759473250133713
0.04913697612068454
0.03760738663118526
0.024603117246756817
0.011792812610575493
6.731951431418547E-4
0.007631414128451578
0.012499737103605498
0.013859347001588411
0.012146243882159796
0.008189975134137988
0.003046865309337625
0.0021892334189140715
0.006567255317980733
0.009421864053431019
0.010457924021680332
0.0097658102848679
0.007768629712837169
0.005113645182195354
0.0025290998573425216
6.728540328623314E-4
0.0
6.728540328623314E-4
0.0025290998573425216
0.005113645182195354
0.007768629712837169
0.0097658102848679
0.010457924021680332
0.009421864053431019
0.006567255317980733
0.0021892334189140715
0.003046865309337625
0.008189975134137988
0.012146243882159796
0.013859347001588411
0.012499737103605498
0.007631414128451578
6.731951431418547E-4
0.011792812610575493
0.024603117246756817
0.03760738663118526
0.04913697612068454
0.05759473250133713
0.061706140648194414
0.06073974985954289
0.05466094004512792
0.044191235028076606
0.03075815979339944
0.01633634014812536
0.003196921113003539
0.006402990403493364
0.010548532055233522
0.007965755489371512
0.001754555487535677
0.018044613007194333
0.039381202283894516
0.06344510261333212
0.08740262364699156
0.10827519205261851
0.123348683212358
0.1305662679852328
0.12884832968704663
0.11829083997828216
0.10020866271626133
0.07701071586709751
0.051917062806077025
0.0285506474670116
0.010455312416100145
6.041377428965766E-4
9.660283260082965E-4
0.012193004985439893
0.03347625609288272
0.06259738246578392
0.0961751902193584
0.13008133750273318
0.15997385355136476
0.18187948845386084
0.19274672858184927
0.19089267790503534
0.17627900448262587
0.15057346092300866
0.11698145665723143
0.07986313907333258
0.04418125830990113
0.01484961450211612
0.003932405408345752
0.009269211108160076
5.685801294047709E-17
0.023091825162257627
0.0573257033228286
0.09842848078329204
0.14106263029225297
0.17951298829321222
0.2084436095642797
0.2236244532764203
0.22252902012235937
0.20471890542271257
0.17195784201084907
0.12803286294587973
0.07829917353647899
0.029003001915023845
0.013532034534582954
0.04374903624184486
0.057619734852667984
0.05321992690070107
0.031036774111831405
0.0060395304464028274
0.05304590625116573
0.10356143053130669
0.150531299082056
0.18719399789168104
0.20798982159578694
0.2093287380964213
0.1901118398390421
0.1519313985759667
0.09891601553511652
0.03723417976911722
0.02568446448362993
0.08211187392351452
0.125043539171958
0.14914436272973786
0.15149076391364055
0.13200604144428307
0.09352501906564933
0.04147228570527237
0.016810372072469496
0.07300426923094464
0.11890152740224637
0.14749800559214687
0.15394601274892858
0.13623745154518402
0.0955216807665468
0.036009377753395404
0.03553201374527813
0.11063117655591069
0.18020667664840442
0.2357602309699268
0.27051253038988715
0.28032970959476433
0.2643139180402846
0.22497406880310267
0.16794732036355653
0.10130110872918471
0.03450177445663601
0.022818514502293743
0.06213599959971202
0.0771822490705766
0.06480962363735053
0.025456211328389128
0.03685744441712561
0.11500634217430185
0.1996573446806887
0.28047108348125327
0.3474545253713476
0.3922870724605355
0.40944406447180937
0.3969659453702198
0.35676623068877983
0.2944310883247832
0.21853010070571785
0.1395228417054908
0.06840061632164104
0.015239673856233227
0.012143724315593614
0.009256990641573721
0.02443082409113741
0.08536674229848258
0.16633005910541657
0.25733882151205256
0.3469328506367069
0.4236682914422923
0.47762861969406195
0.5017524506866572
0.4928002970622431
0.45182804387354136
0.3840985888376392
0.2984366125368961
0.20610517409125667
0.11934700842292989
0.04977941978238385
0.006853218324117447
0.0034199024294785008
0.020699687168142168
0.07640132146414429
0.15664352046533575
0.25103564508202775
0.34717148538875264
0.4322435967962903
0.4947282285016356
0.5259190849574132
0.5211057530660538
0.48023739913983193
0.4079786557647898
0.3131439348115801
0.20757836514291686
0.10462735123993343
0.01739254049259151
0.04299778748889233
0.0688754909918914
0.057077845578550376
0.009408990783993829
0.06754912891106951
0.16325778198277788
0.2645722769685357
0.3574495257826998
0.42879051910313815
0.4681759632627418
0.46926513224105104
0.43067026282706256
0.35618626715124374
0.25433948057596345
0.137308670644996
0.01935483550714856
0.08503763821440577
0.16306598352464236
0.20530948783629735
0.20699936328330487
0.168686847536853
0.09621618630966255
2.2743205176190836E-16
0.1063134949613982
0.2076109823657565
0.28929266393109265
0.3392000152073398
0.3492382193545943
0.31647693854727793
0.24358005002863017
0.1385021918180531
0.013486092231176899
0.11651291012584573
0.23577223538362876
0.32986402449196994
0.3875630138248672
0.40234780230252165
0.37329458160896084
0.30524087909913883
0.2081920911202228
0.0960431349212923
0.015221672008408255
0.10961742053959933
0.17326323315447256
0.19622569882184981
0.1738564559470518
0.10744407598009373
0.004089388923156034
0.12418499874629073
0.26197931300604554
0.39251672224630835
0.4998389201837904
0.5709095671511373
0.5973480783288152
0.5765629736101108
0.5121314517835189
0.4133700305939117
0.294147212170749
0.1710892648068475
0.061411126008277146
0.019344659894283592
0.05936406003901563
0.05214082255608833
0.002632037158695396
0.09898032641743242
0.22539237790685138
0.366295849735825
0.504078037557031
0.6213873809709705
0.7034151830345198
0.7398572729427159
0.7262955805795578
0.6648143054278519
0.5637649275354135
0.43670576928767374
0.30065057257239836
0.1738522733301111
0.07341065866738482
0.013017478889468782
0.0011363591955257165
0.03985940727237464
0.12459481234885757
0.2446313211748627
0.3845104046030733
0.5260303007833739
0.6506220176635458
0.7417869934011401
0.7872762677285867
0.7807232317287512
0.7225122918018222
0.6197650692321843
0.4854411547140589
0.33666685197201346
0.19250746556235646
0.07147300351695182
0.010916248647477329
0.04418398176920777
0.024299955275989254
0.04575773064249306
0.15635839770128285
0.2924505125423105
0.4355119275313629
0.5659659489007198
0.6657480426463974
0.720686621273335
0.7223841327253985
0.669348817912123
0.5672247812831301
0.42808579778256
0.26888116968085835
0.1092338127907135
0.031123168613188267
0.13493630532122228
0.18970784263922266
0.18935759204074715
0.13504941003907686
0.0350699281941142
0.09622880939470543
0.24028808652085348
0.3767620169620115
0.48618244514690034
0.5525202538276127
0.5653061775640583
0.5210306392624862
0.4236356483761919
0.2840302893693592
0.11868931902026811
0.052484901805990296
0.20875938788592607
0.3312872317374674
0.40558772021859163
0.4234631863595675
0.3840985888376392
0.29419614895546314
0.16712353810491645
0.021183596443334833
0.12277062716473518
0.2440648646188812
0.32491961474368813
0.3527964362074801
0.32206505926183426
0.23476986455478122
0.1003917334573631
0.06536717259627722
0.24261972867680529
0.4098868851856955
0.5469089899692363
0.6373070769289992
0.6707441970822948
0.6443012860520261
0.5628842043977826
0.43860516732958316
0.2892162544939769
0.13579742099099984
1.9900304529166983E-16
0.09879394046036959
0.14602377872106412
0.13387809658098276
0.06234293469857892
0.060769888348735576
0.22082137479920932
0.39824305004511673
0.5710875156982681
0.7178991253349125
0.8205289997757446
0.8665247522044067
0.8507799978647581
0.7762249416672602
0.6534645588730589
0.49940875136647944
0.33507130782678846
0.1828241124501107
0.06346537369772189
0.006513922302934089
0.017106062381471734
0.03388194273054919
0.14051855303889874
0.28950298344969994
0.46188935252431895
0.6355560565536605
0.7880983313071694
0.8997655771756422
0.9560581617925339
0.9496421072187426
0.8813287103839226
0.7599882132470109
0.6014061924416044
0.4262301005601538
0.25727314480910946
0.11652766678291901
0.0222791504326791
0.01330029073335091
0.014237878604555788
0.10101778951962319
0.23532884958987157
0.3991441569846474
0.5704707603373523
0.7262252990368062
0.8452589558330227
0.9111352487811929
0.9142957669764424
0.8533284808979943
0.7351703973664352
0.5742157860398333
0.39044472276775505
0.20681544827634382
0.04626110193060011
0.07131604087270402
0.13165860867740756
0.12803286294587973
0.06212433413557853
0.05616892177767341
0.21002034961794736
0.37786975293359176
0.5362427604913992
0.6628262438909811
0.7393968142647299
0.7542181044792536
0.7035915675072536
0.5923560202963388
0.43326870635740367
0.2453472373251438
0.0513881858309153
0.1250135744639752
0.26255470690241084
0.3450174404370775
0.36340098884627214
0.31710991781369496
0.2140422855187288
0.06956444379316197
0.09549462821716097
0.25756782609279905
0.39343700621297606
0.4832783828732921
0.5132669020084872
0.4773975766701989
0.37828401804998
0.22682821746347953
0.040803514392694085
0.15746475719172714
0.344017922909749
0.4963999751621124
0.5966000607293824
0.6334155008753124
0.6039249605383424
0.5138777302678809
0.3769469967734453
0.212943868542763
0.04522527107800272
0.1023652628594253
0.20862332830999455
0.2577662449508512
0.2415074774235703
0.16015036993968212
0.022557025048211485
0.15500449546752684
0.35098442065064445
0.5413692789099107
0.7028248209183143
0.8157521551791774
0.8668564857322965
0.8508914642824976
0.7713500156508903
0.6400104524901329
0.47539669132136336
0.30035375585027607
0.13905583201722815
0.013838687175516064
0.057728513691413075
0.06514813939095458
0.006373430287717377
0.1119189131087993
0.27519906072706585
0.46298368713259647
0.651516345068632
0.8168776008443764
0.938117514885249
1.0
0.9949993435255677
0.9242870983104653
0.7975798059928652
0.6318672828641686
0.44918790846809215
0.2737422761109803
0.12872331268733414
0.03327817512826916
