0.0035050713939307476
0.006838654405758861
0.019525441170570326
0.038642859235155404
0.06350435204586317
0.10299685978222638
2.061474359608903E-4
0.14749379219251363
0.1597359660058618
0.094035246998261
0.17375706397835378
0.11039603180712354
0.03673942943524331
0.023751653286267743
0.050961628804572785
0.255939967116423
0.18881717631114647
0.4480105693446868
0.36881780796511543
0.18508914279377436
0.02847188902278156
0.1238966160939085
0.6328477578243789
0.48036034961240076
0.8171802850448072
0.5264991118354846
0.3325075513130052
0.5442259597703334
0.037430105016054184
0.3261315723209375
0.4933597084560043
0.2955047846303952
0.8480041425774034
0.2881978830714008
0.2533404480863415
0.5406509451512608
0.5061044545782629
0.680207584723235
0.025095009690852446
0.7812546426228439
0.20653995063323013
0.5452876727047317
0.2530499660333602
0.43869754241912245
0.24602261692733196
0.02385810792293254
0.29914450293145767
0.4207680391723174
0.06547665948183681
1.0
0.07926468528534678
0.3633272628853567
0.07435487907840935
0.0024014112228130696
0.4382215570795058
0.04077327610482073
0.4528329306573149
0.10337573630567344
0.04564353371574071
0.09053082589539162
0.02238034611093284
0.26583810967877924
0.1404633252953057
0.0614401022761597
0.07677509085897531
0.033865450776489725
0.08188397451354763
0.1230042705414694
0.039901414836234946
0.10497073917667885
0.07103915353324342
0.15002010463025126
0.02148420177069614
0.055836832498005834
0.04990112624947367
0.20280106970113018
0.03855507811134057
0.009707226853637946
0.07606592961766197
0.10722703360537257
0.052331584243462105
9.780996391559038E-4
0.023878198406788894
0.026140654959955396
0.006659243191353522
0.052011039741081136
0.0732573092495792
0.030579928899762222
0.09383170597188334
0.09655037987977741
0.05064545303116475
0.008808751252610271
0.03666249691058831
0.1428277918581035
0.011896789340064683
8.162141757091392E-4
0.022924766642075385
0.101835193429724
0.10526791061620973
0.0918787365349062
0.01639080806057084
0.11733433244973263
0.013510974066856677
0.09050427091823209
0.029563121055937246
0.017791672207610205
0.082564718372387
0.008790133548865087
0.059752583538000635
0.026773762398789758
0.018628283120980353
0.00379102800930261
0.06973542698762612
0.05159186745803187
0.020878034934104367
0.0473253735708132
0.0411676845475417
0.039274318161435416
0.02174726398153572
0.011437080529502855
0.05078565430083185
0.023275750952845703
0.03164219893677344
0.05941988393040372
0.08738404497992179
0.08225072852097527
0.015646188151642173
0.15062557643087193
0.022051175019250212
0.010731342667041115
0.025694055484646552
0.04602189275261404
0.010834281987149837
0.04130248706663605
0.11173920043658711
0.11723359758867852
0.027957565700113405
0.04816011040921838
0.0322754985795146
0.05209813789310577
0.03948933455169312
0.021829658900475217
0.0045637093446471485
0.011893012688787842
0.009758110735624369
0.005615101786837154
0.03044214489167603
0.015411685273773883
2.149811461652054E-4
0.01081416537579678
0.013066099883147157
0.013482264480983008
0.011779289303991023
0.0027392308111963094
0.00732555978619047
0.0030248525519589817
0.00298755535593501
0.019047123760698347
0.00994896010607195
0.006945274125030274
0.005360137873081411
0.003976710472200543
0.0028457425593627936
0.0101735338396261
0.005698629460383674
0.001180931440913268
0.008117612726144348
0.00237997799101971
2.8383818072306245E-4
0.002721055284318071
0.004225177412003855
0.020246658414780547
0.004866778232681115
0.006954135851122725
0.014398950860863412
0.003918376801351644
0.023827887022414892
0.012906378765362764
0.002187954312858022
4.8104048561658277E-4
5.30239164594356E-4
0.00319292609284536
0.011927501677517147
0.010855907450815029
0.006690765431315641
0.017569944510400178
0.0060647072148245235
0.001589223888783496
0.007974367436199007
0.003689045632341575
0.01241386712592796
0.005256440560338028
0.004091178988463041
0.005284722877135805
0.004035671908651842
0.0033857427213763763
0.005327794792748891
0.006787334663103767
0.001871798544247098
0.008370816121810279
0.0026654521241160326
0.008192993104763228
0.004424819343783899
0.004065352153698742
0.006545639469129229
0.009607973789452554
0.0032245105508317876
0.008920378738436142
0.005007857302708946
0.007229358358793725
0.002873686180870465
0.002799396652630982
0.0115901578823503
0.003154682144894865
0.002775341164591782
0.010004881596660664
0.008812936128012596
1.925939700164394E-4
0.0013326283061732994
0.00387650682132919
0.010734832934522407
0.002983475300458988
0.010727394853608265
0.010801571766653402
0.004149777630902838
0.0023296453154409225
0.002940252223845327
0.004437978653847341
7.298347174954168E-4
0.006360779857049186
0.007021020686789145
4.534119350979032E-4
0.001578163168477921
0.0010965763614608308
0.003680261227890942
0.001161795942219153
6.078575094638675E-4
0.006613468546723805
0.005611853402765146
6.976857197092234E-4
0.006715833145584028
0.002012025368373684
0.007574772385707067
0.007941836651847108
1.0383629356964276E-4
0.0018917845126943135
0.004951814349845567
0.0022350834494108676
0.0016519880072687393
0.002733701402364997
0.0015182728874387666
3.3311664474650716E-4
0.00217389957098865
0.002224697444598028
0.0033265379242051344
0.002182513934502366
0.00693354876909124
0.00614967975838957
0.004349164142580162
0.001280984956867246
0.001448191875746106
0.006925764310961681
0.007139056163477707
0.003016921715054681
0.0015963160657742278
0.0035740391197131662
0.003021346984126237
0.0054010641886437765
0.0021419072450328015
4.1746737841592634E-4
0.0013115604465624188
0.005034888990617143
0.00261553524960173
0.0016854717660458442
0.005872433416435074
2.871798233788398E-4
0.0044048432572126005
0.004701967838592555
0.002981184912674196
0.004006781584532666
0.0016800047629033934
0.005917432186630581
0.0028519451096486394
4.523251311360749E-4
0.0072400857944188955
0.0021530358147282547
0.004297620099237841
0.003878158777259034
0.0012400592085419493
0.005701185932567967
0.0030892963948155293
0.005191652872617926
0.0012975743653869647
0.0024202868515886032
4.3476497046599026E-4
0.003082651448208482
0.003712843185620794
0.002204189602306457
0.0019395523079597237
0.001599901914770799
0.0022495528253106047
0.002851180008327769
9.388448879118562E-4
7.274885771521828E-4
7.866435434688632E-5
0.005169797085308367
0.0033996586323366963
0.0015659422625615208
0.002771726872815879
0.004349961914953543
0.0028687048385087864
0.007309967156267034
0.0045334947879942175
0.003730530916404215
0.0011387311796602346
0.002178599294836797
0.0029473438914005053
0.0021410559138303913
0.0018292839530664312
0.003884733984122174
0.007591143131320286
3.96976359572632E-5
0.0018255783567797882
0.0018868694424817433
0.0016888478120700152
2.465452950028289E-4
3.738258670620438E-4
0.0016521390634947168
0.003378832535848163
0.0015144251602233066
0.0034348428437438027
0.0037383303842923217
8.5130683474969E-4
0.0037674719681849
0.0013419659501892683
6.027167686244679E-4
0.003636207009471287
2.596178379434528E-4
0.0019194230816880827
0.002176245745782265
4.994842711016484E-4
0.0017090258025956636
6.26435558804726E-4
3.634662720875515E-4
0.0025571423939371014
5.346755447129288E-4
0.001897220208447395
0.003925645524745057
0.0031370002201078985
0.004547381580379815
2.7817697972346705E-4
0.0027962684544825
0.0025633701230052923
0.003372974063125233
0.002234775516673809
0.0034104346370168338
0.0013058410210176126
0.0020284338442535617
0.001479458655982392
0.005529742662816354
0.0018757136613120578
5.473555577197518E-4
0.0036303243859868287
0.001625150840000818
8.770073460939407E-4
5.59247958774909E-4
0.002080028566772117
0.003367466965790726
0.0019067843898933905
0.0020806665953890667
3.133390040824431E-4
4.805072694546227E-4
0.0016486865865564333
0.001861242890455114
0.0010323587935054425
5.020220231430344E-4
1.2659647579254895E-4
0.002205661048795776
0.002659304758592814
0.0023980315886420267
9.244190937828104E-4
0.001769270726167051
0.002072887738992025
0.0038976485791222554
0.0017098359821141192
0.002701026778255564
0.0016408095663748429
0.0026378636251931068
6.484132225215876E-4
5.87336326888697E-4
0.002176155950122625
0.002210005918147867
0.0023515149282477936
0.0023651546682294414
0.003986566316324303
0.0025363400870170505
0.002201814336768464
0.0026405442063782564
0.002265868729969781
0.002182356449635053
0.003159399818558877
0.0020031415491153816
0.002275195215931344
0.003055180685233134
0.002248602903699572
0.0024989352356579
0.0015282965770221275
0.002224667973458792
0.002941319752219385
0.0021510710225748093
0.002743884418028122
0.0017058135956428558
0.0023369079416193064
0.0023321540284691666
0.0014985988349135912
0.0020742283088296728
0.002715155005145984
0.00237971488618769
0.00200732181873271
0.0020792431482992402
0.0018269664234864444
0.0021149000694209654
0.0017536944142344405
0.001982450075094573
0.0024261160806464924
0.0023667757970134012
0.0025457123638012343
0.0025361573864065155
0.002230932677426314
0.002339280113784003
0.0027206973869427884
0.0022532315831630843
0.002747217512175996
0.0017411821182041496
0.002849806858979614
0.002234362172713378
0.0024597925498492427
0.002196011728900871
0.0028115095448303343
0.0015477595401599694
0.0030361126830558013
0.0018398731054325751
0.00207244690379553
0.0022205530364159485
0.002176536060473949
0.0024313819421650814
0.0024246186108846817
0.0025417535702400877
0.0024727828586874967
0.0023903786466193634
0.002098423814650565
0.0017448401940787395
0.0025598701588796647
0.0017403947141355902
0.0016739823678503921
0.002078660628861549
0.0022777384795239714
0.0023283556080415397
0.002293750427372939
0.0019136030863788486
0.0016293487627563469
0.0028715708495560726
0.0024641952994451264
0.0028715708495560726
0.0016293487627563469
0.0019136030863788486
0.002293750427372939
0.0023283556080415397
0.0022777384795239714
0.002078660628861549
0.0016739823678503921
0.0017403947141355902
0.0025598701588796647
0.0017448401940787395
0.002098423814650565
0.0023903786466193634
0.0024727828586874967
0.0025417535702400877
0.0024246186108846817
0.0024313819421650814
0.002176536060473949
0.0022205530364159485
0.00207244690379553
0.0018398731054325751
0.0030361126830558013
0.0015477595401599694
0.0028115095448303343
0.002196011728900871
0.0024597925498492427
0.002234362172713378
0.002849806858979614
0.0017411821182041496
0.002747217512175996
0.0022532315831630843
0.0027206973869427884
0.002339280113784003
0.002230932677426314
0.0025361573864065155
0.0025457123638012343
0.0023667757970134012
0.0024261160806464924
0.001982450075094573
0.0017536944142344405
0.0021149000694209654
0.0018269664234864444
0.0020792431482992402
0.00200732181873271
0.00237971488618769
0.002715155005145984
0.0020742283088296728
0.0014985988349135912
0.0023321540284691666
0.0023369079416193064
0.0017058135956428558
0.002743884418028122
0.0021510710225748093
0.002941319752219385
0.002224667973458792
0.0015282965770221275
0.0024989352356579
0.002248602903699572
0.003055180685233134
0.002275195215931344
0.0020031415491153816
0.003159399818558877
0.002182356449635053
0.002265868729969781
0.0026405442063782564
0.002201814336768464
0.0025363400870170505
0.003986566316324303
0.0023651546682294414
0.0023515149282477936
0.002210005918147867
0.002176155950122625
5.87336326888697E-4
6.484132225215876E-4
0.0026378636251931068
0.0016408095663748429
0.002701026778255564
0.0017098359821141192
0.0038976485791222554
0.002072887738992025
0.001769270726167051
9.244190937828104E-4
0.0023980315886420267
0.002659304758592814
0.002205661048795776
1.2659647579254895E-4
5.020220231430344E-4
0.0010323587935054425
0.001861242890455114
0.0016486865865564333
4.805072694546227E-4
3.133390040824431E-4
0.0020806665953890667
0.0019067843898933905
0.003367466965790726
0.002080028566772117
5.59247958774909E-4
8.770073460939407E-4
0.001625150840000818
0.0036303243859868287
5.473555577197518E-4
0.0018757136613120578
0.005529742662816354
0.001479458655982392
0.0020284338442535617
0.0013058410210176126
0.0034104346370168338
0.002234775516673809
0.003372974063125233
0.0025633701230052923
0.0027962684544825
2.7817697972346705E-4
0.004547381580379815
0.0031370002201078985
0.003925645524745057
0.001897220208447395
5.346755447129288E-4
0.0025571423939371014
3.634662720875515E-4
6.26435558804726E-4
0.0017090258025956636
4.994842711016484E-4
0.002176245745782265
0.0019194230816880827
2.596178379434528E-4
0.003636207009471287
6.027167686244679E-4
0.0013419659501892683
0.0037674719681849
8.5130683474969E-4
0.0037383303842923217
0.0034348428437438027
0.0015144251602233066
0.003378832535848163
0.0016521390634947168
3.738258670620438E-4
2.465452950028289E-4
0.0016888478120700152
0.0018868694424817433
0.0018255783567797882
3.96976359572632E-5
0.007591143131320286
0.003884733984122174
0.0018292839530664312
0.0021410559138303913
0.0029473438914005053
0.002178599294836797
0.0011387311796602346
0.003730530916404215
0.0045334947879942175
0.007309967156267034
0.0028687048385087864
0.004349961914953543
0.002771726872815879
0.0015659422625615208
0.0033996586323366963
0.005169797085308367
7.866435434688632E-5
7.274885771521828E-4
9.388448879118562E-4
0.002851180008327769
0.0022495528253106047
0.001599901914770799
0.0019395523079597237
0.002204189602306457
0.003712843185620794
0.003082651448208482
4.3476497046599026E-4
0.0024202868515886032
0.0012975743653869647
0.005191652872617926
0.0030892963948155293
0.005701185932567967
0.0012400592085419493
0.003878158777259034
0.004297620099237841
0.0021530358147282547
0.0072400857944188955
4.523251311360749E-4
0.0028519451096486394
0.005917432186630581
0.0016800047629033934
0.004006781584532666
0.002981184912674196
0.004701967838592555
0.0044048432572126005
2.871798233788398E-4
0.005872433416435074
0.0016854717660458442
0.00261553524960173
0.005034888990617143
0.0013115604465624188
4.1746737841592634E-4
0.0021419072450328015
0.0054010641886437765
0.003021346984126237
0.0035740391197131662
0.0015963160657742278
0.003016921715054681
0.007139056163477707
0.006925764310961681
0.001448191875746106
0.001280984956867246
0.004349164142580162
0.00614967975838957
0.00693354876909124
0.002182513934502366
0.0033265379242051344
0.002224697444598028
0.00217389957098865
3.3311664474650716E-4
0.0015182728874387666
0.002733701402364997
0.0016519880072687393
0.0022350834494108676
0.004951814349845567
0.0018917845126943135
1.0383629356964276E-4
0.007941836651847108
0.007574772385707067
0.002012025368373684
0.006715833145584028
6.976857197092234E-4
0.005611853402765146
0.006613468546723805
6.078575094638675E-4
0.001161795942219153
0.003680261227890942
0.0010965763614608308
0.001578163168477921
4.534119350979032E-4
0.007021020686789145
0.006360779857049186
7.298347174954168E-4
0.004437978653847341
0.002940252223845327
0.0023296453154409225
0.004149777630902838
0.010801571766653402
0.010727394853608265
0.002983475300458988
0.010734832934522407
0.00387650682132919
0.0013326283061732994
1.925939700164394E-4
0.008812936128012596
0.010004881596660664
0.002775341164591782
0.003154682144894865
0.0115901578823503
0.002799396652630982
0.002873686180870465
0.007229358358793725
0.005007857302708946
0.008920378738436142
0.0032245105508317876
0.009607973789452554
0.006545639469129229
0.004065352153698742
0.004424819343783899
0.008192993104763228
0.0026654521241160326
0.008370816121810279
0.001871798544247098
0.006787334663103767
0.005327794792748891
0.0033857427213763763
0.004035671908651842
0.005284722877135805
0.004091178988463041
0.005256440560338028
0.01241386712592796
0.003689045632341575
0.007974367436199007
0.001589223888783496
0.0060647072148245235
0.017569944510400178
0.006690765431315641
0.010855907450815029
0.011927501677517147
0.00319292609284536
5.30239164594356E-4
4.8104048561658277E-4
0.002187954312858022
0.012906378765362764
0.023827887022414892
0.003918376801351644
0.014398950860863412
0.006954135851122725
0.004866778232681115
0.020246658414780547
0.004225177412003855
0.002721055284318071
2.8383818072306245E-4
0.00237997799101971
0.008117612726144348
0.001180931440913268
0.005698629460383674
0.0101735338396261
0.0028457425593627936
0.003976710472200543
0.005360137873081411
0.006945274125030274
0.00994896010607195
0.019047123760698347
0.00298755535593501
0.0030248525519589817
0.00732555978619047
0.0027392308111963094
0.011779289303991023
0.013482264480983008
0.013066099883147157
0.01081416537579678
2.149811461652054E-4
0.015411685273773883
0.03044214489167603
0.005615101786837154
0.009758110735624369
0.011893012688787842
0.0045637093446471485
0.021829658900475217
0.03948933455169312
0.05209813789310577
0.0322754985795146
0.04816011040921838
0.027957565700113405
0.11723359758867852
0.11173920043658711
0.04130248706663605
0.010834281987149837
0.04602189275261404
0.025694055484646552
0.010731342667041115
0.022051175019250212
0.15062557643087193
0.015646188151642173
0.08225072852097527
0.08738404497992179
0.05941988393040372
0.03164219893677344
0.023275750952845703
0.05078565430083185
0.011437080529502855
0.02174726398153572
0.039274318161435416
0.0411676845475417
0.0473253735708132
0.020878034934104367
0.05159186745803187
0.06973542698762612
0.00379102800930261
0.018628283120980353
0.026773762398789758
0.059752583538000635
0.008790133548865087
0.082564718372387
0.017791672207610205
0.029563121055937246
0.09050427091823209
0.013510974066856677
0.11733433244973263
0.01639080806057084
0.0918787365349062
0.10526791061620973
0.101835193429724
0.022924766642075385
8.162141757091392E-4
0.011896789340064683
0.1428277918581035
0.03666249691058831
0.008808751252610271
0.05064545303116475
0.09655037987977741
0.09383170597188334
0.030579928899762222
0.0732573092495792
0.052011039741081136
0.006659243191353522
0.026140654959955396
0.023878198406788894
9.780996391559038E-4
0.052331584243462105
0.10722703360537257
0.07606592961766197
0.009707226853637946
0.03855507811134057
0.20280106970113018
0.04990112624947367
0.055836832498005834
0.02148420177069614
0.15002010463025126
0.07103915353324342
0.10497073917667885
0.039901414836234946
0.1230042705414694
0.08188397451354763
0.033865450776489725
0.07677509085897531
0.0614401022761597
0.1404633252953057
0.26583810967877924
0.02238034611093284
0.09053082589539162
0.04564353371574071
0.10337573630567344
0.4528329306573149
0.04077327610482073
0.4382215570795058
0.0024014112228130696
0.07435487907840935
0.3633272628853567
0.07926468528534678
1.0
0.06547665948183681
0.4207680391723174
0.29914450293145767
0.02385810792293254
0.24602261692733196
0.43869754241912245
0.2530499660333602
0.5452876727047317
0.20653995063323013
0.7812546426228439
0.025095009690852446
0.680207584723235
0.5061044545782629
0.5406509451512608
0.2533404480863415
0.2881978830714008
0.8480041425774034
0.2955047846303952
0.4933597084560043
0.3261315723209375
0.037430105016054184
0.5442259597703334
0.3325075513130052
0.5264991118354846
0.8171802850448072
0.48036034961240076
0.6328477578243789
0.1238966160939085
0.02847188902278156
0.18508914279377436
0.36881780796511543
0.4480105693446868
0.18881717631114647
0.255939967116423
0.050961628804572785
0.023751653286267743
0.03673942943524331
0.11039603180712354
0.17375706397835378
0.094035246998261
0.1597359660058618
0.14749379219251363
2.061474359608903E-4
0.10299685978222638
0.06350435204586317
0.038642859235155404
0.019525441170570326
0.006838654405758861
