0.22392371761392219
0.27598467311839664
0.42317541589450913
0.19140800672230604
0.4543262092534229
0.2792511898457178
0.04152607398211061
0.15739046867182196
0.3953660522407489
0.14339625379227747
0.44058449250881276
0.4950719369326074
0.32874939607248005
0.0622602264171939
0.8420697852539589
0.4387629368417739
0.9872286471465878
0.29529313476002933
0.33970348477730933
0.4548329633535911
0.23277071473431626
0.41670487776775383
0.15334422677069182
0.6212708224493052
0.2101156543065523
0.42844401381597197
0.4947205983586199
0.36285502999608643
0.9006681629309882
0.2518236473687918
0.44336505060238907
0.11665205891247178
6.19760185943218E-4
0.5972957724377411
0.4071295655310458
0.582318874783483
0.23684878246639374
0.10075512511815325
0.9814082811683195
0.3733040787645818
0.7729680106120648
0.4447167012935074
0.8033643697189603
0.42295076263952874
0.5777330335912005
0.8575843459506197
0.4818805887666686
0.9551284375214819
0.3689573487730621
0.39551703570830443
0.689732485806073
0.08344586402027328
0.6991584207993066
0.04322975899882493
0.14201498894237868
0.07320382678752928
0.624483197990663
0.7300764825075663
0.48718445505699787
0.7751235460925978
0.1179584987247591
0.10008989884298065
0.4867048753805149
0.0061297150719366875
0.7762659818243618
0.019524091760984404
0.3724295246959627
0.231683010502429
0.46616745308250984
0.6368612685388231
0.8829848168121339
1.0
0.0816190484672898
0.3265874790717802
0.4347791609246413
0.10749425978510212
0.10803674012744549
0.6937327426974899
0.060713264057254135
0.1143308964948826
0.2466210587904282
0.4351884213931239
0.3716014439369941
0.28014209530980755
0.08695754104034514
0.2564746813157353
0.5921976529343687
0.05190557538129314
0.2136916014008263
0.4464043686434356
0.05665716813772974
0.4889525024077846
0.3106582329841259
0.5486312325914469
0.4207624497181338
0.3403430194446489
0.13103719934094687
0.08178542589815214
0.4267927027735579
0.5842146003388757
0.15077961778104634
0.730178214196519
0.3395537441957475
0.5846670630998417
0.04768116522078819
0.20816276143046697
0.05260118181173083
0.10481865620000815
0.4118780361419325
0.3766274342946793
0.6011271724707246
0.10806902699142244
0.10609200254019764
0.9315055841214217
0.40222065295959336
0.3948942183567161
0.1789260821220098
0.06342360528890768
0.10118925564658512
0.25733427138397386
0.6559843039148312
0.18326408102811106
0.311633562651333
0.22019321193594468
0.11618655986679888
0.8906530378674646
0.27918358201430077
0.7471119011350731
0.26770385762887794
0.21209267303156176
0.01856847638214814
0.5034658857557776
0.722141248876653
0.5849798833668882
0.8007333835970707
0.1316651717378719
0.2448536326166084
0.6826988574364276
0.05500712368551173
0.4557190314594613
0.2026120906492556
0.1414542740528194
0.25400882420709175
0.45077550128117305
0.3858196252001914
0.43816982042374936
0.5146364210024593
0.22249974178477883
0.03491189826468742
0.6602922262364675
0.4081606175872171
0.5456430396026514
0.2703461168532642
0.17750038486202474
0.11196185880696108
0.4714227411271707
0.7577759574859484
0.6657820021515184
0.28373124399679195
0.2378279757874574
0.03176578637964296
0.5046230393024335
0.04148092188357308
0.11215804516662456
0.1991455498827734
0.20730472885753393
0.20911114843877154
0.2222781125737802
0.4077650941724624
0.3083048111000279
0.26691316342962723
0.09565793559900976
0.29331853323886187
0.7498785523633101
0.02913964476545189
0.1136381248783116
0.3248939421071712
0.052198209258354306
0.06056431521483886
0.5385285095845378
0.2591958971665865
0.10181984520394939
0.13686562517169223
0.2131189821850105
0.17747384728930873
0.27788900253387333
0.08461391225452088
0.2716790989526504
0.4205885010175132
0.24080065259248748
0.25708291085522095
0.13226586089378833
0.050193958755496856
0.2828340182686557
0.015260126440486159
0.5577713150852937
0.3534911512040552
0.35592282826022614
0.02613257700992838
0.025907312331364372
0.47581430825523713
0.10921290041146743
0.11187585416936296
0.009408539081182292
0.05307287734053633
0.0894862239172375
0.17508869903613278
0.2147767523592287
0.12273387416756903
0.49782491041496196
0.0856666765856868
0.10737113415713162
0.45832592668424293
0.13853025339543065
0.3784258650849116
0.16676968867079908
0.12146719005599767
0.10203166496511015
0.35190333455379547
0.2756425083119231
0.27191850172281556
0.26448816860729685
0.216341042103741
0.03298696961169704
0.14125716340279743
0.14244087928481944
0.3676522459908558
0.06814203245043093
0.1397385342500276
0.022737564539555433
0.034583558667661704
0.22392371761392219
0.40649607830947426
0.20320780530289176
0.14734859325889718
0.06301119754577214
0.4519070828234384
0.15193176038589587
0.016028717642998173
0.10993381724862038
0.22661965873240777
0.017722954566571
0.10392579946780321
0.14710972143337486
0.04745210365517856
0.02400672786701835
0.05843185343572166
0.033558666305701305
0.43789226612476284
0.17510572741414845
0.2950021425577768
0.08309017750281682
0.0811876282894578
0.21176704877249863
0.20277908414718504
0.13988890283010957
0.003791175297516398
0.032421171249626166
0.21158554389778847
0.2987956636573878
0.17546509731049711
0.024740168627324935
0.2957054302085253
0.06838073733858568
0.02065570074911981
0.04031492523402707
0.11206619176383592
0.2947037629483765
6.71575830419054E-4
0.07491184565215951
0.2327420279144797
0.25885233532315655
0.35508148179314747
0.3973096034621133
0.2560436173348387
0.1375418208868835
0.08299359733075894
0.07596614343964729
0.028706798796512712
0.03914446917391037
0.022931130325316813
0.24591459801831045
0.15425144461296197
0.05203735077002913
0.21182171322767013
0.29592887993608236
0.20745520703940148
0.13758615750152742
0.05497010972093258
0.3366589572325944
0.22365111290221046
0.016563473901895776
0.04696032111385132
0.13816993264850547
0.11329292254738764
0.32668215199706896
0.41088352980229603
0.1187118575546649
0.1469910096101436
0.269561831809838
0.11598665301232654
0.009789282329902196
0.048316882272043206
0.14382828103836753
0.13982567480265665
0.1867239092557735
0.17926408972787566
0.08023680083613782
0.11196185880696112
0.19953771216376484
0.27910414286822016
0.04268834836344301
0.27831441754137537
0.07343754802214363
0.04635767028205348
0.10066778217260196
0.037125406093893525
0.005534746604352419
0.18237358406225992
0.024724229466285795
0.058024787863154875
0.23030571087763632
0.2427682093813429
0.131468035520895
0.11410775484790099
0.015726808385982942
0.2727624512184136
0.051825654073096174
0.32067760043874743
0.2740727262666919
0.2343350888790731
0.1876216027713238
0.08899416495931753
0.08228508832687094
0.245425502419825
0.1377129487590978
0.1107948236072772
0.18214528734598293
0.1707095671695912
0.035070224836658136
0.1380269902497013
0.049126802962344215
0.3038658679215678
0.17157300826734473
0.06555544206244042
0.08095390326896178
0.1267203105557056
0.1602118417932116
0.29166714055460197
0.24307055237535904
0.007578690257452148
0.20065856463999815
0.18776158575180688
0.4419242307354441
0.22175801283013355
0.08044087605810886
0.26385191415912845
0.2693163678367075
0.12651930720899374
0.15877532552695572
0.3475891156192746
0.13514305453661177
0.37113963215818474
0.2650275669159897
0.02816315946110714
0.3325063073177781
0.09282961531122295
0.11666688338153712
0.036420045595444143
0.2587757511123165
0.007925954265975099
0.24802218293733064
0.23092183809854624
0.01347034070152633
0.16215269978979244
0.22149349988517938
0.1673435000229866
0.1338363085067947
0.1558362703549393
0.40720840653601104
0.14356336298155165
0.0655047924458582
0.20254143204751254
0.08050551203820447
0.2987940660853026
0.4698090250835677
0.4568460489636511
0.0668732779848254
0.06219642992859323
0.13852784132747453
0.025360090682600936
0.1581356311180968
0.31421081657235106
0.016405992359163186
0.06090088678145929
0.07704822913360196
0.15289792082991618
0.022624005400882812
0.018639922653502047
0.047867483534930456
0.11628353066753695
0.37366849919055395
0.18685399101258846
0.1267432049415415
0.03676165583296756
0.012589927870786837
0.10396826637870207
0.21285403485493415
0.4903180675642206
0.14563971836546016
0.2166878594101639
0.009038858664374759
0.026486369493720036
0.03698230467727533
0.40249047709867736
0.08648239412730481
0.10283422815931195
0.1764981245087804
0.1643674468722828
0.08902741644367122
0.1534136161813879
0.1292783452973101
0.22904932410150983
0.1814181416600043
0.1795357704028007
0.2698015430256827
0.0645549014996637
0.18045731700570344
0.25389946025099874
0.04431603139224799
0.21084237221696664
0.1738137377590543
0.12120413652222516
0.101514972609711
0.08825020952858927
0.13762829557017422
0.3314771661858306
0.10655140802226638
0.10020441215402846
0.002639746912995111
0.27078296183846134
0.0552127940271485
0.2961722462852817
0.28573182188011553
0.04415259851090513
0.003476993994500599
0.12000901253879202
0.26363838279076124
0.07621249896666556
0.3778819369461823
0.08228873347149113
0.019572206185148735
0.052546743662071474
0.29124241240043597
0.02935872964196254
0.15905549647685693
0.094481806245284
0.11032703731655615
0.1946522461483433
0.23489276817495347
0.19181715934178895
0.09162032676797117
0.22392371761392219
0.09162032676797117
0.19181715934178895
0.23489276817495347
0.1946522461483433
0.11032703731655615
0.094481806245284
0.15905549647685693
0.02935872964196254
0.29124241240043597
0.052546743662071474
0.019572206185148735
0.08228873347149113
0.3778819369461823
0.07621249896666556
0.26363838279076124
0.12000901253879202
0.003476993994500599
0.04415259851090513
0.28573182188011553
0.2961722462852817
0.0552127940271485
0.27078296183846134
0.002639746912995111
0.10020441215402846
0.10655140802226638
0.3314771661858306
0.13762829557017422
0.08825020952858927
0.101514972609711
0.12120413652222516
0.1738137377590543
0.21084237221696664
0.04431603139224799
0.25389946025099874
0.18045731700570344
0.0645549014996637
0.2698015430256827
0.1795357704028007
0.1814181416600043
0.22904932410150983
0.1292783452973101
0.1534136161813879
0.08902741644367122
0.1643674468722828
0.1764981245087804
0.10283422815931195
0.08648239412730481
0.40249047709867736
0.03698230467727533
0.026486369493720036
0.009038858664374759
0.2166878594101639
0.14563971836546016
0.4903180675642206
0.21285403485493415
0.10396826637870207
0.012589927870786837
0.03676165583296756
0.1267432049415415
0.18685399101258846
0.37366849919055395
0.11628353066753695
0.047867483534930456
0.018639922653502047
0.022624005400882812
0.15289792082991618
0.07704822913360196
0.06090088678145929
0.016405992359163186
0.31421081657235106
0.1581356311180968
0.025360090682600936
0.13852784132747453
0.06219642992859323
0.0668732779848254
0.4568460489636511
0.4698090250835677
0.2987940660853026
0.08050551203820447
0.20254143204751254
0.0655047924458582
0.14356336298155165
0.40720840653601104
0.1558362703549393
0.1338363085067947
0.1673435000229866
0.22149349988517938
0.16215269978979244
0.01347034070152633
0.23092183809854624
0.24802218293733064
0.007925954265975099
0.2587757511123165
0.036420045595444143
0.11666688338153712
0.09282961531122295
0.3325063073177781
0.02816315946110714
0.2650275669159897
0.37113963215818474
0.13514305453661177
0.3475891156192746
0.15877532552695572
0.12651930720899374
0.2693163678367075
0.26385191415912845
0.08044087605810886
0.22175801283013355
0.4419242307354441
0.18776158575180688
0.20065856463999815
0.007578690257452148
0.24307055237535904
0.29166714055460197
0.1602118417932116
0.1267203105557056
0.08095390326896178
0.06555544206244042
0.17157300826734473
0.3038658679215678
0.049126802962344215
0.1380269902497013
0.035070224836658136
0.1707095671695912
0.18214528734598293
0.1107948236072772
0.1377129487590978
0.245425502419825
0.08228508832687094
0.08899416495931753
0.1876216027713238
0.2343350888790731
0.2740727262666919
0.32067760043874743
0.051825654073096174
0.2727624512184136
0.015726808385982942
0.11410775484790099
0.131468035520895
0.2427682093813429
0.23030571087763632
0.058024787863154875
0.024724229466285795
0.18237358406225992
0.005534746604352419
0.037125406093893525
0.10066778217260196
0.04635767028205348
0.07343754802214363
0.27831441754137537
0.04268834836344301
0.27910414286822016
0.19953771216376484
0.11196185880696112
0.08023680083613782
0.17926408972787566
0.1867239092557735
0.13982567480265665
0.14382828103836753
0.048316882272043206
0.009789282329902196
0.11598665301232654
0.269561831809838
0.1469910096101436
0.1187118575546649
0.41088352980229603
0.32668215199706896
0.11329292254738764
0.13816993264850547
0.04696032111385132
0.016563473901895776
0.22365111290221046
0.3366589572325944
0.05497010972093258
0.13758615750152742
0.20745520703940148
0.29592887993608236
0.21182171322767013
0.05203735077002913
0.15425144461296197
0.24591459801831045
0.022931130325316813
0.03914446917391037
0.028706798796512712
0.07596614343964729
0.08299359733075894
0.1375418208868835
0.2560436173348387
0.3973096034621133
0.35508148179314747
0.25885233532315655
0.2327420279144797
0.07491184565215951
6.71575830419054E-4
0.2947037629483765
0.11206619176383592
0.04031492523402707
0.02065570074911981
0.06838073733858568
0.2957054302085253
0.024740168627324935
0.17546509731049711
0.2987956636573878
0.21158554389778847
0.032421171249626166
0.003791175297516398
0.13988890283010957
0.20277908414718504
0.21176704877249863
0.0811876282894578
0.08309017750281682
0.2950021425577768
0.17510572741414845
0.43789226612476284
0.033558666305701305
0.05843185343572166
0.02400672786701835
0.04745210365517856
0.14710972143337486
0.10392579946780321
0.017722954566571
0.22661965873240777
0.10993381724862038
0.016028717642998173
0.15193176038589587
0.4519070828234384
0.06301119754577214
0.14734859325889718
0.20320780530289176
0.40649607830947426
0.22392371761392219
0.034583558667661704
0.022737564539555433
0.1397385342500276
0.06814203245043093
0.3676522459908558
0.14244087928481944
0.14125716340279743
0.03298696961169704
0.216341042103741
0.26448816860729685
0.27191850172281556
0.2756425083119231
0.35190333455379547
0.10203166496511015
0.12146719005599767
0.16676968867079908
0.3784258650849116
0.13853025339543065
0.45832592668424293
0.10737113415713162
0.0856666765856868
0.49782491041496196
0.12273387416756903
0.2147767523592287
0.17508869903613278
0.0894862239172375
0.05307287734053633
0.009408539081182292
0.11187585416936296
0.10921290041146743
0.47581430825523713
0.025907312331364372
0.02613257700992838
0.35592282826022614
0.3534911512040552
0.5577713150852937
0.015260126440486159
0.2828340182686557
0.050193958755496856
0.13226586089378833
0.25708291085522095
0.24080065259248748
0.4205885010175132
0.2716790989526504
0.08461391225452088
0.27788900253387333
0.17747384728930873
0.2131189821850105
0.13686562517169223
0.10181984520394939
0.2591958971665865
0.5385285095845378
0.06056431521483886
0.052198209258354306
0.3248939421071712
0.1136381248783116
0.02913964476545189
0.7498785523633101
0.29331853323886187
0.09565793559900976
0.26691316342962723
0.3083048111000279
0.4077650941724624
0.2222781125737802
0.20911114843877154
0.20730472885753393
0.1991455498827734
0.11215804516662456
0.04148092188357308
0.5046230393024335
0.03176578637964296
0.2378279757874574
0.28373124399679195
0.6657820021515184
0.7577759574859484
0.4714227411271707
0.11196185880696108
0.17750038486202474
0.2703461168532642
0.5456430396026514
0.4081606175872171
0.6602922262364675
0.03491189826468742
0.22249974178477883
0.5146364210024593
0.43816982042374936
0.3858196252001914
0.45077550128117305
0.25400882420709175
0.1414542740528194
0.2026120906492556
0.4557190314594613
0.05500712368551173
0.6826988574364276
0.2448536326166084
0.1316651717378719
0.8007333835970707
0.5849798833668882
0.722141248876653
0.5034658857557776
0.01856847638214814
0.21209267303156176
0.26770385762887794
0.7471119011350731
0.27918358201430077
0.8906530378674646
0.11618655986679888
0.22019321193594468
0.311633562651333
0.18326408102811106
0.6559843039148312
0.25733427138397386
0.10118925564658512
0.06342360528890768
0.1789260821220098
0.3948942183567161
0.40222065295959336
0.9315055841214217
0.10609200254019764
0.10806902699142244
0.6011271724707246
0.3766274342946793
0.4118780361419325
0.10481865620000815
0.05260118181173083
0.20816276143046697
0.04768116522078819
0.5846670630998417
0.3395537441957475
0.730178214196519
0.15077961778104634
0.5842146003388757
0.4267927027735579
0.08178542589815214
0.13103719934094687
0.3403430194446489
0.4207624497181338
0.5486312325914469
0.3106582329841259
0.4889525024077846
0.05665716813772974
0.4464043686434356
0.2136916014008263
0.05190557538129314
0.5921976529343687
0.2564746813157353
0.08695754104034514
0.28014209530980755
0.3716014439369941
0.4351884213931239
0.2466210587904282
0.1143308964948826
0.060713264057254135
0.6937327426974899
0.10803674012744549
0.10749425978510212
0.4347791609246413
0.3265874790717802
0.0816190484672898
1.0
0.8829848168121339
0.6368612685388231
0.46616745308250984
0.231683010502429
0.3724295246959627
0.019524091760984404
0.7762659818243618
0.0061297150719366875
0.4867048753805149
0.10008989884298065
0.1179584987247591
0.7751235460925978
0.48718445505699787
0.7300764825075663
0.624483197990663
0.07320382678752928
0.14201498894237868
0.04322975899882493
0.6991584207993066
0.08344586402027328
0.689732485806073
0.39551703570830443
0.3689573487730621
0.9551284375214819
0.4818805887666686
0.8575843459506197
0.5777330335912005
0.42295076263952874
0.8033643697189603
0.4447167012935074
0.7729680106120648
0.3733040787645818
0.9814082811683195
0.10075512511815325
0.23684878246639374
0.582318874783483
0.4071295655310458
0.5972957724377411
6.19760185943218E-4
0.11665205891247178
0.44336505060238907
0.2518236473687918
0.9006681629309882
0.36285502999608643
0.4947205983586199
0.42844401381597197
0.2101156543065523
0.6212708224493052
0.15334422677069182
0.41670487776775383
0.23277071473431626
0.4548329633535911
0.33970348477730933
0.29529313476002933
0.9872286471465878
0.4387629368417739
0.8420697852539589
0.0622602264171939
0.32874939607248005
0.4950719369326074
0.44058449250881276
0.14339625379227747
0.3953660522407489
0.15739046867182196
0.04152607398211061
0.2792511898457178
0.4543262092534229
0.19140800672230604
0.42317541589450913
0.27598467311839664
