-0.048708385812801916
0.05057381197729759
0.06024742335793856
0.041223395745002646
0.008455281756969878
0.036629573434510156
0.23276089312806678
0.03468285830439788
0.06404120639978911
0.1042985977355529
0.30916721228261895
0.19059600506344973
0.1837093058299212
0.014205371894127598
0.13762116586701192
0.13188106462662777
0.05363523067152866
0.3435610838141192
0.32984254745693625
0.11328373886194176
0.2201134666679539
0.550455770586005
0.02335475515035617
0.3067212298881793
0.46795726420775746
0.1129132212317729
0.009066167100079516
0.4714780207798132
0.52950821736001
0.6055929221052467
0.536642872156483
0.10440435576762531
0.1131168488301057
0.07206905888990404
0.05996708536901894
0.07924367249830747
0.1546388395237388
0.3977851949189067
0.3530575473350353
0.8862524070593326
0.6010226875776359
0.4803152537955706
0.11461095279700706
0.41380102469002383
0.15485607223454612
0.1984614097623701
0.8442875012029671
1.0
0.16682332242618902
0.318738276591805
0.11260332352511193
0.2918527748414705
0.1344192575037922
0.06271279771923442
0.36223006361170035
0.39356673900127775
0.11844735899357126
0.06586217388724355
0.17232925974543664
0.16609182422727126
0.03359776945331103
0.2567917948118395
0.037153112039388814
0.0958353858037054
0.004588037528812588
0.021456368292271856
0.01866173241045669
0.021863950949499552
0.169118908675016
0.053709934881599634
0.04576783312061648
0.03191529906973056
0.06019452377471658
0.025427132292478238
0.09504979117221096
0.00918934130305597
0.034650632641391475
0.07725302484492248
0.07743940687425808
2.0682680658433642E-4
0.020892050974904656
0.12527334428536302
0.11376975826760669
0.01003293588253894
0.06665560260972118
0.0014581428194645847
0.017748007373787164
0.04381635794316098
0.022634628822388127
0.04421717140323888
0.027259446875363115
0.010751432194049625
0.040343447622758606
0.06388109758015005
0.015751098763126282
0.001396922742439207
0.02315892285173816
0.06654647532314516
0.011279546915504686
0.06669731319672606
0.022948301853832957
0.03211668932520521
0.032207860509519445
0.0687976054279992
0.024774095469697003
0.0379230080657511
0.020868573304000188
0.0685596160534091
0.0016152629630596196
0.002728568141749202
0.04431432355844573
0.07612735062389642
0.04350964621466655
0.049048111072178824
0.054842119635172895
0.045309790062440146
0.006546732479239748
0.01250169224884502
0.010827111114678153
0.026812195313434827
0.05336237963852958
0.0497311113018595
0.02332793752852773
0.01712556531146662
0.07716012996692939
0.041729297759477445
0.054613999865019754
0.0136133288450689
0.056619444903607784
0.014392947297356224
0.03193481767038469
0.004807973357409521
0.02991771660747226
0.0387405122925258
0.02858235172810453
0.03896652881193925
0.03079249907409801
0.02249442917605543
0.006861363138124147
0.0028266954028277527
0.008950862240735524
0.005032370694637154
0.0020834538555574646
0.015409674057061286
0.021383328085269895
0.011918503110452318
0.011221006341891016
0.0018486293518628941
0.02582009538026804
0.010562572164240648
0.004942958981517122
1.2371872758242645E-4
0.00876213200181986
0.006276636408400506
0.006032650914036361
0.005977109263185499
0.010486490879426947
0.0011095045841148325
0.004536462885478244
0.019251109502867396
0.010639070140277778
0.01895921156787927
0.00716803336704269
0.008443416682160754
0.0036674180426447636
1.2334255945843907E-4
0.012427976564679994
0.011405670127737879
0.001969847140629181
0.009265318664989712
0.0036648565790808507
0.006438799455266231
1.7417848200679546E-4
0.0037621165418042554
0.007651290323624011
0.0011659337363948584
0.006938702464702043
0.00485803533052749
0.0135543787798626
0.0030585493418061
0.0059950887331646045
1.8481510828234258E-4
1.603209865235792E-4
0.00872426933940082
4.072936578312243E-4
0.011648268301105467
0.010412609159257081
0.01470365965513454
0.0028996805524406193
0.006697369158026481
0.003013951786162335
0.007983067679525975
0.0021056027758586766
0.004847366644435838
0.007160174322020359
0.013687851926237928
0.005686342313926869
0.009625102518904572
0.0042186270152584655
0.0064038167644012425
0.010527720070585786
0.010590011242998767
0.006340752713533904
0.007700324039601521
0.010430967490652393
0.004749256857611064
0.010490156461773457
0.00906726268243949
0.007188912102520541
1.231640274039343E-4
0.006545827612469041
0.0029476282684119735
0.008695491000416151
0.008995492955266023
0.006503988953554145
0.00250039553001664
0.005949984736392894
0.007836399481430214
0.0051374052548026055
0.009928635875210525
5.586259882011889E-4
0.006162038155647222
0.008093200139251803
0.006365004919171138
0.004179159691333811
0.007103206976246263
0.01118137830429147
0.007734959595152264
0.009307227073406671
0.009265505660546925
0.004577811977510126
0.009697385196795484
0.0021423132673908645
0.003509178452155528
0.011665856520865648
0.010117401777622655
0.008048445676250363
0.006073725926228623
0.00812166142891344
0.006791341204485019
0.008080497476256537
0.007982583915173432
0.003964011201432309
0.004347080352370581
0.00825531938496882
0.004033916391110006
0.003419397712772764
0.006717210326170275
0.003148162211728321
0.007091351862679204
0.00623214234912813
0.008920880545940375
0.006545134086794783
0.0045776106619565115
0.006790815311450999
0.011484807790198759
0.006026984340872259
0.007369956477086238
0.009856753037501352
0.007537314024414809
0.003029717942910594
0.003872489468981722
0.007840005184793112
0.004009849655694331
0.00797867594367395
0.008517880538799207
0.00806419593047623
0.01063403432945129
0.00437456455895077
0.004014750826851519
0.0037407842664811917
0.007254669691400515
0.007201652903803084
0.005462701105497887
0.004954922556363019
0.005187654909041198
0.007581264320237694
0.006758878807326105
0.0064064834810531575
0.009394932141187565
0.008627090778880318
0.008791116110710586
0.008130723621355218
0.004528486523626154
0.007866047554659743
0.006530210956339475
0.006119995002602727
0.008180698013697418
0.009656095337193197
0.007586750287862854
0.013278699558296988
0.00736960788864872
0.005569850209439588
0.006509912753446207
0.008624788444224006
0.008568172595935866
0.006197500315120752
0.006886427506990415
0.007198232884912209
0.006258158535419323
0.005782215116675021
0.006316426938405122
0.0065781294878895615
0.008867412567096085
0.003793518272390532
0.004427464588384225
0.010138656258115433
0.007568869310178756
0.005095705484394286
0.012452582167472252
0.0032727730312113695
0.0032045259193062784
0.008779722318511545
0.004628495937720098
0.0010549954418847007
0.005776267501404081
0.0067615985380723356
0.007140753788503334
0.0060108078587198166
0.00251534215418741
0.010158748219605732
0.01061136546353544
0.007468747109284885
0.00956326600328229
0.00595528232413872
0.007524604878859782
0.008485950195534246
0.007272307347413086
0.005136301075993873
0.008008214624012302
0.006253350571554067
0.004688256308686475
0.007369421527170827
0.008514776943054456
0.0069183846434297215
0.007880593152804202
0.008787710594313042
0.006781760701586577
0.005971700956904823
0.00553094654699413
0.007989070036875528
0.006271234039104438
0.006132024282000959
0.006824636544937493
0.004666896171340969
0.004637352440909268
0.006777177537278239
0.006798965777531324
0.007393067666976832
0.005755669654478934
0.00708945839708226
0.007358232459436835
0.008880587275892315
0.007515393965234023
0.008085338017517906
0.005842385259765862
0.006205019924816349
0.004535067539491322
0.00549180716989943
0.007003906093045825
0.005422483035913957
0.005171144060746534
0.0037267963627308697
0.0061298019063162346
0.0071427559352720965
0.004927327364351319
0.008054944971543911
0.006331498202303919
0.008284210305157046
0.006711059872825448
0.0064139049343931425
0.008198502536746647
0.0068050467463755
0.006548480724906906
0.006991561839087316
0.006744645522257942
0.006973210637628657
0.007075250856846055
0.007129189282217822
0.0075560795477828705
0.007287023134165107
0.006458978759477641
0.006086186528638967
0.005928803233243906
0.005314788473034322
0.0075447953805473835
0.0068078498198856485
0.006339844637883216
0.006532691342510503
0.006505064289471239
0.006807266926050515
0.006720275470259684
0.007474995618090948
0.007653213964995642
0.006456281668996978
0.0071096639818885275
0.007017364271605311
0.006662990713848086
0.007133066416364108
0.0070565168586464045
0.006817213494708033
0.006823896421049106
0.0069248860651621785
0.006616089146019592
0.006388936773455696
0.006935447044706214
0.007290132846893336
0.00681677742374229
0.007600923490142134
0.006896494817765595
0.006896050372423531
0.006920729123046072
0.006644397595383086
0.0068872651480790265
0.006724051887878427
0.005827697583007948
0.006734730154921144
0.006890313629914441
0.006856674945605698
0.006665048921671304
0.007196754718383848
0.0067584878243773724
0.00699003896456941
0.00657191676823602
0.007216508774989973
0.006805597457496197
0.0068217842231355005
0.006415317414588526
0.0071999225070259855
0.006563179951074617
0.00633107643146308
0.006995787788815952
0.00645134419245688
0.006477047104712993
0.007284928499690954
0.0062269486746805896
0.006625438959014072
0.006918214580010015
0.007197477073953272
0.006894813988028735
0.006469480864625154
0.0069317376973066155
0.007078490878007047
0.006522344782472248
0.00625650579894824
0.006349952669906543
0.0071399538531977365
0.006267966885679411
0.007397240085880293
0.007437493435377989
0.007552627217879779
0.007388783318133363
0.00631021775733291
0.006745262388375946
0.006798682720210883
0.007197792631023757
0.0064266095954901865
0.0054818815967900844
0.007182572018556597
0.006665302471203948
0.0066870145724066
0.006569746422536891
0.006154027935603634
0.006569746422536891
0.0066870145724066
0.006665302471203948
0.007182572018556597
0.0054818815967900844
0.0064266095954901865
0.007197792631023757
0.006798682720210883
0.006745262388375946
0.00631021775733291
0.007388783318133363
0.007552627217879779
0.007437493435377989
0.007397240085880293
0.006267966885679411
0.0071399538531977365
0.006349952669906543
0.00625650579894824
0.006522344782472248
0.007078490878007047
0.0069317376973066155
0.006469480864625154
0.006894813988028735
0.007197477073953272
0.006918214580010015
0.006625438959014072
0.0062269486746805896
0.007284928499690954
0.006477047104712993
0.00645134419245688
0.006995787788815952
0.00633107643146308
0.006563179951074617
0.0071999225070259855
0.006415317414588526
0.0068217842231355005
0.006805597457496197
0.007216508774989973
0.00657191676823602
0.00699003896456941
0.0067584878243773724
0.007196754718383848
0.006665048921671304
0.006856674945605698
0.006890313629914441
0.006734730154921144
0.005827697583007948
0.006724051887878427
0.0068872651480790265
0.006644397595383086
0.006920729123046072
0.006896050372423531
0.006896494817765595
0.007600923490142134
0.00681677742374229
0.007290132846893336
0.006935447044706214
0.006388936773455696
0.006616089146019592
0.0069248860651621785
0.006823896421049106
0.006817213494708033
0.0070565168586464045
0.007133066416364108
0.006662990713848086
0.007017364271605311
0.0071096639818885275
0.006456281668996978
0.007653213964995642
0.007474995618090948
0.006720275470259684
0.006807266926050515
0.006505064289471239
0.006532691342510503
0.006339844637883216
0.0068078498198856485
0.0075447953805473835
0.005314788473034322
0.005928803233243906
0.006086186528638967
0.006458978759477641
0.007287023134165107
0.0075560795477828705
0.007129189282217822
0.007075250856846055
0.006973210637628657
0.006744645522257942
0.006991561839087316
0.006548480724906906
0.0068050467463755
0.008198502536746647
0.0064139049343931425
0.006711059872825448
0.008284210305157046
0.006331498202303919
0.008054944971543911
0.004927327364351319
0.0071427559352720965
0.0061298019063162346
0.0037267963627308697
0.005171144060746534
0.005422483035913957
0.007003906093045825
0.00549180716989943
0.004535067539491322
0.006205019924816349
0.005842385259765862
0.008085338017517906
0.007515393965234023
0.008880587275892315
0.007358232459436835
0.00708945839708226
0.005755669654478934
0.007393067666976832
0.006798965777531324
0.006777177537278239
0.004637352440909268
0.004666896171340969
0.006824636544937493
0.006132024282000959
0.006271234039104438
0.007989070036875528
0.00553094654699413
0.005971700956904823
0.006781760701586577
0.008787710594313042
0.007880593152804202
0.0069183846434297215
0.008514776943054456
0.007369421527170827
0.004688256308686475
0.006253350571554067
0.008008214624012302
0.005136301075993873
0.007272307347413086
0.008485950195534246
0.007524604878859782
0.00595528232413872
0.00956326600328229
0.007468747109284885
0.01061136546353544
0.010158748219605732
0.00251534215418741
0.0060108078587198166
0.007140753788503334
0.0067615985380723356
0.005776267501404081
0.0010549954418847007
0.004628495937720098
0.008779722318511545
0.0032045259193062784
0.0032727730312113695
0.012452582167472252
0.005095705484394286
0.007568869310178756
0.010138656258115433
0.004427464588384225
0.003793518272390532
0.008867412567096085
0.0065781294878895615
0.006316426938405122
0.005782215116675021
0.006258158535419323
0.007198232884912209
0.006886427506990415
0.006197500315120752
0.008568172595935866
0.008624788444224006
0.006509912753446207
0.005569850209439588
0.00736960788864872
0.013278699558296988
0.007586750287862854
0.009656095337193197
0.008180698013697418
0.006119995002602727
0.006530210956339475
0.007866047554659743
0.004528486523626154
0.008130723621355218
0.008791116110710586
0.008627090778880318
0.009394932141187565
0.0064064834810531575
0.006758878807326105
0.007581264320237694
0.005187654909041198
0.004954922556363019
0.005462701105497887
0.007201652903803084
0.007254669691400515
0.0037407842664811917
0.004014750826851519
0.00437456455895077
0.01063403432945129
0.00806419593047623
0.008517880538799207
0.00797867594367395
0.004009849655694331
0.007840005184793112
0.003872489468981722
0.003029717942910594
0.007537314024414809
0.009856753037501352
0.007369956477086238
0.006026984340872259
0.011484807790198759
0.006790815311450999
0.0045776106619565115
0.006545134086794783
0.008920880545940375
0.00623214234912813
0.007091351862679204
0.003148162211728321
0.006717210326170275
0.003419397712772764
0.004033916391110006
0.00825531938496882
0.004347080352370581
0.003964011201432309
0.007982583915173432
0.008080497476256537
0.006791341204485019
0.00812166142891344
0.006073725926228623
0.008048445676250363
0.010117401777622655
0.011665856520865648
0.003509178452155528
0.0021423132673908645
0.009697385196795484
0.004577811977510126
0.009265505660546925
0.009307227073406671
0.007734959595152264
0.01118137830429147
0.007103206976246263
0.004179159691333811
0.006365004919171138
0.008093200139251803
0.006162038155647222
5.586259882011889E-4
0.009928635875210525
0.0051374052548026055
0.007836399481430214
0.005949984736392894
0.00250039553001664
0.006503988953554145
0.008995492955266023
0.008695491000416151
0.0029476282684119735
0.006545827612469041
1.231640274039343E-4
0.007188912102520541
0.00906726268243949
0.010490156461773457
0.004749256857611064
0.010430967490652393
0.007700324039601521
0.006340752713533904
0.010590011242998767
0.010527720070585786
0.0064038167644012425
0.0042186270152584655
0.009625102518904572
0.005686342313926869
0.013687851926237928
0.007160174322020359
0.004847366644435838
0.0021056027758586766
0.007983067679525975
0.003013951786162335
0.006697369158026481
0.0028996805524406193
0.01470365965513454
0.010412609159257081
0.011648268301105467
4.072936578312243E-4
0.00872426933940082
1.603209865235792E-4
1.8481510828234258E-4
0.0059950887331646045
0.0030585493418061
0.0135543787798626
0.00485803533052749
0.006938702464702043
0.0011659337363948584
0.007651290323624011
0.0037621165418042554
1.7417848200679546E-4
0.006438799455266231
0.0036648565790808507
0.009265318664989712
0.001969847140629181
0.011405670127737879
0.012427976564679994
1.2334255945843907E-4
0.0036674180426447636
0.008443416682160754
0.00716803336704269
0.01895921156787927
0.010639070140277778
0.019251109502867396
0.004536462885478244
0.0011095045841148325
0.010486490879426947
0.005977109263185499
0.006032650914036361
0.006276636408400506
0.00876213200181986
1.2371872758242645E-4
0.004942958981517122
0.010562572164240648
0.02582009538026804
0.0018486293518628941
0.011221006341891016
0.011918503110452318
0.021383328085269895
0.015409674057061286
0.0020834538555574646
0.005032370694637154
0.008950862240735524
0.0028266954028277527
0.006861363138124147
0.02249442917605543
0.03079249907409801
0.03896652881193925
0.02858235172810453
0.0387405122925258
0.02991771660747226
0.004807973357409521
0.03193481767038469
0.014392947297356224
0.056619444903607784
0.0136133288450689
0.054613999865019754
0.041729297759477445
0.07716012996692939
0.01712556531146662
0.02332793752852773
0.0497311113018595
0.05336237963852958
0.026812195313434827
0.010827111114678153
0.01250169224884502
0.006546732479239748
0.045309790062440146
0.054842119635172895
0.049048111072178824
0.04350964621466655
0.07612735062389642
0.04431432355844573
0.002728568141749202
0.0016152629630596196
0.0685596160534091
0.020868573304000188
0.0379230080657511
0.024774095469697003
0.0687976054279992
0.032207860509519445
0.03211668932520521
0.022948301853832957
0.06669731319672606
0.011279546915504686
0.06654647532314516
0.02315892285173816
0.001396922742439207
0.015751098763126282
0.06388109758015005
0.040343447622758606
0.010751432194049625
0.027259446875363115
0.04421717140323888
0.022634628822388127
0.04381635794316098
0.017748007373787164
0.0014581428194645847
0.06665560260972118
0.01003293588253894
0.11376975826760669
0.12527334428536302
0.020892050974904656
2.0682680658433642E-4
0.07743940687425808
0.07725302484492248
0.034650632641391475
0.00918934130305597
0.09504979117221096
0.025427132292478238
0.06019452377471658
0.03191529906973056
0.04576783312061648
0.053709934881599634
0.169118908675016
0.021863950949499552
0.01866173241045669
0.021456368292271856
0.004588037528812588
0.0958353858037054
0.037153112039388814
0.2567917948118395
0.03359776945331103
0.16609182422727126
0.17232925974543664
0.06586217388724355
0.11844735899357126
0.39356673900127775
0.36223006361170035
0.06271279771923442
0.1344192575037922
0.2918527748414705
0.11260332352511193
0.318738276591805
0.16682332242618902
1.0
0.8442875012029671
0.1984614097623701
0.15485607223454612
0.41380102469002383
0.11461095279700706
0.4803152537955706
0.6010226875776359
0.8862524070593326
0.3530575473350353
0.3977851949189067
0.1546388395237388
0.07924367249830747
0.05996708536901894
0.07206905888990404
0.1131168488301057
0.10440435576762531
0.536642872156483
0.6055929221052467
0.52950821736001
0.4714780207798132
0.009066167100079516
0.1129132212317729
0.46795726420775746
0.3067212298881793
0.02335475515035617
0.550455770586005
0.2201134666679539
0.11328373886194176
0.32984254745693625
0.3435610838141192
0.05363523067152866
0.13188106462662777
0.13762116586701192
0.014205371894127598
0.1837093058299212
0.19059600506344973
0.30916721228261895
0.1042985977355529
0.06404120639978911
0.03468285830439788
0.23276089312806678
0.036629573434510156
0.008455281756969878
0.041223395745002646
0.06024742335793856
0.05057381197729759
