1.0
0.9447023381733428
0.7855476323691937
0.5418677010963832
0.24306015893618627
0.07523723301127565
0.37574677410970203
0.6242994657467978
0.7940911776288919
0.8688802645513004
0.8447138647265251
0.7299795906309667
0.5438147900858942
0.3131333078389957
0.06871737233284352
0.15905646365393258
0.3442500431513666
0.46859674334800805
0.523505017136785
0.5105901349352674
0.4407112647566426
0.33170953326774616
0.20522845753813393
0.08312431064812122
0.015977233819425375
0.07945670937241986
0.10239964782339807
0.08798185525843427
0.046510487564384424
0.006701262535050246
0.05426843748626172
0.07999629506976716
0.07193920902195872
0.024757783024395047
0.059015728519956075
0.16902447143177146
0.2884632884436782
0.39659288777515533
0.4720196721584531
0.4962429905008583
0.45691981026117734
0.35032779170636896
0.18261768987462718
0.03038063755219482
0.2648226615364552
0.4917890591170092
0.6811119588162798
0.8055582647210482
0.8447756950398531
0.7884276747440304
0.6380473364129731
0.4073144461752421
0.1206777214077257
0.18952232800485394
0.48706152835757266
0.736439275735515
0.9074633598963233
0.9791881390071068
0.9426668314347584
0.8021396803086892
0.5744940934394316
0.2870703022602993
0.025886935866187705
0.3276455764810722
0.5836713629706229
0.765948037701927
0.856356884415893
0.8486765502175093
0.748960741538933
0.5742795498638482
0.35003717370683757
0.10627243136231203
0.1265184575989414
0.3214430193305809
0.45859493841584537
0.5273059984898477
0.5269893817881608
0.4665063509461097
0.3622041094100867
0.23496248728360386
0.10672366220670897
0.0029568629801810242
0.07981674980886967
0.11682381391683334
0.11487324340362438
0.08216978609253014
0.03242342199945702
0.017831055867864473
0.052347267305007245
0.05820588326108654
0.028285274787427952
0.037239501103068014
0.13062128380534874
0.2375500266606256
0.3393066295471156
0.4157404154247998
0.4486158989882986
0.4248090900376613
0.33884647822077835
0.1943697665109211
0.004263595178331567
0.21062045817744807
0.4240011397323717
0.6076321445980937
0.7352149985224162
0.7862039917240783
0.7489500351713956
0.6227139726067515
0.41823279541367275
0.1567228830764876
0.1325757248431418
0.4160024273121228
0.6597495187936289
0.8342297002611799
0.9179426994699325
0.9003110685119273
0.7830949210373661
0.5801900870211556
0.315836377974081
0.021480945816154923
0.26827472763798643
0.5200926390915794
0.706083856181855
0.8072029791954449
0.8154082216536409
0.7343201051167214
0.5783231005294199
0.3702706926658482
0.13814460102116025
0.08884343085245963
0.2841526444092112
0.4272760930469369
0.5061146674402881
0.5180645894328952
0.46971302846265184
0.3752399115473367
0.2538087498773618
0.12636879148731506
0.012365375543428564
0.07314489657141998
0.12155144699821732
0.13163223370417654
0.10927038359544096
0.0660238236449172
0.01680206347613549
0.02296127429311737
0.04017780982025655
0.026550838089870406
0.019797152581125764
0.09378249907601877
0.18400036772290912
0.27445800626376027
0.34714031424248915
0.3850136591057186
0.375
0.31045020033853526
0.19271380116466869
0.031532717558403756
0.15584069172441495
0.3467103847300987
0.515917862080871
0.6393253986653932
0.6973055240673923
0.6777292981428709
0.5780082176518
0.40587245046468323
0.1787435095080852
0.0782425685483088
0.33531338320779547
0.5618329459279201
0.7302602303012783
0.8197538430545659
0.8189283035803698
0.7273822789277646
0.5557874849787787
0.3245249858130244
0.06105526140117404
0.20361853008817696
0.43891250765985107
0.6185133441161101
0.7236037209191476
0.745039116623017
0.6842032555739965
0.5524557920456398
0.36928139801106896
0.1594265672545698
0.05055570969101769
0.23586107806918358
0.3765952563815341
0.460117088105617
0.4822662780295397
0.44734621049515455
0.3669143177195976
0.2576026840093792
0.13832544830766846
0.02730826379311045
0.06061192126143611
0.11602192591270569
0.1360182500025523
0.12421075398903064
0.08967895280795213
0.04507545101799454
0.004198708721948745
0.02056578262647986
0.020521733301518647
0.0077100935298830275
0.06147410999708833
0.1323901783529924
0.20764844198525503
0.27209050551949915
0.3107541637926268
0.3114832367839447
0.267188864232185
0.17739631138179185
0.04881501942831845
0.10518596081964904
0.2661512306452904
0.4129561927519899
0.5247329150631362
0.5838871860274403
0.5787674001352809
0.5055882427265082
0.36931291700195007
0.18334259443053288
0.031969883511403396
0.2517974834370361
0.4499804888407216
0.6024078624655684
0.6901768590569399
0.7020969449629736
0.6361929670479344
0.5
0.30960883805398864
0.08759304389695022
0.13989849507207464
0.34648693057444196
0.5088935826203782
0.6098086808206002
0.639921589497576
0.5988560675775707
0.4949088324749798
0.343656183922479
0.16564801297728327
0.0164705156452839
0.18099856406207415
0.3099581001661953
0.3912374307965428
0.4198264218582204
0.39800697692774467
0.33451536545347976
0.2428397078389578
0.13893524446094846
0.038715183486321136
0.044304102626428754
0.10085993708860533
0.1270436873732089
0.12450739763622307
0.09977854719218401
0.06282053064698338
0.02508873127751747
0.0025955640642734085
0.01200896071433144
9.863260089025203E-4
0.035666334137666234
0.08650268395376204
0.14404377034708624
0.19648086349544353
0.23165249022462991
0.2391706683794269
0.21233109122672006
0.1494993999674985
0.05474273186022091
0.06241171795472855
0.1880781077993111
0.3058298691612483
0.3989804652271808
0.45299979570032994
0.4577132463949719
0.408956306370589
0.3094317627631117
0.16862811210989231
0.0017908899131552358
0.17192611303400562
0.331884855177428
0.4586338181846296
0.5364599410731252
0.5554706745137389
0.5129192858858311
0.41359108120718074
0.2691981331377362
0.09686688608324723
0.08307274279262622
0.24969389953970508
0.3841208981720354
0.4718634705720959
0.5045298636505633
0.48070169258734324
0.40587245046468345
0.2914821347819121
0.15320396221159244
0.008738273680647723
0.12457009212216852
0.2319593813287267
0.3030236902006063
0.33280449035884047
0.32207797876735306
0.2768334169468774
0.20705301301579343
0.125
0.04328493264187577
0.02699754349411146
0.07779033860465183
0.10504323446620822
0.10900889832618296
0.09384986921254554
0.06664556135307764
0.03597705443980702
0.01032721482934931
0.0034438623085894567
0.0013056641718852818
0.017241851882168882
0.04907928960298412
0.0879994522197115
0.12577074417605238
0.15356049417957332
0.1634903124185615
0.15007476295098365
0.11131192844702131
0.0492470564784144
0.030089665012987793
0.11737513441844552
0.2012231869586383
0.2697778248642161
0.31243863215200707
0.32146455320168077
0.29321704992182207
0.22885375325047164
0.1343617224782523
0.019913894460342918
0.10137053874685359
0.21509535032117827
0.30745768588479205
0.36706195929265273
0.3864269767241585
0.3629789361184705
0.2993949720213153
0.20325257188582924
0.08603642441126802
0.03835764042746159
0.15541438616862846
0.2518415962533155
0.3172151956574565
0.3452106780499292
0.33426562278418903
0.2875996450349185
0.21260814350723234
0.11973179242357818
0.02097286205581328
0.07172725593474594
0.1480229903752526
0.20040593843282423
0.22499527772244315
0.221789310909967
0.19436976651092144
0.14912844619912913
0.09415099490340495
0.037935941006059404
0.01185690259645436
0.049447525641239054
0.07162415693762372
0.07799543620071633
0.07079149588157385
0.05426766931376445
0.033822648452185536
0.014982220511795236
0.0024148699168604773
8.650671230096621E-4
0.006014921832466581
0.02167684396067633
0.042771097285413576
0.06459035055870548
0.08191399623688193
0.08994400545239949
0.08518028346477385
0.0660944823375077
0.03349364905389032
0.009486168433832154
0.05775878037830162
0.10498424209008855
0.14447922069615537
0.17020515212843376
0.1776860493898323
0.1647181328363871
0.13176424788419183
0.0819725188155303
0.020813802216202826
0.044611983486526285
0.10650283560649854
0.15738406786836845
0.19109548911677177
0.2035989836220725
0.19349602850127398
0.16218700682250808
0.11365550935492785
0.05391358063074242
0.00980957282114725
0.07001908819746788
0.11991333982060215
0.15422011737262434
0.16980101748007534
0.1659507675309565
0.14436316170989988
0.10878267012319914
0.06440369293985843
0.017111859768898396
0.027320560339390232
0.0639721451667381
0.08934497310769696
0.10170327437845797
0.1011460247724806
0.08942129043167873
0.06952676836844221
0.04516913209419812
0.020170727186237802
0.002085896922353836
0.019096771088059933
0.029502534425937837
0.03315552919776406
0.030993884085575525
0.024757783024395214
0.0166052108294057
0.008696331729282442
0.002815974246064258
9.301025117190807E-5
8.559736603870952E-4
0.004639591309932252
0.010331194161097082
0.01642342173328512
0.02132372479920889
0.02366419424852849
0.022557945354936465
0.017759814011201802
0.00970721648825057
5.615628641245651E-4
0.011593340301513377
0.0217747469919449
0.02960958211279524
0.033970263502680204
0.03428072025295105
0.03060104316206641
0.0236018802962622
0.014435822481597527
0.004530561922462095
0.0046585150743705395
0.011892515620788247
0.01634775976062519
0.01773557672613793
0.016324139231619086
0.012860772954940147
0.008410662888482134
0.004142356490730137
0.0010994669285802616
0.0
0.0010994669285802616
0.004142356490730137
0.008410662888482134
0.012860772954940147
0.016324139231619086
0.01773557672613793
0.01634775976062519
0.011892515620788247
0.0046585150743705395
0.004530561922462095
0.014435822481597527
0.0236018802962622
0.03060104316206641
0.03428072025295105
0.033970263502680204
0.02960958211279524
0.0217747469919449
0.011593340301513377
5.615628641245651E-4
0.00970721648825057
0.017759814011201802
0.022557945354936465
0.02366419424852849
0.02132372479920889
0.01642342173328512
0.010331194161097082
0.004639591309932252
8.559736603870952E-4
9.301025117190807E-5
0.002815974246064258
0.008696331729282442
0.0166052108294057
0.024757783024395214
0.030993884085575525
0.03315552919776406
0.029502534425937837
0.019096771088059933
0.002085896922353836
0.020170727186237802
0.04516913209419812
0.06952676836844221
0.08942129043167873
0.1011460247724806
0.10170327437845797
0.08934497310769696
0.0639721451667381
0.027320560339390232
0.017111859768898396
0.06440369293985843
0.10878267012319914
0.14436316170989988
0.1659507675309565
0.16980101748007534
0.15422011737262434
0.11991333982060215
0.07001908819746788
0.00980957282114725
0.05391358063074242
0.11365550935492785
0.16218700682250808
0.19349602850127398
0.2035989836220725
0.19109548911677177
0.15738406786836845
0.10650283560649854
0.044611983486526285
0.020813802216202826
0.0819725188155303
0.13176424788419183
0.1647181328363871
0.1776860493898323
0.17020515212843376
0.14447922069615537
0.10498424209008855
0.05775878037830162
0.009486168433832154
0.03349364905389032
0.0660944823375077
0.08518028346477385
0.08994400545239949
0.08191399623688193
0.06459035055870548
0.042771097285413576
0.02167684396067633
0.006014921832466581
8.650671230096621E-4
0.0024148699168604773
0.014982220511795236
0.033822648452185536
0.05426766931376445
0.07079149588157385
0.07799543620071633
0.07162415693762372
0.049447525641239054
0.01185690259645436
0.037935941006059404
0.09415099490340495
0.14912844619912913
0.19436976651092144
0.221789310909967
0.22499527772244315
0.20040593843282423
0.1480229903752526
0.07172725593474594
0.02097286205581328
0.11973179242357818
0.21260814350723234
0.2875996450349185
0.33426562278418903
0.3452106780499292
0.3172151956574565
0.2518415962533155
0.15541438616862846
0.03835764042746159
0.08603642441126802
0.20325257188582924
0.2993949720213153
0.3629789361184705
0.3864269767241585
0.36706195929265273
0.30745768588479205
0.21509535032117827
0.10137053874685359
0.019913894460342918
0.1343617224782523
0.22885375325047164
0.29321704992182207
0.32146455320168077
0.31243863215200707
0.2697778248642161
0.2012231869586383
0.11737513441844552
0.030089665012987793
0.0492470564784144
0.11131192844702131
0.15007476295098365
0.1634903124185615
0.15356049417957332
0.12577074417605238
0.0879994522197115
0.04907928960298412
0.017241851882168882
0.0013056641718852818
0.0034438623085894567
0.01032721482934931
0.03597705443980702
0.06664556135307764
0.09384986921254554
0.10900889832618296
0.10504323446620822
0.07779033860465183
0.02699754349411146
0.04328493264187577
0.125
0.20705301301579343
0.2768334169468774
0.32207797876735306
0.33280449035884047
0.3030236902006063
0.2319593813287267
0.12457009212216852
0.008738273680647723
0.15320396221159244
0.2914821347819121
0.40587245046468345
0.48070169258734324
0.5045298636505633
0.4718634705720959
0.3841208981720354
0.24969389953970508
0.08307274279262622
0.09686688608324723
0.2691981331377362
0.41359108120718074
0.5129192858858311
0.5554706745137389
0.5364599410731252
0.4586338181846296
0.331884855177428
0.17192611303400562
0.0017908899131552358
0.16862811210989231
0.3094317627631117
0.408956306370589
0.4577132463949719
0.45299979570032994
0.3989804652271808
0.3058298691612483
0.1880781077993111
0.06241171795472855
0.05474273186022091
0.1494993999674985
0.21233109122672006
0.2391706683794269
0.23165249022462991
0.19648086349544353
0.14404377034708624
0.08650268395376204
0.035666334137666234
9.863260089025203E-4
0.01200896071433144
0.0025955640642734085
0.02508873127751747
0.06282053064698338
0.09977854719218401
0.12450739763622307
0.1270436873732089
0.10085993708860533
0.044304102626428754
0.038715183486321136
0.13893524446094846
0.2428397078389578
0.33451536545347976
0.39800697692774467
0.4198264218582204
0.3912374307965428
0.3099581001661953
0.18099856406207415
0.0164705156452839
0.16564801297728327
0.343656183922479
0.4949088324749798
0.5988560675775707
0.639921589497576
0.6098086808206002
0.5088935826203782
0.34648693057444196
0.13989849507207464
0.08759304389695022
0.30960883805398864
0.5
0.6361929670479344
0.7020969449629736
0.6901768590569399
0.6024078624655684
0.4499804888407216
0.2517974834370361
0.031969883511403396
0.18334259443053288
0.36931291700195007
0.5055882427265082
0.5787674001352809
0.5838871860274403
0.5247329150631362
0.4129561927519899
0.2661512306452904
0.10518596081964904
0.04881501942831845
0.17739631138179185
0.267188864232185
0.3114832367839447
0.3107541637926268
0.27209050551949915
0.20764844198525503
0.1323901783529924
0.06147410999708833
0.0077100935298830275
0.020521733301518647
0.02056578262647986
0.004198708721948745
0.04507545101799454
0.08967895280795213
0.12421075398903064
0.1360182500025523
0.11602192591270569
0.06061192126143611
0.02730826379311045
0.13832544830766846
0.2576026840093792
0.3669143177195976
0.44734621049515455
0.4822662780295397
0.460117088105617
0.3765952563815341
0.23586107806918358
0.05055570969101769
0.1594265672545698
0.36928139801106896
0.5524557920456398
0.6842032555739965
0.745039116623017
0.7236037209191476
0.6185133441161101
0.43891250765985107
0.20361853008817696
0.06105526140117404
0.3245249858130244
0.5557874849787787
0.7273822789277646
0.8189283035803698
0.8197538430545659
0.7302602303012783
0.5618329459279201
0.33531338320779547
0.0782425685483088
0.1787435095080852
0.40587245046468323
0.5780082176518
0.6777292981428709
0.6973055240673923
0.6393253986653932
0.515917862080871
0.3467103847300987
0.15584069172441495
0.031532717558403756
0.19271380116466869
0.31045020033853526
0.375
0.3850136591057186
0.34714031424248915
0.27445800626376027
0.18400036772290912
0.09378249907601877
0.019797152581125764
0.026550838089870406
0.04017780982025655
0.02296127429311737
0.01680206347613549
0.0660238236449172
0.10927038359544096
0.13163223370417654
0.12155144699821732
0.07314489657141998
0.012365375543428564
0.12636879148731506
0.2538087498773618
0.3752399115473367
0.46971302846265184
0.5180645894328952
0.5061146674402881
0.4272760930469369
0.2841526444092112
0.08884343085245963
0.13814460102116025
0.3702706926658482
0.5783231005294199
0.7343201051167214
0.8154082216536409
0.8072029791954449
0.706083856181855
0.5200926390915794
0.26827472763798643
0.021480945816154923
0.315836377974081
0.5801900870211556
0.7830949210373661
0.9003110685119273
0.9179426994699325
0.8342297002611799
0.6597495187936289
0.4160024273121228
0.1325757248431418
0.1567228830764876
0.41823279541367275
0.6227139726067515
0.7489500351713956
0.7862039917240783
0.7352149985224162
0.6076321445980937
0.4240011397323717
0.21062045817744807
0.004263595178331567
0.1943697665109211
0.33884647822077835
0.4248090900376613
0.4486158989882986
0.4157404154247998
0.3393066295471156
0.2375500266606256
0.13062128380534874
0.037239501103068014
0.028285274787427952
0.05820588326108654
0.052347267305007245
0.017831055867864473
0.03242342199945702
0.08216978609253014
0.11487324340362438
0.11682381391683334
0.07981674980886967
0.0029568629801810242
0.10672366220670897
0.23496248728360386
0.3622041094100867
0.4665063509461097
0.5269893817881608
0.5273059984898477
0.45859493841584537
0.3214430193305809
0.1265184575989414
0.10627243136231203
0.35003717370683757
0.5742795498638482
0.748960741538933
0.8486765502175093
0.856356884415893
0.765948037701927
0.5836713629706229
0.3276455764810722
0.025886935866187705
0.2870703022602993
0.5744940934394316
0.8021396803086892
0.9426668314347584
0.9791881390071068
0.9074633598963233
0.736439275735515
0.48706152835757266
0.18952232800485394
0.1206777214077257
0.4073144461752421
0.6380473364129731
0.7884276747440304
0.8447756950398531
0.8055582647210482
0.6811119588162798
0.4917890591170092
0.2648226615364552
0.03038063755219482
0.18261768987462718
0.35032779170636896
0.45691981026117734
0.4962429905008583
0.4720196721584531
0.39659288777515533
0.2884632884436782
0.16902447143177146
0.059015728519956075
0.024757783024395047
0.07193920902195872
0.07999629506976716
0.05426843748626172
0.006701262535050246
0.046510487564384424
0.08798185525843427
0.10239964782339807
0.07945670937241986
0.015977233819425375
0.08312431064812122
0.20522845753813393
0.33170953326774616
0.4407112647566426
0.5105901349352674
0.523505017136785
0.46859674334800805
0.3442500431513666
0.15905646365393258
0.06871737233284352
0.3131333078389957
0.5438147900858942
0.7299795906309667
0.8447138647265251
0.8688802645513004
0.7940911776288919
0.6242994657467978
0.37574677410970203
0.07523723301127565
0.24306015893618627
0.5418677010963832
0.7855476323691937
0.9447023381733428
