1.0
0.12467535231179697
0.050416212304856066
0.9902784724270418
0.1975358485227554
0.023672731320682316
0.9613121737338066
0.26743375483720844
0.09605254226534816
0.9136917219140186
0.3328452438841037
0.16524775486319893
0.8483874609294235
0.39232143269773906
0.229877945542305
0.7667287593667094
0.44452198254173325
0.28868660331939006
0.6703756761771882
0.48824666502339714
0.3405666684536082
0.5612836231607307
0.5224641256167722
0.38458219750970607
0.4416618085833071
0.546337133884258
0.4199857141584576
0.3139263829904132
0.5592436858037522
0.44623091542200327
0.18064932377799287
0.5607934159600789
0.4629805199001731
0.04450418679126324
0.5508388838155112
0.47010916480851855
0.09179008091356114
0.5294814163340321
0.46770137938517725
0.22552603443245647
0.497071316087869
0.4560447803730052
0.354064087299126
0.45420237657252216
0.43561874794849087
0.47488710522575256
0.4017007815821059
0.4070789449175214
0.5856520572698731
0.34060859984876163
0.3712381357400637
0.6842376163684889
0.27216221642340604
0.3290438427946665
0.7687866978954274
0.19776616524502572
0.28155344341840005
0.8377430439978621
0.11896293994817295
0.229907361225961
0.8898811000797494
0.037399459368125186
0.1753010380213232
0.924328584607745
0.045209052093737864
0.11895638771570169
0.9405813207414517
0.12711694322400396
0.062093430965893516
0.9385100741848558
0.2065869015455998
0.005902789112919682
0.9183593219931481
0.2819287078154112
0.04848032076035185
0.88073805764522
0.3515370776144754
0.09999999999999996
0.8266029143268426
0.41392770586526345
0.14770096809795782
0.7572340570056655
0.4677706691633522
0.1907468021148706
0.6742044506785702
0.5119204003545739
0.22843475747294892
0.5793432536054619
0.5454415284436827
0.2602069065232823
0.4746942072732745
0.5676299728300707
0.2856574306927417
0.3624699965848935
0.5780287917418759
0.3045360034198392
0.24500363218841983
0.5764384079177034
0.31674730183009797
0.12469796037174707
0.5629209670905582
0.3223467825729417
0.003974433568476887
0.5377987234499086
0.32153294896506057
0.114777724102053
0.5016464876259897
0.3146364202722616
0.22925084643661237
0.4552783134128767
0.3021061875747026
0.33726558976130694
0.3997287359926492
0.2844935024606756
0.4368141457482153
0.33622900350884494
0.26243389338481365
0.5260990105692791
0.26617886231070853
0.23662783888506111
0.6035665325830303
0.19111456115722802
0.20782064635224823
0.6679345910074532
0.11267382857015448
0.17678208946739188
0.7182139012127899
0.032558648192341014
0.14428634695316733
0.753722594831872
0.04750329227398033
0.11109276051247263
0.7740938811152404
0.1257975734280127
0.07792789170934346
0.7792767560507908
0.2006615250348016
0.045469307390851324
0.7695298839271671
0.2705213169543044
0.014331462662742206
0.7454089285500721
0.3339267976989184
0.014946018717284982
0.7077477547122571
0.38958327491286077
0.04190744230770702
0.6576340515328449
0.4363795080930788
0.0661873750165947
0.5963800450271827
0.4734112772894011
0.08751414881748819
0.5254890652635351
0.5
0.10571055535595453
0.44661881169269646
0.515705989317693
0.1206918296593908
0.36154221719515933
0.520336076584297
0.13246109542362322
0.2721068461103596
0.5139454581509486
0.14110251187678985
0.18019377358048397
0.49683376495566345
0.14677242124179843
0.08767688310025887
0.46953549209025525
0.1496888448262638
0.0036165130990324147
0.4328050599388984
0.15011971355970447
0.09194287908253329
0.38759690554403814
0.14837024450153255
0.17567670572225258
0.3350411194997812
0.1447698879432276
0.2533411153662749
0.2764152470669843
0.13965927007090323
0.32363423229033667
0.21311295986725529
0.13337754395112866
0.38545084502470395
0.1466103743659654
0.12625053741801312
0.4378990096215504
0.07843084377059903
0.11858005117198651
0.4803113712285592
0.010109079815346988
0.11063461525456027
0.5122511117196886
0.05684453044087685
0.10264195851076849
0.5335125603737887
0.12097856029292783
0.09478338538804867
0.5441166295497883
0.18093331247829803
0.08719018931666642
0.5443013550181061
0.2354709559163976
0.07994216396102038
0.5345079283487187
0.28350233605061825
0.07306820487327886
0.5153627041102091
0.32410985295550626
0.06654892657324135
0.4876557455460452
0.35656590376820646
0.06032115581750114
0.4523165372159824
0.3803464999343375
0.0542841026907134
0.4103875406143449
0.39513979229776874
0.04830695887018597
0.36299629825843693
0.40084936508761865
0.042237628486614165
0.3113268029078154
0.3975922901226926
0.03591226267774021
0.2565908416274674
0.3856920617868531
0.029165245167515418
0.2
0.3656666582999878
0.021839263645045803
0.1427389710088392
0.33821209241944333
0.013795100676893846
0.08594075743467196
0.304181922064728
0.004920788335245385
0.03066428785692792
0.26456328585242495
0.004860207702231323
0.022125113350133053
0.22045010789146807
0.015582076818035539
0.07157204994024538
0.17301417855407286
0.02723128567759279
0.11694391393736107
0.12347486188255559
0.0397429451863013
0.15764012215473575
0.07306820487327906
0.05299907708185429
0.19319766793489598
0.023016228651706404
0.06682887382530567
0.22329302387349176
0.02550283341990516
0.08101098109981637
0.2477405239549578
0.07138261981270555
0.0952777666893114
0.2664874396262113
0.1136143684714704
0.10932147475987777
0.2796060417850576
0.1513096783235537
0.122802102551919
0.2872830076630387
0.18371977856971697
0.13535677907991311
0.28980658666206444
0.21025087571445952
0.14661037436596527
0.28755198124024084
0.230475254190679
0.15618702455794106
0.2809654271930698
0.24413791937489612
0.1637222243304125
0.27054747178995314
0.2511586888091456
0.1688751142990264
0.2568359482422254
0.2516297554984678
0.17134057856179916
0.24038913131897574
0.24580886319266884
0.17086076636078465
0.22176953237411112
0.23410834461953503
0.16723566234855208
0.20152875371888707
0.21708037690000906
0.16033235182319103
0.18019377358048388
0.19539890125568266
0.15009266000914132
0.15825497549173134
0.16983873431808005
0.1365388871384985
0.13615617172201602
0.141252463918723
0.11977741256531996
0.11428680129118747
0.11054577162628446
0.1
0.09297641129905702
0.07865185638326645
0.0774827005370281
0.0724914578709547
0.046505647719977006
0.0525823186472796
0.053034392049438585
0.015018493001607135
0.025730476771053203
0.03474492844731238
0.014946018717284848
0.002574615433554084
0.017703332266457216
0.04259447264657176
0.03177851278739898
0.0019355050355694293
0.06722371534572033
0.06128276854331276
0.012580397453955384
0.08823811349141084
0.09045875355422651
0.025906118884759844
0.10516356646976613
0.11866271292677419
0.03813455867287434
0.11765794662494675
0.14525167092891297
0.049380477678808044
0.12551774027431112
0.16959976387946887
0.05977100527616171
0.12868076678022394
0.1911145611572281
0.06943629368191492
0.12722495925674618
0.2092529270013946
0.07850064891412747
0.12136329606098535
0.22353598077227305
0.08707444140801249
0.11143507429169756
0.2335627307918943
0.09524706420317072
0.09789381242529757
0.2390219864306376
0.10308116396489644
0.0812921564801117
0.2397021940478758
0.11060832137109047
0.06226424048073822
0.23549889370820537
0.1178263041871048
0.04150601556886575
0.2264195539580855
0.12469796037174671
0.019754111302374543
0.21258560977589588
0.1311517615697912
0.0022361736781359555
0.19423160229607714
0.13708395111174979
0.023713137114627948
0.17170139607769758
0.14236219687176538
0.04395057954104344
0.14544152844368274
0.1468305996409837
0.062268752272194375
0.11599182360220077
0.15031586352234197
0.07805377937829903
0.08397347971755298
0.152634397522259
0.09077503278864389
0.05007490772345609
0.15360008806189782
0.09999999999999999
0.015035664482002952
0.1530324613616052
0.1054062560696661
0.020371121926292
0.15076494310155014
0.10679023362365217
0.05535739203251443
0.14665292068010957
0.1040725742348609
0.08913938375823519
0.14058132074145152
0.09729993926653738
0.12095695310701657
0.13247143110299878
0.08664325555679095
0.15009248210469703
0.1222867211881515
0.07239246851574202
0.1758888752574872
0.11003744771424695
0.05494796971407227
0.19776616524502574
0.09578387163048249
0.0348089553471409
0.21523628111409193
0.0796379568850826
0.012559053705735313
0.2279155771121899
0.061763470113644824
0.011150368165148495
0.23553477638135126
0.04237445126127435
0.03561874794849094
0.23794604959028307
0.02173207689761658
0.0601162036206321
0.2351270225097551
1.3998895931268684E-4
0.0839041899393784
0.22718158659232893
0.022061789705066958
0.10625636666671094
0.21433747068303863
0.044504186791262966
0.12647910676770052
0.19694061781827166
0.06679745315936422
0.14393108568029991
0.1754464963579535
0.08854033751726953
0.15804142058034376
0.1504085571318848
0.10932979818179771
0.16832587052746703
0.12246412561677238
0.12877096919625233
0.17440066325285353
0.0923180882710243
0.14648708902095992
0.17599358058281833
0.06072479309593417
0.1621290998833028
0.17295201023299092
0.028468634555931717
0.1753846346644785
0.16524775486319895
0.00365616924836869
0.18598612563040368
0.15297847757466232
0.03486607490449474
0.1937177948422088
0.13636575405725418
0.06440844505535881
0.19842131892229564
0.11574979289589844
0.09158097467044216
0.2
0.09158097467044216
0.11574979289589844
0.19842131892229564
0.06440844505535881
0.13636575405725418
0.1937177948422088
0.03486607490449474
0.15297847757466232
0.18598612563040368
0.00365616924836869
0.16524775486319895
0.1753846346644785
0.028468634555931717
0.17295201023299092
0.1621290998833028
0.06072479309593417
0.17599358058281833
0.14648708902095992
0.0923180882710243
0.17440066325285353
0.12877096919625233
0.12246412561677238
0.16832587052746703
0.10932979818179771
0.1504085571318848
0.15804142058034376
0.08854033751726953
0.1754464963579535
0.14393108568029991
0.06679745315936422
0.19694061781827166
0.12647910676770052
0.044504186791262966
0.21433747068303863
0.10625636666671094
0.022061789705066958
0.22718158659232893
0.0839041899393784
1.3998895931268684E-4
0.2351270225097551
0.0601162036206321
0.02173207689761658
0.23794604959028307
0.03561874794849094
0.04237445126127435
0.23553477638135126
0.011150368165148495
0.061763470113644824
0.2279155771121899
0.012559053705735313
0.0796379568850826
0.21523628111409193
0.0348089553471409
0.09578387163048249
0.19776616524502574
0.05494796971407227
0.11003744771424695
0.1758888752574872
0.07239246851574202
0.1222867211881515
0.15009248210469703
0.08664325555679095
0.13247143110299878
0.12095695310701657
0.09729993926653738
0.14058132074145152
0.08913938375823519
0.1040725742348609
0.14665292068010957
0.05535739203251443
0.10679023362365217
0.15076494310155014
0.020371121926292
0.1054062560696661
0.1530324613616052
0.015035664482002952
0.09999999999999999
0.15360008806189782
0.05007490772345609
0.09077503278864389
0.152634397522259
0.08397347971755298
0.07805377937829903
0.15031586352234197
0.11599182360220077
0.062268752272194375
0.1468305996409837
0.14544152844368274
0.04395057954104344
0.14236219687176538
0.17170139607769758
0.023713137114627948
0.13708395111174979
0.19423160229607714
0.0022361736781359555
0.1311517615697912
0.21258560977589588
0.019754111302374543
0.12469796037174671
0.2264195539580855
0.04150601556886575
0.1178263041871048
0.23549889370820537
0.06226424048073822
0.11060832137109047
0.2397021940478758
0.0812921564801117
0.10308116396489644
0.2390219864306376
0.09789381242529757
0.09524706420317072
0.2335627307918943
0.11143507429169756
0.08707444140801249
0.22353598077227305
0.12136329606098535
0.07850064891412747
0.2092529270013946
0.12722495925674618
0.06943629368191492
0.1911145611572281
0.12868076678022394
0.05977100527616171
0.16959976387946887
0.12551774027431112
0.049380477678808044
0.14525167092891297
0.11765794662494675
0.03813455867287434
0.11866271292677419
0.10516356646976613
0.025906118884759844
0.09045875355422651
0.08823811349141084
0.012580397453955384
0.06128276854331276
0.06722371534572033
0.0019355050355694293
0.03177851278739898
0.04259447264657176
0.017703332266457216
0.002574615433554084
0.014946018717284848
0.03474492844731238
0.025730476771053203
0.015018493001607135
0.053034392049438585
0.0525823186472796
0.046505647719977006
0.0724914578709547
0.0774827005370281
0.07865185638326645
0.09297641129905702
0.1
0.11054577162628446
0.11428680129118747
0.11977741256531996
0.141252463918723
0.13615617172201602
0.1365388871384985
0.16983873431808005
0.15825497549173134
0.15009266000914132
0.19539890125568266
0.18019377358048388
0.16033235182319103
0.21708037690000906
0.20152875371888707
0.16723566234855208
0.23410834461953503
0.22176953237411112
0.17086076636078465
0.24580886319266884
0.24038913131897574
0.17134057856179916
0.2516297554984678
0.2568359482422254
0.1688751142990264
0.2511586888091456
0.27054747178995314
0.1637222243304125
0.24413791937489612
0.2809654271930698
0.15618702455794106
0.230475254190679
0.28755198124024084
0.14661037436596527
0.21025087571445952
0.28980658666206444
0.13535677907991311
0.18371977856971697
0.2872830076630387
0.122802102551919
0.1513096783235537
0.2796060417850576
0.10932147475987777
0.1136143684714704
0.2664874396262113
0.0952777666893114
0.07138261981270555
0.2477405239549578
0.08101098109981637
0.02550283341990516
0.22329302387349176
0.06682887382530567
0.023016228651706404
0.19319766793489598
0.05299907708185429
0.07306820487327906
0.15764012215473575
0.0397429451863013
0.12347486188255559
0.11694391393736107
0.02723128567759279
0.17301417855407286
0.07157204994024538
0.015582076818035539
0.22045010789146807
0.022125113350133053
0.004860207702231323
0.26456328585242495
0.03066428785692792
0.004920788335245385
0.304181922064728
0.08594075743467196
0.013795100676893846
0.33821209241944333
0.1427389710088392
0.021839263645045803
0.3656666582999878
0.2
0.029165245167515418
0.3856920617868531
0.2565908416274674
0.03591226267774021
0.3975922901226926
0.3113268029078154
0.042237628486614165
0.40084936508761865
0.36299629825843693
0.04830695887018597
0.39513979229776874
0.4103875406143449
0.0542841026907134
0.3803464999343375
0.4523165372159824
0.06032115581750114
0.35656590376820646
0.4876557455460452
0.06654892657324135
0.32410985295550626
0.5153627041102091
0.07306820487327886
0.28350233605061825
0.5345079283487187
0.07994216396102038
0.2354709559163976
0.5443013550181061
0.08719018931666642
0.18093331247829803
0.5441166295497883
0.09478338538804867
0.12097856029292783
0.5335125603737887
0.10264195851076849
0.05684453044087685
0.5122511117196886
0.11063461525456027
0.010109079815346988
0.4803113712285592
0.11858005117198651
0.07843084377059903
0.4378990096215504
0.12625053741801312
0.1466103743659654
0.38545084502470395
0.13337754395112866
0.21311295986725529
0.32363423229033667
0.13965927007090323
0.2764152470669843
0.2533411153662749
0.1447698879432276
0.3350411194997812
0.17567670572225258
0.14837024450153255
0.38759690554403814
0.09194287908253329
0.15011971355970447
0.4328050599388984
0.0036165130990324147
0.1496888448262638
0.46953549209025525
0.08767688310025887
0.14677242124179843
0.49683376495566345
0.18019377358048397
0.14110251187678985
0.5139454581509486
0.2721068461103596
0.13246109542362322
0.520336076584297
0.36154221719515933
0.1206918296593908
0.515705989317693
0.44661881169269646
0.10571055535595453
0.5
0.5254890652635351
0.08751414881748819
0.4734112772894011
0.5963800450271827
0.0661873750165947
0.4363795080930788
0.6576340515328449
0.04190744230770702
0.38958327491286077
0.7077477547122571
0.014946018717284982
0.3339267976989184
0.7454089285500721
0.014331462662742206
0.2705213169543044
0.7695298839271671
0.045469307390851324
0.2006615250348016
0.7792767560507908
0.07792789170934346
0.1257975734280127
0.7740938811152404
0.11109276051247263
0.04750329227398033
0.753722594831872
0.14428634695316733
0.032558648192341014
0.7182139012127899
0.17678208946739188
0.11267382857015448
0.6679345910074532
0.20782064635224823
0.19111456115722802
0.6035665325830303
0.23662783888506111
0.26617886231070853
0.5260990105692791
0.26243389338481365
0.33622900350884494
0.4368141457482153
0.2844935024606756
0.3997287359926492
0.33726558976130694
0.3021061875747026
0.4552783134128767
0.22925084643661237
0.3146364202722616
0.5016464876259897
0.114777724102053
0.32153294896506057
0.5377987234499086
0.003974433568476887
0.3223467825729417
0.5629209670905582
0.12469796037174707
0.31674730183009797
0.5764384079177034
0.24500363218841983
0.3045360034198392
0.5780287917418759
0.3624699965848935
0.2856574306927417
0.5676299728300707
0.4746942072732745
0.2602069065232823
0.5454415284436827
0.5793432536054619
0.22843475747294892
0.5119204003545739
0.6742044506785702
0.1907468021148706
0.4677706691633522
0.7572340570056655
0.14770096809795782
0.41392770586526345
0.8266029143268426
0.09999999999999996
0.3515370776144754
0.88073805764522
0.04848032076035185
0.2819287078154112
0.9183593219931481
0.005902789112919682
0.2065869015455998
0.9385100741848558
0.062093430965893516
0.12711694322400396
0.9405813207414517
0.11895638771570169
0.045209052093737864
0.924328584607745
0.1753010380213232
0.037399459368125186
0.8898811000797494
0.229907361225961
0.11896293994817295
0.8377430439978621
0.28155344341840005
0.19776616524502572
0.7687866978954274
0.3290438427946665
0.27216221642340604
0.6842376163684889
0.3712381357400637
0.34060859984876163
0.5856520572698731
0.4070789449175214
0.4017007815821059
0.47488710522575256
0.43561874794849087
0.45420237657252216
0.354064087299126
0.4560447803730052
0.497071316087869
0.22552603443245647
0.46770137938517725
0.5294814163340321
0.09179008091356114
0.47010916480851855
0.5508388838155112
0.04450418679126324
0.4629805199001731
0.5607934159600789
0.18064932377799287
0.44623091542200327
0.5592436858037522
0.3139263829904132
0.4199857141584576
0.546337133884258
0.4416618085833071
0.38458219750970607
0.5224641256167722
0.5612836231607307
0.3405666684536082
0.48824666502339714
0.6703756761771882
0.28868660331939006
0.44452198254173325
0.7667287593667094
0.229877945542305
0.39232143269773906
0.8483874609294235
0.16524775486319893
0.3328452438841037
0.9136917219140186
0.09605254226534816
0.26743375483720844
0.9613121737338066
0.023672731320682316
0.1975358485227554
0.9902784724270418
0.050416212304856066
0.12467535231179697
