0.04639112117827746
0.04769915169936561
0.05927833520951717
0.018572149331715037
0.06613186487610856
0.05544793446622123
0.14238929472425704
0.11619298381589284
0.040830000735072154
0.006635385413263767
0.20664708496792042
0.05237177823511031
0.2453361190913336
0.2531273484507118
0.05714939846392131
0.10328013863965753
0.29747529209180107
0.0866285822445912
0.0672925298669591
0.6097913398887408
0.09502229188642096
0.0834745182000572
0.21365701684139832
0.49896788261746744
0.7196973935235093
0.6069337129250238
0.45220266416163807
0.3066850353229252
0.2183464547206549
0.5516423259864845
0.30666683881960743
0.6596970464824904
0.6278163894924617
0.0620652504431583
0.5473628157362277
0.22381800313579273
0.23902139089399144
0.17890738263842418
0.8270755678026016
0.027498484034379066
0.3084303458437784
0.31707252408921593
1.0
0.5994101385348348
0.40429502391627026
0.18411232864155097
0.10533751934869931
0.13949931602430496
0.2056890575233516
0.060794482796809296
0.07728791233903017
0.12249560754996706
0.14439478494201152
0.3412105754115524
0.016400308895600936
0.14154881565827934
0.1125320481289898
0.062845313016767
0.01960847883746761
0.09753443566084327
0.045919026176965624
0.02091487576478903
0.07464416044675382
0.06296615541237971
0.052160977314000365
0.00954134124103759
0.08716091698547924
0.012228108929927052
0.08667351998196422
0.008441848921431336
0.05899521120954863
0.10496198640280109
0.010826532425841
0.050779144609956646
0.006708050987013915
0.07076311331861541
0.07677392535753712
0.024834450011550154
0.033105994401865874
0.08867808340105003
0.05300223331704653
0.03269950207188857
0.06391498294526993
0.04251801505441351
0.032224327875231544
0.03212424850533964
0.004854457077728339
0.06196163514724521
0.020567963350120504
0.10066313782878082
0.07706524042499069
0.048984275165642764
0.00209485835267029
0.023881615375211343
0.02218627548022375
0.00833982744328519
0.06809979902856224
0.04840118774957166
0.06071863003980167
0.018478274389182547
0.03942122796445765
0.024364519600289795
0.019226811620177666
0.011972455223063899
0.03718539380833008
0.026238556249513684
0.04311953558588298
0.06976256357105998
0.01323542973808936
0.01698779027346322
0.022316985525052055
0.03348696219134499
0.008439042535203093
0.0028658078115835145
0.016058905221175177
0.004875671022084245
0.05068513850136675
0.07447368029273878
0.06652407270040417
0.012816341546191495
0.014303196528298298
0.0090920444162259
0.07175912143682361
0.04878827900799609
0.011914488007268464
0.053019265422090185
0.0658140985078916
0.02505972058374774
0.016352264157254576
0.10621278135522232
0.054170576792382366
0.02589852160144036
0.04570625916559324
0.007289080204990275
0.008779421924991258
0.03281046248244958
0.011220440378346776
0.00237218869297572
0.0038798868380134775
0.019076799136193735
0.017618127888487444
0.024826382946237378
0.018116948809276147
0.014678742406748777
0.012575290387151947
0.008093663785236781
0.016105638417765376
0.001298214877194314
0.016902427185364156
0.003908219305317069
0.003684763577163682
0.01198444705859729
0.014635245371967866
0.002498103001880113
0.012814958659689495
0.0075529741395561735
0.005015420733855303
0.00552919212747356
2.2823973048933477E-4
0.007004932436516869
0.008537552464087276
0.014588786257460944
0.0020020964939937197
0.0044153558750010145
0.011391479580284214
0.01518354936970945
6.750101388622848E-4
0.006332851175653262
0.005362134016526021
0.010726555704710752
0.012773906663407211
0.003138170882074711
0.001463159269803399
0.0029742810854347375
0.007467441153296921
0.0113749130902309
0.007656900259878925
0.010812716173892045
0.006240420424188347
0.004237088669383296
0.009183196586306034
0.0016450432255823717
0.0029092462323583343
0.008089378153409163
5.4990976494305175E-5
0.002741934759565738
0.0038417557494985007
0.004175204456866983
0.011085385202591579
7.604742499013863E-4
0.004532170919680704
0.003945284150110265
0.009307359097899924
0.007646032451631228
0.012876773455970271
0.01239775652190068
0.0032844675437155003
0.006157361600306497
0.0028578161798436326
0.00426114661463729
4.0114365471390274E-4
0.001499905630802817
0.006686927518305708
0.0024052104917438068
0.009412130738030452
0.004825012679864194
0.002944759821930664
0.008488274168732731
0.0067355154663145565
0.002939659000638246
0.004000015182171846
0.006314775710973362
0.011888741338742168
0.008446628504660894
0.004395990149751318
5.208871901443814E-4
0.006649997052736688
0.005105493931294035
0.009157426041809474
0.010378838201492454
0.006846793770267849
0.009857893616329666
0.004615862996732015
0.0071948843099998525
0.00629043117511106
0.006503948781157235
0.0051573035656518485
0.006481661891092632
0.004943560992139197
0.004549366406412393
0.006210466649584246
0.005125983463875799
0.0076405257103071555
0.007485148774511811
0.005725489202115358
0.0063850825645919915
0.006185915257659911
0.005834041525773774
0.007074929222520279
0.005185862152337425
0.005418681902670836
0.006621435021640842
0.007422888828469723
0.007115830752417285
0.005832117451260488
0.005383206401390575
0.006082847464911978
0.0062097390946298835
0.0033389876365937728
0.005011133695936124
0.007361986930871485
0.005315747303332023
0.007167967221974444
0.005763918519874833
0.008281283034237983
0.0077632933334236
0.006966403435928015
0.005764698240940203
0.004732761160833779
0.003972389467858151
0.00485834410049845
0.006501616623652869
0.004558008270207538
0.006478858659859665
0.002304115279166706
0.002673933380789036
0.00585940770574821
0.0037570035609110924
0.0034869981327801856
0.0063021959669229705
0.006779648252619784
0.0062813684051810596
0.005338178893155842
0.006860179687301988
0.006189049922242538
0.005296437916834384
0.006417834662244449
0.005410397949532198
0.005687433911620812
0.005350690329683412
0.005571099167868097
0.005164672184018378
0.006075546979144146
0.005243516602394808
0.006442794672009266
0.005913646340344024
0.0050362151250798425
0.005838405277970523
0.006556484272932015
0.006282905159241221
0.00659948401311146
0.005426760406877974
0.007238406481681635
0.007035914952650479
0.006123812401909772
0.005426719515808102
0.005325473281223139
0.005331050805380082
0.005509594731839971
0.0058409315413230556
0.006121909009164418
0.0065516918429537165
0.006262783587551068
0.005654725132404937
0.00582032748683819
0.005251309922191339
0.004786191717659632
0.00548489157406023
0.004291069490592999
0.005522890274845259
0.006961635314849136
0.006308740603603911
0.007321804384444612
0.0067806854422074675
0.00578771934627862
0.007200669305215409
0.0053589589044660485
0.005938377224421907
0.006288524303243163
0.007643440030660267
0.006802089915626455
0.008087215309417367
0.007395039378760846
0.006564881531945418
0.005114837865140793
0.0065451925820360435
0.007403023602301827
0.00643433094640491
0.00509430472713309
0.006157801807404302
0.006265342134234744
0.006200311070870546
0.006887365098687584
0.005930208760510038
0.005844185480285153
0.005629530323710523
0.005871540776393834
0.005921091407594037
0.005615829478813634
0.0059426332297191145
0.005887136497684388
0.006586405181126797
0.00594028400211439
0.006151052530384591
0.005427217840175408
0.006160665330799985
0.0051109426048478145
0.00523510485085058
0.006345415882540488
0.006162624291462906
0.006320224813869328
0.005713591973570127
0.006281393926570025
0.006375173482657396
0.005724450596443921
0.005908402357935942
0.006248365420173745
0.006439192993969453
0.006193097588985143
0.006146189510978389
0.005204470451659259
0.005923078739189948
0.005510900977508731
0.006032597661487773
0.005298570338201447
0.006132783691586921
0.006265525671496865
0.00619771523344953
0.006400070957527154
0.006045591944212364
0.005498877414812595
0.005828714616436242
0.006309222921115948
0.006585810792120845
0.005935436712642971
0.006181904803842032
0.005565218363099436
0.005189742524791369
0.005814480071081602
0.00581159760556427
0.0060345899056658565
0.005433782937694496
0.005988425218088123
0.005169275975549247
0.006015326872740415
0.005513702087078153
0.006236857192660096
0.005781719147519258
0.006681231723839557
0.0056538283965147885
0.005198876868430231
0.006689463166776632
0.005544134359087754
0.006138829119492671
0.005210543553699208
0.0053990572949262445
0.005382859561775912
0.006015410544419656
0.00577644952023898
0.005971760501967051
0.005881255816145607
0.00596997555656309
0.00573186002341191
0.005468310789703805
0.005729081707284453
0.006136811062853001
0.005066958786522739
0.006228051120358516
0.0057380987296533886
0.006255648953342087
0.005585708935705345
0.006042977580799663
0.006509445985496267
0.005064495208467865
0.0055994556425685935
0.006314952776355774
0.00613979006130723
0.006018916014594268
0.005481441623102782
0.006327260122379132
0.0064589387820232335
0.006362218615497022
0.006301840179700345
0.0059754383039328455
0.006319579823401433
0.0052663054109699185
0.005845117161215778
0.006303464672570942
0.005245619907393176
0.005452768438998706
0.006765054001186584
0.006221608014217375
0.005564317012266532
0.005223360262337894
0.006071575225718874
0.005496484048560946
0.006249411071404864
0.005755400877388598
0.007754333111201897
0.00552150586727461
0.005690309437887536
0.006699171327217606
0.006080664993727574
0.0061125663201888475
0.006396712552606393
0.005608802202920141
0.005920791629464109
0.00554413061924267
0.005614313311684621
0.00562245585282478
0.005479513482441932
0.005853053121097293
0.005819168685098924
0.006461761863904454
0.0054846482376908826
0.006164697497892773
0.0052912795466941035
0.006421900097963464
0.006699833947863752
0.005252035167560161
0.005745812906169311
0.005958373212814994
0.004732797232271688
0.005958373212814994
0.005745812906169311
0.005252035167560161
0.006699833947863752
0.006421900097963464
0.0052912795466941035
0.006164697497892773
0.0054846482376908826
0.006461761863904454
0.005819168685098924
0.005853053121097293
0.005479513482441932
0.00562245585282478
0.005614313311684621
0.00554413061924267
0.005920791629464109
0.005608802202920141
0.006396712552606393
0.0061125663201888475
0.006080664993727574
0.006699171327217606
0.005690309437887536
0.00552150586727461
0.007754333111201897
0.005755400877388598
0.006249411071404864
0.005496484048560946
0.006071575225718874
0.005223360262337894
0.005564317012266532
0.006221608014217375
0.006765054001186584
0.005452768438998706
0.005245619907393176
0.006303464672570942
0.005845117161215778
0.0052663054109699185
0.006319579823401433
0.0059754383039328455
0.006301840179700345
0.006362218615497022
0.0064589387820232335
0.006327260122379132
0.005481441623102782
0.006018916014594268
0.00613979006130723
0.006314952776355774
0.0055994556425685935
0.005064495208467865
0.006509445985496267
0.006042977580799663
0.005585708935705345
0.006255648953342087
0.0057380987296533886
0.006228051120358516
0.005066958786522739
0.006136811062853001
0.005729081707284453
0.005468310789703805
0.00573186002341191
0.00596997555656309
0.005881255816145607
0.005971760501967051
0.00577644952023898
0.006015410544419656
0.005382859561775912
0.0053990572949262445
0.005210543553699208
0.006138829119492671
0.005544134359087754
0.006689463166776632
0.005198876868430231
0.0056538283965147885
0.006681231723839557
0.005781719147519258
0.006236857192660096
0.005513702087078153
0.006015326872740415
0.005169275975549247
0.005988425218088123
0.005433782937694496
0.0060345899056658565
0.00581159760556427
0.005814480071081602
0.005189742524791369
0.005565218363099436
0.006181904803842032
0.005935436712642971
0.006585810792120845
0.006309222921115948
0.005828714616436242
0.005498877414812595
0.006045591944212364
0.006400070957527154
0.00619771523344953
0.006265525671496865
0.006132783691586921
0.005298570338201447
0.006032597661487773
0.005510900977508731
0.005923078739189948
0.005204470451659259
0.006146189510978389
0.006193097588985143
0.006439192993969453
0.006248365420173745
0.005908402357935942
0.005724450596443921
0.006375173482657396
0.006281393926570025
0.005713591973570127
0.006320224813869328
0.006162624291462906
0.006345415882540488
0.00523510485085058
0.0051109426048478145
0.006160665330799985
0.005427217840175408
0.006151052530384591
0.00594028400211439
0.006586405181126797
0.005887136497684388
0.0059426332297191145
0.005615829478813634
0.005921091407594037
0.005871540776393834
0.005629530323710523
0.005844185480285153
0.005930208760510038
0.006887365098687584
0.006200311070870546
0.006265342134234744
0.006157801807404302
0.00509430472713309
0.00643433094640491
0.007403023602301827
0.0065451925820360435
0.005114837865140793
0.006564881531945418
0.007395039378760846
0.008087215309417367
0.006802089915626455
0.007643440030660267
0.006288524303243163
0.005938377224421907
0.0053589589044660485
0.007200669305215409
0.00578771934627862
0.0067806854422074675
0.007321804384444612
0.006308740603603911
0.006961635314849136
0.005522890274845259
0.004291069490592999
0.00548489157406023
0.004786191717659632
0.005251309922191339
0.00582032748683819
0.005654725132404937
0.006262783587551068
0.0065516918429537165
0.006121909009164418
0.0058409315413230556
0.005509594731839971
0.005331050805380082
0.005325473281223139
0.005426719515808102
0.006123812401909772
0.007035914952650479
0.007238406481681635
0.005426760406877974
0.00659948401311146
0.006282905159241221
0.006556484272932015
0.005838405277970523
0.0050362151250798425
0.005913646340344024
0.006442794672009266
0.005243516602394808
0.006075546979144146
0.005164672184018378
0.005571099167868097
0.005350690329683412
0.005687433911620812
0.005410397949532198
0.006417834662244449
0.005296437916834384
0.006189049922242538
0.006860179687301988
0.005338178893155842
0.0062813684051810596
0.006779648252619784
0.0063021959669229705
0.0034869981327801856
0.0037570035609110924
0.00585940770574821
0.002673933380789036
0.002304115279166706
0.006478858659859665
0.004558008270207538
0.006501616623652869
0.00485834410049845
0.003972389467858151
0.004732761160833779
0.005764698240940203
0.006966403435928015
0.0077632933334236
0.008281283034237983
0.005763918519874833
0.007167967221974444
0.005315747303332023
0.007361986930871485
0.005011133695936124
0.0033389876365937728
0.0062097390946298835
0.006082847464911978
0.005383206401390575
0.005832117451260488
0.007115830752417285
0.007422888828469723
0.006621435021640842
0.005418681902670836
0.005185862152337425
0.007074929222520279
0.005834041525773774
0.006185915257659911
0.0063850825645919915
0.005725489202115358
0.007485148774511811
0.0076405257103071555
0.005125983463875799
0.006210466649584246
0.004549366406412393
0.004943560992139197
0.006481661891092632
0.0051573035656518485
0.006503948781157235
0.00629043117511106
0.0071948843099998525
0.004615862996732015
0.009857893616329666
0.006846793770267849
0.010378838201492454
0.009157426041809474
0.005105493931294035
0.006649997052736688
5.208871901443814E-4
0.004395990149751318
0.008446628504660894
0.011888741338742168
0.006314775710973362
0.004000015182171846
0.002939659000638246
0.0067355154663145565
0.008488274168732731
0.002944759821930664
0.004825012679864194
0.009412130738030452
0.0024052104917438068
0.006686927518305708
0.001499905630802817
4.0114365471390274E-4
0.00426114661463729
0.0028578161798436326
0.006157361600306497
0.0032844675437155003
0.01239775652190068
0.012876773455970271
0.007646032451631228
0.009307359097899924
0.003945284150110265
0.004532170919680704
7.604742499013863E-4
0.011085385202591579
0.004175204456866983
0.0038417557494985007
0.002741934759565738
5.4990976494305175E-5
0.008089378153409163
0.0029092462323583343
0.0016450432255823717
0.009183196586306034
0.004237088669383296
0.006240420424188347
0.010812716173892045
0.007656900259878925
0.0113749130902309
0.007467441153296921
0.0029742810854347375
0.001463159269803399
0.003138170882074711
0.012773906663407211
0.010726555704710752
0.005362134016526021
0.006332851175653262
6.750101388622848E-4
0.01518354936970945
0.011391479580284214
0.0044153558750010145
0.0020020964939937197
0.014588786257460944
0.008537552464087276
0.007004932436516869
2.2823973048933477E-4
0.00552919212747356
0.005015420733855303
0.0075529741395561735
0.012814958659689495
0.002498103001880113
0.014635245371967866
0.01198444705859729
0.003684763577163682
0.003908219305317069
0.016902427185364156
0.001298214877194314
0.016105638417765376
0.008093663785236781
0.012575290387151947
0.014678742406748777
0.018116948809276147
0.024826382946237378
0.017618127888487444
0.019076799136193735
0.0038798868380134775
0.00237218869297572
0.011220440378346776
0.03281046248244958
0.008779421924991258
0.007289080204990275
0.04570625916559324
0.02589852160144036
0.054170576792382366
0.10621278135522232
0.016352264157254576
0.02505972058374774
0.0658140985078916
0.053019265422090185
0.011914488007268464
0.04878827900799609
0.07175912143682361
0.0090920444162259
0.014303196528298298
0.012816341546191495
0.06652407270040417
0.07447368029273878
0.05068513850136675
0.004875671022084245
0.016058905221175177
0.0028658078115835145
0.008439042535203093
0.03348696219134499
0.022316985525052055
0.01698779027346322
0.01323542973808936
0.06976256357105998
0.04311953558588298
0.026238556249513684
0.03718539380833008
0.011972455223063899
0.019226811620177666
0.024364519600289795
0.03942122796445765
0.018478274389182547
0.06071863003980167
0.04840118774957166
0.06809979902856224
0.00833982744328519
0.02218627548022375
0.023881615375211343
0.00209485835267029
0.048984275165642764
0.07706524042499069
0.10066313782878082
0.020567963350120504
0.06196163514724521
0.004854457077728339
0.03212424850533964
0.032224327875231544
0.04251801505441351
0.06391498294526993
0.03269950207188857
0.05300223331704653
0.08867808340105003
0.033105994401865874
0.024834450011550154
0.07677392535753712
0.07076311331861541
0.006708050987013915
0.050779144609956646
0.010826532425841
0.10496198640280109
0.05899521120954863
0.008441848921431336
0.08667351998196422
0.012228108929927052
0.08716091698547924
0.00954134124103759
0.052160977314000365
0.06296615541237971
0.07464416044675382
0.02091487576478903
0.045919026176965624
0.09753443566084327
0.01960847883746761
0.062845313016767
0.1125320481289898
0.14154881565827934
0.016400308895600936
0.3412105754115524
0.14439478494201152
0.12249560754996706
0.07728791233903017
0.060794482796809296
0.2056890575233516
0.13949931602430496
0.10533751934869931
0.18411232864155097
0.40429502391627026
0.5994101385348348
1.0
0.31707252408921593
0.3084303458437784
0.027498484034379066
0.8270755678026016
0.17890738263842418
0.23902139089399144
0.22381800313579273
0.5473628157362277
0.0620652504431583
0.6278163894924617
0.6596970464824904
0.30666683881960743
0.5516423259864845
0.2183464547206549
0.3066850353229252
0.45220266416163807
0.6069337129250238
0.7196973935235093
0.49896788261746744
0.21365701684139832
0.0834745182000572
0.09502229188642096
0.6097913398887408
0.0672925298669591
0.0866285822445912
0.29747529209180107
0.10328013863965753
0.05714939846392131
0.2531273484507118
0.2453361190913336
0.05237177823511031
0.20664708496792042
0.006635385413263767
0.040830000735072154
0.11619298381589284
0.14238929472425704
0.05544793446622123
0.06613186487610856
0.018572149331715037
0.05927833520951717
0.04769915169936561
