-0.24566450551798383
0.2446620192423138
0.24166574875205604
0.23670912149618625
0.22984739314495603
0.2211569687241936
0.21073446462077794
0.1986955236789246
0.18517339881860245
0.17031732361444715
0.15429069103609885
0.1372690640323032
0.11943804380849495
0.10099102347217527
0.0821268561780086
0.06304746797587557
0.04395544623592585
0.025051634786096646
0.006532766746148705
0.011410834519927483
0.028597456876791185
0.04485607521550044
0.06002827520403555
0.07397000069617654
0.08655310290368982
0.09766667212587839
0.1072181357735491
0.11513410958210879
0.12136099223870635
0.12586529710665323
0.12863371827059955
0.12967293170081898
0.12900913589665267
0.12668733987002517
0.12277040972305014
0.11733788831359811
0.11048460554576511
0.1023190996275231
0.09296187216761961
0.0825435022038268
0.07120264613480048
0.05908395204246558
0.04633591802021893
0.033108724848633975
0.019552073674453076
0.005813059245579543
0.007965891264755115
0.021648984741238712
0.035108906141974726
0.048228513980743244
0.060902363279434886
0.07303803439518014
0.08455724882848224
0.09539675608553365
0.10550897886062208
0.11486240718078163
0.12344173566971414
0.13124774169463813
0.13829690580988016
0.14462077955576502
0.15026510926163975
0.15528872798922624
0.15976223108966783
0.16376645398917583
0.16739077372111105
0.170731258346643
0.17388869071536914
0.17696649497904587
0.18006859585789442
0.1832972418467457
0.18675082431960321
0.1905217248335524
0.19469422283939833
0.19934249547578564
0.20452874016037506
0.2103014493061915
0.21669386469933596
0.2237226368971389
0.2313867124698917
0.23966646904576097
0.24852311496298918
0.2578983669256582
0.2677144154422325
0.27787418404587483
0.2882618844005103
0.2987438654369671
0.30916975069042785
0.31937385407558366
0.3291768604906737
0.3383877539365659
0.3468059723211666
0.35422376483951323
0.3604287248199068
0.36520646824700587
0.3683434258506391
0.36962971471653117
0.3688620538596987
0.36584668712525603
0.360402276161633
0.3523627260588326
0.34157990656458265
0.3279262325832789
0.31129706891977565
0.2916129259396572
0.26882141496119893
0.24289893474780236
0.2138520634039669
0.1817186332586551
0.14656846990848965
0.1085037804468511
0.06765917997737474
0.024201349752370288
0.021671675363184092
0.06973158797640654
0.11972125123866499
0.1713564929519405
0.2243282354625085
0.2783049419526545
0.3329353558015756
0.38785150599908486
0.44267194820645556
0.497005208010443
0.5504533902478149
0.6026159160227171
0.6530933472269463
0.7014912570274721
0.7474241039243641
0.790519066617856
0.8304197970617002
0.8667900497212486
0.8993171461926783
0.9277152359622289
0.9517283161731068
0.9711329757989713
0.9857408325673997
0.995400634300105
1.0
0.9994667799753764
0.9937700185017317
0.9829205069323922
0.9669709197277863
0.9460155305260415
0.9201895100693386
0.889667812475551
0.8546636609477966
0.8154266484910908
0.7722404735024768
0.7254203341681086
0.675310009389922
0.6222786574313323
0.5667173665753378
0.5090354947934616
0.449656837698938
0.38901566587653474
0.3275526740239784
0.2657108851915538
0.2039315537583695
0.1426501106334408
0.08229219352051181
0.02326980394685778
0.03402236885657842
0.08921041920255833
0.14194445579448206
0.19190155953389382
0.23878843889829215
0.2823437570674191
0.3223401088205541
0.35858562930075527
0.39092522099505705
0.4192413896610456
0.4434546843874158
0.46352374145584685
0.47944493612067407
0.4912516507888597
0.4990131723145368
0.5028332351706791
0.5028482310785386
0.4992251092198098
0.49215899438701416
0.48187055330844536
0.4686031418837543
0.45261976815830274
0.4341999075273589
0.41363620787898747
0.39123112314658676
0.36729351404355554
0.3421352545942947
0.3160678824640099
0.28939933003641233
0.2624307717105573
0.2354536210078434
0.2087467088245348
0.18257367156529197
0.1571805749842813
0.13279379638112362
0.10961818439083076
0.08783551201398733
0.0676032348016158
0.04905356228554333
0.032292846877451924
0.017401290595987592
0.004432966168630674
0.006583854660319871
0.015646076357832397
0.022774872497945495
0.028014513622809992
0.031430950272470524
0.03311017400030666
0.03315638148326808
0.03168996878272277
0.028845384393196827
0.024768870917598235
0.019616126018734047
0.0135499137131152
0.006737657094288631
6.509567956682038E-4
0.008446329976362594
0.016481235564643936
0.024593001439057387
0.03262556991955213
0.040431409927391165
0.047873260434052434
0.05482568658343818
0.06117643264281846
0.0668275588664523
0.07169635240201944
0.07571600549311608
0.07883605738986195
0.08102259953295085
0.08225824668361571
0.08254187969346093
0.0818881685059946
0.08032688672011802
0.07790203159143451
0.07467076566959513
0.0707021983418355
0.06607602735081992
0.060881061859188
0.0552136498281807
0.04917603335201507
0.042874656136240585
0.03641844752448246
0.029917107365468005
0.023479415577057995
0.017211589516346073
0.011215711218936565
0.0055882452442066605
4.1866627814014383E-4
0.004211786174202904
0.008231210700943894
0.011577991398223098
0.014201579034210564
0.016063097669495333
0.017135770979070986
0.017405165101463484
0.016869247427941946
0.0155382633042898
0.013434435115155456
0.01059149062361624
0.007054029715028102
0.002876740815266657
0.001876519807687638
0.007133770917256431
0.012816054909909736
0.01883867443753723
0.025112498341788785
0.031545317459964584
0.03804323040682722
0.044512039260949605
0.05085863518706548
0.05699235440276902
0.06282628554056337
0.06827851035292189
0.07327326084362216
0.07774197726496927
0.08162425297667933
0.08486865389467729
0.08743340214125311
0.08928691551451906
0.0904081964961154
0.09078706668181703
0.0904242447197468
0.08933126804474223
0.08753026087478107
0.08505355305662882
0.08194315638445503
0.07825010693996157
0.0740336837902368
0.06936051600688127
0.06430359141615417
0.05894118173684223
0.053355699795034336
0.04763250531087119
0.04185867632268938
0.03612176364321154
0.030508545828271793
0.025103801982134508
0.019989119329176352
0.015241751857190998
0.01093354549359212
0.0071299442259554835
0.0038890903390240293
0.0012610305302872694
7.12961893472677E-4
0.00200094022286218
0.002580706229040931
0.0024400958625945992
0.0015771258237925936
3.6365652047895926E-17
0.0022730232972381676
0.005213900456157771
0.008785203359768966
0.012940645392171553
0.01762572453152097
0.022778473866767884
0.028330308483947814
0.034206956441195
0.040329460505263356
0.046615236468990004
0.05297917321890384
0.059334759282221115
0.0655952203569919
0.07167465231934854
0.077489134405883
0.08295780768237469
0.08800390452484137
0.09255571564483545
0.09654748217519873
0.09992020147985853
0.10262233664432314
0.10461042102306586
0.10584955074512802
0.10631375968788288
0.10598627309790695
0.10485963774351072
0.10293572820168859
0.10022563058898483
0.09674940671740204
0.09253574327004294
0.08762149212466695
0.08205110938615268
0.07587600200185989
0.06915379200986403
0.06194750949379512
0.05432472617663244
0.04635664226878235
0.038117139685146746
0.02968181505636176
0.02112700607833815
0.0125288246717631
0.003962210162116147
0.004499984753565856
0.01278786310652017
0.020835296460500103
0.028580670995010774
0.03596755751652502
0.042945297242235524
0.04946949649956897
0.055502424867089464
0.061013312728131784
0.06597854569640269
0.07038175488127245
0.07421380346786456
0.07747267157179837
0.08016324276953654
0.0822969970824539
0.08389161648681745
0.08497051021495883
0.085562268188752
0.08570005187059475
0.08542093261689725
0.08476518826428171
0.08377556916120617
0.08249654517187271
0.08097354532184511
0.0792522017250351
0.07737760923137878
0.07539361186778687
0.07334212661837541
0.07126251441238021
0.0691910073704715
0.06716020041529251
0.0651986142946141
0.06333033591170736
0.061574740624881795
0.059946299885149594
0.05845447624696667
0.057103706431759334
0.0558934717674799
0.054818453989653196
0.0538687730898428
0.053030302655064004
0.05228505697440042
0.05161164311374385
0.05098577019158213
0.0503808072418871
0.04976838033636581
0.0491189990676202
0.04840270207497539
0.04758971103152959
0.0466510824076971
0.045559346384167684
0.044289122504458614
0.04281770203044154
0.041125587487474614
0.03919698055099372
0.03702021022349351
0.03458809416775923
0.03189822708527433
0.028953191142685374
0.025760684637550112
0.02233356633974718
0.018689814228533344
0.014852398648405494
0.010849071210527807
0.006712072051394144
0.0024777593077950914
0.0018138341411987734
0.0061195104960738165
0.010393476224442307
0.014587962491891917
0.01865388790737496
0.022541553977967272
0.02620136313115818
0.029584548773820978
0.032643906621383834
0.03533451645201908
0.03761444352015139
0.03944540910024272
0.04079342002236308
0.04162934760001097
0.04192944703037766
0.04167580915810429
0.04085673742402866
0.03946704385719913
0.03750825909677731
0.03498875263424925
0.0319237607284487
0.028335320748236133
0.024252112021678353
0.019709204597313332
0.01474771863360791
0.009414398408276688
0.003761106161490304
0.002155757861337269
0.00827590173701948
0.014535846170133851
0.020869677538650742
0.027209839724297816
0.03348795419365225
0.03963565736439213
0.04558544401294257
0.051271505359017616
0.05663055050114571
0.06160260007477385
0.06613174135831695
0.07016683455768
0.0736621606493044
0.07657800194661135
0.0788811474638282
0.08054531617184774
0.08155149235862899
0.0818881685059946
0.08155149235862899
0.08054531617184774
0.0788811474638282
0.07657800194661135
0.0736621606493044
0.07016683455768
0.06613174135831695
0.06160260007477385
0.05663055050114571
0.051271505359017616
0.04558544401294257
0.03963565736439213
0.03348795419365225
0.027209839724297816
0.020869677538650742
0.014535846170133851
0.00827590173701948
0.002155757861337269
0.003761106161490304
0.009414398408276688
0.01474771863360791
0.019709204597313332
0.024252112021678353
0.028335320748236133
0.0319237607284487
0.03498875263424925
0.03750825909677731
0.03946704385719913
0.04085673742402866
0.04167580915810429
0.04192944703037766
0.04162934760001097
0.04079342002236308
0.03944540910024272
0.03761444352015139
0.03533451645201908
0.032643906621383834
0.029584548773820978
0.02620136313115818
0.022541553977967272
0.01865388790737496
0.014587962491891917
0.010393476224442307
0.0061195104960738165
0.0018138341411987734
0.0024777593077950914
0.006712072051394144
0.010849071210527807
0.014852398648405494
0.018689814228533344
0.02233356633974718
0.025760684637550112
0.028953191142685374
0.03189822708527433
0.03458809416775923
0.03702021022349351
0.03919698055099372
0.041125587487474614
0.04281770203044154
0.044289122504458614
0.045559346384167684
0.0466510824076971
0.04758971103152959
0.04840270207497539
0.0491189990676202
0.04976838033636581
0.0503808072418871
0.05098577019158213
0.05161164311374385
0.05228505697440042
0.053030302655064004
0.0538687730898428
0.054818453989653196
0.0558934717674799
0.057103706431759334
0.05845447624696667
0.059946299885149594
0.061574740624881795
0.06333033591170736
0.0651986142946141
0.06716020041529251
0.0691910073704715
0.07126251441238021
0.07334212661837541
0.07539361186778687
0.07737760923137878
0.0792522017250351
0.08097354532184511
0.08249654517187271
0.08377556916120617
0.08476518826428171
0.08542093261689725
0.08570005187059475
0.085562268188752
0.08497051021495883
0.08389161648681745
0.0822969970824539
0.08016324276953654
0.07747267157179837
0.07421380346786456
0.07038175488127245
0.06597854569640269
0.061013312728131784
0.055502424867089464
0.04946949649956897
0.042945297242235524
0.03596755751652502
0.028580670995010774
0.020835296460500103
0.01278786310652017
0.004499984753565856
0.003962210162116147
0.0125288246717631
0.02112700607833815
0.02968181505636176
0.038117139685146746
0.04635664226878235
0.05432472617663244
0.06194750949379512
0.06915379200986403
0.07587600200185989
0.08205110938615268
0.08762149212466695
0.09253574327004294
0.09674940671740204
0.10022563058898483
0.10293572820168859
0.10485963774351072
0.10598627309790695
0.10631375968788288
0.10584955074512802
0.10461042102306586
0.10262233664432314
0.09992020147985853
0.09654748217519873
0.09255571564483545
0.08800390452484137
0.08295780768237469
0.077489134405883
0.07167465231934854
0.0655952203569919
0.059334759282221115
0.05297917321890384
0.046615236468990004
0.040329460505263356
0.034206956441195
0.028330308483947814
0.022778473866767884
0.01762572453152097
0.012940645392171553
0.008785203359768966
0.005213900456157771
0.0022730232972381676
3.6365652047895926E-17
0.0015771258237925936
0.0024400958625945992
0.002580706229040931
0.00200094022286218
7.12961893472677E-4
0.0012610305302872694
0.0038890903390240293
0.0071299442259554835
0.01093354549359212
0.015241751857190998
0.019989119329176352
0.025103801982134508
0.030508545828271793
0.03612176364321154
0.04185867632268938
0.04763250531087119
0.053355699795034336
0.05894118173684223
0.06430359141615417
0.06936051600688127
0.0740336837902368
0.07825010693996157
0.08194315638445503
0.08505355305662882
0.08753026087478107
0.08933126804474223
0.0904242447197468
0.09078706668181703
0.0904081964961154
0.08928691551451906
0.08743340214125311
0.08486865389467729
0.08162425297667933
0.07774197726496927
0.07327326084362216
0.06827851035292189
0.06282628554056337
0.05699235440276902
0.05085863518706548
0.044512039260949605
0.03804323040682722
0.031545317459964584
0.025112498341788785
0.01883867443753723
0.012816054909909736
0.007133770917256431
0.001876519807687638
0.002876740815266657
0.007054029715028102
0.01059149062361624
0.013434435115155456
0.0155382633042898
0.016869247427941946
0.017405165101463484
0.017135770979070986
0.016063097669495333
0.014201579034210564
0.011577991398223098
0.008231210700943894
0.004211786174202904
4.1866627814014383E-4
0.0055882452442066605
0.011215711218936565
0.017211589516346073
0.023479415577057995
0.029917107365468005
0.03641844752448246
0.042874656136240585
0.04917603335201507
0.0552136498281807
0.060881061859188
0.06607602735081992
0.0707021983418355
0.07467076566959513
0.07790203159143451
0.08032688672011802
0.0818881685059946
0.08254187969346093
0.08225824668361571
0.08102259953295085
0.07883605738986195
0.07571600549311608
0.07169635240201944
0.0668275588664523
0.06117643264281846
0.05482568658343818
0.047873260434052434
0.040431409927391165
0.03262556991955213
0.024593001439057387
0.016481235564643936
0.008446329976362594
6.509567956682038E-4
0.006737657094288631
0.0135499137131152
0.019616126018734047
0.024768870917598235
0.028845384393196827
0.03168996878272277
0.03315638148326808
0.03311017400030666
0.031430950272470524
0.028014513622809992
0.022774872497945495
0.015646076357832397
0.006583854660319871
0.004432966168630674
0.017401290595987592
0.032292846877451924
0.04905356228554333
0.0676032348016158
0.08783551201398733
0.10961818439083076
0.13279379638112362
0.1571805749842813
0.18257367156529197
0.2087467088245348
0.2354536210078434
0.2624307717105573
0.28939933003641233
0.3160678824640099
0.3421352545942947
0.36729351404355554
0.39123112314658676
0.41363620787898747
0.4341999075273589
0.45261976815830274
0.4686031418837543
0.48187055330844536
0.49215899438701416
0.4992251092198098
0.5028482310785386
0.5028332351706791
0.4990131723145368
0.4912516507888597
0.47944493612067407
0.46352374145584685
0.4434546843874158
0.4192413896610456
0.39092522099505705
0.35858562930075527
0.3223401088205541
0.2823437570674191
0.23878843889829215
0.19190155953389382
0.14194445579448206
0.08921041920255833
0.03402236885657842
0.02326980394685778
0.08229219352051181
0.1426501106334408
0.2039315537583695
0.2657108851915538
0.3275526740239784
0.38901566587653474
0.449656837698938
0.5090354947934616
0.5667173665753378
0.6222786574313323
0.675310009389922
0.7254203341681086
0.7722404735024768
0.8154266484910908
0.8546636609477966
0.889667812475551
0.9201895100693386
0.9460155305260415
0.9669709197277863
0.9829205069323922
0.9937700185017317
0.9994667799753764
1.0
0.995400634300105
0.9857408325673997
0.9711329757989713
0.9517283161731068
0.9277152359622289
0.8993171461926783
0.8667900497212486
0.8304197970617002
0.790519066617856
0.7474241039243641
0.7014912570274721
0.6530933472269463
0.6026159160227171
0.5504533902478149
0.497005208010443
0.44267194820645556
0.38785150599908486
0.3329353558015756
0.2783049419526545
0.2243282354625085
0.1713564929519405
0.11972125123866499
0.06973158797640654
0.021671675363184092
0.024201349752370288
0.06765917997737474
0.1085037804468511
0.14656846990848965
0.1817186332586551
0.2138520634039669
0.24289893474780236
0.26882141496119893
0.2916129259396572
0.31129706891977565
0.3279262325832789
0.34157990656458265
0.3523627260588326
0.360402276161633
0.36584668712525603
0.3688620538596987
0.36962971471653117
0.3683434258506391
0.36520646824700587
0.3604287248199068
0.35422376483951323
0.3468059723211666
0.3383877539365659
0.3291768604906737
0.31937385407558366
0.30916975069042785
0.2987438654369671
0.2882618844005103
0.27787418404587483
0.2677144154422325
0.2578983669256582
0.24852311496298918
0.23966646904576097
0.2313867124698917
0.2237226368971389
0.21669386469933596
0.2103014493061915
0.20452874016037506
0.19934249547578564
0.19469422283939833
0.1905217248335524
0.18675082431960321
0.1832972418467457
0.18006859585789442
0.17696649497904587
0.17388869071536914
0.170731258346643
0.16739077372111105
0.16376645398917583
0.15976223108966783
0.15528872798922624
0.15026510926163975
0.14462077955576502
0.13829690580988016
0.13124774169463813
0.12344173566971414
0.11486240718078163
0.10550897886062208
0.09539675608553365
0.08455724882848224
0.07303803439518014
0.060902363279434886
0.048228513980743244
0.035108906141974726
0.021648984741238712
0.007965891264755115
0.005813059245579543
0.019552073674453076
0.033108724848633975
0.04633591802021893
0.05908395204246558
0.07120264613480048
0.0825435022038268
0.09296187216761961
0.1023190996275231
0.11048460554576511
0.11733788831359811
0.12277040972305014
0.12668733987002517
0.12900913589665267
0.12967293170081898
0.12863371827059955
0.12586529710665323
0.12136099223870635
0.11513410958210879
0.1072181357735491
0.09766667212587839
0.08655310290368982
0.07397000069617654
0.06002827520403555
0.04485607521550044
0.028597456876791185
0.011410834519927483
0.006532766746148705
0.025051634786096646
0.04395544623592585
0.06304746797587557
0.0821268561780086
0.10099102347217527
0.11943804380849495
0.1372690640323032
0.15429069103609885
0.17031732361444715
0.18517339881860245
0.1986955236789246
0.21073446462077794
0.2211569687241936
0.22984739314495603
0.23670912149618625
0.24166574875205604
0.2446620192423138
