-0.015227707722625378
0.015098719964375151
0.01997897129070017
0.018058562608911873
0.02504383594523033
0.04790763461084484
0.07513492592949099
0.03803182408201736
0.037963454799864765
0.03805882916097936
0.03850988524531119
0.03947864918225388
0.05795184482477817
0.31680045455326444
0.19194056597393822
0.2851300361833529
0.17764653808371342
0.19528469364014925
0.3230014736609999
0.2836132673827598
0.8205440662588946
0.16400836853346953
1.0
0.42284801408430406
0.08926364207050229
0.794176340114219
0.008586459109763269
0.11041371686708418
0.07801699201215476
0.7858465549291982
0.3000975697202366
0.5265668312629347
0.07858217669301956
0.062010827150598725
0.24521782494553135
0.039838954482731816
0.3880229973063483
0.2768334814956448
0.149925997878781
0.24619752792037006
0.26103157316839715
0.15375515230385578
0.09539457927874707
0.27288256943736244
0.7526595636661819
0.6994834397126859
0.6112774545481999
0.5814692909008938
0.24005878692493
0.3333286060791977
0.10246741963611063
0.27456158360544003
0.36539263792479726
0.06567152238511693
0.11636008300352588
0.13220918887959626
0.027669129701125325
0.1582097187505027
0.04389793148758429
0.08977357582430309
0.06645764987547748
0.03925603353487172
0.0718493113707442
0.09245179118272692
2.8606375178319134E-4
0.12869046595202846
0.056365426975703424
0.06516842229126957
0.001578376023062924
4.7889340266988714E-5
0.03514450295044294
0.10204647501835805
0.06476227943421707
0.03343889747830898
0.09131368502288739
0.03369777180179763
0.0050345639742592
0.06086551620437482
0.10610231475767867
0.09665456394485772
0.0655709038752248
0.016974632909528692
0.03259561316610912
0.09629674119125727
0.026828343646322948
0.0033201358269356646
0.01370460154147301
0.13040421948072362
0.030679500100947332
0.006751961064434477
0.015483216928912824
0.07484681170545342
0.0010464469525991794
0.042113149627647214
5.356561819925286E-5
0.004754895108056234
0.0043806404449507315
0.031086451173580557
0.0040035172265191305
0.018266406425667965
0.0020750539201762207
0.05798471494653976
0.06320365825691583
0.04132815965280673
0.026746917649984717
0.07097492429139227
0.056466009007059066
0.003722863517518299
0.06685427372702311
0.07410356277634818
0.06294942111902924
0.007019565868011957
0.01055360773745011
0.038951578248916895
0.058942700576236906
0.062483488977340844
0.015535926977425014
0.02062638932715048
0.027262297709862996
0.005389143896632225
0.06577407695154708
0.07596050126883358
0.00952479245752195
0.07365331293089979
0.0491259919300686
0.01097325317159631
0.049461897217540025
0.04068801331438455
0.058027988168507905
0.06202220891131018
0.010289401383782362
0.021833740142610025
0.042419858577545204
0.029380893963288975
0.0255963327277649
0.02167737724013228
0.03348554289478267
0.05371694774669255
0.006013674570567096
0.03171974138845666
0.004084192758501065
0.0011016988341644221
0.010168706003394687
0.0014205723687137637
0.0043380466716029
1.3027576448273632E-4
0.006396325976802598
0.0044493512192461835
0.002881404777821446
2.580259929565292E-4
0.0013659108520676516
9.923666018758998E-4
0.007115555753911595
0.002615538865128887
0.0051359216924845765
0.007485777884630855
0.00514625025557497
0.006032368150168359
0.0035449386261057264
0.002189827365710145
0.0040451809502215635
0.002777394450175036
0.004603949415753604
0.0059236671227093024
4.91884760203064E-4
0.006492787241587138
6.6135040536906E-4
0.006187834382470447
0.006380090459114385
0.002944123324210931
0.005179188589336956
0.005326837849141149
0.0023368036105861608
0.003185108127530875
0.003673302306060637
0.007596864638185626
0.006366388824636414
0.004133402334763657
0.001624460202622448
0.0038846135398484553
0.003964423623662394
9.981514180738916E-4
0.0036687537563552908
0.006135462299269454
0.004293011735098003
0.004988564467030086
0.006111961845067932
0.004515900642436677
0.00563399586788033
0.0050962245432625486
0.0038098073561068898
0.0033815714628212807
0.004543103493254823
0.004608994086181232
0.005453882919074788
0.004275890984154688
0.005548996785652507
0.005196748668593565
0.007089690730484837
0.005908582912754707
0.004570621298863436
0.005968817784869339
0.004850317143384755
0.0038601180962915546
0.005530574540322764
0.004389438645070394
0.005299087426393734
0.003632958510087023
0.003041131725415776
0.004096849660372929
0.0038876689542737468
0.003779728674286323
0.0048176089139295875
0.004286925474389424
0.005568162377584828
0.004321047241303349
0.005327950442335722
0.004989763687278049
0.00556533077656681
0.007504802272482067
0.0036709039054920382
0.004202585092126446
0.005500870250495856
0.0035621846242354744
0.005209395023682464
0.0038548539173911055
0.005140700048459262
0.0038096683794637417
0.006354606688839519
0.00402273301807112
0.004347260098402433
0.004707213704798047
0.0037294885314072563
0.005171113166353833
0.004727292958224991
0.004232523996840697
0.003411850160552084
0.006355855793230747
0.0032504687312612545
0.006291110109603248
0.006559737616665568
0.005310967099513975
0.00550274343461309
0.003883865579162445
0.0060925357344056895
0.0027817533293620087
0.005573078549959505
0.005148511455066844
0.0046414927240777054
0.004314404070067433
0.006001714085974474
0.0046863231015662685
0.0037472874723577937
0.005180005742589277
0.005065974407535567
0.004597669500362157
0.005312294748752948
0.004524892065842739
0.0043593981065679485
0.005801048583438882
0.004571390950678423
0.004937462819454097
0.004633014921275311
0.004638354001191058
0.005404649052395971
0.0031900555061966105
0.0045850867912932145
0.005091376722267116
0.0035921755867616414
0.005321865107033553
0.004963833565637807
0.0035313774778404313
0.005106862126359426
0.005756149895870463
0.005484533612808801
0.00384492741752332
0.004051128101834793
0.006079699858117791
0.004706684469043734
0.005334685001826633
0.004881559174019067
0.005040543070965287
0.004148478498358231
0.004756319499932747
0.004144833237940251
0.0043810380119718596
0.004008151981890249
0.0050633297751118455
0.004238728957195775
0.005017907182308834
0.004676805430337708
0.0036936954451766766
0.004714228416682884
0.005609594922460752
0.00391921912567192
0.004865442456967957
0.004751891533621135
0.0035748219674031833
0.006030179908561711
0.004202230537491913
0.0062404085645296975
0.003642431150116668
0.0035543931115161916
0.004744014920245079
0.004922437217699005
0.005326903810304405
0.005903327456243512
0.004853739024663847
0.002880917677253446
0.0037729127625200343
0.004386193340588136
0.004729074260889838
0.005330345200586824
0.005060927626281775
0.00490013929836193
0.004763250050752254
0.004858351763951183
0.0044628992504465665
0.0046641884985824285
0.005317120001439461
0.004381486822520487
0.005535753165441653
0.00429703182940773
0.004415348040040643
0.004030736076636503
0.005121118031872398
0.003933407904045263
0.004127766077802529
0.005151360584239606
0.003822408587289935
0.006310621719275006
0.003675769639404152
0.004931506747440083
0.004844432362006534
0.004970564764063204
0.004413828421019379
0.006724699214263329
0.005889477668377194
0.004591456490378949
0.005108658951820645
0.005234788901986735
0.0049732390061722085
0.005145758713335111
0.0047945620804446965
0.0054420014857697475
0.005424564882827622
0.004967444892801334
0.004952761456945324
0.004972912465353061
0.004763852043639078
0.005222877708859457
0.004383877552838035
0.005353383786441725
0.0035813901166295244
0.00655742161874835
0.005874785566517448
0.005447180601165484
0.003437183365198254
0.003916484534964515
0.0044590146332097085
0.004637684004220357
0.0035859287564016205
0.003580971255380093
0.005069676613884407
0.005278113656832542
0.004955196871039006
0.005088184090420976
0.004496123862075489
0.004369382938061333
0.0037194277222000237
0.004338384684370084
0.0039938201993201
0.00469365196410484
0.003936041886144678
0.004336053218358798
0.006084503869204404
0.005599174895546509
0.004689736051099884
0.004350362190371496
0.004791631851046222
0.004604902114176086
0.005207009702290157
0.004072860197742597
0.004315096169875554
0.004180465532696127
0.005176348603895183
0.005300901398520217
0.006573646977098118
0.004426070866756211
0.005307289227599466
0.004761530869959418
0.005206526746177997
0.0044818575064901325
0.004729929419106793
0.005617557849224122
0.005065935098203268
0.005463895239493844
0.004897778990065815
0.005330974006605519
0.0025544943890575236
0.004681613260635271
0.004135167031592477
0.004846520321973559
0.004555879714057011
0.00418511323812198
0.003257334374168576
0.005063079728330819
0.005599290293578146
0.0056995116301867
0.005475243710585909
0.004728345229653246
0.004848086940921495
0.004953713425252294
0.004233494902089178
0.004644886421237398
0.005054083374302084
0.004569670178933409
0.00496584927544709
0.005176919573936851
0.004431055052627687
0.0035460511314891596
0.004557411191591152
0.005257240553865353
0.004895375693091015
0.0045423767445878305
0.005001055969278449
0.004242915980548018
0.003958036796414671
0.004364678430150838
0.004753822467177916
0.005235752480259013
0.005391614806408214
0.004605050308825411
0.00384730028529827
0.005238605886194057
0.005035340537272026
0.005323466544371893
0.004717925002424305
0.0035510973204596562
0.004394079922533347
0.0035254355622702906
0.005325208707618617
0.004865273188823545
0.0047506426367216175
0.0042538055239919655
0.004920942104609398
0.005271477324523354
0.003780241668244384
0.004743217675098564
0.005954143884586212
0.004914148240596748
0.005246872628977615
0.0053817071994953485
0.005561983343426575
0.0029429482111815947
0.0036994202067592605
0.0030484986675475183
0.004179016062492771
0.0039045522935588217
0.0037268585821144807
0.005460630411904241
0.0047558101359774126
0.004544304669477168
0.0047558101359774126
0.005460630411904241
0.0037268585821144807
0.0039045522935588217
0.004179016062492771
0.0030484986675475183
0.0036994202067592605
0.0029429482111815947
0.005561983343426575
0.0053817071994953485
0.005246872628977615
0.004914148240596748
0.005954143884586212
0.004743217675098564
0.003780241668244384
0.005271477324523354
0.004920942104609398
0.0042538055239919655
0.0047506426367216175
0.004865273188823545
0.005325208707618617
0.0035254355622702906
0.004394079922533347
0.0035510973204596562
0.004717925002424305
0.005323466544371893
0.005035340537272026
0.005238605886194057
0.00384730028529827
0.004605050308825411
0.005391614806408214
0.005235752480259013
0.004753822467177916
0.004364678430150838
0.003958036796414671
0.004242915980548018
0.005001055969278449
0.0045423767445878305
0.004895375693091015
0.005257240553865353
0.004557411191591152
0.0035460511314891596
0.004431055052627687
0.005176919573936851
0.00496584927544709
0.004569670178933409
0.005054083374302084
0.004644886421237398
0.004233494902089178
0.004953713425252294
0.004848086940921495
0.004728345229653246
0.005475243710585909
0.0056995116301867
0.005599290293578146
0.005063079728330819
0.003257334374168576
0.00418511323812198
0.004555879714057011
0.004846520321973559
0.004135167031592477
0.004681613260635271
0.0025544943890575236
0.005330974006605519
0.004897778990065815
0.005463895239493844
0.005065935098203268
0.005617557849224122
0.004729929419106793
0.0044818575064901325
0.005206526746177997
0.004761530869959418
0.005307289227599466
0.004426070866756211
0.006573646977098118
0.005300901398520217
0.005176348603895183
0.004180465532696127
0.004315096169875554
0.004072860197742597
0.005207009702290157
0.004604902114176086
0.004791631851046222
0.004350362190371496
0.004689736051099884
0.005599174895546509
0.006084503869204404
0.004336053218358798
0.003936041886144678
0.00469365196410484
0.0039938201993201
0.004338384684370084
0.0037194277222000237
0.004369382938061333
0.004496123862075489
0.005088184090420976
0.004955196871039006
0.005278113656832542
0.005069676613884407
0.003580971255380093
0.0035859287564016205
0.004637684004220357
0.0044590146332097085
0.003916484534964515
0.003437183365198254
0.005447180601165484
0.005874785566517448
0.00655742161874835
0.0035813901166295244
0.005353383786441725
0.004383877552838035
0.005222877708859457
0.004763852043639078
0.004972912465353061
0.004952761456945324
0.004967444892801334
0.005424564882827622
0.0054420014857697475
0.0047945620804446965
0.005145758713335111
0.0049732390061722085
0.005234788901986735
0.005108658951820645
0.004591456490378949
0.005889477668377194
0.006724699214263329
0.004413828421019379
0.004970564764063204
0.004844432362006534
0.004931506747440083
0.003675769639404152
0.006310621719275006
0.003822408587289935
0.005151360584239606
0.004127766077802529
0.003933407904045263
0.005121118031872398
0.004030736076636503
0.004415348040040643
0.00429703182940773
0.005535753165441653
0.004381486822520487
0.005317120001439461
0.0046641884985824285
0.0044628992504465665
0.004858351763951183
0.004763250050752254
0.00490013929836193
0.005060927626281775
0.005330345200586824
0.004729074260889838
0.004386193340588136
0.0037729127625200343
0.002880917677253446
0.004853739024663847
0.005903327456243512
0.005326903810304405
0.004922437217699005
0.004744014920245079
0.0035543931115161916
0.003642431150116668
0.0062404085645296975
0.004202230537491913
0.006030179908561711
0.0035748219674031833
0.004751891533621135
0.004865442456967957
0.00391921912567192
0.005609594922460752
0.004714228416682884
0.0036936954451766766
0.004676805430337708
0.005017907182308834
0.004238728957195775
0.0050633297751118455
0.004008151981890249
0.0043810380119718596
0.004144833237940251
0.004756319499932747
0.004148478498358231
0.005040543070965287
0.004881559174019067
0.005334685001826633
0.004706684469043734
0.006079699858117791
0.004051128101834793
0.00384492741752332
0.005484533612808801
0.005756149895870463
0.005106862126359426
0.0035313774778404313
0.004963833565637807
0.005321865107033553
0.0035921755867616414
0.005091376722267116
0.0045850867912932145
0.0031900555061966105
0.005404649052395971
0.004638354001191058
0.004633014921275311
0.004937462819454097
0.004571390950678423
0.005801048583438882
0.0043593981065679485
0.004524892065842739
0.005312294748752948
0.004597669500362157
0.005065974407535567
0.005180005742589277
0.0037472874723577937
0.0046863231015662685
0.006001714085974474
0.004314404070067433
0.0046414927240777054
0.005148511455066844
0.005573078549959505
0.0027817533293620087
0.0060925357344056895
0.003883865579162445
0.00550274343461309
0.005310967099513975
0.006559737616665568
0.006291110109603248
0.0032504687312612545
0.006355855793230747
0.003411850160552084
0.004232523996840697
0.004727292958224991
0.005171113166353833
0.0037294885314072563
0.004707213704798047
0.004347260098402433
0.00402273301807112
0.006354606688839519
0.0038096683794637417
0.005140700048459262
0.0038548539173911055
0.005209395023682464
0.0035621846242354744
0.005500870250495856
0.004202585092126446
0.0036709039054920382
0.007504802272482067
0.00556533077656681
0.004989763687278049
0.005327950442335722
0.004321047241303349
0.005568162377584828
0.004286925474389424
0.0048176089139295875
0.003779728674286323
0.0038876689542737468
0.004096849660372929
0.003041131725415776
0.003632958510087023
0.005299087426393734
0.004389438645070394
0.005530574540322764
0.0038601180962915546
0.004850317143384755
0.005968817784869339
0.004570621298863436
0.005908582912754707
0.007089690730484837
0.005196748668593565
0.005548996785652507
0.004275890984154688
0.005453882919074788
0.004608994086181232
0.004543103493254823
0.0033815714628212807
0.0038098073561068898
0.0050962245432625486
0.00563399586788033
0.004515900642436677
0.006111961845067932
0.004988564467030086
0.004293011735098003
0.006135462299269454
0.0036687537563552908
9.981514180738916E-4
0.003964423623662394
0.0038846135398484553
0.001624460202622448
0.004133402334763657
0.006366388824636414
0.007596864638185626
0.003673302306060637
0.003185108127530875
0.0023368036105861608
0.005326837849141149
0.005179188589336956
0.002944123324210931
0.006380090459114385
0.006187834382470447
6.6135040536906E-4
0.006492787241587138
4.91884760203064E-4
0.0059236671227093024
0.004603949415753604
0.002777394450175036
0.0040451809502215635
0.002189827365710145
0.0035449386261057264
0.006032368150168359
0.00514625025557497
0.007485777884630855
0.0051359216924845765
0.002615538865128887
0.007115555753911595
9.923666018758998E-4
0.0013659108520676516
2.580259929565292E-4
0.002881404777821446
0.0044493512192461835
0.006396325976802598
1.3027576448273632E-4
0.0043380466716029
0.0014205723687137637
0.010168706003394687
0.0011016988341644221
0.004084192758501065
0.03171974138845666
0.006013674570567096
0.05371694774669255
0.03348554289478267
0.02167737724013228
0.0255963327277649
0.029380893963288975
0.042419858577545204
0.021833740142610025
0.010289401383782362
0.06202220891131018
0.058027988168507905
0.04068801331438455
0.049461897217540025
0.01097325317159631
0.0491259919300686
0.07365331293089979
0.00952479245752195
0.07596050126883358
0.06577407695154708
0.005389143896632225
0.027262297709862996
0.02062638932715048
0.015535926977425014
0.062483488977340844
0.058942700576236906
0.038951578248916895
0.01055360773745011
0.007019565868011957
0.06294942111902924
0.07410356277634818
0.06685427372702311
0.003722863517518299
0.056466009007059066
0.07097492429139227
0.026746917649984717
0.04132815965280673
0.06320365825691583
0.05798471494653976
0.0020750539201762207
0.018266406425667965
0.0040035172265191305
0.031086451173580557
0.0043806404449507315
0.004754895108056234
5.356561819925286E-5
0.042113149627647214
0.0010464469525991794
0.07484681170545342
0.015483216928912824
0.006751961064434477
0.030679500100947332
0.13040421948072362
0.01370460154147301
0.0033201358269356646
0.026828343646322948
0.09629674119125727
0.03259561316610912
0.016974632909528692
0.0655709038752248
0.09665456394485772
0.10610231475767867
0.06086551620437482
0.0050345639742592
0.03369777180179763
0.09131368502288739
0.03343889747830898
0.06476227943421707
0.10204647501835805
0.03514450295044294
4.7889340266988714E-5
0.001578376023062924
0.06516842229126957
0.056365426975703424
0.12869046595202846
2.8606375178319134E-4
0.09245179118272692
0.0718493113707442
0.03925603353487172
0.06645764987547748
0.08977357582430309
0.04389793148758429
0.1582097187505027
0.027669129701125325
0.13220918887959626
0.11636008300352588
0.06567152238511693
0.36539263792479726
0.27456158360544003
0.10246741963611063
0.3333286060791977
0.24005878692493
0.5814692909008938
0.6112774545481999
0.6994834397126859
0.7526595636661819
0.27288256943736244
0.09539457927874707
0.15375515230385578
0.26103157316839715
0.24619752792037006
0.149925997878781
0.2768334814956448
0.3880229973063483
0.039838954482731816
0.24521782494553135
0.062010827150598725
0.07858217669301956
0.5265668312629347
0.3000975697202366
0.7858465549291982
0.07801699201215476
0.11041371686708418
0.008586459109763269
0.794176340114219
0.08926364207050229
0.42284801408430406
1.0
0.16400836853346953
0.8205440662588946
0.2836132673827598
0.3230014736609999
0.19528469364014925
0.17764653808371342
0.2851300361833529
0.19194056597393822
0.31680045455326444
0.05795184482477817
0.03947864918225388
0.03850988524531119
0.03805882916097936
0.037963454799864765
0.03803182408201736
0.07513492592949099
0.04790763461084484
0.02504383594523033
0.018058562608911873
0.01997897129070017
0.015098719964375151
