-1.0198582567899674
1.0
0.9412130658522563
0.8458291474762515
0.7176296546466281
0.5616931133775248
0.38419036709850585
0.1921359773724426
0.006893991351089946
0.205066255650661
0.39460423549772444
0.5680988177352515
0.7188033262339644
0.8409007491498298
0.9297324505882856
0.9819792123829876
0.9957874427446185
0.9708356679442689
0.9083388948836169
0.8109909925908603
0.6828477823039887
0.5291559430523168
0.35613503243344014
0.17072180043917687
0.019712538770797094
0.20766037594870423
0.38577887029408664
0.5471819264324862
0.6857111777044173
0.7961751275656715
0.8745470012305181
0.9181136395248685
0.9255698488805645
0.8970549160232228
0.8341304054994327
0.7397007810588734
0.6178807266891431
0.47381519305763053
0.31346007219533517
0.14333293175688397
0.029755640152463483
0.19897886018498495
0.3577673313637076
0.5000682500790543
0.6205798493992022
0.7149518542170338
0.779944256852383
0.8135385542543997
0.8149976390094816
0.7848727168228452
0.7249578395365717
0.6381948013082274
0.5285331562475728
0.40075189605159195
0.26025080438973797
0.11282062323171614
0.03559811661676682
0.17915745669226976
0.3123355585513274
0.4301519892434476
0.5283562393884299
0.6035822525032197
0.6534633079185133
0.6767033717465744
0.6731029317587882
0.6435392793734728
0.5899031113959846
0.5149951149669083
0.4223877971917548
0.31625916163909795
0.20120586508684365
0.08204417169536941
0.03639266394545478
0.14945201443097758
0.25284635293971697
0.34281720147551814
0.4162722348935576
0.4708905289234003
0.5051924309292432
0.5185721370994516
0.5112927067727661
0.48444486104399004
0.43987242892832246
0.3800686564217139
0.30804872663276067
0.22720470853723204
0.14114972621126567
0.05355840179865133
0.03198942959779388
0.11215509586964487
0.18397156039511842
0.24495288573055402
0.29317867211611537
0.3273506894607098
0.34682024347947243
0.3515861640225414
0.3422646151260251
0.3200331438369474
0.28655245601050544
0.24387028759395393
0.19431239473149703
0.14036609183386228
0.08456191201273573
0.029358849671967353
0.02296171681645433
0.07038890986353143
0.11125830796171064
0.14430815905652236
0.16871406548153223
0.18410143068863033
0.19053603364439647
0.18849412076233193
0.1788143307404958
0.162634553605973
0.14131743815558828
0.11636867735312718
0.08935240458665089
0.06180802093075742
0.035172551031396604
0.010712209158274043
0.010533727511502212
0.02779436153552882
0.0405923744007541
0.04875229526371602
0.052392035384010625
0.05189873463167751
0.04789074254667309
0.04116822161506913
0.03265538406283752
0.023337732426940174
0.014197853822828609
0.006153312638889863
1.6175287407747105E-17
0.003636056723113638
0.004335924172746863
0.0019121563080700037
0.0035808153391004454
0.011850699808047403
0.02238540679462186
0.03448403843879303
0.04729902405084024
0.059887029311067756
0.07126581889193041
0.08047394767386847
0.08663001485306993
0.088988243153499
0.0869873395142865
0.08028994325827805
0.0688104544600632
0.05272963395634167
0.03249504672169548
0.008807147850164752
0.01740845133958312
0.04504128736018681
0.07284701834214051
0.0995066101341487
0.12369084157917819
0.1441269428807727
0.1596640452648144
0.16933414841790245
0.17240550317998155
0.16842565150078825
0.1572518471049237
0.13906717539858685
0.11438137116681847
0.0840160647536687
0.049074936404585094
0.010899988213338282
0.02898418146284109
0.06893562766550525
0.10726688567319692
0.1423200926066038
0.1725419400284925
0.19655497540673011
0.21322191606325389
0.2216999424290213
0.22148238394774472
0.21242577994497489
0.19476096257701261
0.16908753849067945
0.13635190595600288
0.09780969949230144
0.05497426919806674
0.009553443865125215
0.03662263424437964
0.08167940422356658
0.12377804814075292
0.16119435130684623
0.19239275097257888
0.2160922813684915
0.23132149084230713
0.2374599070114629
0.2342642348871087
0.221878162460062
0.20082538630222505
0.17198622228145904
0.1365588989806315
0.09600731044082092
0.05199759966915581
0.006326428294757816
0.0391558605599045
0.08262377483947289
0.12235344154733496
0.15679425816612885
0.18463233393595535
0.20484302319341222
0.21673036678936478
0.2199518648909585
0.21452767658633934
0.20083404728740645
0.17958147137149286
0.15177877251298047
0.11868489721457011
0.08175074082736077
0.04255373694675288
0.002728223029606333
0.03610526386235219
0.07240861173144701
0.10478967701944265
0.13205802724391388
0.15327056527966024
0.1677652187737729
0.1751814539228267
0.17546699543666178
0.16887077438693096
0.15592275282206874
0.13740185957814716
0.11429378905180185
0.08774084084153452
0.05898629474768421
0.029316009720473934
0.0
0.027763323840316524
0.05289775152843112
0.07449251378987524
0.09183637433578168
0.10444125744671044
0.1120546246358196
0.11466036893565734
0.11246854924994112
0.10589481338807688
0.09553083205487918
0.08210746532485158
0.06645269005214237
0.04944651806747841
0.031975223029835485
0.014887166204844109
0.0010476283274911116
0.015172241612161982
0.026970396082768768
0.036085589472919115
0.042331110157369546
0.04569069906357295
0.046310107137472224
0.0444802594658898
0.0406131547375219
0.03521198145425413
0.028837203351011868
0.022070543285103834
0.015478869705062214
0.009579960179262529
0.004811985092324587
0.0015083293166272959
1.2093710269475004E-4
8.087643703873552E-18
0.00180986814782275
0.005115668843254416
0.009605868799383611
0.01487064085933212
0.02042799669771658
0.02575433871334983
0.030317722038680363
0.033611971190793025
0.03518974685787728
0.03469270899833849
0.031877070128278485
0.026633069793653506
0.018997215669061113
0.009156512507471157
0.002555681792162632
0.015672094640081003
0.029611755518881053
0.0437070604749758
0.05723638399878633
0.06946063172547716
0.07966190048839161
0.0871822765700255
0.09146076589628731
0.0920664139058155
0.08872583538308722
0.08134362826047736
0.07001447831532127
0.05502615789142921
0.036853062142518954
0.01614038944191699
0.0063204640851732535
0.029624285214257435
0.05279079236459858
0.07480801298494971
0.09467829853305197
0.11146482802377546
0.12433639517423663
0.13260832377227327
0.1357775094760972
0.13354983723871752
0.12585856064414513
0.1128726371569497
0.09499447267632054
0.07284701834214051
0.047250659215261934
0.019190814755700867
0.010222387863576146
0.03980062569138618
0.06832803289886974
0.09461374113561982
0.11754394802094541
0.13613115748891327
0.1495583479146432
0.1572160405135153
0.15873055169588599
0.15398210468859277
0.14311192981659876
0.1265179784388056
0.10483938975034186
0.07893035870910672
0.04982453365541523
0.01869150154392831
0.01321272275198866
0.044599015413771724
0.07419991190476201
0.10082340167398533
0.12340337322120233
0.14104448814014986
0.15305951820204958
0.15899752368355466
0.1586616678835108
0.15211593269474316
0.13968050138545
0.12191608421463936
0.09959795669186529
0.07368093654575068
0.045256923014388696
0.015506942976053345
0.014350121575428754
0.04310982110561782
0.06963311455701113
0.09289379053998054
0.11202027539974314
0.12633004706065654
0.13535522934123853
0.13885835862771959
0.13683777347435241
0.1295225561799356
0.11735743125166254
0.10097847681546297
0.08118091073777775
0.058880555090833446
0.03507084540751481
0.010777423592646355
0.012987571577835106
0.03526942702369904
0.05521102344094995
0.07208749332827241
0.0853339043491251
0.09456485850625859
0.09958529909538298
0.10039224556259738
0.09716761043663609
0.09026267162444722
0.08017515769119626
0.0675202353447196
0.05299695201392168
0.03735187041396986
0.021341728584330217
0.005696964653280945
0.008912138438492227
0.02190510143597077
0.03281534702436042
0.04130770966148372
0.04718867013164834
0.050409007341181464
0.051058948139996306
0.049356273704540585
0.04562818957592932
0.040288068768862664
0.03380841887055707
0.02669159331646324
0.019439856347866154
0.01252641687256511
0.006368969124253728
0.0013071223675981357
0.002415123459289477
0.004660982272926491
0.00540601840681112
0.004736618626862106
0.0028419622043859487
0.0
0.0034417268161257334
0.007089323109882778
0.010528510215007851
0.013351863744355789
0.01518578369568487
0.015715674195540437
0.014707902813828251
0.012027277415450087
0.0076490134466717305
0.00166445443205441
0.005719861473935927
0.014189842603881246
0.023337887543632255
0.03268268085709334
0.04169377526662659
0.04981972713663779
0.056518345620727835
0.06128748149649806
0.063694726944653
0.06340442579359747
0.06020050436582825
0.054003821216603166
0.044882991025631626
0.03305795146674813
0.018895896903787172
0.0028995819276742153
0.014311617593488412
0.03202712721258398
0.049475982702885564
0.06586163770408515
0.08039915751745859
0.09235303691734491
0.10107381464018378
0.10603168041073134
0.1068453818646811
0.10330493412261058
0.09538690553959744
0.08326138704402788
0.06729013407093877
0.048015781533973116
0.026142454117458205
0.0025085062929096867
0.021947490941932046
0.046226065099455635
0.069309737506104
0.09020758531467886
0.10799945241075451
0.1218777806761549
0.13118511721470527
0.13544552899426934
0.13438841639092838
0.12796354978272143
0.11634654357718047
0.09993441201085787
0.07933130090192454
0.05532493840056224
0.028854774740690373
9.731660561051438E-4
0.02719871763199209
0.054518330498300745
0.07987044295769777
0.10221492837056008
0.12063151652196223
0.134359514849583
0.14283071900355016
0.14569403668428108
0.14283071900355016
0.134359514849583
0.12063151652196223
0.10221492837056008
0.07987044295769777
0.054518330498300745
0.02719871763199209
9.731660561051438E-4
0.028854774740690373
0.05532493840056224
0.07933130090192454
0.09993441201085787
0.11634654357718047
0.12796354978272143
0.13438841639092838
0.13544552899426934
0.13118511721470527
0.1218777806761549
0.10799945241075451
0.09020758531467886
0.069309737506104
0.046226065099455635
0.021947490941932046
0.0025085062929096867
0.026142454117458205
0.048015781533973116
0.06729013407093877
0.08326138704402788
0.09538690553959744
0.10330493412261058
0.1068453818646811
0.10603168041073134
0.10107381464018378
0.09235303691734491
0.08039915751745859
0.06586163770408515
0.049475982702885564
0.03202712721258398
0.014311617593488412
0.0028995819276742153
0.018895896903787172
0.03305795146674813
0.044882991025631626
0.054003821216603166
0.06020050436582825
0.06340442579359747
0.063694726944653
0.06128748149649806
0.056518345620727835
0.04981972713663779
0.04169377526662659
0.03268268085709334
0.023337887543632255
0.014189842603881246
0.005719861473935927
0.00166445443205441
0.0076490134466717305
0.012027277415450087
0.014707902813828251
0.015715674195540437
0.01518578369568487
0.013351863744355789
0.010528510215007851
0.007089323109882778
0.0034417268161257334
0.0
0.0028419622043859487
0.004736618626862106
0.00540601840681112
0.004660982272926491
0.002415123459289477
0.0013071223675981357
0.006368969124253728
0.01252641687256511
0.019439856347866154
0.02669159331646324
0.03380841887055707
0.040288068768862664
0.04562818957592932
0.049356273704540585
0.051058948139996306
0.050409007341181464
0.04718867013164834
0.04130770966148372
0.03281534702436042
0.02190510143597077
0.008912138438492227
0.005696964653280945
0.021341728584330217
0.03735187041396986
0.05299695201392168
0.0675202353447196
0.08017515769119626
0.09026267162444722
0.09716761043663609
0.10039224556259738
0.09958529909538298
0.09456485850625859
0.0853339043491251
0.07208749332827241
0.05521102344094995
0.03526942702369904
0.012987571577835106
0.010777423592646355
0.03507084540751481
0.058880555090833446
0.08118091073777775
0.10097847681546297
0.11735743125166254
0.1295225561799356
0.13683777347435241
0.13885835862771959
0.13535522934123853
0.12633004706065654
0.11202027539974314
0.09289379053998054
0.06963311455701113
0.04310982110561782
0.014350121575428754
0.015506942976053345
0.045256923014388696
0.07368093654575068
0.09959795669186529
0.12191608421463936
0.13968050138545
0.15211593269474316
0.1586616678835108
0.15899752368355466
0.15305951820204958
0.14104448814014986
0.12340337322120233
0.10082340167398533
0.07419991190476201
0.044599015413771724
0.01321272275198866
0.01869150154392831
0.04982453365541523
0.07893035870910672
0.10483938975034186
0.1265179784388056
0.14311192981659876
0.15398210468859277
0.15873055169588599
0.1572160405135153
0.1495583479146432
0.13613115748891327
0.11754394802094541
0.09461374113561982
0.06832803289886974
0.03980062569138618
0.010222387863576146
0.019190814755700867
0.047250659215261934
0.07284701834214051
0.09499447267632054
0.1128726371569497
0.12585856064414513
0.13354983723871752
0.1357775094760972
0.13260832377227327
0.12433639517423663
0.11146482802377546
0.09467829853305197
0.07480801298494971
0.05279079236459858
0.029624285214257435
0.0063204640851732535
0.01614038944191699
0.036853062142518954
0.05502615789142921
0.07001447831532127
0.08134362826047736
0.08872583538308722
0.0920664139058155
0.09146076589628731
0.0871822765700255
0.07966190048839161
0.06946063172547716
0.05723638399878633
0.0437070604749758
0.029611755518881053
0.015672094640081003
0.002555681792162632
0.009156512507471157
0.018997215669061113
0.026633069793653506
0.031877070128278485
0.03469270899833849
0.03518974685787728
0.033611971190793025
0.030317722038680363
0.02575433871334983
0.02042799669771658
0.01487064085933212
0.009605868799383611
0.005115668843254416
0.00180986814782275
8.087643703873552E-18
1.2093710269475004E-4
0.0015083293166272959
0.004811985092324587
0.009579960179262529
0.015478869705062214
0.022070543285103834
0.028837203351011868
0.03521198145425413
0.0406131547375219
0.0444802594658898
0.046310107137472224
0.04569069906357295
0.042331110157369546
0.036085589472919115
0.026970396082768768
0.015172241612161982
0.0010476283274911116
0.014887166204844109
0.031975223029835485
0.04944651806747841
0.06645269005214237
0.08210746532485158
0.09553083205487918
0.10589481338807688
0.11246854924994112
0.11466036893565734
0.1120546246358196
0.10444125744671044
0.09183637433578168
0.07449251378987524
0.05289775152843112
0.027763323840316524
0.0
0.029316009720473934
0.05898629474768421
0.08774084084153452
0.11429378905180185
0.13740185957814716
0.15592275282206874
0.16887077438693096
0.17546699543666178
0.1751814539228267
0.1677652187737729
0.15327056527966024
0.13205802724391388
0.10478967701944265
0.07240861173144701
0.03610526386235219
0.002728223029606333
0.04255373694675288
0.08175074082736077
0.11868489721457011
0.15177877251298047
0.17958147137149286
0.20083404728740645
0.21452767658633934
0.2199518648909585
0.21673036678936478
0.20484302319341222
0.18463233393595535
0.15679425816612885
0.12235344154733496
0.08262377483947289
0.0391558605599045
0.006326428294757816
0.05199759966915581
0.09600731044082092
0.1365588989806315
0.17198622228145904
0.20082538630222505
0.221878162460062
0.2342642348871087
0.2374599070114629
0.23132149084230713
0.2160922813684915
0.19239275097257888
0.16119435130684623
0.12377804814075292
0.08167940422356658
0.03662263424437964
0.009553443865125215
0.05497426919806674
0.09780969949230144
0.13635190595600288
0.16908753849067945
0.19476096257701261
0.21242577994497489
0.22148238394774472
0.2216999424290213
0.21322191606325389
0.19655497540673011
0.1725419400284925
0.1423200926066038
0.10726688567319692
0.06893562766550525
0.02898418146284109
0.010899988213338282
0.049074936404585094
0.0840160647536687
0.11438137116681847
0.13906717539858685
0.1572518471049237
0.16842565150078825
0.17240550317998155
0.16933414841790245
0.1596640452648144
0.1441269428807727
0.12369084157917819
0.0995066101341487
0.07284701834214051
0.04504128736018681
0.01740845133958312
0.008807147850164752
0.03249504672169548
0.05272963395634167
0.0688104544600632
0.08028994325827805
0.0869873395142865
0.088988243153499
0.08663001485306993
0.08047394767386847
0.07126581889193041
0.059887029311067756
0.04729902405084024
0.03448403843879303
0.02238540679462186
0.011850699808047403
0.0035808153391004454
0.0019121563080700037
0.004335924172746863
0.003636056723113638
1.6175287407747105E-17
0.006153312638889863
0.014197853822828609
0.023337732426940174
0.03265538406283752
0.04116822161506913
0.04789074254667309
0.05189873463167751
0.052392035384010625
0.04875229526371602
0.0405923744007541
0.02779436153552882
0.010533727511502212
0.010712209158274043
0.035172551031396604
0.06180802093075742
0.08935240458665089
0.11636867735312718
0.14131743815558828
0.162634553605973
0.1788143307404958
0.18849412076233193
0.19053603364439647
0.18410143068863033
0.16871406548153223
0.14430815905652236
0.11125830796171064
0.07038890986353143
0.02296171681645433
0.029358849671967353
0.08456191201273573
0.14036609183386228
0.19431239473149703
0.24387028759395393
0.28655245601050544
0.3200331438369474
0.3422646151260251
0.3515861640225414
0.34682024347947243
0.3273506894607098
0.29317867211611537
0.24495288573055402
0.18397156039511842
0.11215509586964487
0.03198942959779388
0.05355840179865133
0.14114972621126567
0.22720470853723204
0.30804872663276067
0.3800686564217139
0.43987242892832246
0.48444486104399004
0.5112927067727661
0.5185721370994516
0.5051924309292432
0.4708905289234003
0.4162722348935576
0.34281720147551814
0.25284635293971697
0.14945201443097758
0.03639266394545478
0.08204417169536941
0.20120586508684365
0.31625916163909795
0.4223877971917548
0.5149951149669083
0.5899031113959846
0.6435392793734728
0.6731029317587882
0.6767033717465744
0.6534633079185133
0.6035822525032197
0.5283562393884299
0.4301519892434476
0.3123355585513274
0.17915745669226976
0.03559811661676682
0.11282062323171614
0.26025080438973797
0.40075189605159195
0.5285331562475728
0.6381948013082274
0.7249578395365717
0.7848727168228452
0.8149976390094816
0.8135385542543997
0.779944256852383
0.7149518542170338
0.6205798493992022
0.5000682500790543
0.3577673313637076
0.19897886018498495
0.029755640152463483
0.14333293175688397
0.31346007219533517
0.47381519305763053
0.6178807266891431
0.7397007810588734
0.8341304054994327
0.8970549160232228
0.9255698488805645
0.9181136395248685
0.8745470012305181
0.7961751275656715
0.6857111777044173
0.5471819264324862
0.38577887029408664
0.20766037594870423
0.019712538770797094
0.17072180043917687
0.35613503243344014
0.5291559430523168
0.6828477823039887
0.8109909925908603
0.9083388948836169
0.9708356679442689
0.9957874427446185
0.9819792123829876
0.9297324505882856
0.8409007491498298
0.7188033262339644
0.5680988177352515
0.39460423549772444
0.205066255650661
0.006893991351089946
0.1921359773724426
0.38419036709850585
0.5616931133775248
0.7176296546466281
0.8458291474762515
0.9412130658522563
1.0
