-0.7808662105302365
0.9339331998450305
1.0
0.7663695412709493
0.7244509754587739
0.8630484697980922
0.6976945646777116
0.46388824379406635
0.5408743425875226
0.5224372553591601
0.21891702715283679
0.12714495374926563
0.2129997851549817
6.490840558341608E-4
0.25686774042340843
0.19211024836562093
0.22580463417045382
0.5252781138261831
0.5906002819687313
0.4799812667128291
0.6633969116160536
0.8643242165018152
0.7369830812815618
0.714265931548243
0.9419289790552935
0.9191357322245338
0.7290161157665559
0.8341758952206206
0.9398515818230121
0.7193958123264976
0.6186207828026694
0.7616635263480335
0.648040297755775
0.38557804686532304
0.4282730582220606
0.4634450628362726
0.18382981237322893
0.046523693924239155
0.15301333213125246
0.003440906626057692
0.2708694251713961
0.22659275060563272
0.19471084633632732
0.4635423004393022
0.5668963018167535
0.42732178072793453
0.5440548296797825
0.763670262247458
0.6555613670809446
0.5692309593160515
0.774279243976299
0.79725463635641
0.5855798334094401
0.6372763671511823
0.7775714616784657
0.5898205830905789
0.44138430456347627
0.5825219098360868
0.5334437435093456
0.2662821877060025
0.27630639823785613
0.36726488197123275
0.13678564446638705
0.03147237676905741
0.09203548860941671
0.021397401740431622
0.24740039270248607
0.22391311996612345
0.12639045065992574
0.3429812332417018
0.47553826075901884
0.3166564010839287
0.3581225865846909
0.5808759527479245
0.5011175038386135
0.3592221043042617
0.5287594248732583
0.5984137244814485
0.3836963695167771
0.38134863232226507
0.5493566777133634
0.41162798071309814
0.22997220909573607
0.3622822409277508
0.3846556376033035
0.13549829517323614
0.11486075984949277
0.257283063050736
0.09481313901236882
0.09058516007984022
0.04177662743579601
0.05563734504874283
0.18807030986976947
0.18784093332296292
0.03312871085963702
0.18334393477592656
0.3376170611758152
0.17378638556238285
0.1399660651221772
0.35278876693420563
0.3107564091576081
0.12735572494806585
0.25256804209404815
0.3673651847292842
0.1688206132719566
0.115780888321802
0.30199465050555246
0.22684814160328942
0.027277779440855673
0.14243236331678288
0.2354143968512416
0.022746176036642925
0.027533932352803422
0.1547074298069779
0.07034925676285364
0.12105404664432293
0.007312146788556076
0.10096202690340463
0.10393936111186163
0.13162807469512963
0.06389870345581163
0.01415727928294291
0.18422518604139307
0.032967508608905204
0.06823469518066243
0.12425629491185512
0.12800588445695696
0.07884072576115904
0.0030806568827583306
0.15190707386884184
0.013054780146974273
0.11082787683788287
0.0811436864802796
0.0744869640766649
0.12883524472913796
0.04072317588608629
0.1137045471313074
0.05004983719451898
0.1303371584848972
0.07346662763804009
0.06784162189015146
0.12171359816020874
0.013542223473589257
0.14582125234073842
0.012705189857369684
0.07395228842936834
0.14029187837364337
0.13250773170353333
0.048244968387413184
0.0722912012848392
0.226907083313437
0.06299879466378602
0.008579700225276777
0.21934243386286972
0.19521655263255913
0.009051566630249008
0.12698116436476217
0.26207932140751666
0.07936620776972529
0.019063882976066468
0.2143068742554056
0.16389341306763286
0.03544894344051193
0.07344825419588766
0.18476300844818197
0.017977921499440386
0.08326721420763443
0.09919227979267267
0.028173173742149303
0.17601912618215526
0.066347848783877
0.032984006340087524
0.175494423806763
0.23027320601673792
0.04443559137423007
0.11841955762505176
0.3089554180931454
0.18050538644975372
0.07527994923826603
0.27143350358788565
0.2988502493969795
0.09452632668677358
0.1572897230287303
0.3215152121255344
0.1644001784869915
0.04559726462645602
0.22348030279622158
0.22051141948239353
0.0021883196907412357
0.05148754528782508
0.1939007725287407
0.0158586305071466
0.10649053130331301
0.06468360808608035
0.04528293974147371
0.1796162363303007
0.11804321441659682
0.020458633303511484
0.15910421483205886
0.2652911652129995
0.08171232466760722
0.09828729734302112
0.30630138529839435
0.21937068898969586
0.0687850596257846
0.2347334736837493
0.31162724406816855
0.10522768644886395
0.11034582478357977
0.29478404538626735
0.17893653155614878
0.015357517421342629
0.16856405037508554
0.2196846073117475
0.0030276795472887657
0.001134128980921928
0.1695746254359837
0.03713811777171782
0.12544778185447225
0.029559522507758996
0.07065739207669068
0.15133160102919907
0.13578963885370085
0.03770506382854329
0.09440959325521259
0.2396196434254604
0.06803289849699035
0.023071436156274827
0.2312437704748691
0.19109376765571745
0.00597836644566451
0.13014436842170607
0.25231523899839825
0.0612478909476613
0.011288869000967944
0.20595936526276912
0.14402907049096
0.047710143169971755
0.07449963237635052
0.18114852118661318
0.01985545777897058
0.0644960450766684
0.12728325466919288
0.055358570455182964
0.13059175810118173
0.0014339969924580386
0.1041817953914858
0.09487468574995342
0.1233325246837701
0.07500673245014826
0.00207072102811622
0.1700749467878483
0.02229273637738001
0.08110942147857648
0.11227357747579168
0.12274874396031066
0.08190593141193762
0.0068413826571435965
0.15380270198761956
0.005405006689856446
0.10406345663157648
0.08937937730088044
0.08884636802086483
0.11403208058907459
0.028959846410352756
0.12807369120790857
0.03395533306054369
0.1196284451484846
0.08102285968846624
0.07644524637545749
0.11803566396395192
0.01794257703218422
0.13924388898704476
0.022310475649582624
0.09313966397659282
0.11462255219916245
0.10504894080491783
0.08285354789498141
0.028528364788319983
0.18084331571994514
0.014408940240713663
0.04805226918387081
0.15895718043749513
0.13643768349917096
0.05281782607106585
0.06106154500027681
0.19964847432530822
0.020438001246634387
0.04134127182474908
0.15726351174786185
0.1154970373552145
0.08003472503682527
0.031880778623059824
0.1534951815784206
0.03964617043263943
0.10072696506686431
0.09037354857578157
0.032282904279735694
0.16480439456280543
0.04943935645150974
0.06189163216910829
0.13660155254826598
0.1876747632589964
0.005516878763290083
0.05807260965984169
0.24511850513248692
0.115179001703457
0.002990197827850219
0.19521655263255913
0.22545158452831046
0.020568681162795206
0.08036395557361968
0.24888030646304451
0.09785670687646787
0.020327175327633427
0.16134323983830517
0.16845118842605802
0.04818231717703396
0.008887225051005082
0.16142006534923703
0.005731560462101144
0.12341381671875287
0.05502979649069327
0.048113397102051994
0.16944414716048398
0.10386247878409183
0.044533274183495376
0.12557421235570232
0.22932880465458697
0.04123414379390974
0.049000681941426524
0.2541985911111472
0.16806755596612727
0.012790081107517072
0.1751537592016504
0.25566170334505683
0.05065443014346721
0.05310102133023566
0.24096630825649826
0.13169462225069875
0.031133259286654884
0.12387459253914124
0.1834617812179409
0.0337900861137243
0.030859278598443837
0.1465441825477485
0.02301533259838052
0.137190243711624
0.020889676303186215
0.07096553201331982
0.1459516417714997
0.13014432896257733
0.04887152275220744
0.07631500870319775
0.22160011175281755
0.04947319336300656
0.0015052697410045364
0.2050492253022677
0.16801869579746073
0.019294038276149506
0.1015800980173432
0.22741436107077262
0.03896542673544523
0.01390903823279218
0.18225046585862031
0.12601837638348962
0.0657987545500127
0.0551883149919868
0.16719218360942295
0.030186971430947555
0.07697930845225481
0.11691141862574025
0.05069542793937579
0.13578125024988197
0.005427433620543638
0.10193676400805293
0.09475977806354641
0.12666255213812558
0.07258539924413919
0.003809669349812032
0.17055571099308017
0.02581964905483017
0.08084787040191506
0.11171934049940074
0.12687725443199152
0.07783625079462411
0.006015281456650128
0.15763701211622747
0.0017172806576980758
0.10016150172050506
0.0925516008351105
0.09636607455019892
0.10734065374571587
0.026218387149329194
0.13300895624982567
0.027015792129689145
0.1172560242807799
0.08151048929010853
0.0798817842731011
0.1170312724360033
0.022182532090850356
0.13603686124281322
0.024877856517514542
0.10141872146127152
0.10376470614505111
0.09644672476578607
0.09453489066631328
0.011489542199622288
0.16503507006267096
6.042699961410342E-4
0.06826128176702485
0.1372173186248988
0.11804036145233958
0.07314025169645898
0.037042773668716666
0.17874550050665464
0.0020639951050679026
0.06294888003808799
0.1364326886124042
0.10013737339210113
0.09534287260118185
0.015113886756861039
0.1420264815280541
0.04682542216382199
0.1094123109647498
0.08425796212676469
0.0329799591156629
0.16310148348011802
0.04820441755631398
0.06914106747750133
0.12494191435713123
0.17756481160628415
0.018098839883363957
0.0393111866530411
0.22639547129867876
0.09792784695390137
0.01902022403207671
0.17056912448055261
0.20416968680812742
0.0014460208774459088
0.054284360250751396
0.2251573097169142
0.0776661255355413
0.04318140572955883
0.1382188843914066
0.15083973263106895
0.06469687316617997
0.009726813632379767
0.147077720667693
0.01511391125299931
0.13419398402602795
0.04532029448464749
0.04485724275075167
0.17111256511905626
0.10711072786567635
0.045926728331432916
0.11939469978450448
0.22489307512969706
0.03599932112219409
0.03796293357383033
0.24260138763743705
0.1589568197867585
0.0
0.1589568197867585
0.24260138763743705
0.03796293357383033
0.03599932112219409
0.22489307512969706
0.11939469978450448
0.045926728331432916
0.10711072786567635
0.17111256511905626
0.04485724275075167
0.04532029448464749
0.13419398402602795
0.01511391125299931
0.147077720667693
0.009726813632379767
0.06469687316617997
0.15083973263106895
0.1382188843914066
0.04318140572955883
0.0776661255355413
0.2251573097169142
0.054284360250751396
0.0014460208774459088
0.20416968680812742
0.17056912448055261
0.01902022403207671
0.09792784695390137
0.22639547129867876
0.0393111866530411
0.018098839883363957
0.17756481160628415
0.12494191435713123
0.06914106747750133
0.04820441755631398
0.16310148348011802
0.0329799591156629
0.08425796212676469
0.1094123109647498
0.04682542216382199
0.1420264815280541
0.015113886756861039
0.09534287260118185
0.10013737339210113
0.1364326886124042
0.06294888003808799
0.0020639951050679026
0.17874550050665464
0.037042773668716666
0.07314025169645898
0.11804036145233958
0.1372173186248988
0.06826128176702485
6.042699961410342E-4
0.16503507006267096
0.011489542199622288
0.09453489066631328
0.09644672476578607
0.10376470614505111
0.10141872146127152
0.024877856517514542
0.13603686124281322
0.022182532090850356
0.1170312724360033
0.0798817842731011
0.08151048929010853
0.1172560242807799
0.027015792129689145
0.13300895624982567
0.026218387149329194
0.10734065374571587
0.09636607455019892
0.0925516008351105
0.10016150172050506
0.0017172806576980758
0.15763701211622747
0.006015281456650128
0.07783625079462411
0.12687725443199152
0.11171934049940074
0.08084787040191506
0.02581964905483017
0.17055571099308017
0.003809669349812032
0.07258539924413919
0.12666255213812558
0.09475977806354641
0.10193676400805293
0.005427433620543638
0.13578125024988197
0.05069542793937579
0.11691141862574025
0.07697930845225481
0.030186971430947555
0.16719218360942295
0.0551883149919868
0.0657987545500127
0.12601837638348962
0.18225046585862031
0.01390903823279218
0.03896542673544523
0.22741436107077262
0.1015800980173432
0.019294038276149506
0.16801869579746073
0.2050492253022677
0.0015052697410045364
0.04947319336300656
0.22160011175281755
0.07631500870319775
0.04887152275220744
0.13014432896257733
0.1459516417714997
0.07096553201331982
0.020889676303186215
0.137190243711624
0.02301533259838052
0.1465441825477485
0.030859278598443837
0.0337900861137243
0.1834617812179409
0.12387459253914124
0.031133259286654884
0.13169462225069875
0.24096630825649826
0.05310102133023566
0.05065443014346721
0.25566170334505683
0.1751537592016504
0.012790081107517072
0.16806755596612727
0.2541985911111472
0.049000681941426524
0.04123414379390974
0.22932880465458697
0.12557421235570232
0.044533274183495376
0.10386247878409183
0.16944414716048398
0.048113397102051994
0.05502979649069327
0.12341381671875287
0.005731560462101144
0.16142006534923703
0.008887225051005082
0.04818231717703396
0.16845118842605802
0.16134323983830517
0.020327175327633427
0.09785670687646787
0.24888030646304451
0.08036395557361968
0.020568681162795206
0.22545158452831046
0.19521655263255913
0.002990197827850219
0.115179001703457
0.24511850513248692
0.05807260965984169
0.005516878763290083
0.1876747632589964
0.13660155254826598
0.06189163216910829
0.04943935645150974
0.16480439456280543
0.032282904279735694
0.09037354857578157
0.10072696506686431
0.03964617043263943
0.1534951815784206
0.031880778623059824
0.08003472503682527
0.1154970373552145
0.15726351174786185
0.04134127182474908
0.020438001246634387
0.19964847432530822
0.06106154500027681
0.05281782607106585
0.13643768349917096
0.15895718043749513
0.04805226918387081
0.014408940240713663
0.18084331571994514
0.028528364788319983
0.08285354789498141
0.10504894080491783
0.11462255219916245
0.09313966397659282
0.022310475649582624
0.13924388898704476
0.01794257703218422
0.11803566396395192
0.07644524637545749
0.08102285968846624
0.1196284451484846
0.03395533306054369
0.12807369120790857
0.028959846410352756
0.11403208058907459
0.08884636802086483
0.08937937730088044
0.10406345663157648
0.005405006689856446
0.15380270198761956
0.0068413826571435965
0.08190593141193762
0.12274874396031066
0.11227357747579168
0.08110942147857648
0.02229273637738001
0.1700749467878483
0.00207072102811622
0.07500673245014826
0.1233325246837701
0.09487468574995342
0.1041817953914858
0.0014339969924580386
0.13059175810118173
0.055358570455182964
0.12728325466919288
0.0644960450766684
0.01985545777897058
0.18114852118661318
0.07449963237635052
0.047710143169971755
0.14402907049096
0.20595936526276912
0.011288869000967944
0.0612478909476613
0.25231523899839825
0.13014436842170607
0.00597836644566451
0.19109376765571745
0.2312437704748691
0.023071436156274827
0.06803289849699035
0.2396196434254604
0.09440959325521259
0.03770506382854329
0.13578963885370085
0.15133160102919907
0.07065739207669068
0.029559522507758996
0.12544778185447225
0.03713811777171782
0.1695746254359837
0.001134128980921928
0.0030276795472887657
0.2196846073117475
0.16856405037508554
0.015357517421342629
0.17893653155614878
0.29478404538626735
0.11034582478357977
0.10522768644886395
0.31162724406816855
0.2347334736837493
0.0687850596257846
0.21937068898969586
0.30630138529839435
0.09828729734302112
0.08171232466760722
0.2652911652129995
0.15910421483205886
0.020458633303511484
0.11804321441659682
0.1796162363303007
0.04528293974147371
0.06468360808608035
0.10649053130331301
0.0158586305071466
0.1939007725287407
0.05148754528782508
0.0021883196907412357
0.22051141948239353
0.22348030279622158
0.04559726462645602
0.1644001784869915
0.3215152121255344
0.1572897230287303
0.09452632668677358
0.2988502493969795
0.27143350358788565
0.07527994923826603
0.18050538644975372
0.3089554180931454
0.11841955762505176
0.04443559137423007
0.23027320601673792
0.175494423806763
0.032984006340087524
0.066347848783877
0.17601912618215526
0.028173173742149303
0.09919227979267267
0.08326721420763443
0.017977921499440386
0.18476300844818197
0.07344825419588766
0.03544894344051193
0.16389341306763286
0.2143068742554056
0.019063882976066468
0.07936620776972529
0.26207932140751666
0.12698116436476217
0.009051566630249008
0.19521655263255913
0.21934243386286972
0.008579700225276777
0.06299879466378602
0.226907083313437
0.0722912012848392
0.048244968387413184
0.13250773170353333
0.14029187837364337
0.07395228842936834
0.012705189857369684
0.14582125234073842
0.013542223473589257
0.12171359816020874
0.06784162189015146
0.07346662763804009
0.1303371584848972
0.05004983719451898
0.1137045471313074
0.04072317588608629
0.12883524472913796
0.0744869640766649
0.0811436864802796
0.11082787683788287
0.013054780146974273
0.15190707386884184
0.0030806568827583306
0.07884072576115904
0.12800588445695696
0.12425629491185512
0.06823469518066243
0.032967508608905204
0.18422518604139307
0.01415727928294291
0.06389870345581163
0.13162807469512963
0.10393936111186163
0.10096202690340463
0.007312146788556076
0.12105404664432293
0.07034925676285364
0.1547074298069779
0.027533932352803422
0.022746176036642925
0.2354143968512416
0.14243236331678288
0.027277779440855673
0.22684814160328942
0.30199465050555246
0.115780888321802
0.1688206132719566
0.3673651847292842
0.25256804209404815
0.12735572494806585
0.3107564091576081
0.35278876693420563
0.1399660651221772
0.17378638556238285
0.3376170611758152
0.18334393477592656
0.03312871085963702
0.18784093332296292
0.18807030986976947
0.05563734504874283
0.04177662743579601
0.09058516007984022
0.09481313901236882
0.257283063050736
0.11486075984949277
0.13549829517323614
0.3846556376033035
0.3622822409277508
0.22997220909573607
0.41162798071309814
0.5493566777133634
0.38134863232226507
0.3836963695167771
0.5984137244814485
0.5287594248732583
0.3592221043042617
0.5011175038386135
0.5808759527479245
0.3581225865846909
0.3166564010839287
0.47553826075901884
0.3429812332417018
0.12639045065992574
0.22391311996612345
0.24740039270248607
0.021397401740431622
0.09203548860941671
0.03147237676905741
0.13678564446638705
0.36726488197123275
0.27630639823785613
0.2662821877060025
0.5334437435093456
0.5825219098360868
0.44138430456347627
0.5898205830905789
0.7775714616784657
0.6372763671511823
0.5855798334094401
0.79725463635641
0.774279243976299
0.5692309593160515
0.6555613670809446
0.763670262247458
0.5440548296797825
0.42732178072793453
0.5668963018167535
0.4635423004393022
0.19471084633632732
0.22659275060563272
0.2708694251713961
0.003440906626057692
0.15301333213125246
0.046523693924239155
0.18382981237322893
0.4634450628362726
0.4282730582220606
0.38557804686532304
0.648040297755775
0.7616635263480335
0.6186207828026694
0.7193958123264976
0.9398515818230121
0.8341758952206206
0.7290161157665559
0.9191357322245338
0.9419289790552935
0.714265931548243
0.7369830812815618
0.8643242165018152
0.6633969116160536
0.4799812667128291
0.5906002819687313
0.5252781138261831
0.22580463417045382
0.19211024836562093
0.25686774042340843
6.490840558341608E-4
0.2129997851549817
0.12714495374926563
0.21891702715283679
0.5224372553591601
0.5408743425875226
0.46388824379406635
0.6976945646777116
0.8630484697980922
0.7244509754587739
0.7663695412709493
1.0
0.9339331998450305
