1.0
0.6444627167645226
0.16911938051953138
0.8618876294909387
0.9413605634889584
0.3518330069642886
0.4865525158534104
0.9774849659360622
0.7729794374151717
0.020246068619744238
0.7443500138017124
0.9778018410285225
0.5164252848059003
0.3092980388594926
0.9116290860993218
0.8642692881513171
0.20432212218583773
0.5965487520276174
0.9694899404496642
0.652850097818784
0.12412567078526512
0.8073501527766099
0.9133562817549483
0.37168826352408785
0.4284570488615679
0.9180715420770209
0.7533074517354175
0.05711863363561003
0.6723592941853626
0.9185072513117859
0.512385578707735
0.2513700299599106
0.8283852411489475
0.8128613879586268
0.223156623757606
0.5164821073619075
0.8813267120917556
0.6187192295798304
0.07694612127673799
0.708004547011963
0.8297972659617707
0.36420294446879753
0.3508010343415661
0.8065548213007582
0.6858493293856899
0.08377005385488397
0.5665452859785424
0.8056879456145108
0.4727431032327941
0.18670051409061447
0.7015906070867745
0.7121179373020381
0.22125236029838297
0.4148047211874942
0.7451666005635339
0.5440940039159018
0.034904964861306
0.5757887706980969
0.6990857615114876
0.32824246041387967
0.26381509909074274
0.655432084056682
0.5766985529788007
0.095400763471395
0.43959950696188993
0.6512803916995983
0.40027681940069115
0.12390143283927212
0.5455381201501461
0.5721321078628
0.1972880679714695
0.303634856321684
0.5756856170260428
0.43594692221757203
0.003831497262603147
0.4255375853378429
0.5348266716546368
0.26657505768349127
0.17775075089629686
0.4810258425080893
0.4368747529318832
0.08986448577769164
0.3055658242592938
0.47154589342785835
0.3020505296513975
0.07023067226054804
0.37691837168481473
0.40741349757008816
0.15334499156958797
0.19495111882787386
0.3906673875491991
0.30541786627013945
0.012854862130631719
0.27297755904940507
0.3541098860743571
0.18564327502236116
0.10143579484168293
0.30134632214206775
0.28097282549090413
0.06805762567008189
0.17795752378702184
0.2849869376341508
0.1885792160780555
0.03057860123473889
0.21264397411785715
0.23505483285107526
0.09469846520405875
0.09901411663709293
0.20872191941261115
0.16641484257547426
0.014610633549460027
0.1327061427459628
0.17533253229063311
0.09474680834683333
0.041152897337379965
0.133802550645035
0.1252961544869412
0.0337773672160291
0.06806898306180278
0.10999894245227958
0.07245466413115247
0.006909569257338007
0.06774418772447048
0.0725437327223001
0.029069448272300756
0.02315486897255283
0.046958233879883
0.03379056202639782
0.003715178133136983
0.01644210511605811
0.015867693284301248
0.00475047173824852
5.551115123125783E-17
0.006915633638517026
0.014262635167212505
0.006929438755329634
0.016282907730848093
0.037412355783891495
0.03337255697761128
0.0017691118228757258
0.046378037081069676
0.06447059059600362
0.03455054840545354
0.02890879627505336
0.08106493345943021
0.0786421428820256
0.015281207649584294
0.06821696191966835
0.11009205570847766
0.07348857244729015
0.022194048424694763
0.11049550904512333
0.12428877797191963
0.046816428199967154
0.07142857142857141
0.14553083455345384
0.11739887927109154
0.0010701254796119625
0.12309769708350352
0.16413801100149497
0.08731363759194813
0.05715763377355382
0.1668330227690304
0.15996385365646984
0.036501382074499614
0.11838004467232492
0.19321521061795274
0.13072996755001368
0.028419813508270924
0.1719856249138547
0.19556073127228274
0.07870711100858208
0.09786579127994648
0.20819035140197112
0.1711863834732383
0.010355233006139374
0.16099488691044422
0.2198179591022562
0.12193769561440579
0.06478666658506126
0.20762398235958948
0.20359478890280527
0.05390383303960278
0.13574648280390675
0.2300070522771596
0.16074028202834612
0.023612528422962627
0.19199784479790846
0.224165103820103
0.09676446464891776
0.0996725204623313
0.2252362504734419
0.19054388562734154
0.020525678798018903
0.1635369461909437
0.2307440838448318
0.1338998807642687
0.05726979225777285
0.20643455255894697
0.20811660600661258
0.06245307087820432
0.1258517679639979
0.22295738298991472
0.1612391567544687
0.01352781799051048
0.17613748161774836
0.21185164109526866
0.09753978251769277
0.08344739993396282
0.20214849993365203
0.17608473547758555
0.02666735349418056
0.13810676091588808
0.20185882690729193
0.12219908534920634
0.04115891772272832
0.17113035442745092
0.17734618215832246
0.059087513641404486
0.0968327857496831
0.17986032244913447
0.13424420887336563
0.00357805885164612
0.13378494288985762
0.16558259274034448
0.08061578861950913
0.056979670629321064
0.14891040195483482
0.13307066801033354
0.025465226716116236
0.09456176023470568
0.14285714285714285
0.08955341457923523
0.022836715565986068
0.11297781599438697
0.11965122103194756
0.04331112015293391
0.057934918220614785
0.11242774980961968
0.08575173012374207
0.0021628880563666374
0.07644290673572254
0.09635167171115475
0.04872705758676817
0.027881294168794875
0.0783150455781962
0.07056162333470266
0.0158048838629696
0.04356924163965432
0.06659526824337518
0.04199071655120009
0.007437526734979486
0.04480102873058626
0.04661320536059199
0.01730201930063188
0.018010296400165302
0.034419339420718224
0.024796120931833
0.0016170856217206217
0.015917674077785042
0.0174569903690829
0.007329571088491701
0.0024057649703517203
0.003978393207106309
1.586032892321652E-17
0.001079613337399532
0.005016058662265669
0.012887645104618293
0.012109520807183496
0.001889769114974468
0.020947848793774173
0.028757065227683922
0.014482830255393129
0.015757698490057877
0.04042197367156316
0.03796863049779412
0.005080659510628872
0.037385407416049184
0.0575071262468131
0.0363141103197882
0.015366934116324458
0.061638049653578456
0.06655304074718273
0.021930383278175807
0.04348853721225782
0.08243404537858458
0.06337253783713055
0.004271979195841384
0.07391602480118106
0.09397809853764652
0.046138107314539614
0.03872002340670379
0.10031945654819042
0.09194370367272106
0.01582611047609634
0.07580504204074416
0.11663514874253132
0.07438311204805294
0.023872732389397244
0.10890496227867286
0.11825625284533994
0.04219531928044601
0.06715861680726445
0.13161108112194025
0.10296417946004344
9.344849053240194E-4
0.10713098021987351
0.138931723911735
0.07142857142857144
0.049112874524713655
0.13701407826255602
0.12825127610653245
0.027183743463831043
0.09522784853820329
0.15137556264703336
0.09986918287186095
0.023914382216790177
0.13217014460680013
0.14711653789508228
0.05702105233111666
0.07465242446290389
0.1540652582495819
0.12405447286079194
0.005378505891634656
0.11767076280766145
0.1572947766862726
0.08499516623140059
0.04788141676213886
0.14670447644395337
0.14112524798682147
0.035282800531066784
0.09526969801385264
0.15763302715869912
0.10783484193118174
0.01808902697562532
0.1302282857869936
0.14915399437323013
0.06231912455195906
0.06764450507911571
0.14820240792476644
0.12296534190858767
0.011250693545962859
0.10666218048682428
0.14735505758301803
0.08342987916958966
0.03805369020669528
0.13026213210734156
0.1288026891202104
0.03678843549081129
0.07885455881784399
0.13615456628726055
0.09633835276286244
0.009932014268053046
0.10608292599223992
0.12492391455407345
0.055700635480682825
0.05011669060600747
0.11711463810409575
0.09980761464010401
0.013527157116971441
0.07865338828490118
0.11209559437408115
0.06602003864158748
0.023814393202459642
0.0927235308207476
0.09377048658779223
0.029752906887070052
0.05130609584055635
0.0921598579282236
0.06685801969441327
0.0029605268013507507
0.06607889494601678
0.07931746408717759
0.03709678845151857
0.02730905201228882
0.06779376101820841
0.05849416351314063
0.01014346884279622
0.04050338307942991
0.0585463264095391
0.03501758433877866
0.009471431091378515
0.04217253560374485
0.04232456154633498
0.014175260826166205
0.019139228030794455
0.034293365778415276
0.024130613907296157
1.8981856530433542E-4
0.018578086739001236
0.020677011934248184
0.008938059211363767
0.0045702255601646835
0.009779816939385646
0.006117615231183894
6.837408335826832E-4
3.172065784643304E-17
0.003483127232127308
0.004629994606701279
0.0014842957116287328
0.011783370860510876
0.01649029575408794
0.007847039243774818
0.011223377615038554
0.026920080537381708
0.024582934647689507
0.0016320448660123682
0.027584870939830277
0.040629256844989366
0.02415625735279168
0.013681488464885452
0.04652323268748334
0.04821391079657105
0.013444223447663257
0.03555008358943217
0.06308007583678352
0.0460564690719143
0.007053621111787105
0.0596836726192928
0.07239130418777633
0.03241426075305693
0.03458629366124726
0.08086080970491384
0.07069338641919977
0.007861808993361388
0.064606923435887
0.09394308335486024
0.05613719407636258
0.02470739799959281
0.09158748231258322
0.09489837990369335
0.02925316179193465
0.06052500137705717
0.11004308145896692
0.08164015586449772
0.007024209553754835
0.09376004964416078
0.11557642162422546
0.05452302292503207
0.04778314647533076
0.11855297315433815
0.10574808409347762
0.016397617927854435
0.08693987197747667
0.13008281710209277
0.08060923237888451
0.027791591595506766
0.118279266511266
0.12547189663933325
0.04279429860525736
0.07179802221424232
0.1365436604538741
0.10436055915642813
0.002848814630928277
0.10911492519362705
0.13837251066455167
0.06904397698569757
0.05002920179028303
0.1340818372608565
0.12292176514280063
0.024142034086289517
0.09204907320645808
0.14285714285714285
0.09204907320645808
0.024142034086289517
0.12292176514280063
0.1340818372608565
0.05002920179028303
0.06904397698569757
0.13837251066455167
0.10911492519362705
0.002848814630928277
0.10436055915642813
0.1365436604538741
0.07179802221424232
0.04279429860525736
0.12547189663933325
0.118279266511266
0.027791591595506766
0.08060923237888451
0.13008281710209277
0.08693987197747667
0.016397617927854435
0.10574808409347762
0.11855297315433815
0.04778314647533076
0.05452302292503207
0.11557642162422546
0.09376004964416078
0.007024209553754835
0.08164015586449772
0.11004308145896692
0.06052500137705717
0.02925316179193465
0.09489837990369335
0.09158748231258322
0.02470739799959281
0.05613719407636258
0.09394308335486024
0.064606923435887
0.007861808993361388
0.07069338641919977
0.08086080970491384
0.03458629366124726
0.03241426075305693
0.07239130418777633
0.0596836726192928
0.007053621111787105
0.0460564690719143
0.06308007583678352
0.03555008358943217
0.013444223447663257
0.04821391079657105
0.04652323268748334
0.013681488464885452
0.02415625735279168
0.040629256844989366
0.027584870939830277
0.0016320448660123682
0.024582934647689507
0.026920080537381708
0.011223377615038554
0.007847039243774818
0.01649029575408794
0.011783370860510876
0.0014842957116287328
0.004629994606701279
0.003483127232127308
3.172065784643304E-17
6.837408335826832E-4
0.006117615231183894
0.009779816939385646
0.0045702255601646835
0.008938059211363767
0.020677011934248184
0.018578086739001236
1.8981856530433542E-4
0.024130613907296157
0.034293365778415276
0.019139228030794455
0.014175260826166205
0.04232456154633498
0.04217253560374485
0.009471431091378515
0.03501758433877866
0.0585463264095391
0.04050338307942991
0.01014346884279622
0.05849416351314063
0.06779376101820841
0.02730905201228882
0.03709678845151857
0.07931746408717759
0.06607889494601678
0.0029605268013507507
0.06685801969441327
0.0921598579282236
0.05130609584055635
0.029752906887070052
0.09377048658779223
0.0927235308207476
0.023814393202459642
0.06602003864158748
0.11209559437408115
0.07865338828490118
0.013527157116971441
0.09980761464010401
0.11711463810409575
0.05011669060600747
0.055700635480682825
0.12492391455407345
0.10608292599223992
0.009932014268053046
0.09633835276286244
0.13615456628726055
0.07885455881784399
0.03678843549081129
0.1288026891202104
0.13026213210734156
0.03805369020669528
0.08342987916958966
0.14735505758301803
0.10666218048682428
0.011250693545962859
0.12296534190858767
0.14820240792476644
0.06764450507911571
0.06231912455195906
0.14915399437323013
0.1302282857869936
0.01808902697562532
0.10783484193118174
0.15763302715869912
0.09526969801385264
0.035282800531066784
0.14112524798682147
0.14670447644395337
0.04788141676213886
0.08499516623140059
0.1572947766862726
0.11767076280766145
0.005378505891634656
0.12405447286079194
0.1540652582495819
0.07465242446290389
0.05702105233111666
0.14711653789508228
0.13217014460680013
0.023914382216790177
0.09986918287186095
0.15137556264703336
0.09522784853820329
0.027183743463831043
0.12825127610653245
0.13701407826255602
0.049112874524713655
0.07142857142857144
0.138931723911735
0.10713098021987351
9.344849053240194E-4
0.10296417946004344
0.13161108112194025
0.06715861680726445
0.04219531928044601
0.11825625284533994
0.10890496227867286
0.023872732389397244
0.07438311204805294
0.11663514874253132
0.07580504204074416
0.01582611047609634
0.09194370367272106
0.10031945654819042
0.03872002340670379
0.046138107314539614
0.09397809853764652
0.07391602480118106
0.004271979195841384
0.06337253783713055
0.08243404537858458
0.04348853721225782
0.021930383278175807
0.06655304074718273
0.061638049653578456
0.015366934116324458
0.0363141103197882
0.0575071262468131
0.037385407416049184
0.005080659510628872
0.03796863049779412
0.04042197367156316
0.015757698490057877
0.014482830255393129
0.028757065227683922
0.020947848793774173
0.001889769114974468
0.012109520807183496
0.012887645104618293
0.005016058662265669
0.001079613337399532
1.586032892321652E-17
0.003978393207106309
0.0024057649703517203
0.007329571088491701
0.0174569903690829
0.015917674077785042
0.0016170856217206217
0.024796120931833
0.034419339420718224
0.018010296400165302
0.01730201930063188
0.04661320536059199
0.04480102873058626
0.007437526734979486
0.04199071655120009
0.06659526824337518
0.04356924163965432
0.0158048838629696
0.07056162333470266
0.0783150455781962
0.027881294168794875
0.04872705758676817
0.09635167171115475
0.07644290673572254
0.0021628880563666374
0.08575173012374207
0.11242774980961968
0.057934918220614785
0.04331112015293391
0.11965122103194756
0.11297781599438697
0.022836715565986068
0.08955341457923523
0.14285714285714285
0.09456176023470568
0.025465226716116236
0.13307066801033354
0.14891040195483482
0.056979670629321064
0.08061578861950913
0.16558259274034448
0.13378494288985762
0.00357805885164612
0.13424420887336563
0.17986032244913447
0.0968327857496831
0.059087513641404486
0.17734618215832246
0.17113035442745092
0.04115891772272832
0.12219908534920634
0.20185882690729193
0.13810676091588808
0.02666735349418056
0.17608473547758555
0.20214849993365203
0.08344739993396282
0.09753978251769277
0.21185164109526866
0.17613748161774836
0.01352781799051048
0.1612391567544687
0.22295738298991472
0.1258517679639979
0.06245307087820432
0.20811660600661258
0.20643455255894697
0.05726979225777285
0.1338998807642687
0.2307440838448318
0.1635369461909437
0.020525678798018903
0.19054388562734154
0.2252362504734419
0.0996725204623313
0.09676446464891776
0.224165103820103
0.19199784479790846
0.023612528422962627
0.16074028202834612
0.2300070522771596
0.13574648280390675
0.05390383303960278
0.20359478890280527
0.20762398235958948
0.06478666658506126
0.12193769561440579
0.2198179591022562
0.16099488691044422
0.010355233006139374
0.1711863834732383
0.20819035140197112
0.09786579127994648
0.07870711100858208
0.19556073127228274
0.1719856249138547
0.028419813508270924
0.13072996755001368
0.19321521061795274
0.11838004467232492
0.036501382074499614
0.15996385365646984
0.1668330227690304
0.05715763377355382
0.08731363759194813
0.16413801100149497
0.12309769708350352
0.0010701254796119625
0.11739887927109154
0.14553083455345384
0.07142857142857141
0.046816428199967154
0.12428877797191963
0.11049550904512333
0.022194048424694763
0.07348857244729015
0.11009205570847766
0.06821696191966835
0.015281207649584294
0.0786421428820256
0.08106493345943021
0.02890879627505336
0.03455054840545354
0.06447059059600362
0.046378037081069676
0.0017691118228757258
0.03337255697761128
0.037412355783891495
0.016282907730848093
0.006929438755329634
0.014262635167212505
0.006915633638517026
5.551115123125783E-17
0.00475047173824852
0.015867693284301248
0.01644210511605811
0.003715178133136983
0.03379056202639782
0.046958233879883
0.02315486897255283
0.029069448272300756
0.0725437327223001
0.06774418772447048
0.006909569257338007
0.07245466413115247
0.10999894245227958
0.06806898306180278
0.0337773672160291
0.1252961544869412
0.133802550645035
0.041152897337379965
0.09474680834683333
0.17533253229063311
0.1327061427459628
0.014610633549460027
0.16641484257547426
0.20872191941261115
0.09901411663709293
0.09469846520405875
0.23505483285107526
0.21264397411785715
0.03057860123473889
0.1885792160780555
0.2849869376341508
0.17795752378702184
0.06805762567008189
0.28097282549090413
0.30134632214206775
0.10143579484168293
0.18564327502236116
0.3541098860743571
0.27297755904940507
0.012854862130631719
0.30541786627013945
0.3906673875491991
0.19495111882787386
0.15334499156958797
0.40741349757008816
0.37691837168481473
0.07023067226054804
0.3020505296513975
0.47154589342785835
0.3055658242592938
0.08986448577769164
0.4368747529318832
0.4810258425080893
0.17775075089629686
0.26657505768349127
0.5348266716546368
0.4255375853378429
0.003831497262603147
0.43594692221757203
0.5756856170260428
0.303634856321684
0.1972880679714695
0.5721321078628
0.5455381201501461
0.12390143283927212
0.40027681940069115
0.6512803916995983
0.43959950696188993
0.095400763471395
0.5766985529788007
0.655432084056682
0.26381509909074274
0.32824246041387967
0.6990857615114876
0.5757887706980969
0.034904964861306
0.5440940039159018
0.7451666005635339
0.4148047211874942
0.22125236029838297
0.7121179373020381
0.7015906070867745
0.18670051409061447
0.4727431032327941
0.8056879456145108
0.5665452859785424
0.08377005385488397
0.6858493293856899
0.8065548213007582
0.3508010343415661
0.36420294446879753
0.8297972659617707
0.708004547011963
0.07694612127673799
0.6187192295798304
0.8813267120917556
0.5164821073619075
0.223156623757606
0.8128613879586268
0.8283852411489475
0.2513700299599106
0.512385578707735
0.9185072513117859
0.6723592941853626
0.05711863363561003
0.7533074517354175
0.9180715420770209
0.4284570488615679
0.37168826352408785
0.9133562817549483
0.8073501527766099
0.12412567078526512
0.652850097818784
0.9694899404496642
0.5965487520276174
0.20432212218583773
0.8642692881513171
0.9116290860993218
0.3092980388594926
0.5164252848059003
0.9778018410285225
0.7443500138017124
0.020246068619744238
0.7729794374151717
0.9774849659360622
0.4865525158534104
0.3518330069642886
0.9413605634889584
0.8618876294909387
0.16911938051953138
0.6444627167645226
