-0.22429758672389097
0.22622109847233876
0.23779382965502094
0.17418695076300966
0.3791603362852299
0.16011906519101612
0.28761926398962756
0.031302125910347686
0.8784290481254832
0.01864196601658448
0.2669689284999162
0.4053932889257328
0.082114269666916
0.9236823377068241
0.1850466120475046
1.0
0.7610560376782173
0.9441005385042164
0.3285734005067283
0.2240142631874351
0.44459714677347206
0.39064226663766594
0.9343502438745164
0.032644728040381335
0.3027664454105267
0.3740145441104994
0.44004270996157524
0.37239632732671757
0.1486725275158673
0.6352135933816955
0.4615994160603315
0.9095854552391378
0.05446717239756086
0.9073093133259047
0.29708723582096264
0.718266156665452
0.053525175160043834
0.26494740988213145
0.18867543201004527
0.9126431524876377
0.3382384832181007
0.2152953622692106
0.0793681987650222
0.21011403809294077
0.10360775185667434
0.8705841553270524
0.21607522246355168
0.10461289376816592
0.06070074043803299
0.05886254394540424
0.6869613678695574
0.005183155633845564
0.0013635560887805102
0.03159392109705162
0.20955951616866467
0.5897566539727137
0.02219661570869749
0.07012386250381455
0.15612513274830037
0.3216661390822266
0.08939266183075403
0.36894147503040287
0.05571763065635057
0.06970173888017751
0.07231440025360159
0.05746141781244064
0.16890714431139675
0.03669967046105657
0.12531010438123732
0.0454614085859571
0.08652777764680893
0.09815786846196893
0.022505109046386997
0.06090676374660461
0.0811718646728753
0.08746498117871644
0.017690527055176812
0.09621055577548963
0.10721258526859828
0.0594671683522093
0.09743409558754387
0.03993373504252586
0.02167207666229481
0.13498358040194935
0.0048205435399092545
0.003737256658746892
0.13076446899222602
0.07803889755681423
0.02061516220013231
0.26082766391949286
0.04335607286576075
0.0342525108673379
0.11687340610949382
0.03165480142179048
0.06385254786456285
0.1528689997360844
0.1612058596143206
0.17629198186488748
0.11549950069273142
0.09287771015411507
0.030414599959525775
0.22847133898843242
0.03812415823737386
0.09983967501965961
0.048867094990523566
0.1061480940382402
0.06446997095212849
0.019243982395373435
0.16912035782062448
0.21482220206151265
0.14296119394380444
0.15113886713220337
0.003984872106191006
0.04936535609168231
0.04831212236239291
0.040053493329191225
0.030501422039670042
0.04523149023481736
0.017294032705262474
0.11524532011698908
0.1940595791705842
0.030695665227499374
0.034012609608672556
0.12508154948971545
0.023313190305607467
0.11672112618048812
0.03614302273592135
0.020040434601804345
0.01936638280147566
0.02475363759007668
0.012516719859549209
0.07280131236552718
0.01302329783536724
0.05227285761199055
0.01650176610737044
0.053140700964361666
0.03062251071535021
0.051571359245907195
0.031786917947664306
0.055927213886074266
0.02611304272083247
0.07649605457187558
0.03562009941433984
0.05807199118761904
0.02736129746631932
0.08678393037309708
0.04875886665479825
0.004830049456367056
0.007839838256922685
0.0022197642304071117
0.05017331512442708
0.004343048431789168
0.010888732736695881
0.03234509115041356
0.0034926108687329707
1.2700202907693934E-4
0.011711704806436858
0.01381363901892585
0.0017935329340097186
0.006951682385951422
0.0049875111509991715
0.02656041414300852
0.028281281405694268
0.02143939815895557
0.031680294673444236
0.02140720496717359
0.026091204030460242
0.022201062830040946
6.025684795841921E-4
0.002592067100146854
0.008432314599273872
0.01887530791356575
0.01818276543665739
0.0011434873390563818
0.008237267965423529
0.007977425827549478
0.008463974592818705
0.0058278224353913955
0.030840085843422658
0.0131357985763333
0.006519277394925605
0.014234667305212088
0.0031448271727465495
0.008901602739249115
0.003393214523985616
0.0021994034566179287
0.01700377937353685
0.016869264419200884
0.0010811362833467373
0.01652325149549514
0.0035950678816441097
2.4213022888510554E-4
0.023699272370831262
0.0036408615802190417
0.005129690669121406
0.02112430863098343
0.0029253093256536686
0.005230634032645203
0.002917810021240233
0.0022175113793318504
0.010911983642098813
9.375854805327581E-4
0.0019706204228675684
0.017209159898677863
0.0036783961168921756
0.008103237305210745
0.0075379637059251785
2.4449417363542414E-5
0.006424166476793236
0.003928424733822512
0.012889908460346058
1.843030810398574E-4
0.0196312680017257
0.01607663453055539
0.0133602108466627
0.013211605446808987
0.015903118587165838
0.0038072327979483157
0.014781061381748055
0.015539398102482657
0.005780982641629315
0.010249008885192078
0.005745821124947251
0.005864817852473563
0.007500406995217327
0.0064337266586942665
0.003774966796757618
0.019318459958355495
0.002631084550579981
0.007414784457993075
0.008020648190362994
0.007628708830856735
0.0032544042793987244
0.0036955244745510898
2.923152557282974E-4
0.0070533805184732285
0.006011908203715222
0.007410505966652136
0.009943142853690398
0.0073637094787928495
0.0036539087143973303
0.013143455541727909
7.988628338872052E-4
0.00989996121568189
0.019918320553099285
0.0026233028725335564
0.0030556954183011743
0.0024678427950434218
6.437218876988998E-4
0.015052491497150934
0.005574904299733002
0.008480840330584986
0.005012984607388775
0.011397478487355377
0.0011637527219612847
0.00818649760779343
0.006393709952254097
0.008553258570711172
0.011164860419621303
0.0020473592586986067
0.0044850730757902855
0.013081451591017656
0.003113273212020238
0.011733393289940252
0.0017917202791025632
0.004040337089276512
0.007380701925873095
0.009267953805993046
0.00846500388951273
0.006130259418262928
0.0014602254587228632
0.008621354483323344
0.0037060643551789264
0.0018325781990279303
0.008803326894184104
0.009416348048742139
0.014271951113962173
0.01479937835136143
0.0060269334336010465
0.015601972105086707
0.012140239289915153
0.02220563215279061
2.57671667214796E-4
0.03166056868120158
0.01176098909740994
0.003768618864336521
0.0024417808444435816
0.005708469686344948
0.007750545670009828
0.006115622001733403
3.384709129771153E-4
0.008551776834800035
0.002087941086502437
0.0029623371468679833
0.0032172587765193473
0.004582033732609926
0.0017261859424270506
0.00442433035240134
0.010803908212415295
0.007866746100035033
0.0027747562865349145
0.01096202733617775
6.031447071794599E-4
0.007601688434356517
0.001109455489938733
0.005986585937639954
1.6964356190179007E-4
0.0057182334091337335
0.0051775310211641555
0.004567323176693382
0.005592237066476033
0.004681821563385784
0.007250107446698846
6.561646569806061E-4
0.007097139567533504
0.0032776843742291202
0.005383163486856844
0.005099902396932963
0.005372474188963036
0.0025000758641472542
0.0029148677660367616
0.0030078533852326704
0.004479519680654613
7.731995498195267E-4
0.005860597506250502
0.0029166055950848556
0.0029709953518203447
0.0046581686524181645
0.001253838554435564
2.4609711660007684E-4
0.00687635157088841
0.004195179655350328
0.0029646656609130695
0.005020853487304614
5.50966596957361E-4
0.0011354353456248557
0.0015508663157973287
0.007068003813282371
4.910929230586328E-4
0.004012087685344706
5.589662203311252E-4
0.008200817071575441
0.0030480837102461788
6.171398983628953E-4
0.0022036913078418274
0.007939903154978507
0.006267820987044012
3.035045894880023E-4
0.005184130810287785
0.0030462390060291187
0.0017216758704407813
8.19880562711788E-4
0.002830922697020007
0.0030274150629618847
0.0015929804251242356
0.004059254510281384
2.965324324081409E-4
0.006445709055147823
0.0052172259029129265
0.005394177367659017
0.0017304824113774024
0.0017176545652152653
0.002876984939670291
9.055555546068681E-4
0.002096780178040761
0.0026764166780053945
0.002114928265089186
7.160340519042101E-4
0.002367398730865064
0.0033183905957495778
2.6746925228475006E-5
0.005431530642644643
0.002093240220118163
0.0033830665048436245
5.045197503165445E-4
0.0036881364790741352
0.0020101066739303675
5.911966499045203E-4
0.0012190079893257574
0.0018235540199058329
0.003115838858072317
3.7652228577477766E-4
0.0034255812197407946
0.003108168177385219
4.1851590508340926E-4
5.1569990761623093E-5
0.0011054270612648853
0.0013662696380678776
0.0022384805947258703
0.0017188438476726804
0.0014591349367474348
0.0031997302562527044
6.254557801075736E-4
7.72234928757769E-4
0.0013211207665574619
0.0026237557790211945
6.94476401990224E-4
0.001001872888331154
3.3359247169876963E-4
4.2329923305904274E-4
9.614460767406659E-4
0.0023764437292621383
9.417107800992642E-4
1.0185580271120212E-4
7.894480076564972E-4
0.002547998789141315
1.849060833072257E-4
0.0011904182796926386
6.314205914290412E-4
0.0011534489291737122
1.0808255156794866E-4
0.003474716872355967
7.802799851850237E-4
2.260671792843154E-4
3.354156907547879E-4
4.3884312058373393E-4
6.333217621084343E-4
6.821874304581915E-4
6.198019366505322E-4
0.001889823872165126
0.0012592738658323002
4.102391281410483E-5
3.044256294451219E-4
2.5634105024292917E-4
1.2815248132213555E-4
9.700248371082144E-5
0.0015548801020552879
6.287697917741391E-5
0.0015678643599483363
0.0014944518410813725
7.407303088243725E-4
7.826284586103252E-4
0.0015807199628536154
4.303685413084935E-4
0.0017307540234202164
0.0010214010345779255
1.9349376494339735E-4
0.001094168318582884
6.779255046692009E-4
3.808339370840136E-5
2.3149609134381693E-5
0.0011978552225977875
0.0015018883803311102
2.3703052796211128E-4
0.0015004620485499999
3.8724633669935595E-4
8.373319662942233E-4
0.0012132091182800973
2.375342336634868E-4
2.1808071738170878E-4
3.6578219355285646E-5
2.3809675562305174E-4
9.886807727902183E-4
2.27463413727224E-5
5.102526417350784E-4
0.001394253588187579
0.0010296085916105145
9.615872748806993E-4
2.6746394258601327E-4
7.437811074695426E-4
5.532725293147607E-4
0.001313715524898134
1.2700403159028972E-4
0.001313715524898134
5.532725293147607E-4
7.437811074695426E-4
2.6746394258601327E-4
9.615872748806993E-4
0.0010296085916105145
0.001394253588187579
5.102526417350784E-4
2.27463413727224E-5
9.886807727902183E-4
2.3809675562305174E-4
3.6578219355285646E-5
2.1808071738170878E-4
2.375342336634868E-4
0.0012132091182800973
8.373319662942233E-4
3.8724633669935595E-4
0.0015004620485499999
2.3703052796211128E-4
0.0015018883803311102
0.0011978552225977875
2.3149609134381693E-5
3.808339370840136E-5
6.779255046692009E-4
0.001094168318582884
1.9349376494339735E-4
0.0010214010345779255
0.0017307540234202164
4.303685413084935E-4
0.0015807199628536154
7.826284586103252E-4
7.407303088243725E-4
0.0014944518410813725
0.0015678643599483363
6.287697917741391E-5
0.0015548801020552879
9.700248371082144E-5
1.2815248132213555E-4
2.5634105024292917E-4
3.044256294451219E-4
4.102391281410483E-5
0.0012592738658323002
0.001889823872165126
6.198019366505322E-4
6.821874304581915E-4
6.333217621084343E-4
4.3884312058373393E-4
3.354156907547879E-4
2.260671792843154E-4
7.802799851850237E-4
0.003474716872355967
1.0808255156794866E-4
0.0011534489291737122
6.314205914290412E-4
0.0011904182796926386
1.849060833072257E-4
0.002547998789141315
7.894480076564972E-4
1.0185580271120212E-4
9.417107800992642E-4
0.0023764437292621383
9.614460767406659E-4
4.2329923305904274E-4
3.3359247169876963E-4
0.001001872888331154
6.94476401990224E-4
0.0026237557790211945
0.0013211207665574619
7.72234928757769E-4
6.254557801075736E-4
0.0031997302562527044
0.0014591349367474348
0.0017188438476726804
0.0022384805947258703
0.0013662696380678776
0.0011054270612648853
5.1569990761623093E-5
4.1851590508340926E-4
0.003108168177385219
0.0034255812197407946
3.7652228577477766E-4
0.003115838858072317
0.0018235540199058329
0.0012190079893257574
5.911966499045203E-4
0.0020101066739303675
0.0036881364790741352
5.045197503165445E-4
0.0033830665048436245
0.002093240220118163
0.005431530642644643
2.6746925228475006E-5
0.0033183905957495778
0.002367398730865064
7.160340519042101E-4
0.002114928265089186
0.0026764166780053945
0.002096780178040761
9.055555546068681E-4
0.002876984939670291
0.0017176545652152653
0.0017304824113774024
0.005394177367659017
0.0052172259029129265
0.006445709055147823
2.965324324081409E-4
0.004059254510281384
0.0015929804251242356
0.0030274150629618847
0.002830922697020007
8.19880562711788E-4
0.0017216758704407813
0.0030462390060291187
0.005184130810287785
3.035045894880023E-4
0.006267820987044012
0.007939903154978507
0.0022036913078418274
6.171398983628953E-4
0.0030480837102461788
0.008200817071575441
5.589662203311252E-4
0.004012087685344706
4.910929230586328E-4
0.007068003813282371
0.0015508663157973287
0.0011354353456248557
5.50966596957361E-4
0.005020853487304614
0.0029646656609130695
0.004195179655350328
0.00687635157088841
2.4609711660007684E-4
0.001253838554435564
0.0046581686524181645
0.0029709953518203447
0.0029166055950848556
0.005860597506250502
7.731995498195267E-4
0.004479519680654613
0.0030078533852326704
0.0029148677660367616
0.0025000758641472542
0.005372474188963036
0.005099902396932963
0.005383163486856844
0.0032776843742291202
0.007097139567533504
6.561646569806061E-4
0.007250107446698846
0.004681821563385784
0.005592237066476033
0.004567323176693382
0.0051775310211641555
0.0057182334091337335
1.6964356190179007E-4
0.005986585937639954
0.001109455489938733
0.007601688434356517
6.031447071794599E-4
0.01096202733617775
0.0027747562865349145
0.007866746100035033
0.010803908212415295
0.00442433035240134
0.0017261859424270506
0.004582033732609926
0.0032172587765193473
0.0029623371468679833
0.002087941086502437
0.008551776834800035
3.384709129771153E-4
0.006115622001733403
0.007750545670009828
0.005708469686344948
0.0024417808444435816
0.003768618864336521
0.01176098909740994
0.03166056868120158
2.57671667214796E-4
0.02220563215279061
0.012140239289915153
0.015601972105086707
0.0060269334336010465
0.01479937835136143
0.014271951113962173
0.009416348048742139
0.008803326894184104
0.0018325781990279303
0.0037060643551789264
0.008621354483323344
0.0014602254587228632
0.006130259418262928
0.00846500388951273
0.009267953805993046
0.007380701925873095
0.004040337089276512
0.0017917202791025632
0.011733393289940252
0.003113273212020238
0.013081451591017656
0.0044850730757902855
0.0020473592586986067
0.011164860419621303
0.008553258570711172
0.006393709952254097
0.00818649760779343
0.0011637527219612847
0.011397478487355377
0.005012984607388775
0.008480840330584986
0.005574904299733002
0.015052491497150934
6.437218876988998E-4
0.0024678427950434218
0.0030556954183011743
0.0026233028725335564
0.019918320553099285
0.00989996121568189
7.988628338872052E-4
0.013143455541727909
0.0036539087143973303
0.0073637094787928495
0.009943142853690398
0.007410505966652136
0.006011908203715222
0.0070533805184732285
2.923152557282974E-4
0.0036955244745510898
0.0032544042793987244
0.007628708830856735
0.008020648190362994
0.007414784457993075
0.002631084550579981
0.019318459958355495
0.003774966796757618
0.0064337266586942665
0.007500406995217327
0.005864817852473563
0.005745821124947251
0.010249008885192078
0.005780982641629315
0.015539398102482657
0.014781061381748055
0.0038072327979483157
0.015903118587165838
0.013211605446808987
0.0133602108466627
0.01607663453055539
0.0196312680017257
1.843030810398574E-4
0.012889908460346058
0.003928424733822512
0.006424166476793236
2.4449417363542414E-5
0.0075379637059251785
0.008103237305210745
0.0036783961168921756
0.017209159898677863
0.0019706204228675684
9.375854805327581E-4
0.010911983642098813
0.0022175113793318504
0.002917810021240233
0.005230634032645203
0.0029253093256536686
0.02112430863098343
0.005129690669121406
0.0036408615802190417
0.023699272370831262
2.4213022888510554E-4
0.0035950678816441097
0.01652325149549514
0.0010811362833467373
0.016869264419200884
0.01700377937353685
0.0021994034566179287
0.003393214523985616
0.008901602739249115
0.0031448271727465495
0.014234667305212088
0.006519277394925605
0.0131357985763333
0.030840085843422658
0.0058278224353913955
0.008463974592818705
0.007977425827549478
0.008237267965423529
0.0011434873390563818
0.01818276543665739
0.01887530791356575
0.008432314599273872
0.002592067100146854
6.025684795841921E-4
0.022201062830040946
0.026091204030460242
0.02140720496717359
0.031680294673444236
0.02143939815895557
0.028281281405694268
0.02656041414300852
0.0049875111509991715
0.006951682385951422
0.0017935329340097186
0.01381363901892585
0.011711704806436858
1.2700202907693934E-4
0.0034926108687329707
0.03234509115041356
0.010888732736695881
0.004343048431789168
0.05017331512442708
0.0022197642304071117
0.007839838256922685
0.004830049456367056
0.04875886665479825
0.08678393037309708
0.02736129746631932
0.05807199118761904
0.03562009941433984
0.07649605457187558
0.02611304272083247
0.055927213886074266
0.031786917947664306
0.051571359245907195
0.03062251071535021
0.053140700964361666
0.01650176610737044
0.05227285761199055
0.01302329783536724
0.07280131236552718
0.012516719859549209
0.02475363759007668
0.01936638280147566
0.020040434601804345
0.03614302273592135
0.11672112618048812
0.023313190305607467
0.12508154948971545
0.034012609608672556
0.030695665227499374
0.1940595791705842
0.11524532011698908
0.017294032705262474
0.04523149023481736
0.030501422039670042
0.040053493329191225
0.04831212236239291
0.04936535609168231
0.003984872106191006
0.15113886713220337
0.14296119394380444
0.21482220206151265
0.16912035782062448
0.019243982395373435
0.06446997095212849
0.1061480940382402
0.048867094990523566
0.09983967501965961
0.03812415823737386
0.22847133898843242
0.030414599959525775
0.09287771015411507
0.11549950069273142
0.17629198186488748
0.1612058596143206
0.1528689997360844
0.06385254786456285
0.03165480142179048
0.11687340610949382
0.0342525108673379
0.04335607286576075
0.26082766391949286
0.02061516220013231
0.07803889755681423
0.13076446899222602
0.003737256658746892
0.0048205435399092545
0.13498358040194935
0.02167207666229481
0.03993373504252586
0.09743409558754387
0.0594671683522093
0.10721258526859828
0.09621055577548963
0.017690527055176812
0.08746498117871644
0.0811718646728753
0.06090676374660461
0.022505109046386997
0.09815786846196893
0.08652777764680893
0.0454614085859571
0.12531010438123732
0.03669967046105657
0.16890714431139675
0.05746141781244064
0.07231440025360159
0.06970173888017751
0.05571763065635057
0.36894147503040287
0.08939266183075403
0.3216661390822266
0.15612513274830037
0.07012386250381455
0.02219661570869749
0.5897566539727137
0.20955951616866467
0.03159392109705162
0.0013635560887805102
0.005183155633845564
0.6869613678695574
0.05886254394540424
0.06070074043803299
0.10461289376816592
0.21607522246355168
0.8705841553270524
0.10360775185667434
0.21011403809294077
0.0793681987650222
0.2152953622692106
0.3382384832181007
0.9126431524876377
0.18867543201004527
0.26494740988213145
0.053525175160043834
0.718266156665452
0.29708723582096264
0.9073093133259047
0.05446717239756086
0.9095854552391378
0.4615994160603315
0.6352135933816955
0.1486725275158673
0.37239632732671757
0.44004270996157524
0.3740145441104994
0.3027664454105267
0.032644728040381335
0.9343502438745164
0.39064226663766594
0.44459714677347206
0.2240142631874351
0.3285734005067283
0.9441005385042164
0.7610560376782173
1.0
0.1850466120475046
0.9236823377068241
0.082114269666916
0.4053932889257328
0.2669689284999162
0.01864196601658448
0.8784290481254832
0.031302125910347686
0.28761926398962756
0.16011906519101612
0.3791603362852299
0.17418695076300966
0.23779382965502094
0.22622109847233876
