0.21539607709255182
0.21916246337900036
0.21829871080899205
0.18301897842312725
0.08293690003287851
0.09350392090134353
0.32646171215655134
0.5655192184710606
0.7447120654947511
0.806314271338002
0.7238135001524779
0.5143551122141983
0.23490996183198357
0.03705621298927952
0.23124676718616552
0.3097829588188021
0.2800446148885542
0.18995472852631218
0.10754923449328173
0.09296171457409765
0.17397046115668785
0.33476997534593916
0.5222561502226922
0.667061311035922
0.7107257885617473
0.6281146792571254
0.4363602437132106
0.1872702515852823
0.053095824760113236
0.22892379233561252
0.3131581713631173
0.31289233577888254
0.2603115371456852
0.19406515972869853
0.13988721212798202
0.09931840380817064
0.05154232871222403
0.03267360505742643
0.17151717591099508
0.3564257980849901
0.5480134865373162
0.686569327365846
0.7136701856767058
0.5963340810579676
0.3435391859598472
0.007622531374060171
0.3309779184286202
0.5903880438322605
0.7153119366687839
0.6955409285395951
0.5677056232702778
0.39959764099930273
0.2632778312734166
0.20758511441731736
0.24077792377484541
0.3298468239765541
0.41626639429761547
0.4413858318324423
0.37096334569507927
0.20899313140225728
0.004383736713193786
0.20943618258511967
0.35053677925530946
0.396976735341114
0.35245269400567186
0.2498476572045403
0.13429725742758375
0.042470615991896124
0.01258719095115355
0.044375696284079225
0.08252315882192414
0.15398558332316004
0.26470251892317925
0.39056684417555676
0.48264886761164383
0.4854022259903809
0.36071564852638927
0.10769803854627587
0.23065625302283865
0.5777050948308046
0.84724460623846
0.9726040670369105
0.929602798709646
0.7444040165470527
0.48313698837698416
0.22730124728235812
0.04451754951179619
0.0341018074854118
0.021502344026142137
0.03514810014467465
0.07701848590627121
0.05930454998962726
0.03046391944182931
0.16862149537358842
0.3069750919565666
0.39430913182388616
0.39833393249928123
0.318752967397348
0.18619035122908373
0.047930136245160695
0.05290285329109081
0.09536729008253432
0.08795465648909254
0.06193644773060035
0.05390525721457717
0.08549866286839121
0.1497187776760887
0.21055484843885008
0.2168909533290807
0.1253563580846415
0.07743419931756987
0.36304334714883435
0.6656392630736351
0.9020083136150853
1.0
0.9245491568015618
0.6910677710497064
0.3607947875762549
0.019721819645047337
0.25086901401097156
0.40101439443480963
0.42588163981784716
0.36207798935483915
0.26876984636683854
0.20184762985018062
0.19181035430391544
0.23407250570406046
0.29492134905156014
0.32971807588510516
0.3049275077274524
0.21424002164283892
0.08189761274768532
0.047930136245160807
0.1307454610419505
0.14143203781342306
0.08521584903003607
0.00509734270673447
0.0845035337887372
0.11705280815628413
0.09347038416947971
0.037010528167543785
0.005634204301294536
0.014929160175870638
0.1269445693478564
0.3208126255858193
0.5472243835689072
0.7318743452235358
0.8016668948219762
0.7124121216053337
0.4670805068288775
0.11719346580940478
0.25351672270994263
0.5570872127331437
0.7303199454211403
0.7538862698239314
0.6546965103462866
0.4914069444735988
0.32955137144658675
0.21661333689918794
0.16689489253210635
0.16157510047684745
0.16282333580260766
0.13500062082763864
0.06327069876778951
0.03857382405832101
0.13429725742758367
0.18237307957500268
0.1561927461551216
0.05805554106575656
0.07962107969212419
0.2068082674990146
0.27692311329065683
0.2673316150366055
0.19015720313691856
0.08820228346745906
0.01709419441525211
0.020770687920807357
0.1105536428844636
0.25692948998774917
0.39814556213725044
0.4628652302048608
0.3982302031690442
0.19221708640659005
0.11878822483372921
0.4605253194584564
0.7456871755604987
0.9035888908786774
0.903380765920045
0.7621859883988408
0.5356174026129233
0.29509610290373584
0.10141469991590751
0.014945003200856245
0.059464181066234946
0.06403322604778708
0.06738286910916033
0.09465907237934444
0.14525581841343954
0.1940651597286989
0.2051981680895757
0.1516299693996117
0.031546243080268384
0.12642925763544
0.27206870001352285
0.3531258248772499
0.33744260026647066
0.22791409355465853
0.06338810302999365
0.09560891933998691
0.1909634295890925
0.19115408484547305
0.10540565477612927
0.01844300294338453
0.11205885295580231
0.11384303268169703
0.005489472888465777
0.22927583145359046
0.49886119642662274
0.7338164841368313
0.86063200743268
0.8387808013230202
0.6741970613759585
0.4153353009512259
0.13394118457284587
0.10138188870152355
0.24819127026343782
0.30103632012443277
0.2866978166796623
0.2470126615366376
0.2174842574428767
0.21127100084240688
0.21539607709255182
0.20038226664290837
0.13845292401597045
0.02158185331852965
0.1293117697806706
0.26884318212588265
0.34405154275375976
0.31677796579407547
0.18185181042214763
0.027204981493828564
0.2482164996217995
0.4128002395688612
0.4725016879752828
0.4180234891418379
0.28346511933407104
0.13341555896326865
0.037682610887015945
0.04354301421729492
0.15653566189936519
0.3374941785154628
0.5170589222614447
0.6219462390305769
0.6026166970744078
0.45154610079883395
0.20520641182517357
0.07052804665566693
0.3052494622679207
0.448986097367572
0.487464777106075
0.4422222526304336
0.3565840763771291
0.27435059235454745
0.22078239366458333
0.1940651597286983
0.17053717658155373
0.12073700471320718
0.028477403381161278
0.09622636404633743
0.2168502279652269
0.2835395180560234
0.2545224815429396
0.11655716458157953
0.10482524842781953
0.35053272091352544
0.5474435844611978
0.6349943760235098
0.5883011286615065
0.4283321814599059
0.21464849732405084
0.023178990685961565
0.08243720817405087
0.07473491074746355
0.02783499961690865
0.16905107176641007
0.2775766765729338
0.29502230707418625
0.19830188267729998
0.007657989022863124
0.22235034113546853
0.42471766193559707
0.545517628145824
0.5627454489578617
0.49127434717743945
0.37273661311934714
0.2554605213301937
0.17356410188384452
0.1342972574275837
0.11881222284067085
0.09546383676633972
0.039140348337316826
0.05257274128994407
0.15421789451814585
0.2212354269252908
0.20936722485497103
0.09642919030757215
0.10327662501620159
0.3389035153512933
0.5384901927313795
0.6344596729308185
0.5892803507316936
0.4109027696089344
0.15140104904576246
0.11114332537003052
0.3007588541200185
0.37087474063687254
0.32022107773822045
0.19128720211006012
0.052218110730652134
0.030441477551135243
0.017263977822679362
0.09022606818902734
0.25240660526009573
0.40926337916447325
0.5051831276136813
0.5104840955428964
0.43107790446089356
0.3029144704273612
0.17436095718157016
0.0846506160506012
0.047930136245160807
0.049704474749134996
0.05685397474384696
0.03633299287228493
0.026219105573742147
0.11673191843375533
0.19671964848104329
0.2198429131813998
0.15408955160866644
1.7533151167143152E-4
0.20469194245584757
0.3936885018192973
0.4968746669251318
0.46626509110352365
0.29607117534994637
0.02733553188114256
0.26508720929554735
0.49856859504740275
0.6118696805426025
0.5862153186200915
0.45024318598108304
0.26718307465851227
0.10962733731611968
0.032029688814350074
0.05170356152608641
0.145382333019997
0.26193448980922657
0.34529349131671255
0.35774801027073827
0.294000733728247
0.18063985836607496
0.062018756816457646
0.02070971529254048
0.04793013624516091
0.029205725863467986
0.00295997240235475
0.010203613041883981
0.031671429930272964
0.11900546979759254
0.21950882408380878
0.28532907555316417
0.2747006270821792
0.17287875839659309
0.002954962146124656
0.17888839092513378
0.30269632234057897
0.3114196319470509
0.18435202020295724
0.052344834191880525
0.33275074906173746
0.5736656172507989
0.7040095521817433
0.6898585593394683
0.5455119568322545
0.32651652551316057
0.10769803854627595
0.04492265353139587
0.09727190653298368
0.05666830585748493
0.03541371757860222
0.12342780053421791
0.1618074116718333
0.13287291827062758
0.051484576206242604
0.04478032894970377
0.11491543090709573
0.1342972574275836
0.10608952425430689
0.059200573479643415
0.0338154188439897
0.0611164882300059
0.1465009988737274
0.26421077814197336
0.36637917830124883
0.4031564836936292
0.3455255593421201
0.2008703172050634
0.014053828981560542
0.14735239568255196
0.21839544733684185
0.1627027304807425
0.01146732154190541
0.2519126282752845
0.4801448514470435
0.6194516641784623
0.622581181830811
0.4883639653276122
0.26097198348110734
0.012397995499000194
0.18468081357265217
0.2828780314916022
0.2749160598805306
0.1920763050784691
0.08783128322982292
0.01413112901200312
4.8046705887607637E-4
0.044317943778097585
0.11607767328438097
0.17590578286701125
0.19406515972869867
0.16566902460847385
0.11308822597527658
0.07497214809428017
0.08686920265938106
0.16230025233243886
0.2831305240756044
0.4041671057146607
0.47072863235813384
0.4421312737065801
0.31112412957707514
0.1106028827373769
0.0960221788391646
0.23768280632862762
0.2629754668847497
0.16104528036188578
0.032568681627320226
0.24785147689000406
0.4056432313091239
0.44664284427871725
0.35284920798427294
0.15322035762541364
0.08837455046003932
0.2978329383983188
0.4181839518806047
0.42891907049975764
0.3501231413785087
0.23060143966622942
0.12569705889989363
0.07444914686611324
0.08557553643203997
0.1376384706498551
0.19249080410631486
0.21539607709255182
0.19249080410631486
0.1376384706498551
0.08557553643203997
0.07444914686611324
0.12569705889989363
0.23060143966622942
0.3501231413785087
0.42891907049975764
0.4181839518806047
0.2978329383983188
0.08837455046003932
0.15322035762541364
0.35284920798427294
0.44664284427871725
0.4056432313091239
0.24785147689000406
0.032568681627320226
0.16104528036188578
0.2629754668847497
0.23768280632862762
0.0960221788391646
0.1106028827373769
0.31112412957707514
0.4421312737065801
0.47072863235813384
0.4041671057146607
0.2831305240756044
0.16230025233243886
0.08686920265938106
0.07497214809428017
0.11308822597527658
0.16566902460847385
0.19406515972869867
0.17590578286701125
0.11607767328438097
0.044317943778097585
4.8046705887607637E-4
0.01413112901200312
0.08783128322982292
0.1920763050784691
0.2749160598805306
0.2828780314916022
0.18468081357265217
0.012397995499000194
0.26097198348110734
0.4883639653276122
0.622581181830811
0.6194516641784623
0.4801448514470435
0.2519126282752845
0.01146732154190541
0.1627027304807425
0.21839544733684185
0.14735239568255196
0.014053828981560542
0.2008703172050634
0.3455255593421201
0.4031564836936292
0.36637917830124883
0.26421077814197336
0.1465009988737274
0.0611164882300059
0.0338154188439897
0.059200573479643415
0.10608952425430689
0.1342972574275836
0.11491543090709573
0.04478032894970377
0.051484576206242604
0.13287291827062758
0.1618074116718333
0.12342780053421791
0.03541371757860222
0.05666830585748493
0.09727190653298368
0.04492265353139587
0.10769803854627595
0.32651652551316057
0.5455119568322545
0.6898585593394683
0.7040095521817433
0.5736656172507989
0.33275074906173746
0.052344834191880525
0.18435202020295724
0.3114196319470509
0.30269632234057897
0.17888839092513378
0.002954962146124656
0.17287875839659309
0.2747006270821792
0.28532907555316417
0.21950882408380878
0.11900546979759254
0.031671429930272964
0.010203613041883981
0.00295997240235475
0.029205725863467986
0.04793013624516091
0.02070971529254048
0.062018756816457646
0.18063985836607496
0.294000733728247
0.35774801027073827
0.34529349131671255
0.26193448980922657
0.145382333019997
0.05170356152608641
0.032029688814350074
0.10962733731611968
0.26718307465851227
0.45024318598108304
0.5862153186200915
0.6118696805426025
0.49856859504740275
0.26508720929554735
0.02733553188114256
0.29607117534994637
0.46626509110352365
0.4968746669251318
0.3936885018192973
0.20469194245584757
1.7533151167143152E-4
0.15408955160866644
0.2198429131813998
0.19671964848104329
0.11673191843375533
0.026219105573742147
0.03633299287228493
0.05685397474384696
0.049704474749134996
0.047930136245160807
0.0846506160506012
0.17436095718157016
0.3029144704273612
0.43107790446089356
0.5104840955428964
0.5051831276136813
0.40926337916447325
0.25240660526009573
0.09022606818902734
0.017263977822679362
0.030441477551135243
0.052218110730652134
0.19128720211006012
0.32022107773822045
0.37087474063687254
0.3007588541200185
0.11114332537003052
0.15140104904576246
0.4109027696089344
0.5892803507316936
0.6344596729308185
0.5384901927313795
0.3389035153512933
0.10327662501620159
0.09642919030757215
0.20936722485497103
0.2212354269252908
0.15421789451814585
0.05257274128994407
0.039140348337316826
0.09546383676633972
0.11881222284067085
0.1342972574275837
0.17356410188384452
0.2554605213301937
0.37273661311934714
0.49127434717743945
0.5627454489578617
0.545517628145824
0.42471766193559707
0.22235034113546853
0.007657989022863124
0.19830188267729998
0.29502230707418625
0.2775766765729338
0.16905107176641007
0.02783499961690865
0.07473491074746355
0.08243720817405087
0.023178990685961565
0.21464849732405084
0.4283321814599059
0.5883011286615065
0.6349943760235098
0.5474435844611978
0.35053272091352544
0.10482524842781953
0.11655716458157953
0.2545224815429396
0.2835395180560234
0.2168502279652269
0.09622636404633743
0.028477403381161278
0.12073700471320718
0.17053717658155373
0.1940651597286983
0.22078239366458333
0.27435059235454745
0.3565840763771291
0.4422222526304336
0.487464777106075
0.448986097367572
0.3052494622679207
0.07052804665566693
0.20520641182517357
0.45154610079883395
0.6026166970744078
0.6219462390305769
0.5170589222614447
0.3374941785154628
0.15653566189936519
0.04354301421729492
0.037682610887015945
0.13341555896326865
0.28346511933407104
0.4180234891418379
0.4725016879752828
0.4128002395688612
0.2482164996217995
0.027204981493828564
0.18185181042214763
0.31677796579407547
0.34405154275375976
0.26884318212588265
0.1293117697806706
0.02158185331852965
0.13845292401597045
0.20038226664290837
0.21539607709255182
0.21127100084240688
0.2174842574428767
0.2470126615366376
0.2866978166796623
0.30103632012443277
0.24819127026343782
0.10138188870152355
0.13394118457284587
0.4153353009512259
0.6741970613759585
0.8387808013230202
0.86063200743268
0.7338164841368313
0.49886119642662274
0.22927583145359046
0.005489472888465777
0.11384303268169703
0.11205885295580231
0.01844300294338453
0.10540565477612927
0.19115408484547305
0.1909634295890925
0.09560891933998691
0.06338810302999365
0.22791409355465853
0.33744260026647066
0.3531258248772499
0.27206870001352285
0.12642925763544
0.031546243080268384
0.1516299693996117
0.2051981680895757
0.1940651597286989
0.14525581841343954
0.09465907237934444
0.06738286910916033
0.06403322604778708
0.059464181066234946
0.014945003200856245
0.10141469991590751
0.29509610290373584
0.5356174026129233
0.7621859883988408
0.903380765920045
0.9035888908786774
0.7456871755604987
0.4605253194584564
0.11878822483372921
0.19221708640659005
0.3982302031690442
0.4628652302048608
0.39814556213725044
0.25692948998774917
0.1105536428844636
0.020770687920807357
0.01709419441525211
0.08820228346745906
0.19015720313691856
0.2673316150366055
0.27692311329065683
0.2068082674990146
0.07962107969212419
0.05805554106575656
0.1561927461551216
0.18237307957500268
0.13429725742758367
0.03857382405832101
0.06327069876778951
0.13500062082763864
0.16282333580260766
0.16157510047684745
0.16689489253210635
0.21661333689918794
0.32955137144658675
0.4914069444735988
0.6546965103462866
0.7538862698239314
0.7303199454211403
0.5570872127331437
0.25351672270994263
0.11719346580940478
0.4670805068288775
0.7124121216053337
0.8016668948219762
0.7318743452235358
0.5472243835689072
0.3208126255858193
0.1269445693478564
0.014929160175870638
0.005634204301294536
0.037010528167543785
0.09347038416947971
0.11705280815628413
0.0845035337887372
0.00509734270673447
0.08521584903003607
0.14143203781342306
0.1307454610419505
0.047930136245160807
0.08189761274768532
0.21424002164283892
0.3049275077274524
0.32971807588510516
0.29492134905156014
0.23407250570406046
0.19181035430391544
0.20184762985018062
0.26876984636683854
0.36207798935483915
0.42588163981784716
0.40101439443480963
0.25086901401097156
0.019721819645047337
0.3607947875762549
0.6910677710497064
0.9245491568015618
1.0
0.9020083136150853
0.6656392630736351
0.36304334714883435
0.07743419931756987
0.1253563580846415
0.2168909533290807
0.21055484843885008
0.1497187776760887
0.08549866286839121
0.05390525721457717
0.06193644773060035
0.08795465648909254
0.09536729008253432
0.05290285329109081
0.047930136245160695
0.18619035122908373
0.318752967397348
0.39833393249928123
0.39430913182388616
0.3069750919565666
0.16862149537358842
0.03046391944182931
0.05930454998962726
0.07701848590627121
0.03514810014467465
0.021502344026142137
0.0341018074854118
0.04451754951179619
0.22730124728235812
0.48313698837698416
0.7444040165470527
0.929602798709646
0.9726040670369105
0.84724460623846
0.5777050948308046
0.23065625302283865
0.10769803854627587
0.36071564852638927
0.4854022259903809
0.48264886761164383
0.39056684417555676
0.26470251892317925
0.15398558332316004
0.08252315882192414
0.044375696284079225
0.01258719095115355
0.042470615991896124
0.13429725742758375
0.2498476572045403
0.35245269400567186
0.396976735341114
0.35053677925530946
0.20943618258511967
0.004383736713193786
0.20899313140225728
0.37096334569507927
0.4413858318324423
0.41626639429761547
0.3298468239765541
0.24077792377484541
0.20758511441731736
0.2632778312734166
0.39959764099930273
0.5677056232702778
0.6955409285395951
0.7153119366687839
0.5903880438322605
0.3309779184286202
0.007622531374060171
0.3435391859598472
0.5963340810579676
0.7136701856767058
0.686569327365846
0.5480134865373162
0.3564257980849901
0.17151717591099508
0.03267360505742643
0.05154232871222403
0.09931840380817064
0.13988721212798202
0.19406515972869853
0.2603115371456852
0.31289233577888254
0.3131581713631173
0.22892379233561252
0.053095824760113236
0.1872702515852823
0.4363602437132106
0.6281146792571254
0.7107257885617473
0.667061311035922
0.5222561502226922
0.33476997534593916
0.17397046115668785
0.09296171457409765
0.10754923449328173
0.18995472852631218
0.2800446148885542
0.3097829588188021
0.23124676718616552
0.03705621298927952
0.23490996183198357
0.5143551122141983
0.7238135001524779
0.806314271338002
0.7447120654947511
0.5655192184710606
0.32646171215655134
0.09350392090134353
0.08293690003287851
0.18301897842312725
0.21829871080899205
0.21916246337900036
