0.044189840058732416
0.04357890212524657
0.05265622806327724
0.0464588280295187
0.07478094608800395
0.10132805342755799
0.034594155926489394
0.028533555038816674
1.1735885632106963E-4
0.04481114367747479
0.14545286417137168
0.048680558943641476
0.09175556761755616
0.08040811524960273
0.06398572349596326
0.13260344797957288
0.09874396589631369
0.020344232726065635
0.34042690502547474
0.43630969483674703
0.2174693772442198
0.17819552432498867
0.5334713776518912
0.4698218133573655
0.25349855406016486
0.07118535023906718
0.18483725465695275
0.37640644235871534
0.4641059598240986
0.015996661912558892
0.22338010686594517
0.6646913435592409
0.20046018468360347
0.37117722989827723
0.039916780259544114
0.012016110224853462
1.0
0.30039275739449084
0.46028167406954795
0.04873943368938239
0.14406799951623606
0.022469639068960913
0.4396006808888086
0.4529577950084223
0.2645888639224137
0.5281743864318573
0.22488168397278788
0.3836336504854332
0.3099555290773033
0.6101137148305855
0.19779503179881108
0.2870879720718635
0.1577814549943858
0.047085421453659036
0.11249607534838743
0.011512332945299386
0.034976925065723405
0.014433549854725081
0.20030901668319367
0.06192241997408492
0.05259557716161509
0.03410233650482868
0.08533834531823037
0.002602031221087435
0.08934450893494991
0.03336847038345474
0.017361593023266435
0.04388249050657173
0.0014883636134263587
0.028938631645956607
0.021368631998436843
0.024225966468197864
0.04996739756187565
0.0032480778297601194
0.0074397021295994365
0.005298433506580599
0.012012943621815247
0.005583839637510866
5.345731300151523E-4
0.010703623661298083
0.035954773318490854
0.020051834866508
0.03061451068249518
6.105790999494592E-4
0.07920373545199419
0.04642940103228187
0.005063251234352318
0.037339518433907516
0.024541792061213694
0.036598497890377016
0.03306050231564982
0.01872771951704168
0.005117679169693169
0.06937134734680926
0.04130297211973336
0.05101343263928576
0.021838150254637145
0.006234016487451296
0.019478790919218343
0.019840350440121366
0.007952599542056408
0.02422237947938164
0.014105314261175114
0.022761581240789974
0.01460063615139497
0.02168084791281269
0.03366101474761709
0.0031131634452959043
0.005253341220321013
6.686812656518616E-4
0.0321227674316185
0.013736966799883767
0.027064387797365756
0.020967465874354774
0.017345418632573772
0.006631876469452698
0.024145573282845573
0.010174399952097063
0.016618357204313323
0.03818905732098523
0.07697269429100217
0.013336314394732368
0.00817666817033068
0.006247523422284259
0.0015798080669110225
0.013323006625834051
0.0024683567208786967
0.024282568929352454
0.009924669347879661
0.0017087294730256228
0.0011170459755322608
0.02388034980558594
0.018322010939390825
0.013533274016809115
0.008884923248077624
0.003378709160248552
0.0054806103995415105
0.0033958175077346124
0.012874738078350254
0.0013623500751653128
0.014750490649442652
0.00574113254584466
0.002961217206846647
0.0061159362193597255
0.0037392108872615192
0.009798780547853799
0.010617861859397767
0.0037958613444260617
0.0022537727918691664
0.01280802629701784
0.002734633943414555
0.005811714639121665
0.006660993172939856
0.008766543284415765
0.005015099251601077
0.004508960496130418
0.0038040182915507945
0.004987006361926716
0.0058349376746260825
0.0011765841531969747
0.007588592352982909
2.5063286697425897E-4
0.005897146338150572
0.0025789856970071193
0.003135295443318968
0.00377961017101621
0.0032030779826582646
0.0012110365789252103
0.0021652149813557574
5.68568436427617E-4
0.003113681371649134
0.0033907625528939054
0.005061513220967574
0.005881216162244966
0.006038721731653049
1.4378336566933151E-4
0.007509975857920721
0.00571263015605809
0.004966863739454005
0.0025018540709869246
0.005557622591874191
0.002073158407185742
0.0029559834772488157
0.0017367297561714594
0.0033344616387498377
0.0040574082471102335
0.006194928364222767
0.002375850123895906
0.002114572918579865
0.0018414859818119212
0.0022714335246559088
1.1063771137483513E-4
0.004876053753661661
0.003296688602570672
0.007393877580525647
7.501321097096273E-4
0.0034585352692271002
0.00164523397545687
1.7613242432921953E-4
8.922794915582677E-4
0.0013015478911859533
0.011220351722055006
0.0038903776846287543
0.004365099408124095
1.0632861974869998E-4
0.0017097904977076356
0.002163781311352156
0.00182586789745699
0.0036763325558107443
0.0016100464461760635
0.005293447860175552
9.881067964874082E-4
0.004353038280997155
0.002561306452786691
0.003584068683548074
7.516858688977815E-5
0.002559722858788378
0.0036837233157361337
3.0168689883444585E-4
0.0025851045235218387
0.002614764107217631
0.004749600688916459
0.008040473441181207
0.0034808494154200923
6.16659336266696E-5
0.001269102543699907
6.918592502149737E-4
0.0010867538582357596
0.003247009507366697
0.0019968622881646244
0.003816760321234801
0.0018921064113545647
0.0076823628025845135
0.0016731271592839183
0.008967868666871655
0.002854876438307966
0.007158959554466993
0.003043291500582224
0.0010384465305149277
3.6255408021982304E-4
8.709573445472478E-4
0.0037216782507605486
0.002696904702762838
3.3389723745644046E-4
0.007256562961923556
2.782565468133791E-4
0.00117299617359676
0.0043120554828932935
0.0032075131610784357
0.004477759874137856
0.001077327960477054
0.0021749225706372273
0.004205500144294535
2.548223233951363E-4
0.0024347338728290865
0.002094581197732967
0.003588172166873781
9.325849708435849E-4
0.00405057659481442
0.003150462799467457
0.004212324803819415
0.001003531996609929
1.7911999608839654E-4
0.00717875464236658
0.0031247918908855715
0.0026873644844207633
0.004435599697994691
0.003444893313188179
0.0013803740112631343
4.6737812286144683E-4
0.0026196771198000136
0.002669690051025713
0.003411548954959149
0.0045869628127930065
8.067740011259611E-4
0.001177667456762051
0.0017213709657626082
0.003006847181377212
0.0020147256217760545
3.284441241390145E-4
0.001276393929977909
3.5091414973766684E-4
0.003981874457581961
8.124155157784876E-4
0.0028009428432044024
3.478079924243929E-4
0.0011917151944306477
0.0032065483426531134
0.003518996151814657
0.001068379977635943
0.0032543215390550798
5.49963864308853E-4
0.0025523441324405037
0.004496969255229244
0.004551015386916625
0.0028281670390213525
0.002755994046574969
0.00595347982487378
4.1797307753723513E-4
0.0028262732164076425
0.004870723211224865
0.0033107839742377576
0.0032382758435615805
0.0019731833743739757
0.0013371158862971824
0.0028998555761072923
0.0025063832964957043
0.001986598629224445
0.0047913017190752685
0.0028830262011177703
0.0011039752501774789
6.382340129369622E-4
0.003352415468447709
0.0034752181130372323
0.003945156267044332
0.0015633284253907733
0.0018112088228107862
1.4069319354395083E-4
0.0027016812432389863
6.395460280036297E-5
0.004571416716057412
0.0026433672454453617
0.0023828871058814614
0.005394234889357042
0.004284320053163574
0.003375909153303338
0.002797755000444932
0.0033958455806235807
0.0044937029940801945
5.883226924332462E-4
0.0013161810198343577
0.0014356029180015429
0.0030262537883022516
0.006755725709749582
0.004335579591141285
0.0015762526157714763
0.0025678390424784332
0.0032314694565872804
2.2573021066416354E-4
0.0032560124852033007
3.9453138849365033E-4
0.00394338166756403
4.966410975652249E-4
0.003505741428682042
0.003424376251798636
0.0016327650942022994
7.690581789896129E-4
0.0021228517600393295
7.905954784727067E-4
6.9758589792105E-4
0.0013456917599647459
0.0013483159988482713
0.004275738687616428
0.0012752616063721473
0.004551183762402687
5.432359067906098E-4
0.0026769907730272197
0.00563672287575124
0.0034811767351899617
0.00394015641124948
0.004998047574947228
0.004292677490488265
0.002643678666263422
0.00350415850675784
0.004814038681967302
0.003067841785774493
0.006162073095146349
0.0023000979498349777
0.0036020716740949614
0.0037960544289472545
3.026895562126387E-4
5.575467944994689E-4
0.005414668746535651
7.059102962377979E-4
0.007707381324085668
0.0011931823581132716
7.613143502480982E-4
0.0018366092959616316
0.0036670670599636018
0.004566360761741641
0.001863665983410706
0.0012987114577400205
0.0015337130621795527
0.0027709637043571308
0.0013336838751961519
0.004914299160972526
0.0027520579199990804
0.006424145264504533
0.006884985991382022
6.306611795650856E-4
0.005672559825216106
0.004779329023460003
0.0018339632855315282
0.00509450990153394
0.0051690716649085535
0.002174458156483153
0.0017707029629970103
0.004406032357196157
0.002757298637854669
0.0019469470767694904
0.0019561202743836165
0.0036669609387037683
0.0023751478684401555
0.0017191853732872184
6.160581208236364E-4
0.0026506560258563695
0.0011665724208857343
0.0021777456634877036
0.00341403694448928
0.002581655279475022
0.002371302527704477
7.145236056672441E-4
0.004337472238411068
0.0010227249751552571
0.0046134277920947975
0.004680352522117829
0.004169759170234126
0.002186485289678265
0.006188985299305576
0.0030718527045182384
0.0016513839983004258
5.970041635737808E-4
0.0033684258992202156
0.0031585295662657654
0.0028501440356009226
0.003456763760361969
7.137416009411118E-4
0.008210656601389582
0.005354817401842
0.003674539195299862
0.0015151841217153205
0.0012649569490121137
0.0025612376165448903
0.005306214919549782
0.0011680763158384035
0.0032961398872371063
0.0018261485876554687
0.0027821103281829873
0.0028755063713548205
0.0030835107612400977
0.0028789214302661244
0.007441032711974723
0.003524965884801661
0.0021811880758080522
2.921262185006112E-4
0.0016756686484007287
0.0017393801252417879
9.280562872436243E-4
2.3241964109833315E-4
0.0038064038011695975
0.003070021397509547
8.463314219205911E-4
0.002520688800693322
0.0037220877173845244
0.004750136042258322
0.0017924454739407113
0.0011767696698232293
0.006355373638446063
0.002438855706794738
2.193671715119418E-4
0.004506567199545249
0.0015339813989916039
0.0012614042742363765
0.0015339813989916039
0.004506567199545249
2.193671715119418E-4
0.002438855706794738
0.006355373638446063
0.0011767696698232293
0.0017924454739407113
0.004750136042258322
0.0037220877173845244
0.002520688800693322
8.463314219205911E-4
0.003070021397509547
0.0038064038011695975
2.3241964109833315E-4
9.280562872436243E-4
0.0017393801252417879
0.0016756686484007287
2.921262185006112E-4
0.0021811880758080522
0.003524965884801661
0.007441032711974723
0.0028789214302661244
0.0030835107612400977
0.0028755063713548205
0.0027821103281829873
0.0018261485876554687
0.0032961398872371063
0.0011680763158384035
0.005306214919549782
0.0025612376165448903
0.0012649569490121137
0.0015151841217153205
0.003674539195299862
0.005354817401842
0.008210656601389582
7.137416009411118E-4
0.003456763760361969
0.0028501440356009226
0.0031585295662657654
0.0033684258992202156
5.970041635737808E-4
0.0016513839983004258
0.0030718527045182384
0.006188985299305576
0.002186485289678265
0.004169759170234126
0.004680352522117829
0.0046134277920947975
0.0010227249751552571
0.004337472238411068
7.145236056672441E-4
0.002371302527704477
0.002581655279475022
0.00341403694448928
0.0021777456634877036
0.0011665724208857343
0.0026506560258563695
6.160581208236364E-4
0.0017191853732872184
0.0023751478684401555
0.0036669609387037683
0.0019561202743836165
0.0019469470767694904
0.002757298637854669
0.004406032357196157
0.0017707029629970103
0.002174458156483153
0.0051690716649085535
0.00509450990153394
0.0018339632855315282
0.004779329023460003
0.005672559825216106
6.306611795650856E-4
0.006884985991382022
0.006424145264504533
0.0027520579199990804
0.004914299160972526
0.0013336838751961519
0.0027709637043571308
0.0015337130621795527
0.0012987114577400205
0.001863665983410706
0.004566360761741641
0.0036670670599636018
0.0018366092959616316
7.613143502480982E-4
0.0011931823581132716
0.007707381324085668
7.059102962377979E-4
0.005414668746535651
5.575467944994689E-4
3.026895562126387E-4
0.0037960544289472545
0.0036020716740949614
0.0023000979498349777
0.006162073095146349
0.003067841785774493
0.004814038681967302
0.00350415850675784
0.002643678666263422
0.004292677490488265
0.004998047574947228
0.00394015641124948
0.0034811767351899617
0.00563672287575124
0.0026769907730272197
5.432359067906098E-4
0.004551183762402687
0.0012752616063721473
0.004275738687616428
0.0013483159988482713
0.0013456917599647459
6.9758589792105E-4
7.905954784727067E-4
0.0021228517600393295
7.690581789896129E-4
0.0016327650942022994
0.003424376251798636
0.003505741428682042
4.966410975652249E-4
0.00394338166756403
3.9453138849365033E-4
0.0032560124852033007
2.2573021066416354E-4
0.0032314694565872804
0.0025678390424784332
0.0015762526157714763
0.004335579591141285
0.006755725709749582
0.0030262537883022516
0.0014356029180015429
0.0013161810198343577
5.883226924332462E-4
0.0044937029940801945
0.0033958455806235807
0.002797755000444932
0.003375909153303338
0.004284320053163574
0.005394234889357042
0.0023828871058814614
0.0026433672454453617
0.004571416716057412
6.395460280036297E-5
0.0027016812432389863
1.4069319354395083E-4
0.0018112088228107862
0.0015633284253907733
0.003945156267044332
0.0034752181130372323
0.003352415468447709
6.382340129369622E-4
0.0011039752501774789
0.0028830262011177703
0.0047913017190752685
0.001986598629224445
0.0025063832964957043
0.0028998555761072923
0.0013371158862971824
0.0019731833743739757
0.0032382758435615805
0.0033107839742377576
0.004870723211224865
0.0028262732164076425
4.1797307753723513E-4
0.00595347982487378
0.002755994046574969
0.0028281670390213525
0.004551015386916625
0.004496969255229244
0.0025523441324405037
5.49963864308853E-4
0.0032543215390550798
0.001068379977635943
0.003518996151814657
0.0032065483426531134
0.0011917151944306477
3.478079924243929E-4
0.0028009428432044024
8.124155157784876E-4
0.003981874457581961
3.5091414973766684E-4
0.001276393929977909
3.284441241390145E-4
0.0020147256217760545
0.003006847181377212
0.0017213709657626082
0.001177667456762051
8.067740011259611E-4
0.0045869628127930065
0.003411548954959149
0.002669690051025713
0.0026196771198000136
4.6737812286144683E-4
0.0013803740112631343
0.003444893313188179
0.004435599697994691
0.0026873644844207633
0.0031247918908855715
0.00717875464236658
1.7911999608839654E-4
0.001003531996609929
0.004212324803819415
0.003150462799467457
0.00405057659481442
9.325849708435849E-4
0.003588172166873781
0.002094581197732967
0.0024347338728290865
2.548223233951363E-4
0.004205500144294535
0.0021749225706372273
0.001077327960477054
0.004477759874137856
0.0032075131610784357
0.0043120554828932935
0.00117299617359676
2.782565468133791E-4
0.007256562961923556
3.3389723745644046E-4
0.002696904702762838
0.0037216782507605486
8.709573445472478E-4
3.6255408021982304E-4
0.0010384465305149277
0.003043291500582224
0.007158959554466993
0.002854876438307966
0.008967868666871655
0.0016731271592839183
0.0076823628025845135
0.0018921064113545647
0.003816760321234801
0.0019968622881646244
0.003247009507366697
0.0010867538582357596
6.918592502149737E-4
0.001269102543699907
6.16659336266696E-5
0.0034808494154200923
0.008040473441181207
0.004749600688916459
0.002614764107217631
0.0025851045235218387
3.0168689883444585E-4
0.0036837233157361337
0.002559722858788378
7.516858688977815E-5
0.003584068683548074
0.002561306452786691
0.004353038280997155
9.881067964874082E-4
0.005293447860175552
0.0016100464461760635
0.0036763325558107443
0.00182586789745699
0.002163781311352156
0.0017097904977076356
1.0632861974869998E-4
0.004365099408124095
0.0038903776846287543
0.011220351722055006
0.0013015478911859533
8.922794915582677E-4
1.7613242432921953E-4
0.00164523397545687
0.0034585352692271002
7.501321097096273E-4
0.007393877580525647
0.003296688602570672
0.004876053753661661
1.1063771137483513E-4
0.0022714335246559088
0.0018414859818119212
0.002114572918579865
0.002375850123895906
0.006194928364222767
0.0040574082471102335
0.0033344616387498377
0.0017367297561714594
0.0029559834772488157
0.002073158407185742
0.005557622591874191
0.0025018540709869246
0.004966863739454005
0.00571263015605809
0.007509975857920721
1.4378336566933151E-4
0.006038721731653049
0.005881216162244966
0.005061513220967574
0.0033907625528939054
0.003113681371649134
5.68568436427617E-4
0.0021652149813557574
0.0012110365789252103
0.0032030779826582646
0.00377961017101621
0.003135295443318968
0.0025789856970071193
0.005897146338150572
2.5063286697425897E-4
0.007588592352982909
0.0011765841531969747
0.0058349376746260825
0.004987006361926716
0.0038040182915507945
0.004508960496130418
0.005015099251601077
0.008766543284415765
0.006660993172939856
0.005811714639121665
0.002734633943414555
0.01280802629701784
0.0022537727918691664
0.0037958613444260617
0.010617861859397767
0.009798780547853799
0.0037392108872615192
0.0061159362193597255
0.002961217206846647
0.00574113254584466
0.014750490649442652
0.0013623500751653128
0.012874738078350254
0.0033958175077346124
0.0054806103995415105
0.003378709160248552
0.008884923248077624
0.013533274016809115
0.018322010939390825
0.02388034980558594
0.0011170459755322608
0.0017087294730256228
0.009924669347879661
0.024282568929352454
0.0024683567208786967
0.013323006625834051
0.0015798080669110225
0.006247523422284259
0.00817666817033068
0.013336314394732368
0.07697269429100217
0.03818905732098523
0.016618357204313323
0.010174399952097063
0.024145573282845573
0.006631876469452698
0.017345418632573772
0.020967465874354774
0.027064387797365756
0.013736966799883767
0.0321227674316185
6.686812656518616E-4
0.005253341220321013
0.0031131634452959043
0.03366101474761709
0.02168084791281269
0.01460063615139497
0.022761581240789974
0.014105314261175114
0.02422237947938164
0.007952599542056408
0.019840350440121366
0.019478790919218343
0.006234016487451296
0.021838150254637145
0.05101343263928576
0.04130297211973336
0.06937134734680926
0.005117679169693169
0.01872771951704168
0.03306050231564982
0.036598497890377016
0.024541792061213694
0.037339518433907516
0.005063251234352318
0.04642940103228187
0.07920373545199419
6.105790999494592E-4
0.03061451068249518
0.020051834866508
0.035954773318490854
0.010703623661298083
5.345731300151523E-4
0.005583839637510866
0.012012943621815247
0.005298433506580599
0.0074397021295994365
0.0032480778297601194
0.04996739756187565
0.024225966468197864
0.021368631998436843
0.028938631645956607
0.0014883636134263587
0.04388249050657173
0.017361593023266435
0.03336847038345474
0.08934450893494991
0.002602031221087435
0.08533834531823037
0.03410233650482868
0.05259557716161509
0.06192241997408492
0.20030901668319367
0.014433549854725081
0.034976925065723405
0.011512332945299386
0.11249607534838743
0.047085421453659036
0.1577814549943858
0.2870879720718635
0.19779503179881108
0.6101137148305855
0.3099555290773033
0.3836336504854332
0.22488168397278788
0.5281743864318573
0.2645888639224137
0.4529577950084223
0.4396006808888086
0.022469639068960913
0.14406799951623606
0.04873943368938239
0.46028167406954795
0.30039275739449084
1.0
0.012016110224853462
0.039916780259544114
0.37117722989827723
0.20046018468360347
0.6646913435592409
0.22338010686594517
0.015996661912558892
0.4641059598240986
0.37640644235871534
0.18483725465695275
0.07118535023906718
0.25349855406016486
0.4698218133573655
0.5334713776518912
0.17819552432498867
0.2174693772442198
0.43630969483674703
0.34042690502547474
0.020344232726065635
0.09874396589631369
0.13260344797957288
0.06398572349596326
0.08040811524960273
0.09175556761755616
0.048680558943641476
0.14545286417137168
0.04481114367747479
1.1735885632106963E-4
0.028533555038816674
0.034594155926489394
0.10132805342755799
0.07478094608800395
0.0464588280295187
0.05265622806327724
0.04357890212524657
