-0.021257138208034904
0.014925907164630858
0.015515399305790623
0.01791896084535105
0.0606380087370088
0.18893008736126796
0.0024573979962133783
0.0012040816081677823
0.19875213047892276
0.20097124701362068
0.01911764065711436
0.1502626059875688
0.17805944529089324
0.05170376846612767
0.10303137588872915
0.0788931891745291
0.0061811045285983055
0.004277242933386426
0.22008686587600698
0.7256979365980636
0.27683827891700824
0.8977984949201516
0.23531758304700434
0.44635368415322546
0.003247580489604487
0.1286571501773519
0.24385132915723468
0.6191049593504357
0.22415964784769324
0.03732303654635269
0.7041077492156007
0.6257447331096708
0.14325698378835366
0.5049073261786465
0.3550102602980644
0.11462018252815541
0.6263942431967733
0.3711453729464729
1.0
0.47528609130581273
0.35369782481325385
0.12315506542424388
0.08834509122724407
0.14096792602777192
0.7486748882228214
0.3175535262583953
0.6331472767564629
0.09493769327228303
0.08475986427020445
0.22103903149579862
0.08583886675704455
0.05817906267359273
0.1409916613932624
0.2196312550001852
0.31605251544466206
4.5304976115615315E-4
0.1074604703013147
0.043371107140078816
0.043689853216656055
3.9868988715032253E-4
0.009326781632577892
0.056201137185035444
0.027896525398804887
0.0985198867599943
0.009899017257147811
0.011197830031528624
0.020230082684606982
3.325320305771524E-4
0.01628836061628615
0.04696710905139856
0.013170315787264712
0.024267407600072257
0.009895186106675162
0.01590839669955923
0.0041100341851824495
0.03730310898336434
6.911843269285578E-4
0.037993545254802884
0.00610858053852076
0.022007045340349533
0.03480665459530985
0.014475445031594335
0.025258091820901475
0.014222063231558807
0.03615520792683534
0.031951276072188686
0.016086335629624846
0.0033778419666229257
0.021040316069248905
0.00531752813442583
0.03976815467094416
0.03617586346136424
0.03196511205892165
0.0653085467527592
0.05078755095823171
0.02161304106663419
0.02772872529980375
0.011588804034132415
0.003075125414038571
0.024894149131455358
0.029701516614011048
0.02938906644857897
0.008160753992707487
0.007902321544911762
0.02340213171315649
0.01913147018533822
0.02453092184154936
0.005282057443606841
0.033987587136239804
0.008283291193003363
0.01962485435192064
0.0045450526027014685
0.03152125964074663
0.010116326106066715
0.004663360611687883
0.010686779740768076
0.005394403743779712
0.003181917472193956
0.004445488759756572
0.0016333640742754675
0.017857967981557882
0.0015033428949365606
0.001028410677471222
0.011471713421683643
0.04088491414200923
0.017723097805204795
0.006845667474052291
2.4056801755029884E-4
0.005522103305989083
8.358595134084482E-4
0.0011606896875430183
0.011082265304241919
0.02045003063954119
0.0099615823200043
0.0034817479948204056
0.005795606852492383
0.004376152961298769
0.005809786881158417
0.014581613877156615
0.0025806617388622138
0.021254851845904695
0.0070547516258178955
0.005823517408612247
0.01940497070309029
0.008557869051477646
0.0053166402854585544
0.008663764975580968
8.985339670827475E-4
0.002315089282828457
0.004112848776597348
3.0639108554101355E-4
0.006878016920572095
0.009213853165070647
0.002271127704706186
0.004042214009182824
0.0017417328976984275
0.00328752082116947
0.007613409193253961
0.009806936866784544
0.007726194439449412
0.0046960221299842085
0.005445679306090935
0.001595862468335913
0.011611522482501309
0.009781563598044182
0.01176260276271079
0.001927424507001108
0.011306736220665596
1.5346941422103518E-4
0.001615810880654581
0.011212372680094226
0.0011852277313489296
0.008938265543888373
0.006504727430638152
0.009575551912005934
0.0025332540470515393
0.009055217039182707
0.0051352653911809565
0.008113738360891545
0.0012496323889403208
0.0019962425638270368
0.003670665630742692
0.006336020990246413
0.008175344035044132
0.00929767155188254
0.0016781258547807964
0.005725752811961777
0.007926486506172706
8.269821425038348E-4
0.005200843693459016
0.0023781217425477216
4.1490378537697124E-4
0.008182467380572189
7.759842589478122E-5
0.0024345710994206587
0.004344010649451784
0.006804651727356563
6.090518900743418E-4
0.003925401392424765
0.008074352951265082
0.0011205069323095352
0.002784714795863302
0.002920299164912081
0.005126532971752574
0.007649030534748078
0.0028746899169944684
0.0010036768892041667
0.0055561910481036975
0.006521294704556235
0.005962693941703425
0.002832533338538859
0.003919349745724023
0.0016361857527083102
0.0037450295159274366
0.005147157265981097
5.468309098326139E-4
0.0067160971359374036
0.002206284753036065
0.0032348180362403826
0.002911252844614551
0.009640476594895081
0.0019140051711411595
0.0015012952366221508
0.0030062836670999575
0.002241009561832773
0.002315949807566252
6.847338034387425E-4
0.0032831699025001387
0.002661324415344733
4.5026596168290826E-4
0.003575923038343486
0.0039001553698824673
0.0038527025446407613
0.0024627536910618165
7.270603109826596E-4
0.00559834665222218
0.008627847990049344
0.0016264315599520203
0.002530226235567017
0.009689652767305034
0.0051435609283612465
0.006022806039953011
0.0023970732961638135
0.004614585148341862
0.003402036925091017
0.003699249422501888
0.004978780205613615
0.0010949871606364325
0.004670120433356957
0.001353533923284942
0.003655432407333521
0.001748687411400404
0.002285104894558603
0.003234904043683719
9.723823585547687E-4
0.002282671472981289
0.00464509351267011
0.006975069903123079
1.0455598594096642E-4
0.004508785351931055
0.005380109227136948
0.005075725467100234
0.008581881147770313
0.0023819011426242744
0.002159124669062421
0.006343859532744043
0.008651711580320187
0.0010001559633315553
0.008441854190438774
0.0022498076177395678
0.0035565389704746413
0.007514874203015135
9.99550456893773E-4
6.373772337105644E-4
0.003800912659397986
0.007460825072070816
0.005231402519633368
0.00872503999696081
0.0010502460414875895
5.880116030760247E-4
0.002979299844159823
0.004354310333817131
0.002417474003021891
0.0014625731343836544
0.007020451806620736
0.005863653876511609
0.0038670987552087196
0.006107308302270648
0.0051747084060926995
0.0035987697966530247
0.004789493004684803
0.002426492438687176
0.0032965837521540644
0.0015040603545211403
0.006714044269406547
0.005763589210089351
0.0027276894892119016
0.004499705813915189
0.003572029734651266
0.0038179977130586348
0.0010641950565931355
0.0032628086211522436
0.0038473221673886097
0.0036374551095632074
0.006476941124980787
0.004798090460647047
0.0013800571344542393
0.0043424427432931
0.004868737001475795
0.0024755681362174423
0.0019327521817842964
0.0034493446151777985
0.0022948498234701856
0.00435867382863557
0.00682110758560239
0.006924192146759661
0.0054119294580094795
0.0018721290216339303
0.0032134083339831064
0.003148035088920735
6.057347416148359E-4
0.002811951817099327
0.004944281358724961
0.004400174277415745
8.266180186412208E-4
0.005215787885863787
0.005026955832089681
0.0015229832625433984
0.0010354493692752795
0.0024063822782345303
0.005598625657637295
0.002995092754081687
0.0014021120791600679
0.006913386596960662
0.0035571657490233387
0.004262102893923829
0.00702520992597724
0.007615971488841335
0.00553744987650339
0.002896274708817709
0.005321957065512306
0.008642285428392201
0.006986272009089797
0.003600143640499955
0.0024158160006094633
0.003101905263147307
0.0028073849266404727
0.004121494394947978
0.0051200326841835
0.005597181643520539
0.005395120020089773
0.007827383549503374
1.0243417159300305E-4
0.002710633199143424
0.003939940893577639
9.84141228183987E-4
0.006383654508938923
0.006526496107513325
0.0022257863806747604
0.0010733640629336085
0.004101900423995067
8.12906886477979E-4
0.005056355764996244
0.004400090150593417
2.175576141204182E-4
0.0036706409628398
7.288703606994784E-4
0.0019810584667372196
0.005539659475359622
0.004301975062981426
0.004995148475379197
0.006520049962504648
5.755114562097373E-4
0.00446779603749531
7.314544520691771E-4
0.003487661068333767
0.002426448862166911
0.004423178905151975
0.004296809979728198
0.0013621530310189344
0.0014540485707474314
0.003294687338046977
0.002098422446006322
0.006080659102966483
0.002428755037908319
0.0035908927949373356
0.001294023357158582
0.002892130965565464
0.004791430961295735
0.00544378026420654
0.0032024329295136035
0.0048641199821894375
0.007027761359237449
0.005987696786069213
0.0027716346266800193
0.0030709394723339362
0.003805669651603689
0.00916279090886395
0.006202233308309866
0.006588019457935587
0.006954263276434292
0.003590807548235356
0.006558326109584966
0.002664972171830903
0.0034187796731714225
0.0023170700910871565
0.0044693394095781346
0.003294798197000763
0.001894236490257348
0.00418467468620512
0.002161018113653439
0.006334536439908843
0.008846975351306869
0.00546739547279465
0.0025229495242716934
0.001904158241051307
2.42134255674211E-4
5.986910598280851E-4
0.006635928018890382
0.005121080321464894
0.0067072374942888525
5.03299850683415E-4
0.003558523804938209
4.786600057514609E-4
0.008453766764058438
0.003597166548406472
0.002288259459073702
0.0020039625917229395
0.0026311717453678094
0.005502456997860632
0.004873865379754854
0.002421669036142138
0.0025021625519023706
0.0024406301996892626
0.004583500015303811
0.004243427136580012
0.0010351994503756095
0.006444193011956403
0.007112134786163986
0.004288522321597828
0.0037071936101867684
3.7083150714692023E-4
0.004002148325430924
0.0023973482539728563
0.005725894371299487
0.003302826917998489
0.004490913627130362
0.007652066016363443
0.001565433631281799
0.0015176003952053192
0.002659974980675407
0.0010019749226582747
0.007231295799469251
0.0031046291271959055
0.004382999583187467
5.9010845433132714E-5
0.004581191348112533
0.0054589190966535485
0.0028603170875046427
0.005009197969940576
0.003391770034098587
0.0031031975256747314
0.007309562713090982
0.0031031975256747314
0.003391770034098587
0.005009197969940576
0.0028603170875046427
0.0054589190966535485
0.004581191348112533
5.9010845433132714E-5
0.004382999583187467
0.0031046291271959055
0.007231295799469251
0.0010019749226582747
0.002659974980675407
0.0015176003952053192
0.001565433631281799
0.007652066016363443
0.004490913627130362
0.003302826917998489
0.005725894371299487
0.0023973482539728563
0.004002148325430924
3.7083150714692023E-4
0.0037071936101867684
0.004288522321597828
0.007112134786163986
0.006444193011956403
0.0010351994503756095
0.004243427136580012
0.004583500015303811
0.0024406301996892626
0.0025021625519023706
0.002421669036142138
0.004873865379754854
0.005502456997860632
0.0026311717453678094
0.0020039625917229395
0.002288259459073702
0.003597166548406472
0.008453766764058438
4.786600057514609E-4
0.003558523804938209
5.03299850683415E-4
0.0067072374942888525
0.005121080321464894
0.006635928018890382
5.986910598280851E-4
2.42134255674211E-4
0.001904158241051307
0.0025229495242716934
0.00546739547279465
0.008846975351306869
0.006334536439908843
0.002161018113653439
0.00418467468620512
0.001894236490257348
0.003294798197000763
0.0044693394095781346
0.0023170700910871565
0.0034187796731714225
0.002664972171830903
0.006558326109584966
0.003590807548235356
0.006954263276434292
0.006588019457935587
0.006202233308309866
0.00916279090886395
0.003805669651603689
0.0030709394723339362
0.0027716346266800193
0.005987696786069213
0.007027761359237449
0.0048641199821894375
0.0032024329295136035
0.00544378026420654
0.004791430961295735
0.002892130965565464
0.001294023357158582
0.0035908927949373356
0.002428755037908319
0.006080659102966483
0.002098422446006322
0.003294687338046977
0.0014540485707474314
0.0013621530310189344
0.004296809979728198
0.004423178905151975
0.002426448862166911
0.003487661068333767
7.314544520691771E-4
0.00446779603749531
5.755114562097373E-4
0.006520049962504648
0.004995148475379197
0.004301975062981426
0.005539659475359622
0.0019810584667372196
7.288703606994784E-4
0.0036706409628398
2.175576141204182E-4
0.004400090150593417
0.005056355764996244
8.12906886477979E-4
0.004101900423995067
0.0010733640629336085
0.0022257863806747604
0.006526496107513325
0.006383654508938923
9.84141228183987E-4
0.003939940893577639
0.002710633199143424
1.0243417159300305E-4
0.007827383549503374
0.005395120020089773
0.005597181643520539
0.0051200326841835
0.004121494394947978
0.0028073849266404727
0.003101905263147307
0.0024158160006094633
0.003600143640499955
0.006986272009089797
0.008642285428392201
0.005321957065512306
0.002896274708817709
0.00553744987650339
0.007615971488841335
0.00702520992597724
0.004262102893923829
0.0035571657490233387
0.006913386596960662
0.0014021120791600679
0.002995092754081687
0.005598625657637295
0.0024063822782345303
0.0010354493692752795
0.0015229832625433984
0.005026955832089681
0.005215787885863787
8.266180186412208E-4
0.004400174277415745
0.004944281358724961
0.002811951817099327
6.057347416148359E-4
0.003148035088920735
0.0032134083339831064
0.0018721290216339303
0.0054119294580094795
0.006924192146759661
0.00682110758560239
0.00435867382863557
0.0022948498234701856
0.0034493446151777985
0.0019327521817842964
0.0024755681362174423
0.004868737001475795
0.0043424427432931
0.0013800571344542393
0.004798090460647047
0.006476941124980787
0.0036374551095632074
0.0038473221673886097
0.0032628086211522436
0.0010641950565931355
0.0038179977130586348
0.003572029734651266
0.004499705813915189
0.0027276894892119016
0.005763589210089351
0.006714044269406547
0.0015040603545211403
0.0032965837521540644
0.002426492438687176
0.004789493004684803
0.0035987697966530247
0.0051747084060926995
0.006107308302270648
0.0038670987552087196
0.005863653876511609
0.007020451806620736
0.0014625731343836544
0.002417474003021891
0.004354310333817131
0.002979299844159823
5.880116030760247E-4
0.0010502460414875895
0.00872503999696081
0.005231402519633368
0.007460825072070816
0.003800912659397986
6.373772337105644E-4
9.99550456893773E-4
0.007514874203015135
0.0035565389704746413
0.0022498076177395678
0.008441854190438774
0.0010001559633315553
0.008651711580320187
0.006343859532744043
0.002159124669062421
0.0023819011426242744
0.008581881147770313
0.005075725467100234
0.005380109227136948
0.004508785351931055
1.0455598594096642E-4
0.006975069903123079
0.00464509351267011
0.002282671472981289
9.723823585547687E-4
0.003234904043683719
0.002285104894558603
0.001748687411400404
0.003655432407333521
0.001353533923284942
0.004670120433356957
0.0010949871606364325
0.004978780205613615
0.003699249422501888
0.003402036925091017
0.004614585148341862
0.0023970732961638135
0.006022806039953011
0.0051435609283612465
0.009689652767305034
0.002530226235567017
0.0016264315599520203
0.008627847990049344
0.00559834665222218
7.270603109826596E-4
0.0024627536910618165
0.0038527025446407613
0.0039001553698824673
0.003575923038343486
4.5026596168290826E-4
0.002661324415344733
0.0032831699025001387
6.847338034387425E-4
0.002315949807566252
0.002241009561832773
0.0030062836670999575
0.0015012952366221508
0.0019140051711411595
0.009640476594895081
0.002911252844614551
0.0032348180362403826
0.002206284753036065
0.0067160971359374036
5.468309098326139E-4
0.005147157265981097
0.0037450295159274366
0.0016361857527083102
0.003919349745724023
0.002832533338538859
0.005962693941703425
0.006521294704556235
0.0055561910481036975
0.0010036768892041667
0.0028746899169944684
0.007649030534748078
0.005126532971752574
0.002920299164912081
0.002784714795863302
0.0011205069323095352
0.008074352951265082
0.003925401392424765
6.090518900743418E-4
0.006804651727356563
0.004344010649451784
0.0024345710994206587
7.759842589478122E-5
0.008182467380572189
4.1490378537697124E-4
0.0023781217425477216
0.005200843693459016
8.269821425038348E-4
0.007926486506172706
0.005725752811961777
0.0016781258547807964
0.00929767155188254
0.008175344035044132
0.006336020990246413
0.003670665630742692
0.0019962425638270368
0.0012496323889403208
0.008113738360891545
0.0051352653911809565
0.009055217039182707
0.0025332540470515393
0.009575551912005934
0.006504727430638152
0.008938265543888373
0.0011852277313489296
0.011212372680094226
0.001615810880654581
1.5346941422103518E-4
0.011306736220665596
0.001927424507001108
0.01176260276271079
0.009781563598044182
0.011611522482501309
0.001595862468335913
0.005445679306090935
0.0046960221299842085
0.007726194439449412
0.009806936866784544
0.007613409193253961
0.00328752082116947
0.0017417328976984275
0.004042214009182824
0.002271127704706186
0.009213853165070647
0.006878016920572095
3.0639108554101355E-4
0.004112848776597348
0.002315089282828457
8.985339670827475E-4
0.008663764975580968
0.0053166402854585544
0.008557869051477646
0.01940497070309029
0.005823517408612247
0.0070547516258178955
0.021254851845904695
0.0025806617388622138
0.014581613877156615
0.005809786881158417
0.004376152961298769
0.005795606852492383
0.0034817479948204056
0.0099615823200043
0.02045003063954119
0.011082265304241919
0.0011606896875430183
8.358595134084482E-4
0.005522103305989083
2.4056801755029884E-4
0.006845667474052291
0.017723097805204795
0.04088491414200923
0.011471713421683643
0.001028410677471222
0.0015033428949365606
0.017857967981557882
0.0016333640742754675
0.004445488759756572
0.003181917472193956
0.005394403743779712
0.010686779740768076
0.004663360611687883
0.010116326106066715
0.03152125964074663
0.0045450526027014685
0.01962485435192064
0.008283291193003363
0.033987587136239804
0.005282057443606841
0.02453092184154936
0.01913147018533822
0.02340213171315649
0.007902321544911762
0.008160753992707487
0.02938906644857897
0.029701516614011048
0.024894149131455358
0.003075125414038571
0.011588804034132415
0.02772872529980375
0.02161304106663419
0.05078755095823171
0.0653085467527592
0.03196511205892165
0.03617586346136424
0.03976815467094416
0.00531752813442583
0.021040316069248905
0.0033778419666229257
0.016086335629624846
0.031951276072188686
0.03615520792683534
0.014222063231558807
0.025258091820901475
0.014475445031594335
0.03480665459530985
0.022007045340349533
0.00610858053852076
0.037993545254802884
6.911843269285578E-4
0.03730310898336434
0.0041100341851824495
0.01590839669955923
0.009895186106675162
0.024267407600072257
0.013170315787264712
0.04696710905139856
0.01628836061628615
3.325320305771524E-4
0.020230082684606982
0.011197830031528624
0.009899017257147811
0.0985198867599943
0.027896525398804887
0.056201137185035444
0.009326781632577892
3.9868988715032253E-4
0.043689853216656055
0.043371107140078816
0.1074604703013147
4.5304976115615315E-4
0.31605251544466206
0.2196312550001852
0.1409916613932624
0.05817906267359273
0.08583886675704455
0.22103903149579862
0.08475986427020445
0.09493769327228303
0.6331472767564629
0.3175535262583953
0.7486748882228214
0.14096792602777192
0.08834509122724407
0.12315506542424388
0.35369782481325385
0.47528609130581273
1.0
0.3711453729464729
0.6263942431967733
0.11462018252815541
0.3550102602980644
0.5049073261786465
0.14325698378835366
0.6257447331096708
0.7041077492156007
0.03732303654635269
0.22415964784769324
0.6191049593504357
0.24385132915723468
0.1286571501773519
0.003247580489604487
0.44635368415322546
0.23531758304700434
0.8977984949201516
0.27683827891700824
0.7256979365980636
0.22008686587600698
0.004277242933386426
0.0061811045285983055
0.0788931891745291
0.10303137588872915
0.05170376846612767
0.17805944529089324
0.1502626059875688
0.01911764065711436
0.20097124701362068
0.19875213047892276
0.0012040816081677823
0.0024573979962133783
0.18893008736126796
0.0606380087370088
0.01791896084535105
0.015515399305790623
0.014925907164630858
