-0.06597041418422775
0.07101126187671096
0.06537499620685173
0.06429328700396691
0.0016137685775572583
0.04964698236602982
0.07117345753136033
0.008227594882223304
0.09188261012525557
0.3762885693979432
0.19037586722249397
0.02786893040192691
0.05414331196516618
0.06961393760447956
0.0171613428238133
0.03728728168871797
0.11738693988856176
0.033547003908222045
0.05256891966087465
0.22598155492091748
0.050045537555390034
0.033382669407799964
0.35087308313771065
0.41987862214367194
0.19467955607939955
0.39308477849772516
0.4843167245048229
0.42440509043722036
0.08238784510344797
0.34033278390502014
1.0
0.3173284728211389
0.02694052397637457
0.23357837586197056
0.16175643002201565
0.2640790345582211
0.06786505181895755
0.3294816395777307
0.37224554075990823
0.35824945405835606
0.019909116261290324
0.3506728300488668
0.057522788699065644
0.5901713450026775
0.0790310236523674
0.09767556348294722
0.2184512142073495
0.14775699156682
0.15337247005868723
0.05906491443759929
0.059722765472325134
0.07833013209232162
0.042842144897095105
0.019035056040033974
0.0508451332055577
0.1419588190870615
0.01305901212567549
0.07293103577059701
0.018159024908319887
0.017757589727103392
0.019048832713802897
0.03530705658911498
0.001234080722511841
0.001616038425520499
0.014397836451193021
0.002136135330975397
0.004676729242341708
0.005531007293905149
0.04395616593232499
0.017544288713271062
0.014638841938226524
0.02417616778338377
0.011011909292610374
0.009252893940388451
5.060010463981183E-4
0.0125948390157518
0.017065502381558424
0.033887876457529664
0.003008168700971296
0.0012401191219799396
0.044309595863251866
0.021403026289456072
0.005975797039297203
0.006355479686940508
0.04609641708626573
0.016350797733410766
0.02003670876870943
0.048406275758605996
0.022204766933117837
0.013196189218641866
0.005567939264473906
0.016090252441323925
0.005358709379864186
0.010150566238291312
0.004767797237150577
0.0041815488760607875
0.0044310273536484574
0.017384458045913535
0.023086749223294966
0.012033834627161129
0.0024829899481914066
0.0026217888103559172
0.01495101930402502
0.026792801064998147
0.01574933561797466
0.0014012633414340644
0.015431702539565021
0.009462042478444203
0.0013186732952431826
0.018218272448703724
4.938308448066549E-4
0.016148972474593504
0.003606256985457226
0.006926157962296834
0.017046146879037403
0.02857045306012304
0.010781355316390814
0.0050590936571096165
0.006671177890411997
0.041466577238616124
0.023251741310650862
0.0016030835464312667
2.770090562149561E-4
0.0011639831665997552
0.02563595833849528
0.011864925392145885
0.004125423028380149
0.0064733061170872234
0.002646371059949792
0.036186297516031043
0.006465474612123756
0.009216058103816246
0.0160680746635031
0.00774445348012428
0.007494022188943061
0.010090169316190292
0.007257047517291187
0.014006739306020664
0.0034384672341751573
0.009192152886722399
0.0020968404632183235
0.016311287179348766
0.010230374337086139
0.0018205503011911692
0.008944386782628684
0.007315301668365397
0.003031205012136803
0.0052233705600544965
0.001720254559168406
5.364875168712946E-4
0.00946499576856608
0.011136740509518675
0.0028629257759315023
0.005368537993238649
0.0065970414184227735
0.01182524045101791
0.007924976867064655
0.0077544027025229865
0.020348914736246237
9.864840534121506E-6
0.0026987766138650755
0.004915850558091907
0.009379420735892532
0.016244253405280958
0.005774378590311248
0.0053959876685992884
0.0034535520208446866
0.0024770046953644996
0.006299174304074094
0.001416634890542992
0.007404043190813166
0.00944192795070147
0.0061415191209185545
0.016360663699472693
0.0050917490653540395
0.008113139875581179
0.01174328542628976
0.0036279384019484535
0.0037562254232460296
0.00618004051376765
0.014231628254120858
0.007816167954699672
3.0736263296115456E-4
0.007829812304128487
0.009035245157873342
0.006231193106084117
0.008838636618826128
0.006035351259346473
0.00791920509840154
0.006158473125564079
3.502588441505513E-5
0.006202076169810731
0.005088151098357103
0.007193543373566334
0.008456384574266788
0.010419085880331492
0.011799772383012238
0.004535661606628203
0.012641606059850222
0.009506226196752012
0.010730297470171677
0.0013598011606410318
0.0038414686038895558
0.01136064260686087
0.004576754317979833
0.00453547327187416
0.010492833902393639
0.004601230662962523
0.012626347629589786
0.003348348723829934
0.007338422137757882
0.006250816073700035
0.01096979829014591
0.0119605107149829
0.004510274491599548
0.005663816890464439
0.006352382436582562
0.009478360889378866
0.007840878090520928
0.005850179571863835
0.012025926098972487
0.012095536197527531
0.00803846474824426
0.009450209344495078
0.010040134328797284
0.011841680303767544
0.006123427850575069
0.00816037990793847
0.003041155245984266
0.005778793833153993
0.005330167585763191
0.010779846402869556
0.006958142328687111
0.005159594821169431
0.007808158550313726
0.0060353129951998515
0.012856104222254213
0.006384347712305634
0.01575615253279325
0.008050844208868462
0.004741336160612262
0.007867837107076399
0.010456611135058694
0.006330516394053664
0.0064290349378282536
0.01296694591666132
0.007697879492051122
0.0016574134404917487
0.012161089606746127
0.008849973015073006
0.006765151734749786
0.009330683462780555
0.006249707155768267
0.008989631541211992
0.00855603437261966
0.002254449711306555
0.006632521670228111
0.00833677562299987
0.005301852247001483
0.003558411391992844
0.005045692791427635
0.004938976154840946
0.007092077469233619
0.01018452404765329
0.00533675964566149
0.007134066936267287
0.0055052350386120205
0.0091533033938971
0.008351907901753915
0.0026516776062617837
0.0014707494804322386
0.006721970704255681
0.00990765502491204
0.009344762578599761
0.009477082580304361
0.0013559889527389225
0.006459652602796422
0.005139875791169301
0.006061151291757668
0.008510496057233167
0.008890608943566592
0.007941843596244263
0.007141012073155398
0.01710896886637864
0.005218985306792067
0.006589060337399951
0.009372781330194447
0.007713343387556944
0.00796658576928268
0.0029163963571187893
0.007476083182705157
0.009134335950149149
0.007352811091855785
0.00831337545909936
0.006447142888142932
0.006509173407483251
0.007763294485512403
0.007961131827277227
0.007373118544657583
0.004059191075697166
0.008518817179327036
0.005275957026244738
0.005814053999691002
0.009932251931152531
0.010517375895497378
0.0058908173695580105
0.011443941969653875
0.007821800239295882
0.005081125518019245
0.009189655457422823
0.007988468658379648
0.0068068505155936525
0.010378464479513811
0.006662673752698662
0.006613018509013343
0.010087224868174424
0.008942800669599725
0.007738198189294634
0.01020379427717049
0.013810603007656392
0.0015448458456678445
0.009554198196212504
0.007819658045822016
0.0072558207663539175
0.009254003764283078
0.005249804654229326
0.011785813358079511
0.013980414731462215
0.008094166262326135
0.005570028198947192
0.009322483021566444
0.006840525134086179
0.007400511214071306
0.008132468884502706
0.003044416040406608
0.009575315988585794
0.008731006624763985
0.005900523310217846
0.006930798845558874
0.008821025850858706
0.007705429976351434
0.010353289998239572
0.008828805505754433
0.006746454555630514
0.007488039113557781
0.006791086702999533
0.0072190216928406225
0.0031202202206957854
0.008096688656100966
0.005041174976717635
0.006496472340611522
0.003932560530575366
0.00956313438989622
0.009875844064134331
0.006976076174974396
0.010290441060464617
0.00390848754336436
0.0052767529251362254
0.006393797753053672
0.005100159856784835
0.007598834097890777
0.005536445378022794
0.011789088982801012
0.007105443623171077
0.00627148317361829
0.00855200220648967
0.008049226589706271
0.008772803843883594
0.0056504110062271795
0.007471698866207301
0.010658090699234799
0.006803081236197508
0.008435214760886149
0.005738241769932528
0.005442490625465089
0.008507725056285227
0.006634443852224617
0.010855597200823752
0.006848699840627437
0.007810016433148259
0.009634339673365248
0.0034968898348506686
0.007009186725740564
0.0077212303785367704
0.010010261605668603
0.009970092251162837
0.007544925646250244
0.008399416240186424
0.009177594071155974
0.00984908381538632
0.012063541982652446
0.007080727763123321
0.01262525423230817
0.011221441508558982
0.004999399661140201
0.008353207993470262
0.010260964499264742
0.00598816561342562
0.00836044187828355
0.011239787559532217
0.007553430592098114
0.009329456510161496
0.011072872745756168
0.004129503727518533
0.009889823390718736
0.00613989156756526
0.005919965881701172
0.00521438458212601
0.007661988505006257
0.004256766728130838
0.009224315986006362
0.0068722263928698854
0.004468853588397601
0.007968150331154403
0.00915028020987169
0.00942754693957932
0.007091186498692664
0.010494755862586852
0.005849242611914675
0.007940169212838216
0.011285575964724253
0.0032548933689385442
0.010367964354530211
0.008303496434469806
0.009683137280940814
0.005654582864657986
0.0021318574041256345
0.0035579519965630076
0.011250856473978315
0.008371671862793011
0.009187918336888251
0.013296559812025476
0.0067108914378562435
0.0036786871924871663
0.0074233924041778665
0.015241673331867538
0.008664991464184525
0.0055828000336000634
0.010177325366881897
0.005179591340731571
0.0011189275025489454
0.005849057915363366
0.006029443552009276
0.007281413240122859
0.009945419900900851
0.00847974764571867
0.00895070035287856
0.006922562105700519
0.00994641115040865
0.00588114764490633
0.00601205114275958
0.005324249854158405
0.007712622920299558
0.005204354865459249
0.008968667803114035
0.005740353969515726
0.006132463742335525
0.004215087574750575
0.00820698500446249
0.009450566199541032
0.012322644053396038
0.004067067539570738
0.010386831169431603
0.004067067539570738
0.012322644053396038
0.009450566199541032
0.00820698500446249
0.004215087574750575
0.006132463742335525
0.005740353969515726
0.008968667803114035
0.005204354865459249
0.007712622920299558
0.005324249854158405
0.00601205114275958
0.00588114764490633
0.00994641115040865
0.006922562105700519
0.00895070035287856
0.00847974764571867
0.009945419900900851
0.007281413240122859
0.006029443552009276
0.005849057915363366
0.0011189275025489454
0.005179591340731571
0.010177325366881897
0.0055828000336000634
0.008664991464184525
0.015241673331867538
0.0074233924041778665
0.0036786871924871663
0.0067108914378562435
0.013296559812025476
0.009187918336888251
0.008371671862793011
0.011250856473978315
0.0035579519965630076
0.0021318574041256345
0.005654582864657986
0.009683137280940814
0.008303496434469806
0.010367964354530211
0.0032548933689385442
0.011285575964724253
0.007940169212838216
0.005849242611914675
0.010494755862586852
0.007091186498692664
0.00942754693957932
0.00915028020987169
0.007968150331154403
0.004468853588397601
0.0068722263928698854
0.009224315986006362
0.004256766728130838
0.007661988505006257
0.00521438458212601
0.005919965881701172
0.00613989156756526
0.009889823390718736
0.004129503727518533
0.011072872745756168
0.009329456510161496
0.007553430592098114
0.011239787559532217
0.00836044187828355
0.00598816561342562
0.010260964499264742
0.008353207993470262
0.004999399661140201
0.011221441508558982
0.01262525423230817
0.007080727763123321
0.012063541982652446
0.00984908381538632
0.009177594071155974
0.008399416240186424
0.007544925646250244
0.009970092251162837
0.010010261605668603
0.0077212303785367704
0.007009186725740564
0.0034968898348506686
0.009634339673365248
0.007810016433148259
0.006848699840627437
0.010855597200823752
0.006634443852224617
0.008507725056285227
0.005442490625465089
0.005738241769932528
0.008435214760886149
0.006803081236197508
0.010658090699234799
0.007471698866207301
0.0056504110062271795
0.008772803843883594
0.008049226589706271
0.00855200220648967
0.00627148317361829
0.007105443623171077
0.011789088982801012
0.005536445378022794
0.007598834097890777
0.005100159856784835
0.006393797753053672
0.0052767529251362254
0.00390848754336436
0.010290441060464617
0.006976076174974396
0.009875844064134331
0.00956313438989622
0.003932560530575366
0.006496472340611522
0.005041174976717635
0.008096688656100966
0.0031202202206957854
0.0072190216928406225
0.006791086702999533
0.007488039113557781
0.006746454555630514
0.008828805505754433
0.010353289998239572
0.007705429976351434
0.008821025850858706
0.006930798845558874
0.005900523310217846
0.008731006624763985
0.009575315988585794
0.003044416040406608
0.008132468884502706
0.007400511214071306
0.006840525134086179
0.009322483021566444
0.005570028198947192
0.008094166262326135
0.013980414731462215
0.011785813358079511
0.005249804654229326
0.009254003764283078
0.0072558207663539175
0.007819658045822016
0.009554198196212504
0.0015448458456678445
0.013810603007656392
0.01020379427717049
0.007738198189294634
0.008942800669599725
0.010087224868174424
0.006613018509013343
0.006662673752698662
0.010378464479513811
0.0068068505155936525
0.007988468658379648
0.009189655457422823
0.005081125518019245
0.007821800239295882
0.011443941969653875
0.0058908173695580105
0.010517375895497378
0.009932251931152531
0.005814053999691002
0.005275957026244738
0.008518817179327036
0.004059191075697166
0.007373118544657583
0.007961131827277227
0.007763294485512403
0.006509173407483251
0.006447142888142932
0.00831337545909936
0.007352811091855785
0.009134335950149149
0.007476083182705157
0.0029163963571187893
0.00796658576928268
0.007713343387556944
0.009372781330194447
0.006589060337399951
0.005218985306792067
0.01710896886637864
0.007141012073155398
0.007941843596244263
0.008890608943566592
0.008510496057233167
0.006061151291757668
0.005139875791169301
0.006459652602796422
0.0013559889527389225
0.009477082580304361
0.009344762578599761
0.00990765502491204
0.006721970704255681
0.0014707494804322386
0.0026516776062617837
0.008351907901753915
0.0091533033938971
0.0055052350386120205
0.007134066936267287
0.00533675964566149
0.01018452404765329
0.007092077469233619
0.004938976154840946
0.005045692791427635
0.003558411391992844
0.005301852247001483
0.00833677562299987
0.006632521670228111
0.002254449711306555
0.00855603437261966
0.008989631541211992
0.006249707155768267
0.009330683462780555
0.006765151734749786
0.008849973015073006
0.012161089606746127
0.0016574134404917487
0.007697879492051122
0.01296694591666132
0.0064290349378282536
0.006330516394053664
0.010456611135058694
0.007867837107076399
0.004741336160612262
0.008050844208868462
0.01575615253279325
0.006384347712305634
0.012856104222254213
0.0060353129951998515
0.007808158550313726
0.005159594821169431
0.006958142328687111
0.010779846402869556
0.005330167585763191
0.005778793833153993
0.003041155245984266
0.00816037990793847
0.006123427850575069
0.011841680303767544
0.010040134328797284
0.009450209344495078
0.00803846474824426
0.012095536197527531
0.012025926098972487
0.005850179571863835
0.007840878090520928
0.009478360889378866
0.006352382436582562
0.005663816890464439
0.004510274491599548
0.0119605107149829
0.01096979829014591
0.006250816073700035
0.007338422137757882
0.003348348723829934
0.012626347629589786
0.004601230662962523
0.010492833902393639
0.00453547327187416
0.004576754317979833
0.01136064260686087
0.0038414686038895558
0.0013598011606410318
0.010730297470171677
0.009506226196752012
0.012641606059850222
0.004535661606628203
0.011799772383012238
0.010419085880331492
0.008456384574266788
0.007193543373566334
0.005088151098357103
0.006202076169810731
3.502588441505513E-5
0.006158473125564079
0.00791920509840154
0.006035351259346473
0.008838636618826128
0.006231193106084117
0.009035245157873342
0.007829812304128487
3.0736263296115456E-4
0.007816167954699672
0.014231628254120858
0.00618004051376765
0.0037562254232460296
0.0036279384019484535
0.01174328542628976
0.008113139875581179
0.0050917490653540395
0.016360663699472693
0.0061415191209185545
0.00944192795070147
0.007404043190813166
0.001416634890542992
0.006299174304074094
0.0024770046953644996
0.0034535520208446866
0.0053959876685992884
0.005774378590311248
0.016244253405280958
0.009379420735892532
0.004915850558091907
0.0026987766138650755
9.864840534121506E-6
0.020348914736246237
0.0077544027025229865
0.007924976867064655
0.01182524045101791
0.0065970414184227735
0.005368537993238649
0.0028629257759315023
0.011136740509518675
0.00946499576856608
5.364875168712946E-4
0.001720254559168406
0.0052233705600544965
0.003031205012136803
0.007315301668365397
0.008944386782628684
0.0018205503011911692
0.010230374337086139
0.016311287179348766
0.0020968404632183235
0.009192152886722399
0.0034384672341751573
0.014006739306020664
0.007257047517291187
0.010090169316190292
0.007494022188943061
0.00774445348012428
0.0160680746635031
0.009216058103816246
0.006465474612123756
0.036186297516031043
0.002646371059949792
0.0064733061170872234
0.004125423028380149
0.011864925392145885
0.02563595833849528
0.0011639831665997552
2.770090562149561E-4
0.0016030835464312667
0.023251741310650862
0.041466577238616124
0.006671177890411997
0.0050590936571096165
0.010781355316390814
0.02857045306012304
0.017046146879037403
0.006926157962296834
0.003606256985457226
0.016148972474593504
4.938308448066549E-4
0.018218272448703724
0.0013186732952431826
0.009462042478444203
0.015431702539565021
0.0014012633414340644
0.01574933561797466
0.026792801064998147
0.01495101930402502
0.0026217888103559172
0.0024829899481914066
0.012033834627161129
0.023086749223294966
0.017384458045913535
0.0044310273536484574
0.0041815488760607875
0.004767797237150577
0.010150566238291312
0.005358709379864186
0.016090252441323925
0.005567939264473906
0.013196189218641866
0.022204766933117837
0.048406275758605996
0.02003670876870943
0.016350797733410766
0.04609641708626573
0.006355479686940508
0.005975797039297203
0.021403026289456072
0.044309595863251866
0.0012401191219799396
0.003008168700971296
0.033887876457529664
0.017065502381558424
0.0125948390157518
5.060010463981183E-4
0.009252893940388451
0.011011909292610374
0.02417616778338377
0.014638841938226524
0.017544288713271062
0.04395616593232499
0.005531007293905149
0.004676729242341708
0.002136135330975397
0.014397836451193021
0.001616038425520499
0.001234080722511841
0.03530705658911498
0.019048832713802897
0.017757589727103392
0.018159024908319887
0.07293103577059701
0.01305901212567549
0.1419588190870615
0.0508451332055577
0.019035056040033974
0.042842144897095105
0.07833013209232162
0.059722765472325134
0.05906491443759929
0.15337247005868723
0.14775699156682
0.2184512142073495
0.09767556348294722
0.0790310236523674
0.5901713450026775
0.057522788699065644
0.3506728300488668
0.019909116261290324
0.35824945405835606
0.37224554075990823
0.3294816395777307
0.06786505181895755
0.2640790345582211
0.16175643002201565
0.23357837586197056
0.02694052397637457
0.3173284728211389
1.0
0.34033278390502014
0.08238784510344797
0.42440509043722036
0.4843167245048229
0.39308477849772516
0.19467955607939955
0.41987862214367194
0.35087308313771065
0.033382669407799964
0.050045537555390034
0.22598155492091748
0.05256891966087465
0.033547003908222045
0.11738693988856176
0.03728728168871797
0.0171613428238133
0.06961393760447956
0.05414331196516618
0.02786893040192691
0.19037586722249397
0.3762885693979432
0.09188261012525557
0.008227594882223304
0.07117345753136033
0.04964698236602982
0.0016137685775572583
0.06429328700396691
0.06537499620685173
0.07101126187671096
