0.0
0.007634491293623998
0.0301106119860045
0.0661691182261147
0.11378613232106714
0.1702813308282702
0.2324614148669344
0.29679136467652095
0.35958451707783007
0.41720150232024394
0.46624758801720323
0.5037580285349794
0.5273616068658741
0.5354136537809401
0.5270913809703461
0.5024462926882399
0.4624106464877676
0.40875730585212017
0.34401474496852863
0.2713413049108968
0.19436494099898194
0.11699653264053825
0.04322625436567341
0.02308654499321249
0.07841908993910139
0.11977582411356406
0.14485391274233234
0.15217476638845734
0.1411744177595906
0.11224762945931241
0.06674293430166264
0.006908295024622731
0.06421040799985213
0.14291342169258586
0.22502684241656296
0.3061092722854812
0.38167520517389325
0.4474239798679467
0.4994627352141473
0.5345119797295117
0.5500831416341476
0.5446187614438965
0.5175877674752539
0.4695304496639149
0.4020502133215891
0.3177518308828315
0.22012858598101773
0.11340328705884455
0.002330487560830158
0.10803073288184424
0.2125625002861552
0.3063404213153483
0.38487997176535477
0.4443647208953345
0.4818448755364688
0.4953959665553501
0.48422935470067086
0.4487485159410421
0.39054766913110167
0.31235210568717015
0.21790243589786298
0.11178773967451325
7.648358983483623E-4
0.11413428102981638
0.22257222649025615
0.32047903667157696
0.4026761872151542
0.4646616692905667
0.5028358561687263
0.5146865787295518
0.4989240258382051
0.45555842636285854
0.38591617169768266
0.2925929724046621
0.17934566926574305
0.05092729155532145
0.08712727066530868
0.22875517358697536
0.36764731392911143
0.49754458624594594
0.6125346730282892
0.7073352003118358
0.7775496342216761
0.8198834944161467
0.8323102649281379
0.8141787082250713
0.766256025692699
0.69070432808729
0.5909910394522973
0.4717370068284051
0.33850907491288496
0.19756656586611393
0.05557334999308092
0.08071110633864306
0.2047472571586874
0.31052270986353653
0.392836641354154
0.44754787040002625
0.4717747123098684
0.46403696533330047
0.424333068108243
0.3541484975495125
0.25639470389978086
0.13528115149828635
0.00387380508122418
0.15488457985750975
0.3109814188855143
0.46512175615247564
0.6103153818974512
0.7399482554742876
0.8480898208934702
0.9297694230509091
0.9812088424768037
1.0
0.9852194346262823
0.9374741081188024
0.8588762992352484
0.752948667959547
0.6244638388512196
0.479225918592725
0.3238040813257571
0.16523059829068032
0.01067735003179752
0.13287413803197134
0.2589537993525826
0.3619003548823154
0.4371210738180028
0.48130194051155106
0.4925585295581261
0.4705206697886123
0.41634707589408604
0.33266939741406737
0.2234684246929864
0.09388834548472408
0.05000218370807923
0.20149093482752053
0.3535318363737772
0.49906909428892066
0.6313606463112625
0.7442859755444067
0.8326240936445692
0.8922889487712197
0.9205115477804063
0.9159606080819367
0.8787964514008004
0.8106559817162938
0.7145698048918476
0.5948156966539876
0.45671556121012474
0.3063856083266946
0.15045159277587614
0.004257489852875425
0.15102294221175064
0.2835425898757927
0.3962155831468793
0.48439276425756495
0.5445812850962788
0.5745943736191811
0.5736397687358004
0.5423432475380116
0.48270671677212557
0.3980033881715101
0.2926154615388491
0.17182236505778514
0.04154982823256686
0.09190821202416509
0.2221817239390511
0.34311704227342626
0.44905613203013134
0.5350898640766819
0.5972738595931134
0.6327973294426118
0.6400976323564923
0.6189158895856713
0.5702917969424868
0.49649863380682957
0.40092224734114645
0.28789035871594915
0.16246077781808585
0.03017892182098601
0.10318366917029641
0.23189739457438793
0.3505366713075688
0.45422391989961136
0.5388443704846404
0.6012221279043272
0.6392498920515947
0.6519670174080904
0.639583101529132
0.6034468941193084
0.5459628914497168
0.4704604033561901
0.3810220389221718
0.2822803533245697
0.1791927520403796
0.07680560181470832
0.019981182595717975
0.10663802789231386
0.1792077625221678
0.23447676285625613
0.27010773258851567
0.28472862186552356
0.2779743794537729
0.25048053693023975
0.2038299356706567
0.14045611402117308
0.06350886904074571
0.02331079801912636
0.11593782724773054
0.21014293084754324
0.3017352931891888
0.38675839570171366
0.4616697630784869
0.5234964026960505
0.5699590635291019
0.5995601011296596
0.611631614662559
0.6063425245778159
0.5846652849249214
0.5483048728973607
0.4995944758082706
0.4413638183093798
0.376787270326144
0.30921969625182266
0.24202841541131234
0.17842963060329675
0.12133725478355561
0.07323125518095623
0.036051487442356624
0.011121573762620617
8.942352297798573E-4
0.0
0.013156634892627861
0.03734062170163584
0.07081340080902059
0.11143945203936718
0.15680943425822097
0.20437315192141567
0.2515752577476863
0.29598664095922717
0.3354248512277852
0.3680576420168762
0.39248473933549144
0.4077941949016893
0.41359109739808303
0.40999791577347205
0.39762725514418806
0.3775292404762029
0.35111703255723137
0.3200750601435668
0.286255368820778
0.2515680027280553
0.21787152777345464
0.18686966938606867
0.16001958648576212
0.13845656482495258
0.12293893045687448
0.11381581333669939
0.11101909669884193
0.11407954033883623
0.12216573771511548
0.1341433285129195
0.14865080512491413
0.16418737969549208
0.17920776252216755
0.19221837332528088
0.20186947935461608
0.20703802754090922
0.20689649500610083
0.20096389134347373
0.18913606210425304
0.17169361007757847
0.1492870056768895
0.1228997321347082
0.09379153657542398
0.0634249685428554
0.03337932366446124
0.00525682170347672
0.01941370283262002
0.03927015721927245
0.053202287401662995
0.06042363088888332
0.060526130537934146
0.05351413394422292
0.03981560514856792
0.02026960139021152
0.003909647107534577
0.031190439900860546
0.059800277402286446
0.08781762680821019
0.11327404760705405
0.13426132371614008
0.14903790987512092
0.15612895852533076
0.1544144543482457
0.14320053553186715
0.12226989711684871
0.09190821202416521
0.052904717338590666
0.00652643569121459
0.045533133338630384
0.1012286791102378
0.15825768909899834
0.21417050718848973
0.26649048469757775
0.3128382696266861
0.35105397848245545
0.37931100898376097
0.3962155831468793
0.4008867448124447
0.3930124442898303
0.3728784820967477
0.34136839848266987
0.2999338210646038
0.2505362489877148
0.19556268556628328
0.13771886051942103
0.07990494058663514
0.025079554496613195
0.023881392938174456
0.06432430680355869
0.09394907318977445
0.11092533097516691
0.11398801128901073
0.1025072544233927
0.0765290039290592
0.03678395828359812
0.01533593429428323
0.07783269518148933
0.14818697254139854
0.2234684246929864
0.3004668510413993
0.3758380557715112
0.44625767543953215
0.5085757675060146
0.5599648652252409
0.598054461132505
0.6210454758239969
0.627799173651999
0.6178961601761735
0.5916624825234943
0.5501613876602653
0.49515090221176594
0.4290090044201897
0.35462968763100433
0.27529459252070215
0.19452604645921973
0.11592823757566588
0.04302382585396682
0.02090647351777613
0.07297391946388904
0.11081443951338617
0.13269783494252468
0.13760842291899564
0.1252933597532488
0.09627638185305933
0.051836297943832724
0.006048807456992512
0.07478911963246566
0.15129838944617494
0.23213170955070073
0.31363947742693765
0.39213052173557494
0.46403696533330047
0.5260733393665428
0.5753827492895948
0.6096635104759579
0.6272705879537155
0.6272873475185489
0.609564498226513
0.5747246142623149
0.5241321968032885
0.45983080066856036
0.3844502341484426
0.30108817569146484
0.21317167781012356
0.12430489661022988
0.038109957186197224
0.04193188270786704
0.11263168421830727
0.17123020483037762
0.21551520905328975
0.24391368078441705
0.25555508416786626
0.2503031589924595
0.22875517358697536
0.1922090259391126
0.14260001505850178
0.08241043472675198
0.01455631163356048
0.05774343134816074
0.13110939868973137
0.20214931677693282
0.26760425052933307
0.3244870554197265
0.37020712371940917
0.4026761872151541
0.4203908634937794
0.4224887332318153
0.4087759587117021
0.37972574144969945
0.33644821004347925
0.2806335698286088
0.21447147906226804
0.1405505936463595
0.06174300359915824
0.01892116079470182
0.09838336632173822
0.17368491543030817
0.24208833792868079
0.3011869160001458
0.3489979599477105
0.3840362639716598
0.40536511678775006
0.4126232751195088
0.4060273805931759
0.3863503636267861
0.3548773848332245
0.31334177262935675
0.26384418844064117
0.2087588587787628
0.1506311356827098
0.09207087179962102
0.03564612129691314
0.016218490546103845
0.06133473282146628
0.09783157581827576
0.12422097552658311
0.13944649698359593
0.1429134216925861
0.1344997911606162
0.11454863243897881
0.08384235905094138
0.04356101227934503
0.00477342116818709
0.05936392741664258
0.11821361205785863
0.17920588552969285
0.24018645278318035
0.29904395872670514
0.3537863458679385
0.4026102883221052
0.4439614574307871
0.4765838269883681
0.4995567178710887
0.5123187902342131
0.5146786951180948
0.506812577118507
0.48924905938094193
0.4628427285420644
0.428737460933176
0.3883211866087826
0.34317387230905283
0.2950106192336852
0.2456218201332198
0.19681230848247766
0.15034136765777803
0.10786535821350637
0.07088457489925627
0.04069577002526251
0.018351583478251957
0.004627908369224006
0.0
0.004627908369224006
0.018351583478251957
0.04069577002526251
0.07088457489925627
0.10786535821350637
0.15034136765777803
0.19681230848247766
0.2456218201332198
0.2950106192336852
0.34317387230905283
0.3883211866087826
0.428737460933176
0.4628427285420644
0.48924905938094193
0.506812577118507
0.5146786951180948
0.5123187902342131
0.4995567178710887
0.4765838269883681
0.4439614574307871
0.4026102883221052
0.3537863458679385
0.29904395872670514
0.24018645278318035
0.17920588552969285
0.11821361205785863
0.05936392741664258
0.00477342116818709
0.04356101227934503
0.08384235905094138
0.11454863243897881
0.1344997911606162
0.1429134216925861
0.13944649698359593
0.12422097552658311
0.09783157581827576
0.06133473282146628
0.016218490546103845
0.03564612129691314
0.09207087179962102
0.1506311356827098
0.2087588587787628
0.26384418844064117
0.31334177262935675
0.3548773848332245
0.3863503636267861
0.4060273805931759
0.4126232751195088
0.40536511678775006
0.3840362639716598
0.3489979599477105
0.3011869160001458
0.24208833792868079
0.17368491543030817
0.09838336632173822
0.01892116079470182
0.06174300359915824
0.1405505936463595
0.21447147906226804
0.2806335698286088
0.33644821004347925
0.37972574144969945
0.4087759587117021
0.4224887332318153
0.4203908634937794
0.4026761872151541
0.37020712371940917
0.3244870554197265
0.26760425052933307
0.20214931677693282
0.13110939868973137
0.05774343134816074
0.01455631163356048
0.08241043472675198
0.14260001505850178
0.1922090259391126
0.22875517358697536
0.2503031589924595
0.25555508416786626
0.24391368078441705
0.21551520905328975
0.17123020483037762
0.11263168421830727
0.04193188270786704
0.038109957186197224
0.12430489661022988
0.21317167781012356
0.30108817569146484
0.3844502341484426
0.45983080066856036
0.5241321968032885
0.5747246142623149
0.609564498226513
0.6272873475185489
0.6272705879537155
0.6096635104759579
0.5753827492895948
0.5260733393665428
0.46403696533330047
0.39213052173557494
0.31363947742693765
0.23213170955070073
0.15129838944617494
0.07478911963246566
0.006048807456992512
0.051836297943832724
0.09627638185305933
0.1252933597532488
0.13760842291899564
0.13269783494252468
0.11081443951338617
0.07297391946388904
0.02090647351777613
0.04302382585396682
0.11592823757566588
0.19452604645921973
0.27529459252070215
0.35462968763100433
0.4290090044201897
0.49515090221176594
0.5501613876602653
0.5916624825234943
0.6178961601761735
0.627799173651999
0.6210454758239969
0.598054461132505
0.5599648652252409
0.5085757675060146
0.44625767543953215
0.3758380557715112
0.3004668510413993
0.2234684246929864
0.14818697254139854
0.07783269518148933
0.01533593429428323
0.03678395828359812
0.0765290039290592
0.1025072544233927
0.11398801128901073
0.11092533097516691
0.09394907318977445
0.06432430680355869
0.023881392938174456
0.025079554496613195
0.07990494058663514
0.13771886051942103
0.19556268556628328
0.2505362489877148
0.2999338210646038
0.34136839848266987
0.3728784820967477
0.3930124442898303
0.4008867448124447
0.3962155831468793
0.37931100898376097
0.35105397848245545
0.3128382696266861
0.26649048469757775
0.21417050718848973
0.15825768909899834
0.1012286791102378
0.045533133338630384
0.00652643569121459
0.052904717338590666
0.09190821202416521
0.12226989711684871
0.14320053553186715
0.1544144543482457
0.15612895852533076
0.14903790987512092
0.13426132371614008
0.11327404760705405
0.08781762680821019
0.059800277402286446
0.031190439900860546
0.003909647107534577
0.02026960139021152
0.03981560514856792
0.05351413394422292
0.060526130537934146
0.06042363088888332
0.053202287401662995
0.03927015721927245
0.01941370283262002
0.00525682170347672
0.03337932366446124
0.0634249685428554
0.09379153657542398
0.1228997321347082
0.1492870056768895
0.17169361007757847
0.18913606210425304
0.20096389134347373
0.20689649500610083
0.20703802754090922
0.20186947935461608
0.19221837332528088
0.17920776252216755
0.16418737969549208
0.14865080512491413
0.1341433285129195
0.12216573771511548
0.11407954033883623
0.11101909669884193
0.11381581333669939
0.12293893045687448
0.13845656482495258
0.16001958648576212
0.18686966938606867
0.21787152777345464
0.2515680027280553
0.286255368820778
0.3200750601435668
0.35111703255723137
0.3775292404762029
0.39762725514418806
0.40999791577347205
0.41359109739808303
0.4077941949016893
0.39248473933549144
0.3680576420168762
0.3354248512277852
0.29598664095922717
0.2515752577476863
0.20437315192141567
0.15680943425822097
0.11143945203936718
0.07081340080902059
0.03734062170163584
0.013156634892627861
0.0
8.942352297798573E-4
0.011121573762620617
0.036051487442356624
0.07323125518095623
0.12133725478355561
0.17842963060329675
0.24202841541131234
0.30921969625182266
0.376787270326144
0.4413638183093798
0.4995944758082706
0.5483048728973607
0.5846652849249214
0.6063425245778159
0.611631614662559
0.5995601011296596
0.5699590635291019
0.5234964026960505
0.4616697630784869
0.38675839570171366
0.3017352931891888
0.21014293084754324
0.11593782724773054
0.02331079801912636
0.06350886904074571
0.14045611402117308
0.2038299356706567
0.25048053693023975
0.2779743794537729
0.28472862186552356
0.27010773258851567
0.23447676285625613
0.1792077625221678
0.10663802789231386
0.019981182595717975
0.07680560181470832
0.1791927520403796
0.2822803533245697
0.3810220389221718
0.4704604033561901
0.5459628914497168
0.6034468941193084
0.639583101529132
0.6519670174080904
0.6392498920515947
0.6012221279043272
0.5388443704846404
0.45422391989961136
0.3505366713075688
0.23189739457438793
0.10318366917029641
0.03017892182098601
0.16246077781808585
0.28789035871594915
0.40092224734114645
0.49649863380682957
0.5702917969424868
0.6189158895856713
0.6400976323564923
0.6327973294426118
0.5972738595931134
0.5350898640766819
0.44905613203013134
0.34311704227342626
0.2221817239390511
0.09190821202416509
0.04154982823256686
0.17182236505778514
0.2926154615388491
0.3980033881715101
0.48270671677212557
0.5423432475380116
0.5736397687358004
0.5745943736191811
0.5445812850962788
0.48439276425756495
0.3962155831468793
0.2835425898757927
0.15102294221175064
0.004257489852875425
0.15045159277587614
0.3063856083266946
0.45671556121012474
0.5948156966539876
0.7145698048918476
0.8106559817162938
0.8787964514008004
0.9159606080819367
0.9205115477804063
0.8922889487712197
0.8326240936445692
0.7442859755444067
0.6313606463112625
0.49906909428892066
0.3535318363737772
0.20149093482752053
0.05000218370807923
0.09388834548472408
0.2234684246929864
0.33266939741406737
0.41634707589408604
0.4705206697886123
0.4925585295581261
0.48130194051155106
0.4371210738180028
0.3619003548823154
0.2589537993525826
0.13287413803197134
0.01067735003179752
0.16523059829068032
0.3238040813257571
0.479225918592725
0.6244638388512196
0.752948667959547
0.8588762992352484
0.9374741081188024
0.9852194346262823
1.0
0.9812088424768037
0.9297694230509091
0.8480898208934702
0.7399482554742876
0.6103153818974512
0.46512175615247564
0.3109814188855143
0.15488457985750975
0.00387380508122418
0.13528115149828635
0.25639470389978086
0.3541484975495125
0.424333068108243
0.46403696533330047
0.4717747123098684
0.44754787040002625
0.392836641354154
0.31052270986353653
0.2047472571586874
0.08071110633864306
0.05557334999308092
0.19756656586611393
0.33850907491288496
0.4717370068284051
0.5909910394522973
0.69070432808729
0.766256025692699
0.8141787082250713
0.8323102649281379
0.8198834944161467
0.7775496342216761
0.7073352003118358
0.6125346730282892
0.49754458624594594
0.36764731392911143
0.22875517358697536
0.08712727066530868
0.05092729155532145
0.17934566926574305
0.2925929724046621
0.38591617169768266
0.45555842636285854
0.4989240258382051
0.5146865787295518
0.5028358561687263
0.4646616692905667
0.4026761872151542
0.32047903667157696
0.22257222649025615
0.11413428102981638
7.648358983483623E-4
0.11178773967451325
0.21790243589786298
0.31235210568717015
0.39054766913110167
0.4487485159410421
0.48422935470067086
0.4953959665553501
0.4818448755364688
0.4443647208953345
0.38487997176535477
0.3063404213153483
0.2125625002861552
0.10803073288184424
0.002330487560830158
0.11340328705884455
0.22012858598101773
0.3177518308828315
0.4020502133215891
0.4695304496639149
0.5175877674752539
0.5446187614438965
0.5500831416341476
0.5345119797295117
0.4994627352141473
0.4474239798679467
0.38167520517389325
0.3061092722854812
0.22502684241656296
0.14291342169258586
0.06421040799985213
0.006908295024622731
0.06674293430166264
0.11224762945931241
0.1411744177595906
0.15217476638845734
0.14485391274233234
0.11977582411356406
0.07841908993910139
0.02308654499321249
0.04322625436567341
0.11699653264053825
0.19436494099898194
0.2713413049108968
0.34401474496852863
0.40875730585212017
0.4624106464877676
0.5024462926882399
0.5270913809703461
0.5354136537809401
0.5273616068658741
0.5037580285349794
0.46624758801720323
0.41720150232024394
0.35958451707783007
0.29679136467652095
0.2324614148669344
0.1702813308282702
0.11378613232106714
0.0661691182261147
0.0301106119860045
0.007634491293623998
