-0.4482253179174016
0.41304399078126636
0.31136881774770614
0.15438017918428784
0.040660507299311935
0.25230839325174115
0.457288167280679
0.6330402858926477
0.760177536143895
0.8245800099106116
0.8188980919256774
0.7433003052992625
0.6053881221155702
0.4192934175868437
0.20406550540275392
0.018466668083376728
0.22611439362837882
0.3987589316723295
0.520520396360982
0.5814270832597632
0.5784051784933834
0.5154871948835736
0.40322657048893695
0.25739541050499026
0.09712216262198754
0.057312900851311216
0.18677092818614355
0.275376673855345
0.3122331761999889
0.29254245657768674
0.218016336798217
0.09654427495995402
0.0588295122269563
0.23148929826600897
0.4031992466684899
0.5561919854124754
0.6751519096897448
0.7488675306778604
0.7713698414217048
0.7424368830913314
0.6674208033114931
0.556433627966076
0.4230023082215727
0.28236371543221717
0.14960927454876924
0.03790255294506158
0.043019897935999155
0.08789190851554894
0.09639040857024266
0.0729931295516114
0.02625165763115571
0.0324197963102401
0.09028259442929744
0.13494430231169083
0.1559539816870232
0.14612646820599817
0.10243567185570572
0.026371743015518555
0.07627595148760315
0.1961769303995542
0.3216591014831762
0.4401960925470743
0.539994099961744
0.6114785161711611
0.6484937862987274
0.649066071160147
0.61563290309444
0.5547104190826264
0.476038823448365
0.391311905042332
0.3126487340556668
0.2509986652916123
0.2146803799932951
0.20824063626631664
0.23178038473657875
0.28083944603188893
0.34686280012082865
0.4181999149266139
0.4815221221412161
0.523489938524612
0.5324689886804108
0.5000840229357787
0.4224167900618517
0.30069352391133675
0.14136697898515954
0.044430591236473166
0.24201180294204802
0.43471393789878976
0.6057555858738649
0.7401553516925446
0.8264866533760025
0.8582580853316888
0.8347494009990526
0.7611943927315558
0.6482768446396027
0.51098566016207
0.3669508986556996
0.2344448862736741
0.13027434870828108
0.0678055435630046
0.05535250263816842
0.09511981392693017
0.18283009155489968
0.3080892704220552
0.4554588711101452
0.606123036008288
0.7399688321308661
0.8378491202625393
0.883774012089711
0.8667824402021873
0.782279223733037
0.6326815421671514
0.4272954019250063
0.1814288573103467
0.08516533209517282
0.3503490311398818
0.5919342598982616
0.7900371687767119
0.9291896648299737
0.9999742049041492
1.0
0.9341120950986654
0.8138102420390347
0.6559425253325682
0.4808193999963999
0.3099580680587661
0.16370774420279208
0.059018821776999617
0.007601928707566556
0.014678379512942319
0.07845670437025774
0.19038839362910698
0.3361689884380511
0.49736799577850926
0.6535020793850324
0.7843182466076163
0.8720325232989837
0.9032770553280162
0.8705436054698468
0.7729698244662152
0.6163896517347367
0.4126521192972542
0.17829425288036543
0.06727548351439111
0.30387452818705346
0.5126876436901848
0.6782147253326735
0.7898130894588143
0.8426715943448695
0.8381207393115495
0.7832593561416376
0.6899557992916057
0.5733508397556799
0.45004300003285086
0.3361689884380512
0.24559892620990265
0.18844785025474145
0.17006407119816475
0.19059650006949252
0.2451741012269433
0.3246593531914384
0.41687230228163075
0.5081299386416244
0.5849129789802624
0.6354621325560003
0.6511192781597785
0.6272636625793772
0.563744748661463
0.464775293990645
0.3383131090909227
0.1950199899787714
0.04693450794384298
0.0939738423338215
0.21719154268955806
0.3148228701970671
0.3823917692232715
0.41919587198458264
0.4281814939737613
0.415367914219184
0.38890423109062927
0.3578859440488721
0.3310859581892406
0.31576278614257386
0.31669657265598256
0.3355728996256953
0.37078909136634775
0.4177036231284797
0.46929297368087575
0.517128807024246
0.5525480445292905
0.56786413126649
0.5574625585191113
0.5186380916651846
0.45206337753187675
0.3618246946645826
0.2550148938288957
0.1409293776030592
0.02996141375014679
0.06766806881119183
0.14318863169146032
0.1904057263766693
0.20652932388968429
0.19259636916178052
0.15342612393835361
0.09710401189127321
0.03404741460179825
0.024241013953467165
0.06658691118930543
0.08355605886662701
0.06869296212074005
0.019432220551439987
0.062434876543108704
0.17080511344037608
0.29582634382562667
0.4249241482337113
0.5441816592558257
0.6399183340698956
0.7002872220577439
0.716704827596132
0.6849438841624887
0.6057555858738648
0.48494006336599405
0.3328462383812369
0.16334751685716312
0.007599447302762229
0.16365652686275411
0.28987826705865866
0.3743596436583607
0.40957065392975267
0.3932243119896283
0.328575682974746
0.2241126589587008
0.09266714788882438
0.04995947888630864
0.18670785732152514
0.3011216797940156
0.379153335960643
0.41071443020751475
0.39079910424684716
0.3200550303586275
0.2047379105359292
0.056053476963927255
0.11104130598753918
0.27944646993603894
0.43176035943631536
0.5521524039549718
0.6280628551885871
0.6515448050815962
0.6201039466411057
0.536947440991266
0.41061858643193605
0.2540614128889761
0.08322133418084693
0.08466226361638603
0.2328835473963308
0.3470189084859519
0.4164088423059323
0.4352166892144808
0.40295627636139286
0.324440086623076
0.2091635920022688
0.07020265088734155
0.07724737994678718
0.21752551932426287
0.33616898843805126
0.42140676608685446
0.4653252969203489
0.4645883506526542
0.42064476814078805
0.33941569941526045
0.23051033908642424
0.10606968747684306
0.02062398289712662
0.13661247122401657
0.23063889621132636
0.2942888083666565
0.3227781188351946
0.31531397070293754
0.27500480679696576
0.20834708585260345
0.12436251636022297
0.03349617063759543
0.05359145170200384
0.12719858903301384
0.17959225597051579
0.20574786450023325
0.203747537757245
0.1748084727791831
0.12295664946669513
0.05440162292541036
0.023299550936806794
0.1021805481955355
0.17479049546168732
0.2349965824395644
0.2785757677202129
0.30353646135791235
0.3101467230765441
0.3006826133727126
0.27894430439947226
0.24961433663252283
0.2175489251419765
0.18709774648248673
0.16153996648148092
0.14270570714017738
0.13082532533205374
0.12461738557952749
0.12159415991979479
0.11853497527982938
0.1120563294793504
0.09919603156767952
0.07792804209501382
0.04753512392016045
0.008786397564517259
0.036106238557537224
0.08374863341483003
0.1300079992861018
0.17058050172317293
0.20160611970050457
0.22024645403682855
0.22514454606301756
0.21669979678922768
0.1971140452842424
0.1701939327615691
0.1409262186691588
0.11487276052687188
0.09745660468586222
0.09322686809757251
0.10519564979878226
0.13433421834603826
0.17929871355850344
0.236429472072205
0.3000358706284283
0.36294409479588163
0.4172526274550021
0.4552134852674471
0.4701396386553178
0.4572329048670407
0.4142328437148718
0.341805292332911
0.24361721929910643
0.1260794351101079
0.002223596816859367
0.13136138833530803
0.251056524874718
0.35174806148758886
0.425602704003757
0.46736099910405265
0.4749222919340908
0.4495997968681278
0.39601274603203807
0.32162227810442473
0.2359570694975406
0.14960927454876913
0.07310723694695544
0.01578573254196379
0.015224427933228434
0.015777920357228248
0.014817613061544783
0.0736995893221722
0.15472614355295844
0.24910091541304472
0.34628098523920925
0.4350717616193669
0.5047929169472515
0.5463923606287316
0.5533914114573965
0.522562997750699
0.45427373123448617
0.3524568153742757
0.22422197326516285
0.07914664213632139
0.07167450083538297
0.21672048879450592
0.3451613020229516
0.44788652332523843
0.5183420120490148
0.5530933269317284
0.5520648148459737
0.518438111187553
0.45822943701870267
0.37959771069216064
0.2919617307703761
0.2050219345313553
0.1277889433260817
0.0677169094593143
0.030025402990787736
0.01727110136890335
0.029202564142647332
0.06290107204111348
0.1131811891352296
0.1731994283738256
0.235200654381307
0.2913213147084507
0.3343669587412689
0.3584884921644202
0.3596960178728461
0.3361689884380513
0.28834431449577425
0.2187874237206479
0.1318725455396966
0.03331559156874313
0.07038560710661557
0.17254404534379772
0.2668512217965689
0.34786911710257157
0.41140777664824374
0.4547645701467488
0.47681694153582943
0.47797537678697133
0.46001586787800897
0.4258202256943457
0.3790575994406358
0.32384144518280084
0.26439339933396233
0.20473989537362175
0.14846000134427842
0.09849501859940936
0.05702295134822347
0.025394890765449978
0.004126195380702439
0.007066734916298785
0.009193479596712515
0.0038885573155386737
0.006711547660277515
0.020109235525432357
0.03360193212751032
0.04445133479180511
0.05006268911093268
0.04816893316851129
0.03701162136085045
0.015507375405846237
0.016614071469928122
0.058715637978808854
0.10921750458636263
0.1656330343614407
0.2246836143973211
0.2824931756301355
0.3348549275011539
0.377554159918634
0.40672289903469405
0.41919587198458297
0.4128336401512867
0.38677864214751595
0.3416136102682032
0.2793992991953427
0.20357913326493504
0.11875124780260848
0.030322146964685298
0.055930687299981886
0.13434894942702708
0.1998907078891204
0.24858602541293687
0.2779045515957562
0.28699586099344554
0.27677498892810437
0.2498406289485628
0.21023026393591843
0.16303332434975687
0.11389847116365703
0.06848261742393971
0.03189601535561353
0.008198840082304065
0.0
0.008198840082304065
0.03189601535561353
0.06848261742393971
0.11389847116365703
0.16303332434975687
0.21023026393591843
0.2498406289485628
0.27677498892810437
0.28699586099344554
0.2779045515957562
0.24858602541293687
0.1998907078891204
0.13434894942702708
0.055930687299981886
0.030322146964685298
0.11875124780260848
0.20357913326493504
0.2793992991953427
0.3416136102682032
0.38677864214751595
0.4128336401512867
0.41919587198458297
0.40672289903469405
0.377554159918634
0.3348549275011539
0.2824931756301355
0.2246836143973211
0.1656330343614407
0.10921750458636263
0.058715637978808854
0.016614071469928122
0.015507375405846237
0.03701162136085045
0.04816893316851129
0.05006268911093268
0.04445133479180511
0.03360193212751032
0.020109235525432357
0.006711547660277515
0.0038885573155386737
0.009193479596712515
0.007066734916298785
0.004126195380702439
0.025394890765449978
0.05702295134822347
0.09849501859940936
0.14846000134427842
0.20473989537362175
0.26439339933396233
0.32384144518280084
0.3790575994406358
0.4258202256943457
0.46001586787800897
0.47797537678697133
0.47681694153582943
0.4547645701467488
0.41140777664824374
0.34786911710257157
0.2668512217965689
0.17254404534379772
0.07038560710661557
0.03331559156874313
0.1318725455396966
0.2187874237206479
0.28834431449577425
0.3361689884380513
0.3596960178728461
0.3584884921644202
0.3343669587412689
0.2913213147084507
0.235200654381307
0.1731994283738256
0.1131811891352296
0.06290107204111348
0.029202564142647332
0.01727110136890335
0.030025402990787736
0.0677169094593143
0.1277889433260817
0.2050219345313553
0.2919617307703761
0.37959771069216064
0.45822943701870267
0.518438111187553
0.5520648148459737
0.5530933269317284
0.5183420120490148
0.44788652332523843
0.3451613020229516
0.21672048879450592
0.07167450083538297
0.07914664213632139
0.22422197326516285
0.3524568153742757
0.45427373123448617
0.522562997750699
0.5533914114573965
0.5463923606287316
0.5047929169472515
0.4350717616193669
0.34628098523920925
0.24910091541304472
0.15472614355295844
0.0736995893221722
0.014817613061544783
0.015777920357228248
0.015224427933228434
0.01578573254196379
0.07310723694695544
0.14960927454876913
0.2359570694975406
0.32162227810442473
0.39601274603203807
0.4495997968681278
0.4749222919340908
0.46736099910405265
0.425602704003757
0.35174806148758886
0.251056524874718
0.13136138833530803
0.002223596816859367
0.1260794351101079
0.24361721929910643
0.341805292332911
0.4142328437148718
0.4572329048670407
0.4701396386553178
0.4552134852674471
0.4172526274550021
0.36294409479588163
0.3000358706284283
0.236429472072205
0.17929871355850344
0.13433421834603826
0.10519564979878226
0.09322686809757251
0.09745660468586222
0.11487276052687188
0.1409262186691588
0.1701939327615691
0.1971140452842424
0.21669979678922768
0.22514454606301756
0.22024645403682855
0.20160611970050457
0.17058050172317293
0.1300079992861018
0.08374863341483003
0.036106238557537224
0.008786397564517259
0.04753512392016045
0.07792804209501382
0.09919603156767952
0.1120563294793504
0.11853497527982938
0.12159415991979479
0.12461738557952749
0.13082532533205374
0.14270570714017738
0.16153996648148092
0.18709774648248673
0.2175489251419765
0.24961433663252283
0.27894430439947226
0.3006826133727126
0.3101467230765441
0.30353646135791235
0.2785757677202129
0.2349965824395644
0.17479049546168732
0.1021805481955355
0.023299550936806794
0.05440162292541036
0.12295664946669513
0.1748084727791831
0.203747537757245
0.20574786450023325
0.17959225597051579
0.12719858903301384
0.05359145170200384
0.03349617063759543
0.12436251636022297
0.20834708585260345
0.27500480679696576
0.31531397070293754
0.3227781188351946
0.2942888083666565
0.23063889621132636
0.13661247122401657
0.02062398289712662
0.10606968747684306
0.23051033908642424
0.33941569941526045
0.42064476814078805
0.4645883506526542
0.4653252969203489
0.42140676608685446
0.33616898843805126
0.21752551932426287
0.07724737994678718
0.07020265088734155
0.2091635920022688
0.324440086623076
0.40295627636139286
0.4352166892144808
0.4164088423059323
0.3470189084859519
0.2328835473963308
0.08466226361638603
0.08322133418084693
0.2540614128889761
0.41061858643193605
0.536947440991266
0.6201039466411057
0.6515448050815962
0.6280628551885871
0.5521524039549718
0.43176035943631536
0.27944646993603894
0.11104130598753918
0.056053476963927255
0.2047379105359292
0.3200550303586275
0.39079910424684716
0.41071443020751475
0.379153335960643
0.3011216797940156
0.18670785732152514
0.04995947888630864
0.09266714788882438
0.2241126589587008
0.328575682974746
0.3932243119896283
0.40957065392975267
0.3743596436583607
0.28987826705865866
0.16365652686275411
0.007599447302762229
0.16334751685716312
0.3328462383812369
0.48494006336599405
0.6057555858738648
0.6849438841624887
0.716704827596132
0.7002872220577439
0.6399183340698956
0.5441816592558257
0.4249241482337113
0.29582634382562667
0.17080511344037608
0.062434876543108704
0.019432220551439987
0.06869296212074005
0.08355605886662701
0.06658691118930543
0.024241013953467165
0.03404741460179825
0.09710401189127321
0.15342612393835361
0.19259636916178052
0.20652932388968429
0.1904057263766693
0.14318863169146032
0.06766806881119183
0.02996141375014679
0.1409293776030592
0.2550148938288957
0.3618246946645826
0.45206337753187675
0.5186380916651846
0.5574625585191113
0.56786413126649
0.5525480445292905
0.517128807024246
0.46929297368087575
0.4177036231284797
0.37078909136634775
0.3355728996256953
0.31669657265598256
0.31576278614257386
0.3310859581892406
0.3578859440488721
0.38890423109062927
0.415367914219184
0.4281814939737613
0.41919587198458264
0.3823917692232715
0.3148228701970671
0.21719154268955806
0.0939738423338215
0.04693450794384298
0.1950199899787714
0.3383131090909227
0.464775293990645
0.563744748661463
0.6272636625793772
0.6511192781597785
0.6354621325560003
0.5849129789802624
0.5081299386416244
0.41687230228163075
0.3246593531914384
0.2451741012269433
0.19059650006949252
0.17006407119816475
0.18844785025474145
0.24559892620990265
0.3361689884380512
0.45004300003285086
0.5733508397556799
0.6899557992916057
0.7832593561416376
0.8381207393115495
0.8426715943448695
0.7898130894588143
0.6782147253326735
0.5126876436901848
0.30387452818705346
0.06727548351439111
0.17829425288036543
0.4126521192972542
0.6163896517347367
0.7729698244662152
0.8705436054698468
0.9032770553280162
0.8720325232989837
0.7843182466076163
0.6535020793850324
0.49736799577850926
0.3361689884380511
0.19038839362910698
0.07845670437025774
0.014678379512942319
0.007601928707566556
0.059018821776999617
0.16370774420279208
0.3099580680587661
0.4808193999963999
0.6559425253325682
0.8138102420390347
0.9341120950986654
1.0
0.9999742049041492
0.9291896648299737
0.7900371687767119
0.5919342598982616
0.3503490311398818
0.08516533209517282
0.1814288573103467
0.4272954019250063
0.6326815421671514
0.782279223733037
0.8667824402021873
0.883774012089711
0.8378491202625393
0.7399688321308661
0.606123036008288
0.4554588711101452
0.3080892704220552
0.18283009155489968
0.09511981392693017
0.05535250263816842
0.0678055435630046
0.13027434870828108
0.2344448862736741
0.3669508986556996
0.51098566016207
0.6482768446396027
0.7611943927315558
0.8347494009990526
0.8582580853316888
0.8264866533760025
0.7401553516925446
0.6057555858738649
0.43471393789878976
0.24201180294204802
0.044430591236473166
0.14136697898515954
0.30069352391133675
0.4224167900618517
0.5000840229357787
0.5324689886804108
0.523489938524612
0.4815221221412161
0.4181999149266139
0.34686280012082865
0.28083944603188893
0.23178038473657875
0.20824063626631664
0.2146803799932951
0.2509986652916123
0.3126487340556668
0.391311905042332
0.476038823448365
0.5547104190826264
0.61563290309444
0.649066071160147
0.6484937862987274
0.6114785161711611
0.539994099961744
0.4401960925470743
0.3216591014831762
0.1961769303995542
0.07627595148760315
0.026371743015518555
0.10243567185570572
0.14612646820599817
0.1559539816870232
0.13494430231169083
0.09028259442929744
0.0324197963102401
0.02625165763115571
0.0729931295516114
0.09639040857024266
0.08789190851554894
0.043019897935999155
0.03790255294506158
0.14960927454876924
0.28236371543221717
0.4230023082215727
0.556433627966076
0.6674208033114931
0.7424368830913314
0.7713698414217048
0.7488675306778604
0.6751519096897448
0.5561919854124754
0.4031992466684899
0.23148929826600897
0.0588295122269563
0.09654427495995402
0.218016336798217
0.29254245657768674
0.3122331761999889
0.275376673855345
0.18677092818614355
0.057312900851311216
0.09712216262198754
0.25739541050499026
0.40322657048893695
0.5154871948835736
0.5784051784933834
0.5814270832597632
0.520520396360982
0.3987589316723295
0.22611439362837882
0.018466668083376728
0.20406550540275392
0.4192934175868437
0.6053881221155702
0.7433003052992625
0.8188980919256774
0.8245800099106116
0.760177536143895
0.6330402858926477
0.457288167280679
0.25230839325174115
0.040660507299311935
0.15438017918428784
0.31136881774770614
0.41304399078126636
