-0.06911345968472177
0.07358445379373639
0.08214819549035147
0.08397110877496206
0.07082455928336022
0.04454013995098744
0.0177927889625124
0.006890704627578061
0.02063099131725741
0.05237808788087478
0.08116595204913234
0.0823542976254801
0.042257775527985604
0.031952976136675464
0.11368452866716891
0.16988626993715275
0.1787084738597102
0.14168696717554383
0.0829900479202481
0.0356883911691626
0.022823758060983395
0.04443942119652755
0.07840030284717836
0.09458350714557567
0.07382776934849446
0.02001117517311004
0.04219708114284142
0.08246861272574056
0.08331349062289241
0.0503148320235226
0.007748930905889963
0.017403919314019564
0.01261723092294547
0.012973814163971305
0.035865696867867516
0.03497640514767999
0.006653526158543143
0.032201340689618656
0.05509834424919187
0.04381348697839356
0.0012678993746227478
0.04920978368131844
0.0778988640403097
0.06689473382135341
0.020763077024182695
0.03693848024267539
0.07840956022141424
0.08749570850445776
0.06639784147689157
0.029765733226666178
0.008249143461362752
0.043686655110876646
0.08186683846494944
0.12700080575637046
0.1712387826817076
0.19325592375869521
0.1697754693137423
0.09335390096414295
0.016360599010051633
0.11785805114041345
0.1688455067520872
0.15108199780340756
0.08271349431924198
0.008631722871640166
0.026650990650675808
0.007029882033980394
0.04461455603929398
0.08117053612261826
0.06285624072275907
0.01455874623208097
0.11379412191608469
0.17740107256639479
0.163608126631711
0.0738034867536514
0.046531283756112846
0.13480073542158627
0.14937473492293746
0.09441074167276159
0.015383265067307663
0.03172249624731886
0.01731782867850754
0.043107960257980936
0.10087169504798416
0.10858572734449361
0.054087727680513314
0.029265225779461876
0.08349183533276583
0.0648072634412183
0.0252177897982682
0.13727014703487414
0.20325979211628084
0.17870025732968203
0.07151831313019631
0.061291908648283114
0.147345444324603
0.1418783313384995
0.05349597817780428
0.06261227162513422
0.13864451179293652
0.13351558244784004
0.05368256722702756
0.05540941987540061
0.13928725815556545
0.16557473065584233
0.13772546143890374
0.0861152486164884
0.046279930577693584
0.04055694410785192
0.07374070460703845
0.14089283023746563
0.23608797551704158
0.3517485533966188
0.468375540051497
0.5455984125496516
0.5280697551398734
0.3704539191402086
0.07036078090902334
0.312193318892532
0.666550094801685
0.8749293911761411
0.867632104349249
0.6595444337970311
0.3455213077316753
0.054868982919450256
0.11099698597451313
0.12351353662395209
0.030629284487698093
0.08021808919723068
0.13561239078801246
0.11392236072921329
0.04709140063229975
0.010054493981422104
0.019646595319115504
0.017005090863194322
0.06725738987004565
0.09587668749898937
0.09155935264469346
0.07113979342916361
0.05883454843835871
0.057173703468608755
0.033610362916856644
0.06338266486439151
0.26598956982695476
0.5512884917185684
0.8343462678113577
1.0
0.9588154565946603
0.6961719191930451
0.2856387852362141
0.14218794840698304
0.45872789325396707
0.5923545071534746
0.5511021882429872
0.40487747844537836
0.2418971088965262
0.12618449970190707
0.07796758828633119
0.08171043313667495
0.10940333806843645
0.1404574566730608
0.16662495169907693
0.18406150704842802
0.1843656889162486
0.15541451286790814
0.09272807741496335
0.01138280882393853
0.0540886592198042
0.06631426913242011
0.009701592604293227
0.0936254289073726
0.1898094771988383
0.22073891870728568
0.15768668624789117
0.020071594092705352
0.13356659521900108
0.23805031898153955
0.25800095533050676
0.20579306498599903
0.13016042037024175
0.0832913635866103
0.08787873746218394
0.1251975941138314
0.15117151889766858
0.12891946444715716
0.05564635380926627
0.03412415164970467
0.09098391538219235
0.08362248291954756
0.02031876096959027
0.05536281493249719
0.09189535980324334
0.06231791271295604
0.018995249750918628
0.10572552696635268
0.14850930482829136
0.12444951336644526
0.048733042655827584
0.03782957394170819
0.09577184369137977
0.1101314439166377
0.09517333255790957
0.07916063134963194
0.0810798750741148
0.09600287719696636
0.09906467855167068
0.06480828310590242
0.011960322265810695
0.10857167605971087
0.18577769097821428
0.21076982805202565
0.1769821390091623
0.10796671739507034
0.043126723015951426
0.014691765020059467
0.030422835558929103
0.07213265769990347
0.10955394964339317
0.11956606043066563
0.09838003007115945
0.060020286672837674
0.023947422024371563
0.0013924464794525997
0.010297975507845772
0.022496154819317986
0.04429748523896082
0.07434615885743766
0.1014269256477976
0.11300037513498466
0.10503366019162508
0.0856784945350852
0.06994820054401475
0.06911345968472177
0.0823749860786437
0.09683071534361408
0.09600119772878649
0.07126214801435724
0.028517169139878222
0.01438321418974575
0.037866926923655946
0.03201287353862446
0.002065788102341296
0.03492289736174718
0.05970687385760822
0.060543914456445955
0.03746359642691258
3.92360901997044E-4
0.04141308971697921
0.07728574355047725
0.10459081252564324
0.12246954706840674
0.12942127184511218
0.12245208793754275
0.09944994288197662
0.06275152918831534
0.020634558394952204
0.01517961999599231
0.035012528860437465
0.03636338346141065
0.025286590087731573
0.012894457820618162
0.00895974024556293
0.016428123801205705
0.030063998881875904
0.03989801337876492
0.03730111480878459
0.020117639125437205
0.005945138342586158
0.030205230009993016
0.042382016157593946
0.03756182128380684
0.018357743158350596
0.006540595909630678
0.026500991654158278
0.03374930579160269
0.026680400161557618
0.01023629973376093
0.006829970485955203
0.01657904041516854
0.01612978737498688
0.009142890379475561
0.0033258280621404806
0.004912272762530508
0.01320549589563552
0.018964936510909077
0.0087624618208655
0.026095686209865944
0.08097728328181793
0.13560930807405217
0.16129080954703928
0.1354154976092891
0.055910318468495736
0.05321960849711503
0.15012105279638008
0.19437895401537778
0.16767050014446794
0.08421399522871365
0.015637391097738814
0.08598503844150768
0.09913833711992447
0.0592876662224582
0.001606521525259753
0.04318753188811347
0.039984006858834596
0.004849963604060892
0.06287602466304756
0.09807862980048385
0.08791902896912773
0.035341095832923504
0.034556729842360884
0.08997246723668961
0.1098942958233297
0.09335824646459863
0.056259238115768204
0.019495537583398986
0.0030886494771049924
0.009758720435507455
0.007441245129752797
0.004086946166834095
0.0031147301945614607
0.0034000842975485525
0.00330177351726696
0.00407308923340831
0.00902384907597977
0.018978908810895527
0.028395156525209582
0.026666602913511826
0.005224633195392639
0.03408968738865839
0.07611265960552052
0.09870754756803375
0.08571401749444671
0.03836468185117034
0.023146072394025222
0.0703561745254681
0.08355425061262246
0.06416204379761652
0.033752103981674296
0.019522760331614427
0.035411363110004354
0.07167651255932422
0.10073651467402492
0.0962162843180997
0.052682426811624654
0.007872515893404161
0.048555900184981085
0.04208495512450471
0.008649860775038973
0.06856076266806863
0.09011221062748222
0.04371411586670122
0.06031868361564532
0.17321341013083744
0.2334763784807528
0.20243116119194182
0.08825788034031509
0.05641488990861537
0.16253254425101263
0.18198527960772412
0.11257923738253213
0.0033678220562775502
0.1047919899838208
0.14583583648455326
0.11807059276552845
0.049493297492681686
0.016517187329057756
0.04762921357656795
0.038261182868098625
0.006994553253137275
0.01967329535272854
0.02488544186181151
0.00913608013661622
0.014758128286490388
0.0333644015819126
0.04149059255390567
0.042440296914779206
0.04138076620238263
0.038775322050132094
0.03001422210533323
0.011505746650276651
0.01253838028243554
0.029595838106954937
0.026760127678255145
0.0019973357638590184
0.030313743777391898
0.045662889483888
0.025297281988039797
0.02838321504190115
0.0884230139721648
0.11648982117516507
0.08610978321996828
0.0016175493168082758
0.10023349512593703
0.16878449033451878
0.16796288091336117
0.09754283162502268
0.006236838775442798
0.09150443997026082
0.1204126706407232
0.08946109715231822
0.02835783525133296
0.020984969726858007
0.03125161101265859
0.005101177375575407
0.03002473393399468
0.04304131371434471
0.021397681641246395
0.02070315913088387
0.05311959191949729
0.051645084893949506
0.01559975188813585
0.031032438141848542
0.055719765237223357
0.039778613590788624
0.008157393037761633
0.0567610249966796
0.07178756108055855
0.03807394959629457
0.030452020623407183
0.0989150178275422
0.13214762137968786
0.11453476999882344
0.05699608815522197
0.012019014939677929
0.0643618598795041
0.08686317864651105
0.08429419711694618
0.07073761940237581
0.057163078615058434
0.04449831105949585
0.02631937647425932
0.002325789193146007
0.03780872692795591
0.06848624562318512
0.08249658293210167
0.07645977904806782
0.057920905031826606
0.03923315540031074
0.027427606787348208
0.018164791279688165
8.07606070452266E-4
0.03843428779106409
0.08954431585582293
0.13335031402854106
0.14414931016694868
0.10830780882690018
0.036221299072562156
0.03986464200426209
0.08248015959099625
0.0705896428815435
0.012846863232344411
0.056313379770768494
0.0959307602699912
0.08165742936570762
0.018906093791924344
0.06147836695725234
0.12157330057460634
0.13697930918725967
0.10742507170472927
0.052430081650681214
0.0030953715195628138
0.04273154738149658
0.0632518656494959
0.06911345968472177
0.0632518656494959
0.04273154738149658
0.0030953715195628138
0.052430081650681214
0.10742507170472927
0.13697930918725967
0.12157330057460634
0.06147836695725234
0.018906093791924344
0.08165742936570762
0.0959307602699912
0.056313379770768494
0.012846863232344411
0.0705896428815435
0.08248015959099625
0.03986464200426209
0.036221299072562156
0.10830780882690018
0.14414931016694868
0.13335031402854106
0.08954431585582293
0.03843428779106409
8.07606070452266E-4
0.018164791279688165
0.027427606787348208
0.03923315540031074
0.057920905031826606
0.07645977904806782
0.08249658293210167
0.06848624562318512
0.03780872692795591
0.002325789193146007
0.02631937647425932
0.04449831105949585
0.057163078615058434
0.07073761940237581
0.08429419711694618
0.08686317864651105
0.0643618598795041
0.012019014939677929
0.05699608815522197
0.11453476999882344
0.13214762137968786
0.0989150178275422
0.030452020623407183
0.03807394959629457
0.07178756108055855
0.0567610249966796
0.008157393037761633
0.039778613590788624
0.055719765237223357
0.031032438141848542
0.01559975188813585
0.051645084893949506
0.05311959191949729
0.02070315913088387
0.021397681641246395
0.04304131371434471
0.03002473393399468
0.005101177375575407
0.03125161101265859
0.020984969726858007
0.02835783525133296
0.08946109715231822
0.1204126706407232
0.09150443997026082
0.006236838775442798
0.09754283162502268
0.16796288091336117
0.16878449033451878
0.10023349512593703
0.0016175493168082758
0.08610978321996828
0.11648982117516507
0.0884230139721648
0.02838321504190115
0.025297281988039797
0.045662889483888
0.030313743777391898
0.0019973357638590184
0.026760127678255145
0.029595838106954937
0.01253838028243554
0.011505746650276651
0.03001422210533323
0.038775322050132094
0.04138076620238263
0.042440296914779206
0.04149059255390567
0.0333644015819126
0.014758128286490388
0.00913608013661622
0.02488544186181151
0.01967329535272854
0.006994553253137275
0.038261182868098625
0.04762921357656795
0.016517187329057756
0.049493297492681686
0.11807059276552845
0.14583583648455326
0.1047919899838208
0.0033678220562775502
0.11257923738253213
0.18198527960772412
0.16253254425101263
0.05641488990861537
0.08825788034031509
0.20243116119194182
0.2334763784807528
0.17321341013083744
0.06031868361564532
0.04371411586670122
0.09011221062748222
0.06856076266806863
0.008649860775038973
0.04208495512450471
0.048555900184981085
0.007872515893404161
0.052682426811624654
0.0962162843180997
0.10073651467402492
0.07167651255932422
0.035411363110004354
0.019522760331614427
0.033752103981674296
0.06416204379761652
0.08355425061262246
0.0703561745254681
0.023146072394025222
0.03836468185117034
0.08571401749444671
0.09870754756803375
0.07611265960552052
0.03408968738865839
0.005224633195392639
0.026666602913511826
0.028395156525209582
0.018978908810895527
0.00902384907597977
0.00407308923340831
0.00330177351726696
0.0034000842975485525
0.0031147301945614607
0.004086946166834095
0.007441245129752797
0.009758720435507455
0.0030886494771049924
0.019495537583398986
0.056259238115768204
0.09335824646459863
0.1098942958233297
0.08997246723668961
0.034556729842360884
0.035341095832923504
0.08791902896912773
0.09807862980048385
0.06287602466304756
0.004849963604060892
0.039984006858834596
0.04318753188811347
0.001606521525259753
0.0592876662224582
0.09913833711992447
0.08598503844150768
0.015637391097738814
0.08421399522871365
0.16767050014446794
0.19437895401537778
0.15012105279638008
0.05321960849711503
0.055910318468495736
0.1354154976092891
0.16129080954703928
0.13560930807405217
0.08097728328181793
0.026095686209865944
0.0087624618208655
0.018964936510909077
0.01320549589563552
0.004912272762530508
0.0033258280621404806
0.009142890379475561
0.01612978737498688
0.01657904041516854
0.006829970485955203
0.01023629973376093
0.026680400161557618
0.03374930579160269
0.026500991654158278
0.006540595909630678
0.018357743158350596
0.03756182128380684
0.042382016157593946
0.030205230009993016
0.005945138342586158
0.020117639125437205
0.03730111480878459
0.03989801337876492
0.030063998881875904
0.016428123801205705
0.00895974024556293
0.012894457820618162
0.025286590087731573
0.03636338346141065
0.035012528860437465
0.01517961999599231
0.020634558394952204
0.06275152918831534
0.09944994288197662
0.12245208793754275
0.12942127184511218
0.12246954706840674
0.10459081252564324
0.07728574355047725
0.04141308971697921
3.92360901997044E-4
0.03746359642691258
0.060543914456445955
0.05970687385760822
0.03492289736174718
0.002065788102341296
0.03201287353862446
0.037866926923655946
0.01438321418974575
0.028517169139878222
0.07126214801435724
0.09600119772878649
0.09683071534361408
0.0823749860786437
0.06911345968472177
0.06994820054401475
0.0856784945350852
0.10503366019162508
0.11300037513498466
0.1014269256477976
0.07434615885743766
0.04429748523896082
0.022496154819317986
0.010297975507845772
0.0013924464794525997
0.023947422024371563
0.060020286672837674
0.09838003007115945
0.11956606043066563
0.10955394964339317
0.07213265769990347
0.030422835558929103
0.014691765020059467
0.043126723015951426
0.10796671739507034
0.1769821390091623
0.21076982805202565
0.18577769097821428
0.10857167605971087
0.011960322265810695
0.06480828310590242
0.09906467855167068
0.09600287719696636
0.0810798750741148
0.07916063134963194
0.09517333255790957
0.1101314439166377
0.09577184369137977
0.03782957394170819
0.048733042655827584
0.12444951336644526
0.14850930482829136
0.10572552696635268
0.018995249750918628
0.06231791271295604
0.09189535980324334
0.05536281493249719
0.02031876096959027
0.08362248291954756
0.09098391538219235
0.03412415164970467
0.05564635380926627
0.12891946444715716
0.15117151889766858
0.1251975941138314
0.08787873746218394
0.0832913635866103
0.13016042037024175
0.20579306498599903
0.25800095533050676
0.23805031898153955
0.13356659521900108
0.020071594092705352
0.15768668624789117
0.22073891870728568
0.1898094771988383
0.0936254289073726
0.009701592604293227
0.06631426913242011
0.0540886592198042
0.01138280882393853
0.09272807741496335
0.15541451286790814
0.1843656889162486
0.18406150704842802
0.16662495169907693
0.1404574566730608
0.10940333806843645
0.08171043313667495
0.07796758828633119
0.12618449970190707
0.2418971088965262
0.40487747844537836
0.5511021882429872
0.5923545071534746
0.45872789325396707
0.14218794840698304
0.2856387852362141
0.6961719191930451
0.9588154565946603
1.0
0.8343462678113577
0.5512884917185684
0.26598956982695476
0.06338266486439151
0.033610362916856644
0.057173703468608755
0.05883454843835871
0.07113979342916361
0.09155935264469346
0.09587668749898937
0.06725738987004565
0.017005090863194322
0.019646595319115504
0.010054493981422104
0.04709140063229975
0.11392236072921329
0.13561239078801246
0.08021808919723068
0.030629284487698093
0.12351353662395209
0.11099698597451313
0.054868982919450256
0.3455213077316753
0.6595444337970311
0.867632104349249
0.8749293911761411
0.666550094801685
0.312193318892532
0.07036078090902334
0.3704539191402086
0.5280697551398734
0.5455984125496516
0.468375540051497
0.3517485533966188
0.23608797551704158
0.14089283023746563
0.07374070460703845
0.04055694410785192
0.046279930577693584
0.0861152486164884
0.13772546143890374
0.16557473065584233
0.13928725815556545
0.05540941987540061
0.05368256722702756
0.13351558244784004
0.13864451179293652
0.06261227162513422
0.05349597817780428
0.1418783313384995
0.147345444324603
0.061291908648283114
0.07151831313019631
0.17870025732968203
0.20325979211628084
0.13727014703487414
0.0252177897982682
0.0648072634412183
0.08349183533276583
0.029265225779461876
0.054087727680513314
0.10858572734449361
0.10087169504798416
0.043107960257980936
0.01731782867850754
0.03172249624731886
0.015383265067307663
0.09441074167276159
0.14937473492293746
0.13480073542158627
0.046531283756112846
0.0738034867536514
0.163608126631711
0.17740107256639479
0.11379412191608469
0.01455874623208097
0.06285624072275907
0.08117053612261826
0.04461455603929398
0.007029882033980394
0.026650990650675808
0.008631722871640166
0.08271349431924198
0.15108199780340756
0.1688455067520872
0.11785805114041345
0.016360599010051633
0.09335390096414295
0.1697754693137423
0.19325592375869521
0.1712387826817076
0.12700080575637046
0.08186683846494944
0.043686655110876646
0.008249143461362752
0.029765733226666178
0.06639784147689157
0.08749570850445776
0.07840956022141424
0.03693848024267539
0.020763077024182695
0.06689473382135341
0.0778988640403097
0.04920978368131844
0.0012678993746227478
0.04381348697839356
0.05509834424919187
0.032201340689618656
0.006653526158543143
0.03497640514767999
0.035865696867867516
0.012973814163971305
0.01261723092294547
0.017403919314019564
0.007748930905889963
0.0503148320235226
0.08331349062289241
0.08246861272574056
0.04219708114284142
0.02001117517311004
0.07382776934849446
0.09458350714557567
0.07840030284717836
0.04443942119652755
0.022823758060983395
0.0356883911691626
0.0829900479202481
0.14168696717554383
0.1787084738597102
0.16988626993715275
0.11368452866716891
0.031952976136675464
0.042257775527985604
0.0823542976254801
0.08116595204913234
0.05237808788087478
0.02063099131725741
0.006890704627578061
0.0177927889625124
0.04454013995098744
0.07082455928336022
0.08397110877496206
0.08214819549035147
0.07358445379373639
