-0.09385666530456568
0.09637203714473025
0.10397253543400996
0.12005432084970738
0.06574969596939098
0.02265470577869449
0.2178892926859313
0.06352339231773174
0.07333187177611807
0.0681270608628839
0.21127445879357482
0.13666130027144785
0.25985378571638
0.11407396107004193
0.48776582743083696
0.2930334683979231
0.014814167484062502
0.23067639155008
0.08251320731069962
0.10967824174674935
0.9086405689956466
0.3020120322429493
0.030109269734434122
0.6147380713551879
0.44541363845148946
0.6531457602965677
0.0038957958053263604
0.6465989585573763
0.3348481016411371
0.3398623370847356
0.5839096490642472
0.05734341987660115
0.40932289179130765
0.3761316175491227
0.23139353584860145
0.1547766529639558
0.7185844017632926
0.25250673131407736
0.7628543397309514
0.07796880525731471
0.623814647639782
0.608924938425666
0.03572275703166542
1.0
0.40204753701384766
0.22224017743929167
0.10789753091564519
0.19637630580423818
0.7737033924992006
0.1201544026922293
0.4670831934683111
0.1834861388946575
0.10567042681584729
0.6685422916529089
0.0029542583751059346
0.13425171022505925
0.1676574534541604
0.23401774450860494
0.3534790212099817
0.16421690802339617
0.1895068706003607
0.10769178938056106
0.25740357197916125
0.313601614346991
0.7011539998055353
0.021731785086465425
0.5018971985604943
0.17093243907986813
0.35307275703274377
0.1537742582389175
0.22237796618958322
0.18189472993125722
0.22294156122375286
0.2413367292307289
0.14813928176943536
0.014829325246080697
0.1398350725872109
0.04952873023308442
0.24407836968348284
0.3315219202498246
0.1238438689783759
0.08747582588131342
0.2588196699830124
0.37962024099489505
0.08715875799587479
0.09347820165499716
0.04598884122419125
0.024714813021811877
0.7298116957698767
0.07430146922048061
0.20018788126049236
0.7758459696190783
0.5843870771284496
0.4906414456659854
0.3156331583581067
0.05507894565380642
0.17843639809458783
0.08499994046972513
0.07892070307411148
0.35092629982706136
0.41276979512454826
0.019176495628247796
0.18492635390249604
0.05098388831175954
0.0716270349344707
0.021004853368206875
0.04389776875348746
0.08269287448576802
0.06752682273668666
0.2605547795751568
0.12456721604714428
0.058141025148449016
0.0701166900082354
0.17976201513536152
0.0421259090657396
0.04518024562273375
0.3138753325897388
0.17033071635372252
0.17668801964606906
0.02914194415296215
0.08356231173991988
0.10620947018425285
0.13496167497841355
0.2143716991441869
0.009482142773241758
0.16228825768999966
0.013163868585815737
0.08175931757102087
0.021413638750671843
0.08643904590667668
0.002479372011874019
0.122778840679487
0.0010903290599805742
0.01935647370985788
0.02930266080691019
0.0454598895764543
0.114516946653101
0.060820602384977634
0.12798594212352038
0.004538024543170371
0.07674759478615456
0.035571844051691906
0.03074723403359941
0.01464977540270438
0.04838175339802483
0.04360428439163492
0.003932797408891568
0.005224164020476458
0.007963796395871523
0.05562879870745308
0.022852317969443828
0.004249489123124485
0.013562130576021764
0.011788850425019225
0.007967415359133078
0.012776399087874772
0.009390029593803103
0.004821214181104524
0.00498276686024018
0.015184137341863472
0.008802520740661146
0.0040334182290423974
0.006509576649415354
1.03467376638119E-4
0.036078137149641566
5.769505250459605E-4
0.008540265387814945
4.2601911944274874E-4
6.69935556965508E-4
0.01017449231324467
0.004135046798008029
0.026553363103212428
0.008494400684811668
0.013453612162548707
0.013821865909261762
0.002064697943011261
0.007159376570173686
0.0013208015390836513
0.014761633041304931
1.2374323773737167E-4
0.04111334445638942
0.0076363032922465626
0.036692985775362494
0.012594216335494244
0.016834993090062072
0.007980043623787942
0.020798064954891858
0.003241508486070219
0.025696817556763056
0.002754978388044724
0.00809917186814267
0.012900778123181534
0.021106577722739783
0.011974191825430884
0.051374370737288295
0.03675199571367489
0.0058647562552765296
0.007211173306655113
0.0360567948756713
0.004729531525222175
0.016065584578802233
0.004716093727658143
5.209029042475394E-4
0.016281232597448694
0.01928505167877865
0.023024167870216636
0.0025301043415822634
0.004856392235980175
0.013755827627954617
0.05711714681100415
0.0257762231972929
0.01226293116773337
0.009363593138900764
0.014644365238814707
0.03210192058878179
0.02000770448505939
4.08855266819968E-4
0.005433429048659138
0.02469343281559448
0.0054542406342962405
0.008492383739197591
0.003940859821349149
0.02071914339752233
0.012479459334371758
0.006093181590158802
0.013821297772122496
0.033987648415106306
0.019378218815421098
0.050111864152133624
0.06956980357917301
0.06488274219654334
0.030636548062621453
4.8357873147450984E-4
0.024010897376648452
0.003808035343406234
0.01633458569126206
0.031073056189599674
0.003928600731594823
0.06481582655743866
0.020533467254960816
0.01696642046342824
0.056568717584768585
0.030578045895935838
0.01227664769824915
0.022742667521719433
0.024094336888994
0.06288985158551832
0.005424380185164211
0.00673420233811454
0.027509243098187666
0.0022570543101563907
0.03831572192189554
0.06027318162043031
0.025141623467497303
0.019499835931554455
0.026264267007689773
0.02796989502813248
0.006289516432796598
0.021455319597869324
0.04968380141073236
0.04983587863321569
0.012986957491211414
0.0064347227870697596
0.038006961490532586
0.004046246050583169
0.032905347403102345
0.009357884187712577
0.04682059773203708
0.04430365433276489
0.025844193408135693
0.03939955573791777
0.00887146078439646
0.04564759254818055
0.0323421122380939
0.002277089978678277
0.03588624030319859
0.03254388112116679
0.004664006641179189
0.010753881746025503
0.02670735839787166
0.04657668055386816
0.0065000025415143225
0.015889368618883928
0.012263185352296247
0.015236667120072166
0.03165231305870723
0.010714309138668372
0.010540871395939507
0.008487512009801152
0.007263534067664026
0.010808130984777233
0.005760993569736378
0.016964692481103757
0.03614043825575102
0.01588571306542683
0.018794656413208478
0.007177428905410657
0.001583746991732447
0.008933844378312015
0.013763000981664657
0.021871374215761144
0.002236399285424868
0.01749365596952571
0.008789047048011641
0.0023044444921619723
0.02257028111697102
0.01673478280172921
0.017885512622105325
0.013818726188798647
0.019968125788776932
0.017232879255226503
0.004639165922078931
0.009001023509596886
8.421301525662424E-4
0.011607324193881243
0.009036087950566147
0.012573610913485472
0.004107283608252309
0.010931418976124332
0.016436075972975764
0.005690387141358392
3.8019258846021557E-4
0.008272022758074095
0.012211462501766697
0.01127722259135714
0.011904937339001805
0.020605327568488152
0.019282315741926764
0.007205582057424037
0.007429369321576157
0.007770406876313268
7.848221339600606E-4
0.005049886841286098
8.283499142665185E-4
0.012675258203166964
0.01202685902092694
0.006954027783646727
0.011390577781732272
0.007612461536808515
0.010989317925462169
0.012502209838850415
0.009630782250637782
0.006120658954993018
0.00891625516837003
0.010108349575071661
0.010604133336668667
0.009950887484101528
0.018105645040981166
0.009268312716028243
0.012124125507297042
0.0060734502169656175
0.010858992496182948
0.007382826815503404
0.005701193416596037
0.011979342780501246
0.013030126031522971
0.005334844249199664
0.006209708579304402
0.00838782354030196
0.009682485230001196
0.005548854470897384
0.007241807024351032
0.01149788794269213
0.007932103060729277
0.009976065278789237
0.011446765003585841
0.01095272602089124
0.012824400703068166
0.009272209540092417
0.005877065972075776
0.0103248090885316
0.010647371604724601
0.01125875041325508
0.008326284826461621
0.009475060132642613
0.010835778780396127
0.006123687248967843
0.007761663249120128
0.0106993774729061
0.010457897845246384
0.012105232571444247
0.007529239473782615
0.008490012752863076
0.011032314742421091
0.009594624737377013
0.00966412754115654
0.009891043818900953
0.00904962126424642
0.009941082342409188
0.009026219313035912
0.010620303659005858
0.008547842853111956
0.008199982543047879
0.009608771530321619
0.009852930997059231
0.00939131990313841
0.011046302104474675
0.009526796163213976
0.00924164870192728
0.008241890746486244
0.009651119074097648
0.00895702099010672
0.010560307714476183
0.010406850193059616
0.009340469769465426
0.009347742452335545
0.00945261246322297
0.008422260766045553
0.008821882856035539
0.009392875708856536
0.010194222860483153
0.009789421007526743
0.009359472930402367
0.010146973396733518
0.0092750672272522
0.008792322690839167
0.008775617089792595
0.009367437481770902
0.009435497978070338
0.009365911062422183
0.00900895727336172
0.009967165112164736
0.0091493138685094
0.009702163020612388
0.009742307505206533
0.009222999051023674
0.010111686253352433
0.009460675047299465
0.00974667597804612
0.009593739663726047
0.009261839087690965
0.009338509317145713
0.009953273217155589
0.009474211110875468
0.009782987802781225
0.009869824626424762
0.009290250221503009
0.009162550732818454
0.009433238569890066
0.00956569209937499
0.00955549567119436
0.00915599769140094
0.009471915546291954
0.009921548817606016
0.009412796445500402
0.009732759935931852
0.010037605479064812
0.009697088520009833
0.009579576028785437
0.00882365175270898
0.009246954950365245
0.00976120687001159
0.009560285975372139
0.008810101929928454
0.0095565957803626
0.00943587436893597
0.010216486349033509
0.010183918809534316
0.009799955867953392
0.009718005672127312
0.010110147840121018
0.009503565562735038
0.010073272409038986
0.009503565562735038
0.010110147840121018
0.009718005672127312
0.009799955867953392
0.010183918809534316
0.010216486349033509
0.00943587436893597
0.0095565957803626
0.008810101929928454
0.009560285975372139
0.00976120687001159
0.009246954950365245
0.00882365175270898
0.009579576028785437
0.009697088520009833
0.010037605479064812
0.009732759935931852
0.009412796445500402
0.009921548817606016
0.009471915546291954
0.00915599769140094
0.00955549567119436
0.00956569209937499
0.009433238569890066
0.009162550732818454
0.009290250221503009
0.009869824626424762
0.009782987802781225
0.009474211110875468
0.009953273217155589
0.009338509317145713
0.009261839087690965
0.009593739663726047
0.00974667597804612
0.009460675047299465
0.010111686253352433
0.009222999051023674
0.009742307505206533
0.009702163020612388
0.0091493138685094
0.009967165112164736
0.00900895727336172
0.009365911062422183
0.009435497978070338
0.009367437481770902
0.008775617089792595
0.008792322690839167
0.0092750672272522
0.010146973396733518
0.009359472930402367
0.009789421007526743
0.010194222860483153
0.009392875708856536
0.008821882856035539
0.008422260766045553
0.00945261246322297
0.009347742452335545
0.009340469769465426
0.010406850193059616
0.010560307714476183
0.00895702099010672
0.009651119074097648
0.008241890746486244
0.00924164870192728
0.009526796163213976
0.011046302104474675
0.00939131990313841
0.009852930997059231
0.009608771530321619
0.008199982543047879
0.008547842853111956
0.010620303659005858
0.009026219313035912
0.009941082342409188
0.00904962126424642
0.009891043818900953
0.00966412754115654
0.009594624737377013
0.011032314742421091
0.008490012752863076
0.007529239473782615
0.012105232571444247
0.010457897845246384
0.0106993774729061
0.007761663249120128
0.006123687248967843
0.010835778780396127
0.009475060132642613
0.008326284826461621
0.01125875041325508
0.010647371604724601
0.0103248090885316
0.005877065972075776
0.009272209540092417
0.012824400703068166
0.01095272602089124
0.011446765003585841
0.009976065278789237
0.007932103060729277
0.01149788794269213
0.007241807024351032
0.005548854470897384
0.009682485230001196
0.00838782354030196
0.006209708579304402
0.005334844249199664
0.013030126031522971
0.011979342780501246
0.005701193416596037
0.007382826815503404
0.010858992496182948
0.0060734502169656175
0.012124125507297042
0.009268312716028243
0.018105645040981166
0.009950887484101528
0.010604133336668667
0.010108349575071661
0.00891625516837003
0.006120658954993018
0.009630782250637782
0.012502209838850415
0.010989317925462169
0.007612461536808515
0.011390577781732272
0.006954027783646727
0.01202685902092694
0.012675258203166964
8.283499142665185E-4
0.005049886841286098
7.848221339600606E-4
0.007770406876313268
0.007429369321576157
0.007205582057424037
0.019282315741926764
0.020605327568488152
0.011904937339001805
0.01127722259135714
0.012211462501766697
0.008272022758074095
3.8019258846021557E-4
0.005690387141358392
0.016436075972975764
0.010931418976124332
0.004107283608252309
0.012573610913485472
0.009036087950566147
0.011607324193881243
8.421301525662424E-4
0.009001023509596886
0.004639165922078931
0.017232879255226503
0.019968125788776932
0.013818726188798647
0.017885512622105325
0.01673478280172921
0.02257028111697102
0.0023044444921619723
0.008789047048011641
0.01749365596952571
0.002236399285424868
0.021871374215761144
0.013763000981664657
0.008933844378312015
0.001583746991732447
0.007177428905410657
0.018794656413208478
0.01588571306542683
0.03614043825575102
0.016964692481103757
0.005760993569736378
0.010808130984777233
0.007263534067664026
0.008487512009801152
0.010540871395939507
0.010714309138668372
0.03165231305870723
0.015236667120072166
0.012263185352296247
0.015889368618883928
0.0065000025415143225
0.04657668055386816
0.02670735839787166
0.010753881746025503
0.004664006641179189
0.03254388112116679
0.03588624030319859
0.002277089978678277
0.0323421122380939
0.04564759254818055
0.00887146078439646
0.03939955573791777
0.025844193408135693
0.04430365433276489
0.04682059773203708
0.009357884187712577
0.032905347403102345
0.004046246050583169
0.038006961490532586
0.0064347227870697596
0.012986957491211414
0.04983587863321569
0.04968380141073236
0.021455319597869324
0.006289516432796598
0.02796989502813248
0.026264267007689773
0.019499835931554455
0.025141623467497303
0.06027318162043031
0.03831572192189554
0.0022570543101563907
0.027509243098187666
0.00673420233811454
0.005424380185164211
0.06288985158551832
0.024094336888994
0.022742667521719433
0.01227664769824915
0.030578045895935838
0.056568717584768585
0.01696642046342824
0.020533467254960816
0.06481582655743866
0.003928600731594823
0.031073056189599674
0.01633458569126206
0.003808035343406234
0.024010897376648452
4.8357873147450984E-4
0.030636548062621453
0.06488274219654334
0.06956980357917301
0.050111864152133624
0.019378218815421098
0.033987648415106306
0.013821297772122496
0.006093181590158802
0.012479459334371758
0.02071914339752233
0.003940859821349149
0.008492383739197591
0.0054542406342962405
0.02469343281559448
0.005433429048659138
4.08855266819968E-4
0.02000770448505939
0.03210192058878179
0.014644365238814707
0.009363593138900764
0.01226293116773337
0.0257762231972929
0.05711714681100415
0.013755827627954617
0.004856392235980175
0.0025301043415822634
0.023024167870216636
0.01928505167877865
0.016281232597448694
5.209029042475394E-4
0.004716093727658143
0.016065584578802233
0.004729531525222175
0.0360567948756713
0.007211173306655113
0.0058647562552765296
0.03675199571367489
0.051374370737288295
0.011974191825430884
0.021106577722739783
0.012900778123181534
0.00809917186814267
0.002754978388044724
0.025696817556763056
0.003241508486070219
0.020798064954891858
0.007980043623787942
0.016834993090062072
0.012594216335494244
0.036692985775362494
0.0076363032922465626
0.04111334445638942
1.2374323773737167E-4
0.014761633041304931
0.0013208015390836513
0.007159376570173686
0.002064697943011261
0.013821865909261762
0.013453612162548707
0.008494400684811668
0.026553363103212428
0.004135046798008029
0.01017449231324467
6.69935556965508E-4
4.2601911944274874E-4
0.008540265387814945
5.769505250459605E-4
0.036078137149641566
1.03467376638119E-4
0.006509576649415354
0.0040334182290423974
0.008802520740661146
0.015184137341863472
0.00498276686024018
0.004821214181104524
0.009390029593803103
0.012776399087874772
0.007967415359133078
0.011788850425019225
0.013562130576021764
0.004249489123124485
0.022852317969443828
0.05562879870745308
0.007963796395871523
0.005224164020476458
0.003932797408891568
0.04360428439163492
0.04838175339802483
0.01464977540270438
0.03074723403359941
0.035571844051691906
0.07674759478615456
0.004538024543170371
0.12798594212352038
0.060820602384977634
0.114516946653101
0.0454598895764543
0.02930266080691019
0.01935647370985788
0.0010903290599805742
0.122778840679487
0.002479372011874019
0.08643904590667668
0.021413638750671843
0.08175931757102087
0.013163868585815737
0.16228825768999966
0.009482142773241758
0.2143716991441869
0.13496167497841355
0.10620947018425285
0.08356231173991988
0.02914194415296215
0.17668801964606906
0.17033071635372252
0.3138753325897388
0.04518024562273375
0.0421259090657396
0.17976201513536152
0.0701166900082354
0.058141025148449016
0.12456721604714428
0.2605547795751568
0.06752682273668666
0.08269287448576802
0.04389776875348746
0.021004853368206875
0.0716270349344707
0.05098388831175954
0.18492635390249604
0.019176495628247796
0.41276979512454826
0.35092629982706136
0.07892070307411148
0.08499994046972513
0.17843639809458783
0.05507894565380642
0.3156331583581067
0.4906414456659854
0.5843870771284496
0.7758459696190783
0.20018788126049236
0.07430146922048061
0.7298116957698767
0.024714813021811877
0.04598884122419125
0.09347820165499716
0.08715875799587479
0.37962024099489505
0.2588196699830124
0.08747582588131342
0.1238438689783759
0.3315219202498246
0.24407836968348284
0.04952873023308442
0.1398350725872109
0.014829325246080697
0.14813928176943536
0.2413367292307289
0.22294156122375286
0.18189472993125722
0.22237796618958322
0.1537742582389175
0.35307275703274377
0.17093243907986813
0.5018971985604943
0.021731785086465425
0.7011539998055353
0.313601614346991
0.25740357197916125
0.10769178938056106
0.1895068706003607
0.16421690802339617
0.3534790212099817
0.23401774450860494
0.1676574534541604
0.13425171022505925
0.0029542583751059346
0.6685422916529089
0.10567042681584729
0.1834861388946575
0.4670831934683111
0.1201544026922293
0.7737033924992006
0.19637630580423818
0.10789753091564519
0.22224017743929167
0.40204753701384766
1.0
0.03572275703166542
0.608924938425666
0.623814647639782
0.07796880525731471
0.7628543397309514
0.25250673131407736
0.7185844017632926
0.1547766529639558
0.23139353584860145
0.3761316175491227
0.40932289179130765
0.05734341987660115
0.5839096490642472
0.3398623370847356
0.3348481016411371
0.6465989585573763
0.0038957958053263604
0.6531457602965677
0.44541363845148946
0.6147380713551879
0.030109269734434122
0.3020120322429493
0.9086405689956466
0.10967824174674935
0.08251320731069962
0.23067639155008
0.014814167484062502
0.2930334683979231
0.48776582743083696
0.11407396107004193
0.25985378571638
0.13666130027144785
0.21127445879357482
0.0681270608628839
0.07333187177611807
0.06352339231773174
0.2178892926859313
0.02265470577869449
0.06574969596939098
0.12005432084970738
0.10397253543400996
0.09637203714473025
