-0.025036887685502832
0.02660386587851373
0.03177932334002702
0.019142161426559397
0.06394577035320552
0.022622432458537282
0.04002084355990678
0.046659150107903016
0.06527356029725682
0.08085197955127409
0.04087639165449975
0.09810272737446776
0.01575274176418906
0.2783727754070609
0.21030238232900492
0.18845473826144965
0.28374441528180927
0.24145087933114115
0.10891415580056775
0.05035167345169905
0.024341600395612017
1.0
0.25275747542502874
0.45970380352969165
0.24159403721177353
0.15016398857977353
0.25117585806127
0.16645379730556137
0.14400531841685907
0.21500038008600317
0.27006600143829684
0.30019683845200335
0.1971611026611958
0.11703627289520112
0.18503621407111195
0.1971194297491215
0.3885932117058321
0.15250095562486662
0.4816228613846576
0.17374645904275085
0.0441079116173912
0.334181872368776
0.4178719759996053
0.27338877131289907
0.06976886705844393
0.19978613976569642
0.11331688659666116
0.28344686796387547
0.18314947729670097
0.07715123310800798
0.07843670178334912
0.08311374210937075
0.07925585561682755
0.15667753966149614
0.05000575191600964
0.25692722261063683
0.10169880627212542
0.05797925189560143
0.06613587190708074
0.29204094449372725
0.26093452519992544
0.234581984865664
0.1156114338051635
0.10344586462220647
0.2699798520411518
0.018927264639805392
0.12674977633113285
0.16439331734397436
0.0643639933619445
0.12380577927757723
0.030866310980148155
0.06545730298830775
0.0012866616940852202
0.07649531445612309
0.03894853145112308
0.1422788783159508
0.06099495856148845
0.14573864290341293
0.051030584436999815
0.11100695175774523
0.05313648640731644
0.2107765976854965
0.10135626408413988
0.2221313659344507
0.017065005993653536
0.1017240228228536
0.016739922174046205
0.07627374347546718
0.4044507709799845
0.2527596498223511
0.00787432623442219
0.1444003261652632
0.044985575341035006
0.5460551462854191
0.17726483863034828
0.43969597603288185
0.39717445509716726
0.03868301178335364
0.2053844150688157
0.026736028168425692
0.12070213708545521
0.1518476312731026
0.07487353648930022
0.09607482781717486
0.010152070442564302
0.015303886142298082
0.07945929245285456
0.11284321213744071
0.10815200860997586
0.018992853002542286
0.02168050717822388
0.09941842284939403
0.014121841698664612
0.07927340310930256
0.024146351655662535
0.06717840040588857
0.10543515879649543
0.14809726594013298
0.08533806040050956
0.08625951071611627
0.07340587279319127
0.055221046950720686
0.046912139239505234
0.15378710480461957
0.013655938980063512
0.11791066068500794
0.04129344876957099
0.07432434497187071
0.013505248564520409
0.05040032301185894
0.019722041614525808
0.024077466996952044
0.022976635863448832
0.017885866714708168
0.022964114177631303
0.042481040894265104
0.08101174276672463
0.03708340700328265
0.013007592083165116
0.03629336725648907
0.054194493398621736
0.0327424323225119
0.044092237278708216
0.016978362776410568
0.029449551142834082
0.013832395742468417
0.016963787687108572
0.03625689016864807
0.002475153421450424
0.007627148368211062
0.018191551362788754
0.003203695841977628
0.006331309376295506
0.0028105086223274875
0.0012675169274272632
0.009368131678709882
0.01343006758672935
0.0019011669548241444
0.010062308456177047
0.004555486815602196
0.0055808518561998475
5.056756677606693E-4
0.006454040193609098
0.02295657442524454
0.0014407034191765737
0.001433764838710682
0.007128572496965281
0.02273874745215668
0.008719063722545925
0.009750282081334431
0.005669901031484387
0.0070639255350550675
0.006396406415715648
0.016358901889408056
0.0015180030205826707
0.0017362090424810287
0.00249168465180061
0.0073138718653072326
0.003679096893773853
0.006151483771697883
0.0052777576793699744
0.013518339894433396
0.018949913085930723
0.011206402766430253
4.462650408211845E-4
0.013665706933036943
0.007920504355033213
0.005687480544793928
6.369481824363231E-4
0.007498467679554778
0.008060749571761882
0.026559009195598993
0.0182654576952732
0.005775142900165385
0.013601601144562797
0.019410016510001418
0.0011180073769436396
0.0017882442318539356
0.005551706381872291
0.011632530711746272
0.0171638818477345
0.005525256182305798
0.006297975994990017
0.005300434631644918
0.012185057652298499
0.02660297320411139
0.011510162444597058
0.008116833382437088
0.00546275900378817
0.012943660800195694
0.007281083374132351
0.0024324307577589803
0.0024692352382582983
0.014421400963588927
9.466953334723522E-5
0.00566495923603757
0.007247936326352874
0.02981564068031848
0.0032198004417122563
0.014054047632033878
0.003935545354804723
0.004797721216734026
0.005143066051594355
0.006630286858867987
0.006462719577579888
0.0160119322903773
0.009460160136240901
0.005858294975971426
6.659748134252951E-4
0.006500051849949425
0.008019698157374975
0.027513149503536918
0.013530761174077966
0.02269057107057865
0.012437093300311975
0.008851648561802074
0.0059531994936329645
0.0019809246840064884
0.017514055264314887
0.03765635566306518
0.022087164483664642
0.0037876208356905786
0.03944465719816403
0.02975719220178139
0.019674677706748373
0.002830718255866045
0.02515365523447329
0.006370268494472706
0.015866896529298073
0.04843217182426166
0.008543328408804842
0.023279980194107888
0.004763321596070094
0.01603616831545772
0.00769052057356628
0.014956403235754194
0.0012103612668070687
0.016572499055713816
0.0035634067226106244
0.026045132330979746
0.002689902354667869
0.006917606966826728
0.01841597613888688
0.002306458588395424
0.0313081318236278
0.0035703418930618652
0.03578964228737633
0.013346244660489368
0.004887374518720376
9.564973306850737E-4
0.016296884202692943
0.017067686937694945
0.020435202043424975
0.0026342985498634566
0.001262875886076705
0.020027674345414657
0.003250738974260791
0.0010679856799702206
0.005142035886245745
0.01833590430225624
0.008237635391335197
0.0010359460374901707
0.01082767432334937
0.001566732834458293
0.011897154951040542
0.0025182510313758034
0.0027516576069743434
0.0163707041786933
0.0013754390292262909
0.002950584319016027
0.010645959276240605
8.685165194170075E-4
6.147468165182647E-4
0.001420530803798279
0.004184012982980913
0.009426246370124356
0.009065412039704195
0.010344196761913182
0.004670206368754578
0.012463408738229969
2.7308439692235077E-4
0.0046947055590991
0.008709240988957872
0.009706068000043361
0.007213074018495009
0.0010976602924283629
0.013180195314571182
0.0064229455482862135
2.4096535096376678E-4
0.0025117020269347606
0.011607423790962182
0.00587630514143159
5.02264923082179E-4
0.0039864295664703495
0.00937691161812261
0.001986313010501106
0.004810412606667663
0.0033684317166885486
0.006350548289993192
0.01001272740352526
0.004756674247135676
0.0018825181201418983
0.006498247558218895
0.0012928596851944907
0.00673547564004987
0.008126672728834388
0.005248956914620268
0.005806735042598112
0.005657654377201111
0.0052482032441488425
0.004468968552312219
0.004727392908163979
0.0033276023450546643
0.007114397287401338
0.0022006675800376125
0.010202920313311594
0.010255614229893678
0.006268387855354099
0.005194201698091572
0.004252807430791242
0.003522521831187658
0.005055060081770091
0.0030695473461498967
0.01067386384106546
0.006392508492955174
0.005426071253649424
0.003736546440206809
0.0038250318531564682
0.00789746611735171
0.008196320536559233
0.005136442337574184
0.0035938871229298877
0.0042958231609691346
0.0011682688926665545
0.0028184428970363835
0.003698940540898109
0.00822316113503462
0.004279458280713354
0.003405851705968125
0.003296932602859223
0.006374784345471919
0.007252888533793259
0.005010011783159496
0.004211454365702628
0.002844306624016511
0.005150337649360174
0.003648415382589348
0.0033499521881925824
0.0037413557472170352
0.0040744502917002025
0.0054578656523420095
0.0037234082465666257
0.0027610771599537957
0.0068987377503794715
0.006118351640522259
0.006964229977699675
0.0032290195334079832
0.0034812422988802433
0.00561777133182569
0.004161724426712511
0.004747579625664523
0.004764744461514313
0.00464208093680087
0.0024319221223719797
0.004455441463342995
0.004079115223437118
0.0018978719646465078
0.0023557489973581023
0.00271803748804207
0.0034288502900355956
0.003480834707275689
0.005220113796294729
0.006469915849631943
0.005147200989528854
0.004151597680348175
0.0034056901472909935
0.005585722358898704
0.004132400595552757
0.004095998528864148
0.0033238030514952947
0.0025624408381183
0.003684769390152634
0.004337659264678168
0.005584897857091622
0.00397875806851745
0.0038594236442114427
0.005726137074801453
0.003846488102470031
0.004810664378687274
0.005284881755986622
0.004664397979990429
0.003890702321480332
0.004716990209896551
0.004798777117344763
0.004459091262310468
0.0044168039067595515
0.00427720986101907
0.004802991827414053
0.004539028664586706
0.004490695698177435
0.003933560167356397
0.003950175835724501
0.003567682268944048
0.004214721078116648
0.004053686645085853
0.004155184885328441
0.0037934864738199897
0.004161716832705983
0.0038157909131016263
0.004506837401355724
0.003953685400600498
0.003829586597925936
0.003908708371769589
0.004149505206155783
0.003227804868743079
0.004231145659003933
0.004002511577545297
0.004555861174117536
0.004090963974961626
0.004656554489100128
0.00406517951527886
0.004010866771248015
0.0044282524224270635
0.004408206243473407
0.0036631827955716473
0.004365575195225232
0.0039855667185387834
0.004711240330147592
0.004295881804114878
0.00368123818648684
0.003808193780795904
0.004068345271250857
0.004264408715218346
0.0036271210514235695
0.003836738069667556
0.004201868308953786
0.003652180575727517
0.004743262154746039
0.0040138126069173274
0.0044362010448126595
0.003558044487975882
0.004648561384818781
0.004662581587754048
0.004648561384818781
0.003558044487975882
0.0044362010448126595
0.0040138126069173274
0.004743262154746039
0.003652180575727517
0.004201868308953786
0.003836738069667556
0.0036271210514235695
0.004264408715218346
0.004068345271250857
0.003808193780795904
0.00368123818648684
0.004295881804114878
0.004711240330147592
0.0039855667185387834
0.004365575195225232
0.0036631827955716473
0.004408206243473407
0.0044282524224270635
0.004010866771248015
0.00406517951527886
0.004656554489100128
0.004090963974961626
0.004555861174117536
0.004002511577545297
0.004231145659003933
0.003227804868743079
0.004149505206155783
0.003908708371769589
0.003829586597925936
0.003953685400600498
0.004506837401355724
0.0038157909131016263
0.004161716832705983
0.0037934864738199897
0.004155184885328441
0.004053686645085853
0.004214721078116648
0.003567682268944048
0.003950175835724501
0.003933560167356397
0.004490695698177435
0.004539028664586706
0.004802991827414053
0.00427720986101907
0.0044168039067595515
0.004459091262310468
0.004798777117344763
0.004716990209896551
0.003890702321480332
0.004664397979990429
0.005284881755986622
0.004810664378687274
0.003846488102470031
0.005726137074801453
0.0038594236442114427
0.00397875806851745
0.005584897857091622
0.004337659264678168
0.003684769390152634
0.0025624408381183
0.0033238030514952947
0.004095998528864148
0.004132400595552757
0.005585722358898704
0.0034056901472909935
0.004151597680348175
0.005147200989528854
0.006469915849631943
0.005220113796294729
0.003480834707275689
0.0034288502900355956
0.00271803748804207
0.0023557489973581023
0.0018978719646465078
0.004079115223437118
0.004455441463342995
0.0024319221223719797
0.00464208093680087
0.004764744461514313
0.004747579625664523
0.004161724426712511
0.00561777133182569
0.0034812422988802433
0.0032290195334079832
0.006964229977699675
0.006118351640522259
0.0068987377503794715
0.0027610771599537957
0.0037234082465666257
0.0054578656523420095
0.0040744502917002025
0.0037413557472170352
0.0033499521881925824
0.003648415382589348
0.005150337649360174
0.002844306624016511
0.004211454365702628
0.005010011783159496
0.007252888533793259
0.006374784345471919
0.003296932602859223
0.003405851705968125
0.004279458280713354
0.00822316113503462
0.003698940540898109
0.0028184428970363835
0.0011682688926665545
0.0042958231609691346
0.0035938871229298877
0.005136442337574184
0.008196320536559233
0.00789746611735171
0.0038250318531564682
0.003736546440206809
0.005426071253649424
0.006392508492955174
0.01067386384106546
0.0030695473461498967
0.005055060081770091
0.003522521831187658
0.004252807430791242
0.005194201698091572
0.006268387855354099
0.010255614229893678
0.010202920313311594
0.0022006675800376125
0.007114397287401338
0.0033276023450546643
0.004727392908163979
0.004468968552312219
0.0052482032441488425
0.005657654377201111
0.005806735042598112
0.005248956914620268
0.008126672728834388
0.00673547564004987
0.0012928596851944907
0.006498247558218895
0.0018825181201418983
0.004756674247135676
0.01001272740352526
0.006350548289993192
0.0033684317166885486
0.004810412606667663
0.001986313010501106
0.00937691161812261
0.0039864295664703495
5.02264923082179E-4
0.00587630514143159
0.011607423790962182
0.0025117020269347606
2.4096535096376678E-4
0.0064229455482862135
0.013180195314571182
0.0010976602924283629
0.007213074018495009
0.009706068000043361
0.008709240988957872
0.0046947055590991
2.7308439692235077E-4
0.012463408738229969
0.004670206368754578
0.010344196761913182
0.009065412039704195
0.009426246370124356
0.004184012982980913
0.001420530803798279
6.147468165182647E-4
8.685165194170075E-4
0.010645959276240605
0.002950584319016027
0.0013754390292262909
0.0163707041786933
0.0027516576069743434
0.0025182510313758034
0.011897154951040542
0.001566732834458293
0.01082767432334937
0.0010359460374901707
0.008237635391335197
0.01833590430225624
0.005142035886245745
0.0010679856799702206
0.003250738974260791
0.020027674345414657
0.001262875886076705
0.0026342985498634566
0.020435202043424975
0.017067686937694945
0.016296884202692943
9.564973306850737E-4
0.004887374518720376
0.013346244660489368
0.03578964228737633
0.0035703418930618652
0.0313081318236278
0.002306458588395424
0.01841597613888688
0.006917606966826728
0.002689902354667869
0.026045132330979746
0.0035634067226106244
0.016572499055713816
0.0012103612668070687
0.014956403235754194
0.00769052057356628
0.01603616831545772
0.004763321596070094
0.023279980194107888
0.008543328408804842
0.04843217182426166
0.015866896529298073
0.006370268494472706
0.02515365523447329
0.002830718255866045
0.019674677706748373
0.02975719220178139
0.03944465719816403
0.0037876208356905786
0.022087164483664642
0.03765635566306518
0.017514055264314887
0.0019809246840064884
0.0059531994936329645
0.008851648561802074
0.012437093300311975
0.02269057107057865
0.013530761174077966
0.027513149503536918
0.008019698157374975
0.006500051849949425
6.659748134252951E-4
0.005858294975971426
0.009460160136240901
0.0160119322903773
0.006462719577579888
0.006630286858867987
0.005143066051594355
0.004797721216734026
0.003935545354804723
0.014054047632033878
0.0032198004417122563
0.02981564068031848
0.007247936326352874
0.00566495923603757
9.466953334723522E-5
0.014421400963588927
0.0024692352382582983
0.0024324307577589803
0.007281083374132351
0.012943660800195694
0.00546275900378817
0.008116833382437088
0.011510162444597058
0.02660297320411139
0.012185057652298499
0.005300434631644918
0.006297975994990017
0.005525256182305798
0.0171638818477345
0.011632530711746272
0.005551706381872291
0.0017882442318539356
0.0011180073769436396
0.019410016510001418
0.013601601144562797
0.005775142900165385
0.0182654576952732
0.026559009195598993
0.008060749571761882
0.007498467679554778
6.369481824363231E-4
0.005687480544793928
0.007920504355033213
0.013665706933036943
4.462650408211845E-4
0.011206402766430253
0.018949913085930723
0.013518339894433396
0.0052777576793699744
0.006151483771697883
0.003679096893773853
0.0073138718653072326
0.00249168465180061
0.0017362090424810287
0.0015180030205826707
0.016358901889408056
0.006396406415715648
0.0070639255350550675
0.005669901031484387
0.009750282081334431
0.008719063722545925
0.02273874745215668
0.007128572496965281
0.001433764838710682
0.0014407034191765737
0.02295657442524454
0.006454040193609098
5.056756677606693E-4
0.0055808518561998475
0.004555486815602196
0.010062308456177047
0.0019011669548241444
0.01343006758672935
0.009368131678709882
0.0012675169274272632
0.0028105086223274875
0.006331309376295506
0.003203695841977628
0.018191551362788754
0.007627148368211062
0.002475153421450424
0.03625689016864807
0.016963787687108572
0.013832395742468417
0.029449551142834082
0.016978362776410568
0.044092237278708216
0.0327424323225119
0.054194493398621736
0.03629336725648907
0.013007592083165116
0.03708340700328265
0.08101174276672463
0.042481040894265104
0.022964114177631303
0.017885866714708168
0.022976635863448832
0.024077466996952044
0.019722041614525808
0.05040032301185894
0.013505248564520409
0.07432434497187071
0.04129344876957099
0.11791066068500794
0.013655938980063512
0.15378710480461957
0.046912139239505234
0.055221046950720686
0.07340587279319127
0.08625951071611627
0.08533806040050956
0.14809726594013298
0.10543515879649543
0.06717840040588857
0.024146351655662535
0.07927340310930256
0.014121841698664612
0.09941842284939403
0.02168050717822388
0.018992853002542286
0.10815200860997586
0.11284321213744071
0.07945929245285456
0.015303886142298082
0.010152070442564302
0.09607482781717486
0.07487353648930022
0.1518476312731026
0.12070213708545521
0.026736028168425692
0.2053844150688157
0.03868301178335364
0.39717445509716726
0.43969597603288185
0.17726483863034828
0.5460551462854191
0.044985575341035006
0.1444003261652632
0.00787432623442219
0.2527596498223511
0.4044507709799845
0.07627374347546718
0.016739922174046205
0.1017240228228536
0.017065005993653536
0.2221313659344507
0.10135626408413988
0.2107765976854965
0.05313648640731644
0.11100695175774523
0.051030584436999815
0.14573864290341293
0.06099495856148845
0.1422788783159508
0.03894853145112308
0.07649531445612309
0.0012866616940852202
0.06545730298830775
0.030866310980148155
0.12380577927757723
0.0643639933619445
0.16439331734397436
0.12674977633113285
0.018927264639805392
0.2699798520411518
0.10344586462220647
0.1156114338051635
0.234581984865664
0.26093452519992544
0.29204094449372725
0.06613587190708074
0.05797925189560143
0.10169880627212542
0.25692722261063683
0.05000575191600964
0.15667753966149614
0.07925585561682755
0.08311374210937075
0.07843670178334912
0.07715123310800798
0.18314947729670097
0.28344686796387547
0.11331688659666116
0.19978613976569642
0.06976886705844393
0.27338877131289907
0.4178719759996053
0.334181872368776
0.0441079116173912
0.17374645904275085
0.4816228613846576
0.15250095562486662
0.3885932117058321
0.1971194297491215
0.18503621407111195
0.11703627289520112
0.1971611026611958
0.30019683845200335
0.27006600143829684
0.21500038008600317
0.14400531841685907
0.16645379730556137
0.25117585806127
0.15016398857977353
0.24159403721177353
0.45970380352969165
0.25275747542502874
1.0
0.024341600395612017
0.05035167345169905
0.10891415580056775
0.24145087933114115
0.28374441528180927
0.18845473826144965
0.21030238232900492
0.2783727754070609
0.01575274176418906
0.09810272737446776
0.04087639165449975
0.08085197955127409
0.06527356029725682
0.046659150107903016
0.04002084355990678
0.022622432458537282
0.06394577035320552
0.019142161426559397
0.03177932334002702
0.02660386587851373
