0.20659285755957815
0.20166049231694277
0.1870919757744418
0.16356181092959923
0.13215728929363407
0.09432513082058776
0.05180059663082696
0.006522655323562036
0.03946051670428754
0.08409094024807359
0.1254001464204577
0.16160341986714066
0.19118426742867148
0.21296492081638338
0.22615940808677856
0.2304066301542852
0.2257819085216736
0.2127865755119531
0.19231630144056946
0.1656099364229979
0.13418163208942882
0.09973984965035429
0.06409751247894413
0.029077990504347718
0.00357821129126093
0.03230125593554644
0.05576978133889761
0.0729747712112323
0.08326630041178207
0.08638087776555872
0.08244813645660211
0.0719767096972499
0.055820220512105195
0.03512535213354079
0.011264895557739697
0.01424055513906657
0.03980801121963929
0.06388000097957242
0.08501027616109894
0.10194274539403135
0.11367944880858966
0.11953399014775802
0.11916763304269674
0.11260620454161101
0.1002369817777905
0.08278581205394805
0.061275775661721585
0.03696968831978456
0.011299603843306655
0.014212828281253477
0.03804080823951187
0.05873703702800952
0.07501396759851676
0.08581528853563317
0.09037474572978277
0.0882590902405007
0.0793927970898466
0.06406318479711041
0.04290562683984402
0.016869627472181237
0.012832422228075005
0.04479104246741941
0.07747644648769593
0.10932211910498121
0.13881061131237116
0.16455682114039027
0.1853841361452675
0.20038916840156182
0.20899140151620105
0.21096486132347322
0.2064498769777763
0.19594406765261818
0.180272816142587
0.16054061503491399
0.13806573405466072
0.11430160169500962
0.09074906903436218
0.0688642858531927
0.04996723665530101
0.035156037306070975
0.025231875658413682
0.020638999704012083
0.021423436153444327
0.02721319533283162
0.037221630370670465
0.050274424141476974
0.06485943674700399
0.07919742293106562
0.0913304860640846
0.09922413312905021
0.10087798694233165
0.09443964184225057
0.07831584987904766
0.05127521539978958
0.012536861658418046
0.03815989630118999
0.10050900718012155
0.17361734834227568
0.25601245403091727
0.3456788189623935
0.44012189763432086
0.5364575460949158
0.6315233653484328
0.7220072683356187
0.804587663084625
0.8760789710846699
0.9335758180240541
0.9745891656714242
0.997167905700877
1.0
0.9824881036199598
0.9447957081069052
0.8878611442630467
0.8133782242660572
0.7237438163176939
0.6219741595611357
0.5115931714573612
0.3964973057339842
0.28080262433868475
0.1686805987946711
0.06418971408925693
0.02888981531021635
0.10721100442704144
0.16799794492190737
0.20916048973116383
0.22938073679602225
0.2281675150946436
0.2058764896176593
0.16369502173782047
0.10359247738999006
0.02823819592791419
0.05910925225552834
0.1547366457366935
0.2546286364721077
0.35463157700393216
0.450621564099609
0.5386694893612667
0.6151960887904584
0.677110497081176
0.7219266119118416
0.7478526190717742
0.7538502702313266
0.7396618823818144
0.7058044766448414
0.653531926995538
0.5847673798826212
0.502009471021723
0.4082169497981271
0.3066771780497466
0.2008645631869318
0.094295293182182
0.009615245807829968
0.1076862643698176
0.19709101900638634
0.27545714341277083
0.34094407398721227
0.3922949140812347
0.4288613060632988
0.45060113797106355
0.458050143045684
0.452269599031363
0.4347733482696876
0.40743819538714077
0.37240236235003665
0.33195706738332637
0.2884364330877363
0.24411082052556005
0.20108834236110945
0.16122875253968383
0.12607317519966563
0.09679226197035426
0.07415440049292402
0.05851458705967247
0.049823572534361295
0.04765594127224694
0.05125493162047544
0.059591091662462015
0.07143131529488901
0.08541444256023455
0.10012944563536676
0.11419225912824936
0.12631754162622397
0.13538205689612826
0.14047691190358272
0.14094655258743663
0.13641316014058621
0.12678587079825263
0.1122550206166636
0.0932723546819307
0.07051880221359501
0.0448619747414779
0.017305969962829404
0.011063657534745676
0.039136774322863804
0.06583444318583158
0.0901608242039763
0.11124874503519855
0.1283969099174285
0.14109722935842717
0.1490513214161675
0.15217582947727343
0.15059678894568126
0.14463382619195803
0.13477546043004615
0.12164718014400999
0.10597426289872408
0.08854148952950769
0.07015196596891939
0.051587209972512475
0.033570493557032344
0.01673516840874851
0.001599358831280219
0.011451993536123969
0.022177183270573515
0.030479786633101698
0.03640302140395585
0.040117135168923956
0.041900871115854006
0.04211832308999503
0.04119267098677549
0.03957837745316773
0.037733426390368155
0.03609309697420206
0.035046602506011396
0.034917693994519494
0.03595004966839663
0.038297961460182654
0.042022506748680945
0.04709307709716887
0.05339384305171551
0.06073448085315749
0.06886428585319272
0.0774886576724172
0.08628686893463973
0.09493002390770959
0.1030981727141131
0.11049566437527006
0.11686398805630395
0.12199155420385309
0.12572009183493635
0.12794757023963355
0.12862777809791479
0.1277668967500687
0.12541757514552765
0.12167114232229757
0.1166486725982093
0.11049164573215614
0.10335291928979531
0.0953886567907186
0.08675173941657838
0.0775870401757685
0.06802876844908065
0.0581999120033494
0.04821362551216459
0.038176251651140226
0.028191524086868452
0.01836540046743112
0.008810914755023843
3.475740039700142E-4
0.008971324094887328
0.01690585167690005
0.02398165542248329
0.03001725775773444
0.034824619215687566
0.038216795444618624
0.04001752086517655
0.04007223133262625
0.03825989223392832
0.03450488860804151
0.028788168414117587
0.021156814662261735
0.011731259444018462
7.094424314467404E-4
0.01163264558595929
0.024944413870147144
0.038808285444554814
0.05275140868049453
0.06626116214291687
0.07880391457692135
0.08984628872807672
0.09887799782954843
0.10543518845472613
0.10912314212054605
0.10963716676548134
0.1067805509811403
0.10047855812152424
0.0907876001064821
0.07789894448837346
0.06213656279431348
0.043949010474581024
0.023895524395874237
0.0026268171465546877
0.019138677236731565
0.04064210913526383
0.06111387783143297
0.07980432313666808
0.09601403985010024
0.10912240828469051
0.11861300306320333
0.12409467998289586
0.12531734050151339
0.1221816254643926
0.1147420813652271
0.10320365880441879
0.08791172756228584
0.06933610898373863
0.048049917685489274
0.024704255709563888
4.58728294371498E-17
0.025341941890222704
0.05061046964993921
0.07513279408105523
0.09830026343097972
0.11959032132761188
0.13858361863852128
0.15497556376890256
0.16858189304304338
0.17933815895523797
0.18729335231065544
0.19259817760985593
0.19548877331000217
0.19626689538569556
0.1952777519758138
0.1928867800476464
0.18945668676420266
0.18532603733144748
0.18079056022019643
0.1760881663068049
0.17138845061638786
0.16678717684749497
0.16230595077273788
0.15789698538236593
0.15345256517232614
0.14881854571926365
0.14381099271143483
0.13823488480047605
0.1319036869828588
0.12465855223355654
0.11638593150165479
0.10703246467184413
0.09661618252632619
0.085233263315112
0.07305984532349016
0.06034868439100174
0.04742074656992637
0.034652124090381105
0.022456940729401263
0.011267154826577652
0.0015103607446472918
0.006413178562739904
0.012152971819380333
0.01542892555908362
0.016048950720310692
0.013922494340252691
0.009069151662446732
0.0016217740509024906
0.00817621644992536
0.019979280331114402
0.033353639242687486
0.04779593627933872
0.06275576495140978
0.07766093185119634
0.09194415581306938
0.10506981334219968
0.11655932191032087
0.12601381098955558
0.13313286285017775
0.13772830456666504
0.1397322890259616
0.13919920250806433
0.13630126365294384
0.1313180157805875
0.12462024337968165
0.11664914624414632
0.10789186463921112
0.098854651655471
0.09003512319894419
0.08189507414163744
0.07483532736880501
0.06917398144861878
0.06512924734344028
0.06280782394604172
0.062199468804284716
0.06317808966015484
0.0655093319425008
0.06886428585319275
0.07283860307378615
0.07697601544220382
0.08079500242748969
0.0838171743783063
0.08559583440308302
0.08574315941736749
0.08395450207836767
0.08002845726724121
0.07388155238989103
0.06555669898372599
0.05522486947492657
0.043179820317300034
0.02982605230662761
0.015660561007232933
0.0012492656533887557
0.012800704370279121
0.02587145598332204
0.0373659448302067
0.046739110840246526
0.05352690429881123
0.05737166594912213
0.058042502078795306
0.05544954528948415
0.04965130086915981
0.04085463136842385
0.02940730976519291
0.015783454750544105
5.625301129758383E-4
0.015597075402721112
0.03198858862119195
0.04788999747860414
0.06259814794747896
0.07546208574630793
0.08591397143375093
0.09349601907578677
0.09788211034112052
0.09889300710402943
0.0965044122399417
0.09084749320898454
0.08220186715802155
0.07098142956342306
0.05771377088739307
0.043014248461360705
0.027556047097496168
0.01203775802917478
0.0028498783107074256
0.01645639019824996
0.028201534913721037
0.03760132403595477
0.04428885318248366
0.04802895659428149
0.048726036883293765
0.04642478146205364
0.041303850387434
0.03366298575101962
0.02390433101765489
0.012509042066700268
1.0504822088643822E-5
0.013034364748300388
0.026074181920002274
0.03859096296118635
0.050125337342880175
0.06029780128865163
0.06882494505193308
0.07552987537009531
0.08034638313907656
0.08331675639810218
0.08458349104501131
0.08437548710884032
0.08298961867223595
0.08076881442486304
0.07807796995625224
0.07527912245095132
0.0727073477162902
0.07064878713948752
0.06932208138619962
0.06886428585319272
0.06932208138619962
0.07064878713948752
0.0727073477162902
0.07527912245095132
0.07807796995625224
0.08076881442486304
0.08298961867223595
0.08437548710884032
0.08458349104501131
0.08331675639810218
0.08034638313907656
0.07552987537009531
0.06882494505193308
0.06029780128865163
0.050125337342880175
0.03859096296118635
0.026074181920002274
0.013034364748300388
1.0504822088643822E-5
0.012509042066700268
0.02390433101765489
0.03366298575101962
0.041303850387434
0.04642478146205364
0.048726036883293765
0.04802895659428149
0.04428885318248366
0.03760132403595477
0.028201534913721037
0.01645639019824996
0.0028498783107074256
0.01203775802917478
0.027556047097496168
0.043014248461360705
0.05771377088739307
0.07098142956342306
0.08220186715802155
0.09084749320898454
0.0965044122399417
0.09889300710402943
0.09788211034112052
0.09349601907578677
0.08591397143375093
0.07546208574630793
0.06259814794747896
0.04788999747860414
0.03198858862119195
0.015597075402721112
5.625301129758383E-4
0.015783454750544105
0.02940730976519291
0.04085463136842385
0.04965130086915981
0.05544954528948415
0.058042502078795306
0.05737166594912213
0.05352690429881123
0.046739110840246526
0.0373659448302067
0.02587145598332204
0.012800704370279121
0.0012492656533887557
0.015660561007232933
0.02982605230662761
0.043179820317300034
0.05522486947492657
0.06555669898372599
0.07388155238989103
0.08002845726724121
0.08395450207836767
0.08574315941736749
0.08559583440308302
0.0838171743783063
0.08079500242748969
0.07697601544220382
0.07283860307378615
0.06886428585319275
0.0655093319425008
0.06317808966015484
0.062199468804284716
0.06280782394604172
0.06512924734344028
0.06917398144861878
0.07483532736880501
0.08189507414163744
0.09003512319894419
0.098854651655471
0.10789186463921112
0.11664914624414632
0.12462024337968165
0.1313180157805875
0.13630126365294384
0.13919920250806433
0.1397322890259616
0.13772830456666504
0.13313286285017775
0.12601381098955558
0.11655932191032087
0.10506981334219968
0.09194415581306938
0.07766093185119634
0.06275576495140978
0.04779593627933872
0.033353639242687486
0.019979280331114402
0.00817621644992536
0.0016217740509024906
0.009069151662446732
0.013922494340252691
0.016048950720310692
0.01542892555908362
0.012152971819380333
0.006413178562739904
0.0015103607446472918
0.011267154826577652
0.022456940729401263
0.034652124090381105
0.04742074656992637
0.06034868439100174
0.07305984532349016
0.085233263315112
0.09661618252632619
0.10703246467184413
0.11638593150165479
0.12465855223355654
0.1319036869828588
0.13823488480047605
0.14381099271143483
0.14881854571926365
0.15345256517232614
0.15789698538236593
0.16230595077273788
0.16678717684749497
0.17138845061638786
0.1760881663068049
0.18079056022019643
0.18532603733144748
0.18945668676420266
0.1928867800476464
0.1952777519758138
0.19626689538569556
0.19548877331000217
0.19259817760985593
0.18729335231065544
0.17933815895523797
0.16858189304304338
0.15497556376890256
0.13858361863852128
0.11959032132761188
0.09830026343097972
0.07513279408105523
0.05061046964993921
0.025341941890222704
4.58728294371498E-17
0.024704255709563888
0.048049917685489274
0.06933610898373863
0.08791172756228584
0.10320365880441879
0.1147420813652271
0.1221816254643926
0.12531734050151339
0.12409467998289586
0.11861300306320333
0.10912240828469051
0.09601403985010024
0.07980432313666808
0.06111387783143297
0.04064210913526383
0.019138677236731565
0.0026268171465546877
0.023895524395874237
0.043949010474581024
0.06213656279431348
0.07789894448837346
0.0907876001064821
0.10047855812152424
0.1067805509811403
0.10963716676548134
0.10912314212054605
0.10543518845472613
0.09887799782954843
0.08984628872807672
0.07880391457692135
0.06626116214291687
0.05275140868049453
0.038808285444554814
0.024944413870147144
0.01163264558595929
7.094424314467404E-4
0.011731259444018462
0.021156814662261735
0.028788168414117587
0.03450488860804151
0.03825989223392832
0.04007223133262625
0.04001752086517655
0.038216795444618624
0.034824619215687566
0.03001725775773444
0.02398165542248329
0.01690585167690005
0.008971324094887328
3.475740039700142E-4
0.008810914755023843
0.01836540046743112
0.028191524086868452
0.038176251651140226
0.04821362551216459
0.0581999120033494
0.06802876844908065
0.0775870401757685
0.08675173941657838
0.0953886567907186
0.10335291928979531
0.11049164573215614
0.1166486725982093
0.12167114232229757
0.12541757514552765
0.1277668967500687
0.12862777809791479
0.12794757023963355
0.12572009183493635
0.12199155420385309
0.11686398805630395
0.11049566437527006
0.1030981727141131
0.09493002390770959
0.08628686893463973
0.0774886576724172
0.06886428585319272
0.06073448085315749
0.05339384305171551
0.04709307709716887
0.042022506748680945
0.038297961460182654
0.03595004966839663
0.034917693994519494
0.035046602506011396
0.03609309697420206
0.037733426390368155
0.03957837745316773
0.04119267098677549
0.04211832308999503
0.041900871115854006
0.040117135168923956
0.03640302140395585
0.030479786633101698
0.022177183270573515
0.011451993536123969
0.001599358831280219
0.01673516840874851
0.033570493557032344
0.051587209972512475
0.07015196596891939
0.08854148952950769
0.10597426289872408
0.12164718014400999
0.13477546043004615
0.14463382619195803
0.15059678894568126
0.15217582947727343
0.1490513214161675
0.14109722935842717
0.1283969099174285
0.11124874503519855
0.0901608242039763
0.06583444318583158
0.039136774322863804
0.011063657534745676
0.017305969962829404
0.0448619747414779
0.07051880221359501
0.0932723546819307
0.1122550206166636
0.12678587079825263
0.13641316014058621
0.14094655258743663
0.14047691190358272
0.13538205689612826
0.12631754162622397
0.11419225912824936
0.10012944563536676
0.08541444256023455
0.07143131529488901
0.059591091662462015
0.05125493162047544
0.04765594127224694
0.049823572534361295
0.05851458705967247
0.07415440049292402
0.09679226197035426
0.12607317519966563
0.16122875253968383
0.20108834236110945
0.24411082052556005
0.2884364330877363
0.33195706738332637
0.37240236235003665
0.40743819538714077
0.4347733482696876
0.452269599031363
0.458050143045684
0.45060113797106355
0.4288613060632988
0.3922949140812347
0.34094407398721227
0.27545714341277083
0.19709101900638634
0.1076862643698176
0.009615245807829968
0.094295293182182
0.2008645631869318
0.3066771780497466
0.4082169497981271
0.502009471021723
0.5847673798826212
0.653531926995538
0.7058044766448414
0.7396618823818144
0.7538502702313266
0.7478526190717742
0.7219266119118416
0.677110497081176
0.6151960887904584
0.5386694893612667
0.450621564099609
0.35463157700393216
0.2546286364721077
0.1547366457366935
0.05910925225552834
0.02823819592791419
0.10359247738999006
0.16369502173782047
0.2058764896176593
0.2281675150946436
0.22938073679602225
0.20916048973116383
0.16799794492190737
0.10721100442704144
0.02888981531021635
0.06418971408925693
0.1686805987946711
0.28080262433868475
0.3964973057339842
0.5115931714573612
0.6219741595611357
0.7237438163176939
0.8133782242660572
0.8878611442630467
0.9447957081069052
0.9824881036199598
1.0
0.997167905700877
0.9745891656714242
0.9335758180240541
0.8760789710846699
0.804587663084625
0.7220072683356187
0.6315233653484328
0.5364575460949158
0.44012189763432086
0.3456788189623935
0.25601245403091727
0.17361734834227568
0.10050900718012155
0.03815989630118999
0.012536861658418046
0.05127521539978958
0.07831584987904766
0.09443964184225057
0.10087798694233165
0.09922413312905021
0.0913304860640846
0.07919742293106562
0.06485943674700399
0.050274424141476974
0.037221630370670465
0.02721319533283162
0.021423436153444327
0.020638999704012083
0.025231875658413682
0.035156037306070975
0.04996723665530101
0.0688642858531927
0.09074906903436218
0.11430160169500962
0.13806573405466072
0.16054061503491399
0.180272816142587
0.19594406765261818
0.2064498769777763
0.21096486132347322
0.20899140151620105
0.20038916840156182
0.1853841361452675
0.16455682114039027
0.13881061131237116
0.10932211910498121
0.07747644648769593
0.04479104246741941
0.012832422228075005
0.016869627472181237
0.04290562683984402
0.06406318479711041
0.0793927970898466
0.0882590902405007
0.09037474572978277
0.08581528853563317
0.07501396759851676
0.05873703702800952
0.03804080823951187
0.014212828281253477
0.011299603843306655
0.03696968831978456
0.061275775661721585
0.08278581205394805
0.1002369817777905
0.11260620454161101
0.11916763304269674
0.11953399014775802
0.11367944880858966
0.10194274539403135
0.08501027616109894
0.06388000097957242
0.03980801121963929
0.01424055513906657
0.011264895557739697
0.03512535213354079
0.055820220512105195
0.0719767096972499
0.08244813645660211
0.08638087776555872
0.08326630041178207
0.0729747712112323
0.05576978133889761
0.03230125593554644
0.00357821129126093
0.029077990504347718
0.06409751247894413
0.09973984965035429
0.13418163208942882
0.1656099364229979
0.19231630144056946
0.2127865755119531
0.2257819085216736
0.2304066301542852
0.22615940808677856
0.21296492081638338
0.19118426742867148
0.16160341986714066
0.1254001464204577
0.08409094024807359
0.03946051670428754
0.006522655323562036
0.05180059663082696
0.09432513082058776
0.13215728929363407
0.16356181092959923
0.1870919757744418
0.20166049231694277
