0.0
0.017808530252611258
0.06579478127950833
0.12910910739593137
0.1875068125785349
0.2208439562275637
0.2145933539161309
0.1639132280151481
0.07518256370149123
0.035413372213577286
0.14588387891740706
0.23397240983815237
0.2827800588145631
0.28499557505450224
0.24462261041679617
0.17575609548744092
0.09873891761011758
0.03472119866613343
6.461405323749348E-5
0.002072327527329178
0.037171376544239396
0.09202260538176804
0.14725622855144133
0.18283461916601532
0.18361234472562699
0.1436109827488077
0.06786659228583765
0.028649362459855013
0.12475966453294544
0.19848342584223427
0.23268911416309038
0.2195097775941665
0.16235816611471193
0.07501304179983607
0.021979089551033552
0.10663485923003543
0.16119018957066036
0.1765915952543259
0.15464383783301236
0.10725780541104643
0.05301138816958509
0.011947600714153038
6.181374601762377E-17
0.024532502946438554
0.08218367896673284
0.15959347457699344
0.23682544693108054
0.2925825563088015
0.30983863256590694
0.2803965748373349
0.20716727470494098
0.10356499119572204
0.009824011635746388
0.11042378485382388
0.17933943260299678
0.20602761906582748
0.19074561217132063
0.144147295879441
0.08415005470146503
0.03091761693457327
0.0013000891924212572
0.004212589445120802
0.03818153581219893
0.09171014736104943
0.14636538993693157
0.18176604405873187
0.18114701721615234
0.1360217523841331
0.04870274208604856
0.06799374186859378
0.19378871351631707
0.30593266943277486
0.3848403991478495
0.4188924119411331
0.4071496006228957
0.35928094864031485
0.2927409785862936
0.22795904511348472
0.18282469277804905
0.16793445801396037
0.183858478392543
0.22114564970607115
0.2630573050060638
0.2902947182681583
0.2864569543303846
0.2427723056888113
0.16083935899298
0.052640961060094554
0.062184034036619415
0.16110156266256911
0.22422973318871608
0.23922051032780017
0.20420098305388357
0.12801322820859895
0.02770517313828527
0.07605109888833865
0.16439387244491446
0.225120064286157
0.25566987198126323
0.26346951931131213
0.26355733880284365
0.27413977480501406
0.311272134472115
0.38408938645097057
0.4918647390341266
0.623687999914265
0.7608610698808712
0.8813885582000365
0.9653877423074542
1.0
0.982518721283651
0.920920557145691
0.8316721478399981
0.735401552051877
0.6515829040541306
0.5936370186084324
0.5657334793752697
0.5621233015220458
0.5691572835952783
0.5694325610821768
0.5469472470788966
0.49187878888212166
0.4037048375346072
0.29182769698820077
0.17352685824747155
0.06977263681390075
1.7661070290749648E-16
0.022784025388243114
0.004724820002046199
0.0753270088008025
0.17319508219532548
0.2779248337057207
0.36969033628525405
0.43414618862418536
0.4657943808489237
0.46894554843640324
0.45604490763372024
0.44383171405114175
0.44837276437839046
0.48030455004824224
0.5415583645239197
0.6244451294032622
0.7133482223099672
0.7885801566980369
0.8313859240784045
0.8287733213648915
0.7768977671528281
0.6821123677389269
0.5594109407059926
0.42867854319482335
0.30973909468595945
0.21750144472704094
0.15847236685000754
0.12953749538682768
0.11930758437057631
0.1116481161231418
0.09043506364122954
0.044260125162218215
0.03017159062097284
0.1268562214066359
0.23183261599594202
0.3266936910752379
0.39333618007489085
0.4186910482259423
0.3981842889030637
0.3370156948409129
0.24892095779177084
0.15274650091763597
0.06774102017703332
0.008801405698716045
0.017083582715299403
0.012270878355911652
0.01257526938933524
0.041699524926580994
0.05877828341830696
0.05153776723538491
0.015237948663331507
0.04590011774710789
0.11969642164074874
0.18917077963895026
0.23701480392925886
0.250188441218564
0.2234230707192207
0.1607058658839013
0.0743561593121338
0.018058824748964336
0.09815293384681442
0.15132815934148888
0.17035207811387532
0.15697564186080928
0.12118296010769401
0.0782913495528708
0.044685482062899656
0.033324904784792775
0.05021674963994061
0.09278282044664192
0.15054350426354385
0.207925289228281
0.24843734871059714
0.2591037217858874
0.23397487738647968
0.1757909326045169
0.09536122945557873
0.008829984268499017
0.06644510850669952
0.11631202976135227
0.13337908659660858
0.11877696411059055
0.08167785285798247
0.036715185793867566
1.7661070290749646E-17
0.015204598888572582
0.0020063558257130067
0.03832069667203057
0.09673062938070541
0.1588704020737066
0.2089489587090713
0.23397720889038537
0.22725340844058403
0.1901743284115665
0.13190024364755928
0.06697147824206481
0.011514797208304317
0.02095326416097516
0.02301834491648741
0.004759955883072625
0.05407908546722518
0.11115250427271078
0.16038762436341708
0.18850375060486232
0.1880018624118167
0.15907677916076848
0.10947976396483497
0.052384107245809705
0.002833075359873345
0.026280178685204065
0.02763425240216249
0.0014017461376281451
0.04482645522483564
0.09808220251197546
0.14347475657828068
0.16813772794171017
0.16462298830549246
0.1328491930584838
0.08010000084754078
0.01908508775196526
0.03541205538883732
0.07040659860855444
0.07808152026845094
0.05777020680093663
0.016041644467570493
0.03511833830483216
0.08153415025557305
0.11061272110242928
0.11466102810199542
0.09287704003317453
0.05149948179236442
0.0020920475940700367
0.04156954810121121
0.06717410072090055
0.06713921909346314
0.04060410447876087
0.006366073816219611
0.06240496505863704
0.11385668572170751
0.1483695960934889
0.1581203381863566
0.14182149547402106
0.10499395467251481
0.05844691185557656
0.01538145461043844
0.012107138877027825
0.01620161914518851
0.004623097135180135
0.04526352540811725
0.09540138914814313
0.1422777489241678
0.1740824625445462
0.18305859417865503
0.16750505116535472
0.13215914453113353
0.08687321234137736
0.043950546228940936
0.014856392975072436
0.007178190199068548
0.022635435828647
0.05665533308501548
0.09961259798180662
0.1393920664166978
0.16458722876238022
0.16748679125917734
0.14606548977173808
0.10446551905231884
0.05185777123529106
2.649160543612447E-17
0.03985109498233321
0.059853786864423074
0.057556068579592765
0.03642217393330571
0.0047894687550658005
0.02645018551474333
0.046817061805180464
0.04906640538384858
0.031122150006335177
0.003381180877646967
0.04607840673487566
0.08610250536369593
0.11296274042399311
0.11930758437057636
0.10284636271721782
0.06693295853760531
0.019672633577855415
0.028196759817147313
0.06607846097709721
0.08620940427237356
0.08556644542414071
0.06649708360813117
0.03592796504127007
0.003381257229253246
0.021659636514222914
0.03232892935113929
0.02621952139179721
0.0060074416756434
0.02129186378983148
0.04622369589639724
0.05943616438594352
0.05418624876978652
0.0281494307069149
0.01593617092237102
0.0709477032612384
0.1271843611359402
0.17481570606878208
0.20632232975274525
0.21829101210406568
0.21210568195237678
0.19337288504605177
0.1702560186382417
0.15117727890591715
0.14250574017420653
0.14684399380493118
0.1623583079993088
0.18331486816847006
0.20166351400685187
0.20923580436696793
0.19996796997205102
0.1715608242889084
0.12614523519031293
0.06978969079836794
0.010993469680545435
0.04142659322992812
0.08049483055479624
0.10271722265203977
0.10878551821886384
0.10318013293077026
0.09279931685714474
0.08499580684762445
0.08555103135023
0.09712344842979945
0.11857250472788984
0.14532109521651115
0.1706420390429038
0.18751183172713273
0.19053109684416428
0.17740195487654756
0.14957798380679369
0.11192704686612895
0.07150995916408737
0.035808765873338276
0.010877029018644303
1.0385906480428193E-4
0.002505653141600122
0.01506498895466908
0.031756085566113326
0.04621757359105502
0.05326820316847811
0.050263659535216644
0.03773778834044034
0.019175853672950886
1.7661070290749646E-17
0.01394656752680868
0.01800394741511416
0.009961210033674265
0.009345258303422718
0.036246158389858424
0.06519430823236627
0.09019451320805225
0.10632329647707486
0.11093855634875692
0.10427003156521789
0.08925157213857862
0.07065882716541169
0.053796793663634025
0.043093517625155196
0.04097129786596299
0.04728350384464083
0.059448111174818616
0.07322170505572823
0.08389033042760115
0.08754989582856257
0.08213455396418795
0.06792790698348893
0.047436270834451635
0.024675449416249128
0.004076126182787359
0.01069208014415884
0.017665065562882918
0.017054703240110596
0.011135164944873486
0.0035923474051295194
0.001476368873469921
6.387836940509099E-4
0.008003261980139096
0.02437253672223867
0.04650189332848784
0.07110344484643719
0.09445242011635402
0.11334017896044607
0.12584234229900407
0.13170724110793047
0.132278635264264
0.12999406577068262
0.12761158797777875
0.12738386939532564
0.1304037845014612
0.1362907353913305
0.1432890672733724
0.14873708202195268
0.14976814280192852
0.14404954929782243
0.13036344812828676
0.10888501201483824
0.08110041198504729
0.049405546593183206
0.016509014551923332
0.015192098021932145
0.04409775214861253
0.06963330623241713
0.09217900894274743
0.11274277126102857
0.1324858379870426
0.15224448976871624
0.1721830628412755
0.19166881636920646
0.20939196798806997
0.2236845187570396
0.2329389045173011
0.23600579773100763
0.23246385552328075
0.22269698000421376
0.20777282024145982
0.18917224908000826
0.16845741943866385
0.14697589200614372
0.1256790704472826
0.10509224501797107
0.0854244233065437
0.0667640709312662
0.049284281451281366
0.03338365519904354
0.019715184176644557
0.009095510410620903
0.002327794398028097
0.0
0.002327794398028097
0.009095510410620903
0.019715184176644557
0.03338365519904354
0.049284281451281366
0.0667640709312662
0.0854244233065437
0.10509224501797107
0.1256790704472826
0.14697589200614372
0.16845741943866385
0.18917224908000826
0.20777282024145982
0.22269698000421376
0.23246385552328075
0.23600579773100763
0.2329389045173011
0.2236845187570396
0.20939196798806997
0.19166881636920646
0.1721830628412755
0.15224448976871624
0.1324858379870426
0.11274277126102857
0.09217900894274743
0.06963330623241713
0.04409775214861253
0.015192098021932145
0.016509014551923332
0.049405546593183206
0.08110041198504729
0.10888501201483824
0.13036344812828676
0.14404954929782243
0.14976814280192852
0.14873708202195268
0.1432890672733724
0.1362907353913305
0.1304037845014612
0.12738386939532564
0.12761158797777875
0.12999406577068262
0.132278635264264
0.13170724110793047
0.12584234229900407
0.11334017896044607
0.09445242011635402
0.07110344484643719
0.04650189332848784
0.02437253672223867
0.008003261980139096
6.387836940509099E-4
0.001476368873469921
0.0035923474051295194
0.011135164944873486
0.017054703240110596
0.017665065562882918
0.01069208014415884
0.004076126182787359
0.024675449416249128
0.047436270834451635
0.06792790698348893
0.08213455396418795
0.08754989582856257
0.08389033042760115
0.07322170505572823
0.059448111174818616
0.04728350384464083
0.04097129786596299
0.043093517625155196
0.053796793663634025
0.07065882716541169
0.08925157213857862
0.10427003156521789
0.11093855634875692
0.10632329647707486
0.09019451320805225
0.06519430823236627
0.036246158389858424
0.009345258303422718
0.009961210033674265
0.01800394741511416
0.01394656752680868
1.7661070290749646E-17
0.019175853672950886
0.03773778834044034
0.050263659535216644
0.05326820316847811
0.04621757359105502
0.031756085566113326
0.01506498895466908
0.002505653141600122
1.0385906480428193E-4
0.010877029018644303
0.035808765873338276
0.07150995916408737
0.11192704686612895
0.14957798380679369
0.17740195487654756
0.19053109684416428
0.18751183172713273
0.1706420390429038
0.14532109521651115
0.11857250472788984
0.09712344842979945
0.08555103135023
0.08499580684762445
0.09279931685714474
0.10318013293077026
0.10878551821886384
0.10271722265203977
0.08049483055479624
0.04142659322992812
0.010993469680545435
0.06978969079836794
0.12614523519031293
0.1715608242889084
0.19996796997205102
0.20923580436696793
0.20166351400685187
0.18331486816847006
0.1623583079993088
0.14684399380493118
0.14250574017420653
0.15117727890591715
0.1702560186382417
0.19337288504605177
0.21210568195237678
0.21829101210406568
0.20632232975274525
0.17481570606878208
0.1271843611359402
0.0709477032612384
0.01593617092237102
0.0281494307069149
0.05418624876978652
0.05943616438594352
0.04622369589639724
0.02129186378983148
0.0060074416756434
0.02621952139179721
0.03232892935113929
0.021659636514222914
0.003381257229253246
0.03592796504127007
0.06649708360813117
0.08556644542414071
0.08620940427237356
0.06607846097709721
0.028196759817147313
0.019672633577855415
0.06693295853760531
0.10284636271721782
0.11930758437057636
0.11296274042399311
0.08610250536369593
0.04607840673487566
0.003381180877646967
0.031122150006335177
0.04906640538384858
0.046817061805180464
0.02645018551474333
0.0047894687550658005
0.03642217393330571
0.057556068579592765
0.059853786864423074
0.03985109498233321
2.649160543612447E-17
0.05185777123529106
0.10446551905231884
0.14606548977173808
0.16748679125917734
0.16458722876238022
0.1393920664166978
0.09961259798180662
0.05665533308501548
0.022635435828647
0.007178190199068548
0.014856392975072436
0.043950546228940936
0.08687321234137736
0.13215914453113353
0.16750505116535472
0.18305859417865503
0.1740824625445462
0.1422777489241678
0.09540138914814313
0.04526352540811725
0.004623097135180135
0.01620161914518851
0.012107138877027825
0.01538145461043844
0.05844691185557656
0.10499395467251481
0.14182149547402106
0.1581203381863566
0.1483695960934889
0.11385668572170751
0.06240496505863704
0.006366073816219611
0.04060410447876087
0.06713921909346314
0.06717410072090055
0.04156954810121121
0.0020920475940700367
0.05149948179236442
0.09287704003317453
0.11466102810199542
0.11061272110242928
0.08153415025557305
0.03511833830483216
0.016041644467570493
0.05777020680093663
0.07808152026845094
0.07040659860855444
0.03541205538883732
0.01908508775196526
0.08010000084754078
0.1328491930584838
0.16462298830549246
0.16813772794171017
0.14347475657828068
0.09808220251197546
0.04482645522483564
0.0014017461376281451
0.02763425240216249
0.026280178685204065
0.002833075359873345
0.052384107245809705
0.10947976396483497
0.15907677916076848
0.1880018624118167
0.18850375060486232
0.16038762436341708
0.11115250427271078
0.05407908546722518
0.004759955883072625
0.02301834491648741
0.02095326416097516
0.011514797208304317
0.06697147824206481
0.13190024364755928
0.1901743284115665
0.22725340844058403
0.23397720889038537
0.2089489587090713
0.1588704020737066
0.09673062938070541
0.03832069667203057
0.0020063558257130067
0.015204598888572582
1.7661070290749646E-17
0.036715185793867566
0.08167785285798247
0.11877696411059055
0.13337908659660858
0.11631202976135227
0.06644510850669952
0.008829984268499017
0.09536122945557873
0.1757909326045169
0.23397487738647968
0.2591037217858874
0.24843734871059714
0.207925289228281
0.15054350426354385
0.09278282044664192
0.05021674963994061
0.033324904784792775
0.044685482062899656
0.0782913495528708
0.12118296010769401
0.15697564186080928
0.17035207811387532
0.15132815934148888
0.09815293384681442
0.018058824748964336
0.0743561593121338
0.1607058658839013
0.2234230707192207
0.250188441218564
0.23701480392925886
0.18917077963895026
0.11969642164074874
0.04590011774710789
0.015237948663331507
0.05153776723538491
0.05877828341830696
0.041699524926580994
0.01257526938933524
0.012270878355911652
0.017083582715299403
0.008801405698716045
0.06774102017703332
0.15274650091763597
0.24892095779177084
0.3370156948409129
0.3981842889030637
0.4186910482259423
0.39333618007489085
0.3266936910752379
0.23183261599594202
0.1268562214066359
0.03017159062097284
0.044260125162218215
0.09043506364122954
0.1116481161231418
0.11930758437057631
0.12953749538682768
0.15847236685000754
0.21750144472704094
0.30973909468595945
0.42867854319482335
0.5594109407059926
0.6821123677389269
0.7768977671528281
0.8287733213648915
0.8313859240784045
0.7885801566980369
0.7133482223099672
0.6244451294032622
0.5415583645239197
0.48030455004824224
0.44837276437839046
0.44383171405114175
0.45604490763372024
0.46894554843640324
0.4657943808489237
0.43414618862418536
0.36969033628525405
0.2779248337057207
0.17319508219532548
0.0753270088008025
0.004724820002046199
0.022784025388243114
1.7661070290749648E-16
0.06977263681390075
0.17352685824747155
0.29182769698820077
0.4037048375346072
0.49187878888212166
0.5469472470788966
0.5694325610821768
0.5691572835952783
0.5621233015220458
0.5657334793752697
0.5936370186084324
0.6515829040541306
0.735401552051877
0.8316721478399981
0.920920557145691
0.982518721283651
1.0
0.9653877423074542
0.8813885582000365
0.7608610698808712
0.623687999914265
0.4918647390341266
0.38408938645097057
0.311272134472115
0.27413977480501406
0.26355733880284365
0.26346951931131213
0.25566987198126323
0.225120064286157
0.16439387244491446
0.07605109888833865
0.02770517313828527
0.12801322820859895
0.20420098305388357
0.23922051032780017
0.22422973318871608
0.16110156266256911
0.062184034036619415
0.052640961060094554
0.16083935899298
0.2427723056888113
0.2864569543303846
0.2902947182681583
0.2630573050060638
0.22114564970607115
0.183858478392543
0.16793445801396037
0.18282469277804905
0.22795904511348472
0.2927409785862936
0.35928094864031485
0.4071496006228957
0.4188924119411331
0.3848403991478495
0.30593266943277486
0.19378871351631707
0.06799374186859378
0.04870274208604856
0.1360217523841331
0.18114701721615234
0.18176604405873187
0.14636538993693157
0.09171014736104943
0.03818153581219893
0.004212589445120802
0.0013000891924212572
0.03091761693457327
0.08415005470146503
0.144147295879441
0.19074561217132063
0.20602761906582748
0.17933943260299678
0.11042378485382388
0.009824011635746388
0.10356499119572204
0.20716727470494098
0.2803965748373349
0.30983863256590694
0.2925825563088015
0.23682544693108054
0.15959347457699344
0.08218367896673284
0.024532502946438554
6.181374601762377E-17
0.011947600714153038
0.05301138816958509
0.10725780541104643
0.15464383783301236
0.1765915952543259
0.16119018957066036
0.10663485923003543
0.021979089551033552
0.07501304179983607
0.16235816611471193
0.2195097775941665
0.23268911416309038
0.19848342584223427
0.12475966453294544
0.028649362459855013
0.06786659228583765
0.1436109827488077
0.18361234472562699
0.18283461916601532
0.14725622855144133
0.09202260538176804
0.037171376544239396
0.002072327527329178
6.461405323749348E-5
0.03472119866613343
0.09873891761011758
0.17575609548744092
0.24462261041679617
0.28499557505450224
0.2827800588145631
0.23397240983815237
0.14588387891740706
0.035413372213577286
0.07518256370149123
0.1639132280151481
0.2145933539161309
0.2208439562275637
0.1875068125785349
0.12910910739593137
0.06579478127950833
0.017808530252611258
