-0.016992750572189734
0.01712846962983695
0.02225065873124149
0.030776020415358433
0.03825379808601583
0.02587214397093213
0.08138606068171446
0.07404721172713531
0.04470666447263476
0.29894947293533447
0.08362405677100586
0.15404384938216423
0.1338778552211189
0.06464176929586235
0.15484038565769068
0.036225629730520265
0.06022722131007199
0.11095533812345713
0.2724661933554588
0.19529873596354416
0.3364160969780312
0.14524796355412356
0.523115296849963
0.5038898773708541
0.21634807527045566
0.5543192010096842
0.5023594133932383
0.050478257295875274
0.020574350567243223
0.07918437985722766
0.504498542186887
0.1600018270678644
0.030531118920017388
0.3742754158905875
0.035440153504753755
0.5329162291667222
0.19001192936687153
0.03270217188134132
0.0710022898554751
0.2763923023842951
0.5073994255372507
0.08766309206798366
0.18819216138023162
0.3661796792846092
1.0
0.33511075319069195
0.28593256129441896
0.45963149059292474
0.49966465674354615
0.37366684399167294
0.23707689694494877
0.12496378958138707
0.23694528723403835
0.07020129200120041
2.696492064116318E-4
0.07039967775556229
0.052474280534881235
0.45789293241060536
0.02004365621036852
0.07399581377384175
0.3388288462075682
0.41148308860421384
0.3782679909222768
0.2563034597923579
0.2057999749824101
0.5500128745333718
0.06786132250622075
0.2507832185290577
0.16506759826142983
0.07681806611744608
0.03958789322943817
0.2384146053243671
0.13601074283388614
0.03359891013026892
0.021265362137612508
0.013654592293594198
0.3947296711862662
0.2056246111351249
0.00919919633195723
0.35272236907035864
0.31510999013086133
0.24302386892496303
0.01818493231329446
0.008096904611220578
0.32798395748493825
0.16736200219283182
0.0543366926311439
0.1406024260249761
0.08007658899131542
0.21723729654111665
0.3091386746861494
0.09902212417132109
0.0063069087279808205
0.1038968081052798
0.4473641512808296
0.030558937001543034
0.3137050384956024
0.1963812731434562
0.05213440173369813
0.24866201140950392
0.07282053050013748
0.02068892216855107
0.42071150194384554
0.0734445860011217
0.4800934972151311
0.21992308774650768
0.01664834896944825
0.2130444455368889
0.13737380979676764
0.03624742068438533
0.013333031896264134
0.033624129548025496
0.02143697080487185
0.05656629415170194
0.012816590755233089
0.05938222502056912
0.1806506487968829
0.07001774378434739
0.12379709213792797
0.10627056520603938
0.1943636282310169
0.13251698341078827
0.048876326566264346
0.025553466746400764
0.2931744378800412
0.09817985890276304
0.0038524013244353662
0.09829687332148775
0.09480245876850553
0.058561717727896305
0.03047048899040833
0.024140979172179954
0.0026078378364499328
0.014656918181064264
0.004020248542235025
0.006423636125127926
0.01312337883584198
0.008559883345980358
0.03471712395028962
0.01748145043504094
0.010259049254979896
0.017805196074020757
0.02678105358955749
0.005142644375503642
0.0321452906293226
0.004459488825290635
0.028847753758471505
0.0032682348417425807
0.01566188934461264
0.023881887665471262
0.0036255984761629986
0.02001341450768177
0.015012356132731431
0.00702762721657644
0.00760905712316936
3.2679794660727416E-4
0.0022956097395697567
0.00854753318970848
0.0037642990698142443
0.008388700159469131
0.004579951508560885
0.0028737865598096176
0.002420832938859483
0.005593974668347401
0.005926017010734427
0.005111650989984258
0.010153749086848919
0.00976867444522412
8.947506911397085E-4
0.0136888635867704
0.01701914153081593
0.002687660928247359
0.006620187715624024
0.016508969115496784
0.005493299131309972
0.014363249379163313
0.013004766970677362
0.010134643688888768
9.709479401008747E-5
0.004492759349740622
0.0034953658292083464
0.007207321710707795
0.0063664482855183835
0.004798461502132373
0.005648375771946657
0.00550865890135027
0.01050554412423419
0.001786617306291585
0.005606790507603353
0.004255050808379023
0.0012257283145379087
0.004175157827798997
0.012670802959512114
0.0015338134235318582
0.0022766330753996276
0.002360941434130076
0.009363247075996919
0.002088246837052622
0.001005140929781952
2.1750034184922463E-4
6.052868838049316E-4
0.002621534305247999
0.005392124804081638
0.007148259219468817
0.008669501637199378
0.002319212792910854
0.004800402007208138
0.009167109632810009
0.0034518796745690063
0.0020954153185206207
0.009213947363177452
0.005641151159309689
4.987972813190313E-4
0.004924838429425146
6.213848244503895E-4
4.620936123922395E-4
7.929157247048896E-4
0.003280050409450146
0.005137350663777595
0.007035586166967878
0.0073450577560734125
0.006456560059992776
0.006820887979739973
3.2296730616966835E-4
0.0033533157299829993
0.0083875883722886
0.006537119865387683
0.001135413204853498
0.0023275804153505076
0.00212117367039993
0.002868199349375302
0.0027470397920707295
5.629824945128459E-4
3.110310842826853E-4
0.0011027607898800623
0.0011996491330080307
0.0037460544950537853
0.004192300242258253
0.0035273775610901374
0.004664306186907333
0.003006444761042805
0.001255467527652233
0.0035015074157327933
0.008021980166915433
0.003561399808865356
0.0025622255988938364
0.0051443493107449275
0.0037978077445074794
0.0021857660814540085
0.0074577900104578045
0.005421240792203476
0.005341044771459404
0.006505674828010392
0.0018918272628498844
0.0023265442060721943
0.0016312513012082656
0.00325569338652413
0.0026556516474660024
6.311966313357995E-5
0.0023184378229178506
4.1037977515118376E-7
0.0018853120620333228
0.002568557458110465
6.125442613086992E-4
0.0022881189819124776
0.008260946578353254
0.0015027886915146148
0.0021630984531135974
0.0018057667804470864
9.824245276807094E-4
0.003145460204779113
2.388911033909969E-4
0.004257278803925143
0.0013940671372110625
0.0031531211365193267
0.0029157040418789095
0.002175917553925186
0.003377392968739587
7.273963168452712E-4
0.002597979633964486
0.004639232572449814
0.002305314908736454
3.9817304511747577E-4
5.967682894588641E-4
0.0011568270723155524
2.3016501484510597E-4
0.002125034397796595
0.001167937789299544
0.0043087898228781
0.0015179488354167044
0.0020564149500856663
0.0012770253222835922
8.101302617409667E-5
0.0044982347930649395
0.005646924566545606
0.0019262025680618629
0.0026114113024088476
0.002408584772230727
0.002591657122400286
6.23415971482079E-5
0.0013919871203174848
0.0021843997158638617
0.001173092279975156
0.003392331319584934
0.003775910139222295
0.0021858916680062993
0.0029883822022757525
0.0020676318410738667
0.0013127446793966373
0.0013595281888687744
0.0028489230330637724
6.779552301170553E-4
0.001814593020882935
0.0011441033515464654
0.0021501057917577854
0.0014972365676616001
0.0025738299863513545
0.00380077677985531
0.00598708344358055
0.0017260905942265638
0.0012191109626132459
0.0022954925114878223
0.001309110772124468
0.002286589359354135
0.0025954529212480104
3.3372044299264145E-4
3.344691894549246E-5
0.0012804391151294652
0.003735677236494621
0.0017773560638281562
0.0020993792218676126
0.0014118442214180816
1.6096549673411258E-4
0.002258169728776346
6.437137539968777E-4
0.0019524239859864865
0.004152975504936092
0.0023949141516775518
0.0021248181838802085
0.001416271823238447
0.005409883071310323
0.0025486007375045867
0.0016974302616107814
0.0023270661439790757
0.00221006796249937
0.0016960293309961907
6.693098672372243E-4
2.7679693835427454E-4
3.0219538950524983E-4
6.860128137600254E-5
0.004583151737409048
1.2139358172679862E-4
0.001128220243035158
7.61049884478113E-4
0.001237376225381115
1.880543602852661E-4
1.4005944487744317E-4
0.00175929083821451
9.618726140592951E-4
0.002297706888673701
0.0018291094374750098
4.5951928691083816E-4
0.003291105097670983
0.004031269063315388
0.0013280003455400995
0.0032393695016743563
8.39491950717115E-4
1.9974059453986146E-5
0.0010276859475036096
0.0029408247430282065
0.00234212822041314
7.983357527114163E-4
0.0023237105367038473
0.0020544026233326102
4.2214203532703245E-4
2.7410490845747914E-5
0.004318499671953269
1.5727382151104917E-5
0.0028818642759782876
1.5764451002767805E-4
7.87709846719381E-5
0.0010951170786932085
0.0025632358306688077
0.0032456036668607447
0.001523325429675282
0.0018331547021255604
4.7184887422206374E-4
0.007131645585909604
0.006671956719318116
0.0023549161853496097
0.0037409224035398624
0.003331168192679007
5.484431692651359E-4
4.076548731725266E-4
1.1691502434941725E-4
5.458680589101224E-6
3.7311861514413363E-4
5.57489651405373E-4
0.0019868239408283475
6.963167415601802E-4
0.0018381172992152663
0.0011821167755905974
6.242350195156507E-4
9.456584839155998E-5
8.629391203352E-4
0.0018241774607228045
7.559027887870896E-4
0.001983208266425461
5.050782954737145E-5
0.001459717714586249
0.0011230389918826852
0.0013348975912932635
5.076715945103879E-4
1.3729819175559906E-4
0.005919496313050474
0.0015621153098311804
0.003518455174177623
0.001337752903474003
6.403331738668249E-4
8.277751032586716E-5
0.004869092434679437
0.002574730330638371
0.002988032443033
7.575832145399145E-4
5.064574411298029E-4
2.2734086921554736E-4
0.002418755996316898
6.74537222261293E-4
2.892528754511609E-4
0.002215360418219527
0.002234049555546459
9.033853514966071E-4
0.003075813185832984
0.0038169252185821013
9.898893966107537E-4
3.700051171098471E-5
0.0011142516056301757
0.005041652995451068
8.15323659057646E-4
8.044073290858313E-4
9.276156769749853E-4
0.003001838903652691
0.0026473055259173535
3.99206476537019E-4
0.004811513346715836
0.0011384460500719438
0.005229168900436816
6.162941128952667E-4
0.0012221804751840885
0.004385905001121572
0.0035212091578457685
0.0066176288739649165
0.0022386791443569313
0.004339742037511863
5.000470092560778E-4
2.996045780556199E-4
3.8048895982289684E-4
3.6399104877479023E-4
0.003536323474946738
0.0034459790217212646
0.0037628054625326937
1.108837561080717E-4
0.0034763423917355245
1.108837561080717E-4
0.0037628054625326937
0.0034459790217212646
0.003536323474946738
3.6399104877479023E-4
3.8048895982289684E-4
2.996045780556199E-4
5.000470092560778E-4
0.004339742037511863
0.0022386791443569313
0.0066176288739649165
0.0035212091578457685
0.004385905001121572
0.0012221804751840885
6.162941128952667E-4
0.005229168900436816
0.0011384460500719438
0.004811513346715836
3.99206476537019E-4
0.0026473055259173535
0.003001838903652691
9.276156769749853E-4
8.044073290858313E-4
8.15323659057646E-4
0.005041652995451068
0.0011142516056301757
3.700051171098471E-5
9.898893966107537E-4
0.0038169252185821013
0.003075813185832984
9.033853514966071E-4
0.002234049555546459
0.002215360418219527
2.892528754511609E-4
6.74537222261293E-4
0.002418755996316898
2.2734086921554736E-4
5.064574411298029E-4
7.575832145399145E-4
0.002988032443033
0.002574730330638371
0.004869092434679437
8.277751032586716E-5
6.403331738668249E-4
0.001337752903474003
0.003518455174177623
0.0015621153098311804
0.005919496313050474
1.3729819175559906E-4
5.076715945103879E-4
0.0013348975912932635
0.0011230389918826852
0.001459717714586249
5.050782954737145E-5
0.001983208266425461
7.559027887870896E-4
0.0018241774607228045
8.629391203352E-4
9.456584839155998E-5
6.242350195156507E-4
0.0011821167755905974
0.0018381172992152663
6.963167415601802E-4
0.0019868239408283475
5.57489651405373E-4
3.7311861514413363E-4
5.458680589101224E-6
1.1691502434941725E-4
4.076548731725266E-4
5.484431692651359E-4
0.003331168192679007
0.0037409224035398624
0.0023549161853496097
0.006671956719318116
0.007131645585909604
4.7184887422206374E-4
0.0018331547021255604
0.001523325429675282
0.0032456036668607447
0.0025632358306688077
0.0010951170786932085
7.87709846719381E-5
1.5764451002767805E-4
0.0028818642759782876
1.5727382151104917E-5
0.004318499671953269
2.7410490845747914E-5
4.2214203532703245E-4
0.0020544026233326102
0.0023237105367038473
7.983357527114163E-4
0.00234212822041314
0.0029408247430282065
0.0010276859475036096
1.9974059453986146E-5
8.39491950717115E-4
0.0032393695016743563
0.0013280003455400995
0.004031269063315388
0.003291105097670983
4.5951928691083816E-4
0.0018291094374750098
0.002297706888673701
9.618726140592951E-4
0.00175929083821451
1.4005944487744317E-4
1.880543602852661E-4
0.001237376225381115
7.61049884478113E-4
0.001128220243035158
1.2139358172679862E-4
0.004583151737409048
6.860128137600254E-5
3.0219538950524983E-4
2.7679693835427454E-4
6.693098672372243E-4
0.0016960293309961907
0.00221006796249937
0.0023270661439790757
0.0016974302616107814
0.0025486007375045867
0.005409883071310323
0.001416271823238447
0.0021248181838802085
0.0023949141516775518
0.004152975504936092
0.0019524239859864865
6.437137539968777E-4
0.002258169728776346
1.6096549673411258E-4
0.0014118442214180816
0.0020993792218676126
0.0017773560638281562
0.003735677236494621
0.0012804391151294652
3.344691894549246E-5
3.3372044299264145E-4
0.0025954529212480104
0.002286589359354135
0.001309110772124468
0.0022954925114878223
0.0012191109626132459
0.0017260905942265638
0.00598708344358055
0.00380077677985531
0.0025738299863513545
0.0014972365676616001
0.0021501057917577854
0.0011441033515464654
0.001814593020882935
6.779552301170553E-4
0.0028489230330637724
0.0013595281888687744
0.0013127446793966373
0.0020676318410738667
0.0029883822022757525
0.0021858916680062993
0.003775910139222295
0.003392331319584934
0.001173092279975156
0.0021843997158638617
0.0013919871203174848
6.23415971482079E-5
0.002591657122400286
0.002408584772230727
0.0026114113024088476
0.0019262025680618629
0.005646924566545606
0.0044982347930649395
8.101302617409667E-5
0.0012770253222835922
0.0020564149500856663
0.0015179488354167044
0.0043087898228781
0.001167937789299544
0.002125034397796595
2.3016501484510597E-4
0.0011568270723155524
5.967682894588641E-4
3.9817304511747577E-4
0.002305314908736454
0.004639232572449814
0.002597979633964486
7.273963168452712E-4
0.003377392968739587
0.002175917553925186
0.0029157040418789095
0.0031531211365193267
0.0013940671372110625
0.004257278803925143
2.388911033909969E-4
0.003145460204779113
9.824245276807094E-4
0.0018057667804470864
0.0021630984531135974
0.0015027886915146148
0.008260946578353254
0.0022881189819124776
6.125442613086992E-4
0.002568557458110465
0.0018853120620333228
4.1037977515118376E-7
0.0023184378229178506
6.311966313357995E-5
0.0026556516474660024
0.00325569338652413
0.0016312513012082656
0.0023265442060721943
0.0018918272628498844
0.006505674828010392
0.005341044771459404
0.005421240792203476
0.0074577900104578045
0.0021857660814540085
0.0037978077445074794
0.0051443493107449275
0.0025622255988938364
0.003561399808865356
0.008021980166915433
0.0035015074157327933
0.001255467527652233
0.003006444761042805
0.004664306186907333
0.0035273775610901374
0.004192300242258253
0.0037460544950537853
0.0011996491330080307
0.0011027607898800623
3.110310842826853E-4
5.629824945128459E-4
0.0027470397920707295
0.002868199349375302
0.00212117367039993
0.0023275804153505076
0.001135413204853498
0.006537119865387683
0.0083875883722886
0.0033533157299829993
3.2296730616966835E-4
0.006820887979739973
0.006456560059992776
0.0073450577560734125
0.007035586166967878
0.005137350663777595
0.003280050409450146
7.929157247048896E-4
4.620936123922395E-4
6.213848244503895E-4
0.004924838429425146
4.987972813190313E-4
0.005641151159309689
0.009213947363177452
0.0020954153185206207
0.0034518796745690063
0.009167109632810009
0.004800402007208138
0.002319212792910854
0.008669501637199378
0.007148259219468817
0.005392124804081638
0.002621534305247999
6.052868838049316E-4
2.1750034184922463E-4
0.001005140929781952
0.002088246837052622
0.009363247075996919
0.002360941434130076
0.0022766330753996276
0.0015338134235318582
0.012670802959512114
0.004175157827798997
0.0012257283145379087
0.004255050808379023
0.005606790507603353
0.001786617306291585
0.01050554412423419
0.00550865890135027
0.005648375771946657
0.004798461502132373
0.0063664482855183835
0.007207321710707795
0.0034953658292083464
0.004492759349740622
9.709479401008747E-5
0.010134643688888768
0.013004766970677362
0.014363249379163313
0.005493299131309972
0.016508969115496784
0.006620187715624024
0.002687660928247359
0.01701914153081593
0.0136888635867704
8.947506911397085E-4
0.00976867444522412
0.010153749086848919
0.005111650989984258
0.005926017010734427
0.005593974668347401
0.002420832938859483
0.0028737865598096176
0.004579951508560885
0.008388700159469131
0.0037642990698142443
0.00854753318970848
0.0022956097395697567
3.2679794660727416E-4
0.00760905712316936
0.00702762721657644
0.015012356132731431
0.02001341450768177
0.0036255984761629986
0.023881887665471262
0.01566188934461264
0.0032682348417425807
0.028847753758471505
0.004459488825290635
0.0321452906293226
0.005142644375503642
0.02678105358955749
0.017805196074020757
0.010259049254979896
0.01748145043504094
0.03471712395028962
0.008559883345980358
0.01312337883584198
0.006423636125127926
0.004020248542235025
0.014656918181064264
0.0026078378364499328
0.024140979172179954
0.03047048899040833
0.058561717727896305
0.09480245876850553
0.09829687332148775
0.0038524013244353662
0.09817985890276304
0.2931744378800412
0.025553466746400764
0.048876326566264346
0.13251698341078827
0.1943636282310169
0.10627056520603938
0.12379709213792797
0.07001774378434739
0.1806506487968829
0.05938222502056912
0.012816590755233089
0.05656629415170194
0.02143697080487185
0.033624129548025496
0.013333031896264134
0.03624742068438533
0.13737380979676764
0.2130444455368889
0.01664834896944825
0.21992308774650768
0.4800934972151311
0.0734445860011217
0.42071150194384554
0.02068892216855107
0.07282053050013748
0.24866201140950392
0.05213440173369813
0.1963812731434562
0.3137050384956024
0.030558937001543034
0.4473641512808296
0.1038968081052798
0.0063069087279808205
0.09902212417132109
0.3091386746861494
0.21723729654111665
0.08007658899131542
0.1406024260249761
0.0543366926311439
0.16736200219283182
0.32798395748493825
0.008096904611220578
0.01818493231329446
0.24302386892496303
0.31510999013086133
0.35272236907035864
0.00919919633195723
0.2056246111351249
0.3947296711862662
0.013654592293594198
0.021265362137612508
0.03359891013026892
0.13601074283388614
0.2384146053243671
0.03958789322943817
0.07681806611744608
0.16506759826142983
0.2507832185290577
0.06786132250622075
0.5500128745333718
0.2057999749824101
0.2563034597923579
0.3782679909222768
0.41148308860421384
0.3388288462075682
0.07399581377384175
0.02004365621036852
0.45789293241060536
0.052474280534881235
0.07039967775556229
2.696492064116318E-4
0.07020129200120041
0.23694528723403835
0.12496378958138707
0.23707689694494877
0.37366684399167294
0.49966465674354615
0.45963149059292474
0.28593256129441896
0.33511075319069195
1.0
0.3661796792846092
0.18819216138023162
0.08766309206798366
0.5073994255372507
0.2763923023842951
0.0710022898554751
0.03270217188134132
0.19001192936687153
0.5329162291667222
0.035440153504753755
0.3742754158905875
0.030531118920017388
0.1600018270678644
0.504498542186887
0.07918437985722766
0.020574350567243223
0.050478257295875274
0.5023594133932383
0.5543192010096842
0.21634807527045566
0.5038898773708541
0.523115296849963
0.14524796355412356
0.3364160969780312
0.19529873596354416
0.2724661933554588
0.11095533812345713
0.06022722131007199
0.036225629730520265
0.15484038565769068
0.06464176929586235
0.1338778552211189
0.15404384938216423
0.08362405677100586
0.29894947293533447
0.04470666447263476
0.07404721172713531
0.08138606068171446
0.02587214397093213
0.03825379808601583
0.030776020415358433
0.02225065873124149
0.01712846962983695
