-0.5262434273375542
0.5107695623994281
0.46531431137136764
0.39271254507608744
0.2974796777252303
0.18551302505033948
0.06370337383455876
0.06051618574081812
0.17965290084841481
0.28663526051544225
0.3752594050779211
0.44057107770358533
0.47915807169296776
0.4893347835931245
0.47120837074166
0.42662453797746935
0.3589995056461375
0.27305261048912566
0.17446068811902082
0.06946040408551936
0.03557230317873495
0.13453571518438615
0.2219802426754542
0.2934257327046653
0.34559841321733503
0.37657429192145575
0.38582318932553694
0.37415515164892227
0.34357817007764696
0.29708238247795665
0.238370790179711
0.1715596431233427
0.10087283359925027
0.030353852452215172
0.0363837783520813
0.09635090954570776
0.14731074026842172
0.18783523932546328
0.21729120874757882
0.23576315844355977
0.24392528440776673
0.24287870045393423
0.23397236050450426
0.21862665876686102
0.1981774933020282
0.17375576048296346
0.1462130887035819
0.11609950979981343
0.08369317820275965
0.04907669458079558
0.01224958389610653
0.026737517753329252
0.06764401926393027
0.10991388390689268
0.15258069837765512
0.19421798192539508
0.2329453617113378
0.26649599129078766
0.29234459127542184
0.30788926822524043
0.3106743768674246
0.29863667606718663
0.2703533751954202
0.22526875706142035
0.16387614162255662
0.08783410486684867
0.0
0.09563031707102317
0.1940804937993415
0.289645424705912
0.37622466575928565
0.44771789646533605
0.49845641189115303
0.5236399683348966
0.51974584179312
0.4848769874789245
0.41901882416133024
0.32417931981452375
0.20439443430810197
0.06559010483522375
0.08469778919535349
0.2377334124060606
0.38409862250722376
0.5142869804290292
0.6193357392603455
0.6914528874933852
0.7245947520310019
0.7149512931122877
0.6613010391296474
0.5652053686387752
0.4310220781162412
0.26573020892276306
0.07857112522853421
0.11947607881239922
0.31635455426648695
0.4996843382092862
0.6575630948288714
0.7793597534807364
0.856446825483574
0.8828199505008743
0.8555596680086995
0.7751001550067003
0.6452820990752847
0.4731811636512744
0.26871867960508355
0.04407621299053201
0.18705054388829215
0.4103115197755235
0.6116200731046573
0.7780684414546333
0.8987796536000173
0.9656381616592604
0.9738488937163032
0.9222854072732077
0.8136016177367728
0.6540972563358198
0.4533437105757528
0.2235930838571839
0.020991940718961762
0.2652375610854596
0.4939288072498614
0.6927861425381229
0.8493841870076184
0.9539517266075306
1.0
0.9847376892356293
0.9092452988579045
0.7783977123149982
0.6005405589249827
0.38694245319401804
0.1510600562438794
0.09233475845894369
0.3281074102401525
0.5417296053856273
0.7202009838591282
0.8528632466333902
0.9320542929540233
0.9535610747677338
0.9168437337336048
0.8250191496710989
0.684608214187901
0.5050668340105341
0.29813479642174545
0.07704824664375838
0.14433012721333563
0.3524045556056619
0.5347041468469551
0.6806497083108054
0.7821810099284708
0.83420642623572
0.8348496157009219
0.7854820613816098
0.6905448983643108
0.5571774739012514
0.3946825705031657
0.21386834366413587
0.026314141972049503
0.1563889281485329
0.32337172330245784
0.46514748773433723
0.5741579471068339
0.6451731930323602
0.6755245247400569
0.6651615138145966
0.6165368277718415
0.5343339184494509
0.4250627590294081
0.29655673866154114
0.15740911242993516
0.01638977974230874
0.11811743032605533
0.23862019122584988
0.33893490421356454
0.4144925650017334
0.46251916676692495
0.4820861384551641
0.4740357487835692
0.44079497781798654
0.3860984746756651
0.31464642136596066
0.23172611330069207
0.1428267321189082
0.053275195119406885
0.032082642035749426
0.10913639026564191
0.17468847139177415
0.22654867377662255
0.26354711714192725
0.28547317984871773
0.2929532417876857
0.28728396309402565
0.2702400105576292
0.24387556700333868
0.21033767345610893
0.17170666112116395
0.12987495225812648
0.08647075772671894
0.042828138150312715
3.0672997403359935E-16
0.04119368803357003
0.08009347259139589
0.11611683694958007
0.148677131186538
0.17711784757873794
0.2006729137234841
0.21846040694056298
0.22951304887135698
0.232844417481767
0.2275454468128694
0.21290189949388175
0.1885204767120792
0.15444938115202317
0.11127867171485688
0.06020672274865637
0.0030614721671309774
0.05773126830290293
0.11923565512579873
0.17814796834824462
0.23098608693097047
0.27431449382794704
0.3049890211999866
0.3204027257489058
0.318712932946876
0.29902977908717243
0.2615485488259799
0.2076116495855142
0.1396909440721849
0.06128702134395786
0.023251622593701695
0.10898010574735867
0.19066406824173526
0.2631217136687771
0.3215772028526665
0.36199982850626133
0.38140353731389703
0.3780834761074234
0.3517702087150216
0.3036878178324232
0.2365088783636068
0.15420676875494235
0.06181341313138446
0.03490226452729232
0.12981370319524255
0.21684771586206625
0.2903981604638156
0.34571258800491994
0.3792237033946647
0.38880112329667593
0.37390444779657467
0.33562568424790695
0.276617058523147
0.20090862665620446
0.11362822845815604
0.020643586684297218
0.0718478063419531
0.15775141129488382
0.2314995992085119
0.288436037156541
0.325132573488931
0.33961567546988874
0.33148618962088483
0.30192414551038077
0.25357890734613703
0.19035354343644695
0.11710017893952447
0.039249718790088206
0.03759583252121522
0.10807754197607271
0.16746897371022718
0.21201169751033272
0.23917200283058415
0.2478001352539661
0.23818098802082888
0.21197362915350898
0.17204566985730266
0.12221661230601
0.06693132172583838
0.01089010246484022
0.04133489654877079
0.0856663195405223
0.11884217086906691
0.13866500890426595
0.14416027613558877
0.135631630484382
0.11460946331812895
0.08369741792712929
0.04632997426616808
0.006461384445495081
0.0317881497137913
0.06449962463669125
0.08830509343194695
0.10069090328503606
0.10022864265825807
0.0867138938258907
0.06120030777965231
0.0259250163538271
0.015869700338420268
0.06020497348004564
0.10270301024119055
0.13896675249148527
0.16497054232400096
0.17742938019308074
0.1741155294973682
0.1540949267178834
0.11786183961910826
0.06735803511399006
0.005871780040494051
0.06217839686634212
0.13156085683438853
0.19662614960464334
0.25175088612323426
0.2917960084394681
0.3125432772541067
0.3110746005764294
0.28606242407209614
0.23794556593389898
0.16897317476312915
0.08310931409804195
0.014198700041117097
0.11637446721793446
0.2161656454227199
0.30616434163111617
0.37935707804432384
0.4296634647188348
0.45242255446622864
0.44478881119747615
0.40600552067315515
0.33753191946005784
0.24301072130181328
0.12807433073889127
2.9212378479390413E-16
0.13276438413134956
0.2611721654610226
0.37620785696449194
0.4695305042641595
0.5340839661257574
0.5646291417977516
0.5581580459329791
0.5141575238231678
0.4347007728133831
0.3243569600351405
0.1899222341506609
0.039988376904065634
0.11562271960780095
0.26652051616169364
0.40245759483738797
0.514041909443234
0.5933990574683387
0.6347371067565686
0.6347729503925522
0.5929886130230427
0.5116977313134646
0.3959157452125554
0.2530412144821554
0.09236911931050988
0.07553095640130868
0.23952909941435793
0.38869237005068497
0.5130324257943245
0.6041912183120975
0.6560166953048108
0.6649880457895571
0.6304605254184064
0.5547125402607216
0.4427915508368381
0.30216949092342144
0.1422317676555392
0.026364434071581858
0.19241770930377056
0.344945100454977
0.47392681018079824
0.5709813450663402
0.6299245704956592
0.6471745196378006
0.6219748185554714
0.5564224658578348
0.455299510523382
0.32572191540955936
0.17663159688343896
0.018168394572654425
0.1390332031520668
0.28457292604075457
0.40898826374678815
0.5043841170763003
0.5649457586047101
0.587301033483301
0.570708770959124
0.517062909491468
0.4307149487585772
0.31813008465154696
0.1874038508746992
0.04767547885587038
0.09151914707999381
0.22090855771014392
0.33211426752377
0.41820350045962773
0.4741289449694053
0.4970271635578365
0.4863578966379249
0.44387817727100776
0.37345704876361957
0.28074788839938936
0.17274508892661078
0.05725945744362285
0.05764834908962037
0.16423502576234603
0.2556021611893214
0.3261477411243422
0.3719116973674607
0.3907940540869014
0.38263403258641243
0.3491488716829516
0.2937413249192807
0.22119406056926935
0.1372768557075325
0.048298016082942305
0.03936548515303251
0.11972423501949746
0.18758623614590905
0.23889219093915937
0.27095451043669044
0.28258625066092036
0.2741148614038285
0.24728441139036306
0.20505816221886283
0.15134039550592784
0.09064175396577745
0.027715680702226415
0.03280535899185679
0.08674632648730961
0.1306743978707667
0.16211273681419022
0.17967019228024986
0.18308093832946615
0.17315535297097973
0.15165033556349283
0.121073254771567
0.08443835615841316
0.04499741555931584
0.005967520450157133
0.029721929865869686
0.05964346693046301
0.08203154868291625
0.09587798272277075
0.1009582733802297
0.09779036514031804
0.08753288595344147
0.07183482054299402
0.05265218561150456
0.03204946380166161
0.012004137997045557
0.005768353308356163
0.019954414801722917
0.029735740699950733
0.034829890516184764
0.03547651527844506
0.03237279441235026
0.026566239592497258
0.019316777038235144
0.011942614831511275
0.005665622882252344
0.0014717086949736261
0.0
0.0014717086949736261
0.005665622882252344
0.011942614831511275
0.019316777038235144
0.026566239592497258
0.03237279441235026
0.03547651527844506
0.034829890516184764
0.029735740699950733
0.019954414801722917
0.005768353308356163
0.012004137997045557
0.03204946380166161
0.05265218561150456
0.07183482054299402
0.08753288595344147
0.09779036514031804
0.1009582733802297
0.09587798272277075
0.08203154868291625
0.05964346693046301
0.029721929865869686
0.005967520450157133
0.04499741555931584
0.08443835615841316
0.121073254771567
0.15165033556349283
0.17315535297097973
0.18308093832946615
0.17967019228024986
0.16211273681419022
0.1306743978707667
0.08674632648730961
0.03280535899185679
0.027715680702226415
0.09064175396577745
0.15134039550592784
0.20505816221886283
0.24728441139036306
0.2741148614038285
0.28258625066092036
0.27095451043669044
0.23889219093915937
0.18758623614590905
0.11972423501949746
0.03936548515303251
0.048298016082942305
0.1372768557075325
0.22119406056926935
0.2937413249192807
0.3491488716829516
0.38263403258641243
0.3907940540869014
0.3719116973674607
0.3261477411243422
0.2556021611893214
0.16423502576234603
0.05764834908962037
0.05725945744362285
0.17274508892661078
0.28074788839938936
0.37345704876361957
0.44387817727100776
0.4863578966379249
0.4970271635578365
0.4741289449694053
0.41820350045962773
0.33211426752377
0.22090855771014392
0.09151914707999381
0.04767547885587038
0.1874038508746992
0.31813008465154696
0.4307149487585772
0.517062909491468
0.570708770959124
0.587301033483301
0.5649457586047101
0.5043841170763003
0.40898826374678815
0.28457292604075457
0.1390332031520668
0.018168394572654425
0.17663159688343896
0.32572191540955936
0.455299510523382
0.5564224658578348
0.6219748185554714
0.6471745196378006
0.6299245704956592
0.5709813450663402
0.47392681018079824
0.344945100454977
0.19241770930377056
0.026364434071581858
0.1422317676555392
0.30216949092342144
0.4427915508368381
0.5547125402607216
0.6304605254184064
0.6649880457895571
0.6560166953048108
0.6041912183120975
0.5130324257943245
0.38869237005068497
0.23952909941435793
0.07553095640130868
0.09236911931050988
0.2530412144821554
0.3959157452125554
0.5116977313134646
0.5929886130230427
0.6347729503925522
0.6347371067565686
0.5933990574683387
0.514041909443234
0.40245759483738797
0.26652051616169364
0.11562271960780095
0.039988376904065634
0.1899222341506609
0.3243569600351405
0.4347007728133831
0.5141575238231678
0.5581580459329791
0.5646291417977516
0.5340839661257574
0.4695305042641595
0.37620785696449194
0.2611721654610226
0.13276438413134956
2.9212378479390413E-16
0.12807433073889127
0.24301072130181328
0.33753191946005784
0.40600552067315515
0.44478881119747615
0.45242255446622864
0.4296634647188348
0.37935707804432384
0.30616434163111617
0.2161656454227199
0.11637446721793446
0.014198700041117097
0.08310931409804195
0.16897317476312915
0.23794556593389898
0.28606242407209614
0.3110746005764294
0.3125432772541067
0.2917960084394681
0.25175088612323426
0.19662614960464334
0.13156085683438853
0.06217839686634212
0.005871780040494051
0.06735803511399006
0.11786183961910826
0.1540949267178834
0.1741155294973682
0.17742938019308074
0.16497054232400096
0.13896675249148527
0.10270301024119055
0.06020497348004564
0.015869700338420268
0.0259250163538271
0.06120030777965231
0.0867138938258907
0.10022864265825807
0.10069090328503606
0.08830509343194695
0.06449962463669125
0.0317881497137913
0.006461384445495081
0.04632997426616808
0.08369741792712929
0.11460946331812895
0.135631630484382
0.14416027613558877
0.13866500890426595
0.11884217086906691
0.0856663195405223
0.04133489654877079
0.01089010246484022
0.06693132172583838
0.12221661230601
0.17204566985730266
0.21197362915350898
0.23818098802082888
0.2478001352539661
0.23917200283058415
0.21201169751033272
0.16746897371022718
0.10807754197607271
0.03759583252121522
0.039249718790088206
0.11710017893952447
0.19035354343644695
0.25357890734613703
0.30192414551038077
0.33148618962088483
0.33961567546988874
0.325132573488931
0.288436037156541
0.2314995992085119
0.15775141129488382
0.0718478063419531
0.020643586684297218
0.11362822845815604
0.20090862665620446
0.276617058523147
0.33562568424790695
0.37390444779657467
0.38880112329667593
0.3792237033946647
0.34571258800491994
0.2903981604638156
0.21684771586206625
0.12981370319524255
0.03490226452729232
0.06181341313138446
0.15420676875494235
0.2365088783636068
0.3036878178324232
0.3517702087150216
0.3780834761074234
0.38140353731389703
0.36199982850626133
0.3215772028526665
0.2631217136687771
0.19066406824173526
0.10898010574735867
0.023251622593701695
0.06128702134395786
0.1396909440721849
0.2076116495855142
0.2615485488259799
0.29902977908717243
0.318712932946876
0.3204027257489058
0.3049890211999866
0.27431449382794704
0.23098608693097047
0.17814796834824462
0.11923565512579873
0.05773126830290293
0.0030614721671309774
0.06020672274865637
0.11127867171485688
0.15444938115202317
0.1885204767120792
0.21290189949388175
0.2275454468128694
0.232844417481767
0.22951304887135698
0.21846040694056298
0.2006729137234841
0.17711784757873794
0.148677131186538
0.11611683694958007
0.08009347259139589
0.04119368803357003
3.0672997403359935E-16
0.042828138150312715
0.08647075772671894
0.12987495225812648
0.17170666112116395
0.21033767345610893
0.24387556700333868
0.2702400105576292
0.28728396309402565
0.2929532417876857
0.28547317984871773
0.26354711714192725
0.22654867377662255
0.17468847139177415
0.10913639026564191
0.032082642035749426
0.053275195119406885
0.1428267321189082
0.23172611330069207
0.31464642136596066
0.3860984746756651
0.44079497781798654
0.4740357487835692
0.4820861384551641
0.46251916676692495
0.4144925650017334
0.33893490421356454
0.23862019122584988
0.11811743032605533
0.01638977974230874
0.15740911242993516
0.29655673866154114
0.4250627590294081
0.5343339184494509
0.6165368277718415
0.6651615138145966
0.6755245247400569
0.6451731930323602
0.5741579471068339
0.46514748773433723
0.32337172330245784
0.1563889281485329
0.026314141972049503
0.21386834366413587
0.3946825705031657
0.5571774739012514
0.6905448983643108
0.7854820613816098
0.8348496157009219
0.83420642623572
0.7821810099284708
0.6806497083108054
0.5347041468469551
0.3524045556056619
0.14433012721333563
0.07704824664375838
0.29813479642174545
0.5050668340105341
0.684608214187901
0.8250191496710989
0.9168437337336048
0.9535610747677338
0.9320542929540233
0.8528632466333902
0.7202009838591282
0.5417296053856273
0.3281074102401525
0.09233475845894369
0.1510600562438794
0.38694245319401804
0.6005405589249827
0.7783977123149982
0.9092452988579045
0.9847376892356293
1.0
0.9539517266075306
0.8493841870076184
0.6927861425381229
0.4939288072498614
0.2652375610854596
0.020991940718961762
0.2235930838571839
0.4533437105757528
0.6540972563358198
0.8136016177367728
0.9222854072732077
0.9738488937163032
0.9656381616592604
0.8987796536000173
0.7780684414546333
0.6116200731046573
0.4103115197755235
0.18705054388829215
0.04407621299053201
0.26871867960508355
0.4731811636512744
0.6452820990752847
0.7751001550067003
0.8555596680086995
0.8828199505008743
0.856446825483574
0.7793597534807364
0.6575630948288714
0.4996843382092862
0.31635455426648695
0.11947607881239922
0.07857112522853421
0.26573020892276306
0.4310220781162412
0.5652053686387752
0.6613010391296474
0.7149512931122877
0.7245947520310019
0.6914528874933852
0.6193357392603455
0.5142869804290292
0.38409862250722376
0.2377334124060606
0.08469778919535349
0.06559010483522375
0.20439443430810197
0.32417931981452375
0.41901882416133024
0.4848769874789245
0.51974584179312
0.5236399683348966
0.49845641189115303
0.44771789646533605
0.37622466575928565
0.289645424705912
0.1940804937993415
0.09563031707102317
0.0
0.08783410486684867
0.16387614162255662
0.22526875706142035
0.2703533751954202
0.29863667606718663
0.3106743768674246
0.30788926822524043
0.29234459127542184
0.26649599129078766
0.2329453617113378
0.19421798192539508
0.15258069837765512
0.10991388390689268
0.06764401926393027
0.026737517753329252
0.01224958389610653
0.04907669458079558
0.08369317820275965
0.11609950979981343
0.1462130887035819
0.17375576048296346
0.1981774933020282
0.21862665876686102
0.23397236050450426
0.24287870045393423
0.24392528440776673
0.23576315844355977
0.21729120874757882
0.18783523932546328
0.14731074026842172
0.09635090954570776
0.0363837783520813
0.030353852452215172
0.10087283359925027
0.1715596431233427
0.238370790179711
0.29708238247795665
0.34357817007764696
0.37415515164892227
0.38582318932553694
0.37657429192145575
0.34559841321733503
0.2934257327046653
0.2219802426754542
0.13453571518438615
0.03557230317873495
0.06946040408551936
0.17446068811902082
0.27305261048912566
0.3589995056461375
0.42662453797746935
0.47120837074166
0.4893347835931245
0.47915807169296776
0.44057107770358533
0.3752594050779211
0.28663526051544225
0.17965290084841481
0.06051618574081812
0.06370337383455876
0.18551302505033948
0.2974796777252303
0.39271254507608744
0.46531431137136764
0.5107695623994281
