-0.560515347442857
0.5585664642837511
0.5527372477806154
0.5430798392298063
0.52968061677215
0.5126594142539964
0.49216843736988963
0.4683908867212722
0.441539300032515
0.41185362826483685
0.3795990627383637
0.3450636325918401
0.3085555939588131
0.2704006341004152
0.23093891539179368
0.19052198549714752
0.149509581274562
0.10826635491569526
0.0671585515383491
0.026550667905672835
0.013197877859859625
0.05173603576833411
0.08872434319219667
0.12383804495731153
0.15677008626469793
0.1872339515059383
0.2149663233668486
0.23972953817207665
0.2613138151943026
0.2795392396202646
0.2942574810147843
0.3053532314346009
0.31274534979601676
0.3163877016727162
0.3162696863702283
0.31241644586804707
0.3048887530154621
0.2937825791882771
0.2792283444361662
0.26138985594978104
0.2404629434284059
0.21667380260890334
0.19027706080147022
0.161553580744685
0.1308080214199038
0.09836617663283154
0.06457211415905977
0.029785140043055425
0.005623385779245128
0.041273355009365506
0.07677930902505956
0.11175389991822125
0.1458113844077744
0.17857112015097024
0.20966103388845705
0.23872103103570083
0.2654063167745078
0.28939059939989104
0.3103691476334589
0.3280616748167575
0.3422150243363678
0.3526056322947407
0.35904174531251765
0.36136537341340474
0.35945396018380443
0.3532217547971227
0.34262087302634475
0.32764203701634165
0.30831498632663507
0.28470855556246
0.25693041676276035
0.22512648758369766
0.18948000918064745
0.15021030052584816
0.10757119867846171
0.061849197224881955
0.013361297706441077
0.037547408673140874
0.09050640943844525
0.1451226675447368
0.20098372262533185
0.25766097123806214
0.314713099002127
0.3716896361836056
0.4281346071961017
0.4835902436417978
0.5376007299347999
0.5897159502280539
0.6394952053100413
0.6865108683483663
0.730351948832394
0.7706275348022077
0.8069700844399669
0.8390385393338167
0.8665212331931831
0.8891385714850284
0.9066454593589348
0.9188334573184747
0.9255326463593417
0.9266131867118185
0.9219865568756719
0.911606462297766
0.8954694057938224
0.8736149146324393
0.8461254220577044
0.8131258039022192
0.7747825738106738
0.7313027434309446
0.6829323567110182
0.6299547101423373
0.5726882733906427
0.5114843272321072
0.446724338044742
0.3788170902731175
0.30819560027031045
0.23531383670807846
0.1606432743198157
0.08466930908787099
0.007887564096305586
0.06919988386678534
0.1460883262635661
0.2222742622718065
0.297259224624413
0.37055356085564795
0.44168013941456186
0.5101779507886774
0.5756055747115912
0.6375444856984579
0.695602170552815
0.7494150331044929
0.7986510632572088
0.8430122494299687
0.8822367156511158
0.9161005668889588
0.9444194286582485
0.9670496695062657
0.9838892976339022
0.9948785256231784
1.0
0.999278695136151
0.9927814737640325
0.9806163191180981
0.9629312464052114
0.93991290391973
0.9117848766361446
0.8788057075116411
0.8412666539931436
0.7994891993296059
0.7538223402233423
0.7046396740983331
0.6523363108047042
0.5973256349047366
0.5400359457864913
0.4809070037180494
0.42038651058214266
0.35892655441333005
0.29698004699571046
0.23499718366842373
0.1734219541309547
0.11268873244470394
0.05321897359760724
0.004581957057023273
0.06032779644772235
0.1136542149538582
0.16422144419786855
0.2117166814032258
0.25585625226023223
0.29638751638210625
0.3330905016959334
0.3657792564769597
0.3943029101796682
0.4185464367237772
0.4384311164359969
0.4539146954071164
0.4649912435768012
0.47169071538352425
0.4740782192928888
0.4722530049232784
0.46634717880308496
0.45652416199940515
0.4429769049357397
0.4259258766488755
0.40561684750697796
0.3823184860077811
0.3563197916849446
0.32792738736121013
0.2974626949897426
0.2652590201126752
0.23165857053295852
0.19700943513868724
0.16166254893662135
0.12596867024410383
0.0902753956584163
0.05492423787414009
0.020247790658525132
0.01343299566978403
0.04581140607227507
0.07659739908787187
0.10551987226346556
0.13232873705275044
0.15679678732618335
0.17872134756600733
0.19792568885709347
0.21426020290834272
0.22760332653138718
0.237862211243702
0.24497313493204978
0.2489016547893507
0.24964250300360952
0.2472192289116376
0.24168359351361998
0.23311472435825906
0.22161804083422895
0.20732396182478463
0.19038640948244193
0.17098112454469433
0.14930381012606914
0.12556812227417077
0.10000352675695671
0.07285304254614941
0.044370893269935714
0.014820088521137921
0.015530042679125255
0.04640634374986683
0.07753432522776224
0.10864063992069005
0.13945551659139752
0.16971513080502937
0.19916389233975562
0.22755662950290417
0.25466065180616415
0.2802576737214285
0.30414558365122296
0.3261400437907629
0.346075908217724
0.3638084483051402
0.3792143763959412
0.3921926605874154
0.4026651254326923
0.41057683535626177
0.41589625958347926
0.4186152193818332
0.41874862038655447
0.41633397471728756
0.41143071946889065
0.4041193399614658
0.39450030784670786
0.38269284577475776
0.36883353181417594
0.3530747581747525
0.3355830599972838
0.31653733103614645
0.29612694396089007
0.27454979373510335
0.25201028308895057
0.22871726948212873
0.20488199315428493
0.1807160058795103
0.15642911988140906
0.13222739602802408
0.10831118991581398
0.08487327377464156
0.062097051288594114
0.04015488143901604
0.019206526346367186
6.022631724314641E-4
0.019141011992333267
0.03629562415779642
0.051969316166221226
0.06608337242216968
0.07857771693588343
0.0894112970922803
0.09856227709714595
0.10602804049922736
0.1118250029739407
0.11598823832015101
0.11857092234993999
0.11964360102688454
0.1192932908160985
0.11762242073483707
0.11474762702233302
0.11079841266917959
0.10591568524851336
0.10025018756311913
0.09396083655529923
0.08721298671210165
0.0801766348308964
0.07302458348433347
0.06593058083588878
0.059067454605482746
0.0526052579685196
0.04670944499210816
0.041539092871638324
0.037245187733226874
0.033968990118092394
0.03184049547037496
0.030977004018196863
0.03148181337805819
0.033443046035218506
0.036932622568848474
0.042005390112632615
0.04869841408216393
0.057030439673564685
0.06700152805750349
0.07859287057378427
0.09176678258886081
0.10646687702702008
0.12261841594063504
0.14012883686071423
0.15888844908062943
0.17877129348761808
0.19963615808216675
0.22132773992774438
0.24367794296487955
0.26650729991571104
0.28962650540832885
0.31283804647388735
0.33593791572186527
0.35871739178702544
0.3809648710713846
0.4024677343802943
0.42301423177672026
0.44239536885371455
0.4604067776523081
0.47685055562963297
0.49153705640763645
0.5042866165026553
0.5149312028453756
0.5233159666431649
0.5293006900050394
0.5327611127351896
0.5335901277945526
0.5316988351209985
0.5270174447760803
0.5194960217380674
0.5091050660745778
0.4958359236905667
0.479701024345309
0.46073394515172156
0.43898929929916586
0.4145424512630294
0.38748906126731425
0.35794446323682017
0.32604288190035646
0.2919364960732708
0.25579435644460297
0.21780116741018737
0.17815594361770679
0.13707055291357848
0.09476815829615226
0.05148157227760018
0.0074515377317209835
0.037075050148478145
0.08184696574510512
0.12661050344379568
0.17111134113533874
0.2150964013233126
0.25831569449993863
0.30052412971533143
0.3414832776584431
0.3809630720867506
0.41874343608044123
0.45461582034884934
0.4883846416744869
0.5198686105346565
0.5489019379829387
0.5753354129927064
0.5990373426515291
0.6198943488376317
0.6378120162958163
0.6527153883484922
0.6645493078155393
0.6732786020624243
0.6788881124371395
0.6813825696810734
0.6807863181951163
0.6771428932987065
0.6705144568252333
0.660981097541833
0.6486400039554476
0.6336045180610856
0.6160030794943866
0.5959780703615716
0.5736845717293726
0.5492890433602335
0.522967938769716
0.49490626806040616
0.4652961212476125
0.43433516493574625
0.4022251252305872
0.3691702696828549
0.33537590085486957
0.301046873787901
0.2663861492273703
0.23159339394162537
0.19686363885369168
0.16238600500117717
0.12834250655508736
0.09490693927207317
0.06224386183556369
0.030507676568784798
1.5818501328912743E-4
0.029621967395301273
0.05776418365071973
0.08447809316817467
0.10967006334102139
0.133259815124683
0.15518055342629158
0.17537898432271967
0.19381522209681554
0.2104625900285116
0.22530731976900512
0.23834815495463638
0.24959586547527943
0.259072679493699
0.26681164091190157
0.2728559004933854
0.2772579492726342
0.28007880321242806
0.28138714830370287
0.28125845544093014
0.27977407444837876
0.27702031658022946
0.27308753467231395
0.2680692098881366
0.262061053680581
0.25516013318788167
0.2474640278034387
0.239070024109925
0.23007435575561783
0.22057149418228236
0.21065349539701167
0.20040940722341855
0.18992474067898515
0.17928100831398394
0.16855533152209853
0.1578201180026569
0.14714280972817348
0.136585700957476
0.12620582504265257
0.11605490801566243
0.10617938621560424
0.096620484537747
0.08741435125738198
0.07859224481161871
0.07018076741603879
0.062202139955501404
0.054674512223491206
0.04761230229550143
0.041026558611518674
0.03492533821232499
0.029314094524778605
0.02419606812233161
0.019572673997767607
0.01544387907361358
0.01180856393918227
0.008664863138215866
0.006010478733342304
0.003842962338019582
0.002159961327673392
9.594255130516776E-4
2.3977117363604617E-4
0.0
2.3977117363604617E-4
9.594255130516776E-4
0.002159961327673392
0.003842962338019582
0.006010478733342304
0.008664863138215866
0.01180856393918227
0.01544387907361358
0.019572673997767607
0.02419606812233161
0.029314094524778605
0.03492533821232499
0.041026558611518674
0.04761230229550143
0.054674512223491206
0.062202139955501404
0.07018076741603879
0.07859224481161871
0.08741435125738198
0.096620484537747
0.10617938621560424
0.11605490801566243
0.12620582504265257
0.136585700957476
0.14714280972817348
0.1578201180026569
0.16855533152209853
0.17928100831398394
0.18992474067898515
0.20040940722341855
0.21065349539701167
0.22057149418228236
0.23007435575561783
0.239070024109925
0.2474640278034387
0.25516013318788167
0.262061053680581
0.2680692098881366
0.27308753467231395
0.27702031658022946
0.27977407444837876
0.28125845544093014
0.28138714830370287
0.28007880321242806
0.2772579492726342
0.2728559004933854
0.26681164091190157
0.259072679493699
0.24959586547527943
0.23834815495463638
0.22530731976900512
0.2104625900285116
0.19381522209681554
0.17537898432271967
0.15518055342629158
0.133259815124683
0.10967006334102139
0.08447809316817467
0.05776418365071973
0.029621967395301273
1.5818501328912743E-4
0.030507676568784798
0.06224386183556369
0.09490693927207317
0.12834250655508736
0.16238600500117717
0.19686363885369168
0.23159339394162537
0.2663861492273703
0.301046873787901
0.33537590085486957
0.3691702696828549
0.4022251252305872
0.43433516493574625
0.4652961212476125
0.49490626806040616
0.522967938769716
0.5492890433602335
0.5736845717293726
0.5959780703615716
0.6160030794943866
0.6336045180610856
0.6486400039554476
0.660981097541833
0.6705144568252333
0.6771428932987065
0.6807863181951163
0.6813825696810734
0.6788881124371395
0.6732786020624243
0.6645493078155393
0.6527153883484922
0.6378120162958163
0.6198943488376317
0.5990373426515291
0.5753354129927064
0.5489019379829387
0.5198686105346565
0.4883846416744869
0.45461582034884934
0.41874343608044123
0.3809630720867506
0.3414832776584431
0.30052412971533143
0.25831569449993863
0.2150964013233126
0.17111134113533874
0.12661050344379568
0.08184696574510512
0.037075050148478145
0.0074515377317209835
0.05148157227760018
0.09476815829615226
0.13707055291357848
0.17815594361770679
0.21780116741018737
0.25579435644460297
0.2919364960732708
0.32604288190035646
0.35794446323682017
0.38748906126731425
0.4145424512630294
0.43898929929916586
0.46073394515172156
0.479701024345309
0.4958359236905667
0.5091050660745778
0.5194960217380674
0.5270174447760803
0.5316988351209985
0.5335901277945526
0.5327611127351896
0.5293006900050394
0.5233159666431649
0.5149312028453756
0.5042866165026553
0.49153705640763645
0.47685055562963297
0.4604067776523081
0.44239536885371455
0.42301423177672026
0.4024677343802943
0.3809648710713846
0.35871739178702544
0.33593791572186527
0.31283804647388735
0.28962650540832885
0.26650729991571104
0.24367794296487955
0.22132773992774438
0.19963615808216675
0.17877129348761808
0.15888844908062943
0.14012883686071423
0.12261841594063504
0.10646687702702008
0.09176678258886081
0.07859287057378427
0.06700152805750349
0.057030439673564685
0.04869841408216393
0.042005390112632615
0.036932622568848474
0.033443046035218506
0.03148181337805819
0.030977004018196863
0.03184049547037496
0.033968990118092394
0.037245187733226874
0.041539092871638324
0.04670944499210816
0.0526052579685196
0.059067454605482746
0.06593058083588878
0.07302458348433347
0.0801766348308964
0.08721298671210165
0.09396083655529923
0.10025018756311913
0.10591568524851336
0.11079841266917959
0.11474762702233302
0.11762242073483707
0.1192932908160985
0.11964360102688454
0.11857092234993999
0.11598823832015101
0.1118250029739407
0.10602804049922736
0.09856227709714595
0.0894112970922803
0.07857771693588343
0.06608337242216968
0.051969316166221226
0.03629562415779642
0.019141011992333267
6.022631724314641E-4
0.019206526346367186
0.04015488143901604
0.062097051288594114
0.08487327377464156
0.10831118991581398
0.13222739602802408
0.15642911988140906
0.1807160058795103
0.20488199315428493
0.22871726948212873
0.25201028308895057
0.27454979373510335
0.29612694396089007
0.31653733103614645
0.3355830599972838
0.3530747581747525
0.36883353181417594
0.38269284577475776
0.39450030784670786
0.4041193399614658
0.41143071946889065
0.41633397471728756
0.41874862038655447
0.4186152193818332
0.41589625958347926
0.41057683535626177
0.4026651254326923
0.3921926605874154
0.3792143763959412
0.3638084483051402
0.346075908217724
0.3261400437907629
0.30414558365122296
0.2802576737214285
0.25466065180616415
0.22755662950290417
0.19916389233975562
0.16971513080502937
0.13945551659139752
0.10864063992069005
0.07753432522776224
0.04640634374986683
0.015530042679125255
0.014820088521137921
0.044370893269935714
0.07285304254614941
0.10000352675695671
0.12556812227417077
0.14930381012606914
0.17098112454469433
0.19038640948244193
0.20732396182478463
0.22161804083422895
0.23311472435825906
0.24168359351361998
0.2472192289116376
0.24964250300360952
0.2489016547893507
0.24497313493204978
0.237862211243702
0.22760332653138718
0.21426020290834272
0.19792568885709347
0.17872134756600733
0.15679678732618335
0.13232873705275044
0.10551987226346556
0.07659739908787187
0.04581140607227507
0.01343299566978403
0.020247790658525132
0.05492423787414009
0.0902753956584163
0.12596867024410383
0.16166254893662135
0.19700943513868724
0.23165857053295852
0.2652590201126752
0.2974626949897426
0.32792738736121013
0.3563197916849446
0.3823184860077811
0.40561684750697796
0.4259258766488755
0.4429769049357397
0.45652416199940515
0.46634717880308496
0.4722530049232784
0.4740782192928888
0.47169071538352425
0.4649912435768012
0.4539146954071164
0.4384311164359969
0.4185464367237772
0.3943029101796682
0.3657792564769597
0.3330905016959334
0.29638751638210625
0.25585625226023223
0.2117166814032258
0.16422144419786855
0.1136542149538582
0.06032779644772235
0.004581957057023273
0.05321897359760724
0.11268873244470394
0.1734219541309547
0.23499718366842373
0.29698004699571046
0.35892655441333005
0.42038651058214266
0.4809070037180494
0.5400359457864913
0.5973256349047366
0.6523363108047042
0.7046396740983331
0.7538223402233423
0.7994891993296059
0.8412666539931436
0.8788057075116411
0.9117848766361446
0.93991290391973
0.9629312464052114
0.9806163191180981
0.9927814737640325
0.999278695136151
1.0
0.9948785256231784
0.9838892976339022
0.9670496695062657
0.9444194286582485
0.9161005668889588
0.8822367156511158
0.8430122494299687
0.7986510632572088
0.7494150331044929
0.695602170552815
0.6375444856984579
0.5756055747115912
0.5101779507886774
0.44168013941456186
0.37055356085564795
0.297259224624413
0.2222742622718065
0.1460883262635661
0.06919988386678534
0.007887564096305586
0.08466930908787099
0.1606432743198157
0.23531383670807846
0.30819560027031045
0.3788170902731175
0.446724338044742
0.5114843272321072
0.5726882733906427
0.6299547101423373
0.6829323567110182
0.7313027434309446
0.7747825738106738
0.8131258039022192
0.8461254220577044
0.8736149146324393
0.8954694057938224
0.911606462297766
0.9219865568756719
0.9266131867118185
0.9255326463593417
0.9188334573184747
0.9066454593589348
0.8891385714850284
0.8665212331931831
0.8390385393338167
0.8069700844399669
0.7706275348022077
0.730351948832394
0.6865108683483663
0.6394952053100413
0.5897159502280539
0.5376007299347999
0.4835902436417978
0.4281346071961017
0.3716896361836056
0.314713099002127
0.25766097123806214
0.20098372262533185
0.1451226675447368
0.09050640943844525
0.037547408673140874
0.013361297706441077
0.061849197224881955
0.10757119867846171
0.15021030052584816
0.18948000918064745
0.22512648758369766
0.25693041676276035
0.28470855556246
0.30831498632663507
0.32764203701634165
0.34262087302634475
0.3532217547971227
0.35945396018380443
0.36136537341340474
0.35904174531251765
0.3526056322947407
0.3422150243363678
0.3280616748167575
0.3103691476334589
0.28939059939989104
0.2654063167745078
0.23872103103570083
0.20966103388845705
0.17857112015097024
0.1458113844077744
0.11175389991822125
0.07677930902505956
0.041273355009365506
0.005623385779245128
0.029785140043055425
0.06457211415905977
0.09836617663283154
0.1308080214199038
0.161553580744685
0.19027706080147022
0.21667380260890334
0.2404629434284059
0.26138985594978104
0.2792283444361662
0.2937825791882771
0.3048887530154621
0.31241644586804707
0.3162696863702283
0.3163877016727162
0.31274534979601676
0.3053532314346009
0.2942574810147843
0.2795392396202646
0.2613138151943026
0.23972953817207665
0.2149663233668486
0.1872339515059383
0.15677008626469793
0.12383804495731153
0.08872434319219667
0.05173603576833411
0.013197877859859625
0.026550667905672835
0.0671585515383491
0.10826635491569526
0.149509581274562
0.19052198549714752
0.23093891539179368
0.2704006341004152
0.3085555939588131
0.3450636325918401
0.3795990627383637
0.41185362826483685
0.441539300032515
0.4683908867212722
0.49216843736988963
0.5126594142539964
0.52968061677215
0.5430798392298063
0.5527372477806154
0.5585664642837511
