0.003760938864774328
0.00874042888861262
0.01778689792346535
0.03990974002208976
0.06649517706990662
0.019698123263908313
0.09942152226479391
0.1534892902907066
0.1575117446495004
0.046395962197575843
0.21148589475291757
0.05620815161686828
0.07406726658867872
0.05055231969463763
0.037755953142934694
0.06045388063575669
0.059589928858141586
0.21262187660536006
0.2827757865713659
0.037170013467760485
0.07990347969645994
0.43002091362892436
0.21767071487830075
0.6890925513476543
0.020535587643360897
0.47953089548460265
0.31122416072896303
0.29135591340117895
0.14687278612025786
0.04833879545378273
0.04620025469749603
0.012331153110231736
0.24423908529896451
0.10359782472313717
0.020443326166438288
0.13083150003822566
0.5138831504161253
0.2515510800501631
0.30544321629130994
0.6703409742619811
0.05152368782668228
0.29713132006340504
1.0
0.05550398259706444
0.25679087833199327
0.7093219792518948
0.7922752101022011
0.5967434047106319
0.20822263359049772
0.1291970241886984
0.23302443936061035
0.2445558670673461
0.23799324991715673
0.20622103944707001
0.16147077457683798
0.007955018274750337
0.05015458685747322
0.18880542616652107
0.1315061361505535
0.08831361139158823
0.5452323363649986
0.19040420761551036
0.12885994025912784
0.028464845397729466
0.049343552637245304
0.49308367638885475
0.27969510350120425
0.28568078914791994
0.08381571858832118
0.14530864166996083
0.5144616724325151
0.008670943184061522
0.1564449106571044
0.06013614039544579
0.01986305440801679
0.028630466280432483
0.06964722873102212
0.022645009952631367
0.20722006468546905
0.2125132330028512
0.18430381913497512
0.016083486084533603
0.5813207377591637
0.45644015081448724
0.4103815455488699
0.5024500939304896
0.7266413758788444
0.5555840785160832
0.5653229180676757
0.14661770969761187
0.24933681726284507
0.7164502143129935
0.8043345091040232
0.006376986776261872
0.6737991815479584
0.18570918166211456
0.2252188707591457
0.026822502935992924
0.3400714985192409
0.02938430422062533
0.1390802933495212
0.034816010843780505
0.01588533830201903
0.11664622910416837
0.21735988989723481
0.025719466930439413
0.07855303239474325
0.11291183523210374
0.029800127190494543
0.0018125661667251166
0.021528777718057054
0.022860697361271845
0.08215369985087653
0.05499109477066364
0.043386816724957304
0.14285557547543618
0.09116095067583109
0.08080436391162767
0.09054360346972812
0.03564653087028165
0.06488893398473247
0.3216258281461791
0.17976700625995062
0.21377192872984602
0.17726848867130937
0.06960169378195215
0.11376225578793227
0.05686872371978989
0.01607558125564054
0.04254462647808221
0.043366748716702125
0.027616239106638636
0.011933597431118487
0.0167207186969501
0.004089417233160155
0.015041973085981772
0.004860979261653493
0.02338952244944558
0.014525944651222214
0.007270395730306527
0.04225374007842111
0.01709309497417747
0.007021554507884111
0.0034775218532697547
0.0055330565122251735
0.01812467777599268
0.00819363743514879
0.006944986572655412
0.0031777737933204857
0.00770358290335474
0.002363418474839312
0.0017880553921298134
0.0015423634300990312
0.0055940053291229684
0.005703063032649602
0.00511694916045623
0.00928559738776996
0.003252594054508593
0.003844665795346659
0.006279572089989238
0.009147909849724927
0.004891305346950292
3.839960037128419E-4
0.0018117067247342875
0.0010852962390107321
0.009072930888823676
4.243111253930878E-4
0.0015431443072724395
0.00365586470696077
0.001769350189838236
0.0018390266797460872
0.003511849765524478
0.01188165863514506
0.005320520428346586
0.0036304763002971627
0.0028800266749589715
0.006553828918545368
0.0024960632059935887
5.563020495584452E-4
0.003219778830350358
0.0029535653265858573
0.013175067488084485
0.0025250732886925296
0.0011841888710711643
0.002901515101446367
0.0019167778917343167
0.004276408513613519
0.0012897628342516767
0.005483424602616348
0.002303241098750006
0.005879346729694597
0.010409253580145012
0.004781610174544966
0.00513204694212129
0.002003033246864692
0.001573393604152121
0.005930265821387467
0.0047639519353399945
0.004779293592684027
0.0031230696971930216
0.005357930914341842
0.0030026574161255903
0.005064950074196758
0.001066672122383238
0.0021938531455541603
0.0034608432367348456
6.463657380710166E-5
0.00605627294182073
0.0013422066639355173
0.0023615242791822826
0.007290595031972988
0.00605624492915821
0.003970892532923859
0.005245960729094026
6.512014575275101E-4
0.007322335955435652
0.001955793209354853
0.009704618829448489
0.005632999666578771
0.0036263622461613376
0.00473572471756912
0.010700443134469174
0.014907283824322305
0.01030669620170385
6.946088093191443E-4
0.004375962557059907
0.0030577370184309634
0.0031462443828084888
0.0022016523814445553
0.0017300418104260662
0.001058463139247182
0.0016646778581788006
0.011063443678890936
0.004785494851466857
0.001163838714154919
0.002439897095657257
0.0035203129981361656
0.009420162219742048
0.0034247992077108096
0.007257471872061468
0.0053394021095679095
0.0063832524938630415
0.004597412409367815
0.001163294329024103
0.007434003466163491
0.005764937373250165
2.4028274678733258E-5
0.006800669236691317
0.007735372655005998
0.001578363346727244
0.012997465231332496
0.003010068577835993
0.0044362422236638955
0.006839895128098512
5.486781694615321E-4
0.00240221274988343
0.0035143285060363853
0.0015956996263304251
0.006320864221070244
0.005341704612233087
0.007235624280410718
0.005256216600799004
2.8105664244866075E-4
0.0020295112514458254
0.001098038884591231
0.007003436811237994
1.861078908154273E-4
0.005748061153952951
0.0010056996974469204
0.00162964135478443
0.006260662924235685
0.0016529764378607303
0.0025687724493907095
0.0025495140554857403
0.0011450376490630399
3.4984261536042733E-4
0.0032299627390695784
0.001052672416487882
0.00420984223429341
0.0016063626634141629
0.00127060351937766
0.0025955978198140507
0.002424514239454377
0.004290722853433295
0.0027448770449671604
0.0024152583408041197
1.995280293959049E-4
0.002540937950064891
0.007204331030701113
0.0014447349968703177
0.005089919483872665
0.0030536010275922405
0.0024411505849148223
0.0016818209625272466
0.0019098649107031304
0.0052698370541999
5.273155461783401E-4
0.0024183414413266238
8.958610161611289E-4
0.0029522818205885795
0.0067022464030076345
0.0013364954204408445
0.003626167295560635
0.005491716778114844
2.5141971863139805E-4
0.0031513541301622884
1.229927167865303E-4
0.0037850052164663268
0.0021579157420836374
0.00649694564389332
0.004877260177996837
0.0013604825013667399
0.004015869498227435
0.007433565073222301
0.0020372130003702927
0.0016210805598081601
0.002629292885916076
0.0013511057116134648
0.0012340896982020806
0.002168201174541637
0.003702791860043367
1.4424562858319348E-4
3.1338832000701254E-4
0.005234528807061647
0.006813100172820192
9.793080259681986E-4
0.0023749268437134063
0.0031009595088131404
0.0013326293771664137
0.0019569959511271857
3.364454122501986E-4
0.0010894072301076375
0.0024460869894952506
0.005106381756289412
0.0024087300162695664
0.002394203318006928
0.0018863928862093426
0.005941044522935572
0.004944885545870234
0.003447526078534617
0.0034517546788259443
0.00522058451328208
0.0039026967094748523
0.004743423259993171
0.005541784558673417
0.006206786486357544
7.260265748538034E-4
0.003313717488930433
0.0035847463316471986
0.005321252936906657
0.0015465571835818633
0.00175154501005324
0.0053152795612901845
2.947432640621951E-4
0.007389819821248243
0.0033386724545635435
0.0032835977368095423
0.002479184865131065
0.0035541995714318555
7.951190650739713E-4
0.004398915664807869
0.0020316204276949836
1.094019996481164E-4
0.005107644548226573
0.001807852769644332
0.0037397361120260673
0.004018719624491762
0.0020336871670966618
0.0012490156026544463
0.004819575712982642
1.5495949076246598E-5
0.003945577682294594
0.004577256476355382
0.0030251164391437756
0.003067942966896899
0.0061825929933891355
0.0036063970444176483
0.004850485278269892
0.0015580048369157305
0.0032783055970759356
0.0068738095909697036
0.004508220309254885
0.004563637993525435
1.1813954255489928E-4
0.008825619835276613
0.004426035615896701
0.0015569219825738378
0.0032668823458491332
0.0020769755966066708
5.537156705686955E-4
0.0022284054014058293
9.301521962819696E-4
1.1092938323789438E-4
0.0026381276557521493
0.0027660050028200096
0.002509020545492593
0.00127226231753038
0.0034038658621422073
0.001673105543581072
0.005232034118705298
0.0014788276337611862
0.003193496660442657
9.107147294533467E-4
0.001212395109038969
0.004967331558709812
2.243692450223078E-4
0.004350652139530267
0.0019135655479102962
0.0021280456839989684
0.0010167125947068843
0.007940805540550128
0.0018826993056645619
7.764043964417132E-5
4.0820341155723826E-4
0.0034441011752862254
3.2813201807897344E-5
0.0033215662171188734
0.0027073379587074743
0.008307838667826408
0.0047807158906587
0.004083000642046419
0.0053839860400777765
0.002991729825861011
0.004983977270922683
0.0011061317322141467
0.005610142783607964
0.004556236313464492
7.1654999688052E-4
0.001374325218843553
0.0021871841178184
0.0036688116002869344
0.0014010656851304163
0.0038643967641713664
0.0035490235694450633
0.001846025613121379
0.0018728719796130007
0.0022139367224876636
8.071150287523287E-4
0.0010677775625714688
0.001143819638216076
0.0012315300944161266
0.008705809726826268
0.004876931189715451
0.002634883807045469
0.002217845732663421
0.006325641172587773
0.00208450738207227
0.0011860774853640454
0.0013767755225864862
0.003822837471979804
0.008494094185133387
0.007304013487291712
0.0056109432129606025
8.736672702430535E-4
0.004127142294737574
0.002249140542667152
0.005758120240363428
0.0027084351304551414
4.789835954849069E-5
0.006353465083637727
9.695174018800025E-4
0.0013657742725446068
0.0019112968001312157
0.0013657742725446068
9.695174018800025E-4
0.006353465083637727
4.789835954849069E-5
0.0027084351304551414
0.005758120240363428
0.002249140542667152
0.004127142294737574
8.736672702430535E-4
0.0056109432129606025
0.007304013487291712
0.008494094185133387
0.003822837471979804
0.0013767755225864862
0.0011860774853640454
0.00208450738207227
0.006325641172587773
0.002217845732663421
0.002634883807045469
0.004876931189715451
0.008705809726826268
0.0012315300944161266
0.001143819638216076
0.0010677775625714688
8.071150287523287E-4
0.0022139367224876636
0.0018728719796130007
0.001846025613121379
0.0035490235694450633
0.0038643967641713664
0.0014010656851304163
0.0036688116002869344
0.0021871841178184
0.001374325218843553
7.1654999688052E-4
0.004556236313464492
0.005610142783607964
0.0011061317322141467
0.004983977270922683
0.002991729825861011
0.0053839860400777765
0.004083000642046419
0.0047807158906587
0.008307838667826408
0.0027073379587074743
0.0033215662171188734
3.2813201807897344E-5
0.0034441011752862254
4.0820341155723826E-4
7.764043964417132E-5
0.0018826993056645619
0.007940805540550128
0.0010167125947068843
0.0021280456839989684
0.0019135655479102962
0.004350652139530267
2.243692450223078E-4
0.004967331558709812
0.001212395109038969
9.107147294533467E-4
0.003193496660442657
0.0014788276337611862
0.005232034118705298
0.001673105543581072
0.0034038658621422073
0.00127226231753038
0.002509020545492593
0.0027660050028200096
0.0026381276557521493
1.1092938323789438E-4
9.301521962819696E-4
0.0022284054014058293
5.537156705686955E-4
0.0020769755966066708
0.0032668823458491332
0.0015569219825738378
0.004426035615896701
0.008825619835276613
1.1813954255489928E-4
0.004563637993525435
0.004508220309254885
0.0068738095909697036
0.0032783055970759356
0.0015580048369157305
0.004850485278269892
0.0036063970444176483
0.0061825929933891355
0.003067942966896899
0.0030251164391437756
0.004577256476355382
0.003945577682294594
1.5495949076246598E-5
0.004819575712982642
0.0012490156026544463
0.0020336871670966618
0.004018719624491762
0.0037397361120260673
0.001807852769644332
0.005107644548226573
1.094019996481164E-4
0.0020316204276949836
0.004398915664807869
7.951190650739713E-4
0.0035541995714318555
0.002479184865131065
0.0032835977368095423
0.0033386724545635435
0.007389819821248243
2.947432640621951E-4
0.0053152795612901845
0.00175154501005324
0.0015465571835818633
0.005321252936906657
0.0035847463316471986
0.003313717488930433
7.260265748538034E-4
0.006206786486357544
0.005541784558673417
0.004743423259993171
0.0039026967094748523
0.00522058451328208
0.0034517546788259443
0.003447526078534617
0.004944885545870234
0.005941044522935572
0.0018863928862093426
0.002394203318006928
0.0024087300162695664
0.005106381756289412
0.0024460869894952506
0.0010894072301076375
3.364454122501986E-4
0.0019569959511271857
0.0013326293771664137
0.0031009595088131404
0.0023749268437134063
9.793080259681986E-4
0.006813100172820192
0.005234528807061647
3.1338832000701254E-4
1.4424562858319348E-4
0.003702791860043367
0.002168201174541637
0.0012340896982020806
0.0013511057116134648
0.002629292885916076
0.0016210805598081601
0.0020372130003702927
0.007433565073222301
0.004015869498227435
0.0013604825013667399
0.004877260177996837
0.00649694564389332
0.0021579157420836374
0.0037850052164663268
1.229927167865303E-4
0.0031513541301622884
2.5141971863139805E-4
0.005491716778114844
0.003626167295560635
0.0013364954204408445
0.0067022464030076345
0.0029522818205885795
8.958610161611289E-4
0.0024183414413266238
5.273155461783401E-4
0.0052698370541999
0.0019098649107031304
0.0016818209625272466
0.0024411505849148223
0.0030536010275922405
0.005089919483872665
0.0014447349968703177
0.007204331030701113
0.002540937950064891
1.995280293959049E-4
0.0024152583408041197
0.0027448770449671604
0.004290722853433295
0.002424514239454377
0.0025955978198140507
0.00127060351937766
0.0016063626634141629
0.00420984223429341
0.001052672416487882
0.0032299627390695784
3.4984261536042733E-4
0.0011450376490630399
0.0025495140554857403
0.0025687724493907095
0.0016529764378607303
0.006260662924235685
0.00162964135478443
0.0010056996974469204
0.005748061153952951
1.861078908154273E-4
0.007003436811237994
0.001098038884591231
0.0020295112514458254
2.8105664244866075E-4
0.005256216600799004
0.007235624280410718
0.005341704612233087
0.006320864221070244
0.0015956996263304251
0.0035143285060363853
0.00240221274988343
5.486781694615321E-4
0.006839895128098512
0.0044362422236638955
0.003010068577835993
0.012997465231332496
0.001578363346727244
0.007735372655005998
0.006800669236691317
2.4028274678733258E-5
0.005764937373250165
0.007434003466163491
0.001163294329024103
0.004597412409367815
0.0063832524938630415
0.0053394021095679095
0.007257471872061468
0.0034247992077108096
0.009420162219742048
0.0035203129981361656
0.002439897095657257
0.001163838714154919
0.004785494851466857
0.011063443678890936
0.0016646778581788006
0.001058463139247182
0.0017300418104260662
0.0022016523814445553
0.0031462443828084888
0.0030577370184309634
0.004375962557059907
6.946088093191443E-4
0.01030669620170385
0.014907283824322305
0.010700443134469174
0.00473572471756912
0.0036263622461613376
0.005632999666578771
0.009704618829448489
0.001955793209354853
0.007322335955435652
6.512014575275101E-4
0.005245960729094026
0.003970892532923859
0.00605624492915821
0.007290595031972988
0.0023615242791822826
0.0013422066639355173
0.00605627294182073
6.463657380710166E-5
0.0034608432367348456
0.0021938531455541603
0.001066672122383238
0.005064950074196758
0.0030026574161255903
0.005357930914341842
0.0031230696971930216
0.004779293592684027
0.0047639519353399945
0.005930265821387467
0.001573393604152121
0.002003033246864692
0.00513204694212129
0.004781610174544966
0.010409253580145012
0.005879346729694597
0.002303241098750006
0.005483424602616348
0.0012897628342516767
0.004276408513613519
0.0019167778917343167
0.002901515101446367
0.0011841888710711643
0.0025250732886925296
0.013175067488084485
0.0029535653265858573
0.003219778830350358
5.563020495584452E-4
0.0024960632059935887
0.006553828918545368
0.0028800266749589715
0.0036304763002971627
0.005320520428346586
0.01188165863514506
0.003511849765524478
0.0018390266797460872
0.001769350189838236
0.00365586470696077
0.0015431443072724395
4.243111253930878E-4
0.009072930888823676
0.0010852962390107321
0.0018117067247342875
3.839960037128419E-4
0.004891305346950292
0.009147909849724927
0.006279572089989238
0.003844665795346659
0.003252594054508593
0.00928559738776996
0.00511694916045623
0.005703063032649602
0.0055940053291229684
0.0015423634300990312
0.0017880553921298134
0.002363418474839312
0.00770358290335474
0.0031777737933204857
0.006944986572655412
0.00819363743514879
0.01812467777599268
0.0055330565122251735
0.0034775218532697547
0.007021554507884111
0.01709309497417747
0.04225374007842111
0.007270395730306527
0.014525944651222214
0.02338952244944558
0.004860979261653493
0.015041973085981772
0.004089417233160155
0.0167207186969501
0.011933597431118487
0.027616239106638636
0.043366748716702125
0.04254462647808221
0.01607558125564054
0.05686872371978989
0.11376225578793227
0.06960169378195215
0.17726848867130937
0.21377192872984602
0.17976700625995062
0.3216258281461791
0.06488893398473247
0.03564653087028165
0.09054360346972812
0.08080436391162767
0.09116095067583109
0.14285557547543618
0.043386816724957304
0.05499109477066364
0.08215369985087653
0.022860697361271845
0.021528777718057054
0.0018125661667251166
0.029800127190494543
0.11291183523210374
0.07855303239474325
0.025719466930439413
0.21735988989723481
0.11664622910416837
0.01588533830201903
0.034816010843780505
0.1390802933495212
0.02938430422062533
0.3400714985192409
0.026822502935992924
0.2252188707591457
0.18570918166211456
0.6737991815479584
0.006376986776261872
0.8043345091040232
0.7164502143129935
0.24933681726284507
0.14661770969761187
0.5653229180676757
0.5555840785160832
0.7266413758788444
0.5024500939304896
0.4103815455488699
0.45644015081448724
0.5813207377591637
0.016083486084533603
0.18430381913497512
0.2125132330028512
0.20722006468546905
0.022645009952631367
0.06964722873102212
0.028630466280432483
0.01986305440801679
0.06013614039544579
0.1564449106571044
0.008670943184061522
0.5144616724325151
0.14530864166996083
0.08381571858832118
0.28568078914791994
0.27969510350120425
0.49308367638885475
0.049343552637245304
0.028464845397729466
0.12885994025912784
0.19040420761551036
0.5452323363649986
0.08831361139158823
0.1315061361505535
0.18880542616652107
0.05015458685747322
0.007955018274750337
0.16147077457683798
0.20622103944707001
0.23799324991715673
0.2445558670673461
0.23302443936061035
0.1291970241886984
0.20822263359049772
0.5967434047106319
0.7922752101022011
0.7093219792518948
0.25679087833199327
0.05550398259706444
1.0
0.29713132006340504
0.05152368782668228
0.6703409742619811
0.30544321629130994
0.2515510800501631
0.5138831504161253
0.13083150003822566
0.020443326166438288
0.10359782472313717
0.24423908529896451
0.012331153110231736
0.04620025469749603
0.04833879545378273
0.14687278612025786
0.29135591340117895
0.31122416072896303
0.47953089548460265
0.020535587643360897
0.6890925513476543
0.21767071487830075
0.43002091362892436
0.07990347969645994
0.037170013467760485
0.2827757865713659
0.21262187660536006
0.059589928858141586
0.06045388063575669
0.037755953142934694
0.05055231969463763
0.07406726658867872
0.05620815161686828
0.21148589475291757
0.046395962197575843
0.1575117446495004
0.1534892902907066
0.09942152226479391
0.019698123263908313
0.06649517706990662
0.03990974002208976
0.01778689792346535
0.00874042888861262
