-0.021504658519082148
0.019116816835184593
0.008474560456515814
0.03497379702057043
0.055053420265080734
0.08971785668849018
0.05053720823604303
0.02619289497078563
0.13552987579869874
0.45612718311260997
0.15918433084797867
0.08898403023644812
0.04652532798326926
0.2423762418024468
0.2573086933554493
0.18601710758607795
0.157786430916078
0.21272656115964592
0.25202255431178705
0.49291094750833053
0.47820752380626197
0.3949836045149851
0.00749369135574359
0.3284518516608261
0.7853356360665553
0.2786348093693135
0.0034267877404568943
0.02358497259979994
0.60072748824258
0.09055761024760171
0.02667883270889152
0.12476953249547182
0.2563124920065417
0.6528577310522148
0.03259988450277551
0.421795047873686
0.5490170240048798
0.22388318415030733
0.8134125112506022
1.0
0.7168660409324209
0.8425034733949248
0.24100903261407722
0.34467991106121204
0.8417730934544425
0.2901422945245541
0.4023603717411317
0.331846508324277
0.8010015435090436
0.5707505224893193
0.23258858631908264
0.2793978552587868
0.30843546733116756
0.032892689375016854
0.036529480431402084
0.05342299329996068
0.04297866641586921
0.15414438141833897
0.04508410072235845
0.46213988420735064
0.1120052617486337
0.22501263152542783
0.5061258284818018
0.14596188922613357
0.5043791582818765
0.23927425828084747
0.34719890599729974
0.2675717963636417
0.02251971309932146
0.20892655517625
0.0477014925655419
0.24632741120980808
0.013186283793365396
0.01618121107647855
0.05819131874269283
0.11193548796997896
0.1604495526846535
0.12683280766129473
0.22174479840695588
0.16832423248463688
0.08007579871834186
0.20707243092656838
0.3382249161039381
0.16637391238127872
0.0552220458470374
0.2173629077482362
0.08592033695261936
0.7327656783698336
0.6378969254485914
0.42366524160629904
0.04913387975288015
0.8244219965510079
0.5690441433691799
0.5391525424754402
0.02000194939916747
0.48770282073093674
0.12918628818502306
0.44774821716464014
0.19741365560429014
0.2186112458008984
0.14204082179202973
0.688480541851294
0.13359214757212076
0.020073527521645183
0.0010284815360391691
0.0805904957857801
0.11822382746094899
0.13591977828332705
0.018475703226252863
0.05541151705993723
0.10321408170409425
0.047138152928239495
0.03818155635007003
0.06161401797300623
0.008697718064838956
0.017488370873678914
0.06607044464033571
0.09260987872298233
0.11907603532846872
0.12849111337287666
0.12663846729894948
0.09757564603851593
0.045694006031533806
0.15631941463975488
0.01703569468168249
0.07767644261758558
0.09951567663946899
0.07256642124873015
0.0695307834771729
0.0961457638301494
0.035886458184417644
0.060116147017969766
0.034619100250338986
0.004643576917448808
0.03664283245557927
0.024557968112412593
0.01766793827343655
0.02378326337616017
0.01170093437479531
0.00969536791542303
0.027458886549529295
0.03443533445890591
0.018116890119935867
0.015499670202710343
0.02239924787850171
0.0291045214561727
0.007549268112898706
0.011386859720437912
0.017920587310350636
0.0056921776875218395
0.0031202201503454405
0.015612118532487932
0.01081932069428436
0.026759535731104046
0.005061769037386295
0.006598981494138145
0.010782566968382461
0.0014256434794763205
0.012383190220077932
0.010302723719026158
0.008746953457243455
0.007973386542781187
0.012767875524841632
0.009348626752264836
0.018945310760312657
0.009157372990687031
0.00823559391958377
0.002017971430338197
0.00194127160314431
0.0010219193338987242
0.018921961013219718
0.002445815794148468
0.012126487865585579
0.01282537973445926
0.017742481892613925
0.003216446166737169
0.009051726002616
0.003853863463703248
0.0011193468894561886
0.0075311065950297955
0.006515629198123948
6.961201523661511E-4
0.0021180891481542897
0.01943962403318116
0.010918448735036774
0.0067081953288516925
0.017906700509834856
0.003936392690759072
0.002132168906658164
0.01259926865368761
0.011307217424758187
0.00744646508054269
0.0028219574536927612
0.014129896077680911
0.015651610192110157
0.00485397928540457
0.004342866991972307
0.002927933832500435
0.011264283233592208
0.004475663997043103
0.0026882456224321736
0.0027549540852804485
0.013635015200258675
0.0032856399932927327
0.0038187624909375053
0.009299150332818758
0.020517614753174523
0.008605742794714814
7.288875700996133E-5
0.0011257125740428548
0.01017492530063771
0.0019663085028821625
0.008193740420335468
0.0014031158871920704
0.008936691606498796
0.004148706617365008
0.0035532456541072315
0.01187839484298251
0.005982417666850281
0.002310674639880728
0.008244498482672046
0.005451916456727159
0.01208873935014421
0.006659405904343842
0.015995971845924644
0.002581922134890022
0.005766690067876335
0.009684232324844673
0.0015297819530150467
0.009872853235986103
0.006665591050735845
0.009431867771527259
0.001849894990086437
0.008156390998024185
0.007787218091794466
0.024862907237598236
0.0024266386563238343
0.024705520927360457
0.002395603451002763
0.007210788333560373
0.010040972254852292
0.00924756930283683
0.00492225924812884
0.0032130208899074403
0.010554979055186556
0.003479779232853292
0.004274845185298094
0.0133354936417273
0.00354849205293978
0.013245339946582923
0.008669521055017327
0.016522853956055194
0.004309495341808524
0.0017852165372545675
0.009035887912089525
0.0013792855801349258
0.0013022199859904886
0.004665506031037859
0.011313545980449279
3.488651958845344E-4
0.0038937552791326255
0.008728482680403287
0.002386263011668391
0.015196745369876256
0.0031488700412838893
9.62888226985743E-5
0.007713232141880132
0.004830282513057005
0.015805844609764755
0.002602166009775517
0.014540046628974587
0.009005475524721236
0.0017324176243664962
0.0013965213131717671
0.007067038153417469
0.0029108201696247268
0.0037463637875930532
0.0051760271046162095
0.012973391888453376
0.006659068502690127
0.005282192103480018
0.006694961388986837
0.0054818553840425485
0.003985949491174227
7.245922272875253E-4
0.004692523896373675
0.007471217724120129
9.564675070935389E-4
0.0026635021357002708
1.5143505542498822E-4
0.008034253356485997
1.2715345015684528E-4
0.003469849971715218
0.006896900396893268
0.006732935752003887
0.017715044360186796
0.004943468356568145
0.002379704556462216
0.008999906144767648
0.0023044869518813933
0.005326179382440904
6.207362207448439E-4
0.00451018615049914
0.008408518473132218
0.003650138925006574
0.006959076326901332
0.004913787273072972
0.007089631751399794
0.0012261428102985509
0.005342304984728811
0.004415659618526714
0.006557100826958747
0.004137734269930914
0.00642227329709834
0.00498352578011763
0.003720723533845175
0.003280993961740425
0.007914836029694271
0.0030208333015448578
0.006732922637072358
0.004290154643575336
0.007697114251742748
0.003977781504094103
0.0011451574590230899
0.007881288516740094
0.005203611479057831
0.004173716439702564
0.005624174001167232
0.001261183982560975
0.006300657682346831
5.221391285620298E-5
0.006551279069143912
0.0030611497373253227
0.007692623880638575
0.0068050551691752155
0.004357393507136419
3.9706997977857414E-4
0.00633493313715057
0.0045072317088094204
0.0044772078469997294
0.00581960134589415
0.005353918169633907
0.003588648427393616
0.005362421501865589
0.016238526413425103
0.0029768396579672174
6.89435679450501E-4
3.201695682102558E-6
0.008344080976904438
0.004833446189169515
0.002158948026873429
0.006086846407495588
0.0031609091910329416
0.005958204259693106
0.004344104214166829
0.00809391836111256
0.007562693682398209
0.002077532910911486
0.005791295359362337
0.0038992827149443216
0.001005424529963722
0.0036901149139533284
5.873073750701039E-4
7.721250512772477E-4
0.014253176870023431
0.0018069642197647503
0.008970473932898657
0.007417852042583133
0.012148991022005461
9.853278069226806E-4
0.0023614541391095297
0.001540041011945402
0.005392100695941547
0.013407776386088647
0.003690506683189826
0.002894724211223073
0.005137068053550156
0.006228088618289808
0.0015996388457026004
0.003460764547532865
0.008637049525885267
0.0026416917565561665
0.003495394861568585
0.005297066102251351
0.009949114760473523
4.974072543232552E-4
0.0026252358552732234
0.0076891130032162
0.00638715599590238
0.008845400439867548
0.006363983695813953
3.1447164395280463E-4
0.004716509166201297
0.004007861596862949
0.002088468190094389
0.008152294669772733
0.003795127021573855
0.0060735054809119
0.0029136303207077333
0.0057037759683280665
0.002944321346847145
0.0028531806387155725
0.015750074900896718
0.006300137518727876
0.0024809835913700683
0.0024584007041827016
3.6268973884012154E-4
0.0035128255552173914
0.007888299314113893
0.007935394109396568
0.005082937743093788
0.012770877551317863
0.005401146842056356
0.003735562426893036
0.003543007205954617
0.006309679522111096
0.0032739724176154613
0.004437577388544868
0.011090884498497072
0.0030640276249959317
5.23151719006551E-4
0.003240514178089441
0.0059618496870449305
0.00970187746924809
0.004489863689479695
9.2059953903797E-4
0.01042415368505502
0.009366324552966881
0.007024697626017572
0.00908616621141727
0.005233206684176146
0.010779150847526658
0.0013402186316477135
0.008183534032462185
0.009688278698707593
0.005672207974958697
8.635391583932383E-4
8.590749912829989E-4
0.009284714721622896
0.0018077475142065818
0.007213542522797965
0.008461376802947833
0.00523322848762869
0.001955550211770539
0.005378298574604997
0.003607934650374957
0.0034805773785420804
0.0028668509115752543
0.0037775054900699772
0.005721381146894889
0.0067035372602231
0.012488694317482145
0.0027400117834419694
0.005157865212242304
0.00490226003101763
0.0018611872041390425
0.006576736638539885
0.002587559994609274
0.008203257120493204
0.014470697081508097
0.003637014184646185
0.0024533613017465265
6.287911847684839E-4
0.0024533613017465265
0.003637014184646185
0.014470697081508097
0.008203257120493204
0.002587559994609274
0.006576736638539885
0.0018611872041390425
0.00490226003101763
0.005157865212242304
0.0027400117834419694
0.012488694317482145
0.0067035372602231
0.005721381146894889
0.0037775054900699772
0.0028668509115752543
0.0034805773785420804
0.003607934650374957
0.005378298574604997
0.001955550211770539
0.00523322848762869
0.008461376802947833
0.007213542522797965
0.0018077475142065818
0.009284714721622896
8.590749912829989E-4
8.635391583932383E-4
0.005672207974958697
0.009688278698707593
0.008183534032462185
0.0013402186316477135
0.010779150847526658
0.005233206684176146
0.00908616621141727
0.007024697626017572
0.009366324552966881
0.01042415368505502
9.2059953903797E-4
0.004489863689479695
0.00970187746924809
0.0059618496870449305
0.003240514178089441
5.23151719006551E-4
0.0030640276249959317
0.011090884498497072
0.004437577388544868
0.0032739724176154613
0.006309679522111096
0.003543007205954617
0.003735562426893036
0.005401146842056356
0.012770877551317863
0.005082937743093788
0.007935394109396568
0.007888299314113893
0.0035128255552173914
3.6268973884012154E-4
0.0024584007041827016
0.0024809835913700683
0.006300137518727876
0.015750074900896718
0.0028531806387155725
0.002944321346847145
0.0057037759683280665
0.0029136303207077333
0.0060735054809119
0.003795127021573855
0.008152294669772733
0.002088468190094389
0.004007861596862949
0.004716509166201297
3.1447164395280463E-4
0.006363983695813953
0.008845400439867548
0.00638715599590238
0.0076891130032162
0.0026252358552732234
4.974072543232552E-4
0.009949114760473523
0.005297066102251351
0.003495394861568585
0.0026416917565561665
0.008637049525885267
0.003460764547532865
0.0015996388457026004
0.006228088618289808
0.005137068053550156
0.002894724211223073
0.003690506683189826
0.013407776386088647
0.005392100695941547
0.001540041011945402
0.0023614541391095297
9.853278069226806E-4
0.012148991022005461
0.007417852042583133
0.008970473932898657
0.0018069642197647503
0.014253176870023431
7.721250512772477E-4
5.873073750701039E-4
0.0036901149139533284
0.001005424529963722
0.0038992827149443216
0.005791295359362337
0.002077532910911486
0.007562693682398209
0.00809391836111256
0.004344104214166829
0.005958204259693106
0.0031609091910329416
0.006086846407495588
0.002158948026873429
0.004833446189169515
0.008344080976904438
3.201695682102558E-6
6.89435679450501E-4
0.0029768396579672174
0.016238526413425103
0.005362421501865589
0.003588648427393616
0.005353918169633907
0.00581960134589415
0.0044772078469997294
0.0045072317088094204
0.00633493313715057
3.9706997977857414E-4
0.004357393507136419
0.0068050551691752155
0.007692623880638575
0.0030611497373253227
0.006551279069143912
5.221391285620298E-5
0.006300657682346831
0.001261183982560975
0.005624174001167232
0.004173716439702564
0.005203611479057831
0.007881288516740094
0.0011451574590230899
0.003977781504094103
0.007697114251742748
0.004290154643575336
0.006732922637072358
0.0030208333015448578
0.007914836029694271
0.003280993961740425
0.003720723533845175
0.00498352578011763
0.00642227329709834
0.004137734269930914
0.006557100826958747
0.004415659618526714
0.005342304984728811
0.0012261428102985509
0.007089631751399794
0.004913787273072972
0.006959076326901332
0.003650138925006574
0.008408518473132218
0.00451018615049914
6.207362207448439E-4
0.005326179382440904
0.0023044869518813933
0.008999906144767648
0.002379704556462216
0.004943468356568145
0.017715044360186796
0.006732935752003887
0.006896900396893268
0.003469849971715218
1.2715345015684528E-4
0.008034253356485997
1.5143505542498822E-4
0.0026635021357002708
9.564675070935389E-4
0.007471217724120129
0.004692523896373675
7.245922272875253E-4
0.003985949491174227
0.0054818553840425485
0.006694961388986837
0.005282192103480018
0.006659068502690127
0.012973391888453376
0.0051760271046162095
0.0037463637875930532
0.0029108201696247268
0.007067038153417469
0.0013965213131717671
0.0017324176243664962
0.009005475524721236
0.014540046628974587
0.002602166009775517
0.015805844609764755
0.004830282513057005
0.007713232141880132
9.62888226985743E-5
0.0031488700412838893
0.015196745369876256
0.002386263011668391
0.008728482680403287
0.0038937552791326255
3.488651958845344E-4
0.011313545980449279
0.004665506031037859
0.0013022199859904886
0.0013792855801349258
0.009035887912089525
0.0017852165372545675
0.004309495341808524
0.016522853956055194
0.008669521055017327
0.013245339946582923
0.00354849205293978
0.0133354936417273
0.004274845185298094
0.003479779232853292
0.010554979055186556
0.0032130208899074403
0.00492225924812884
0.00924756930283683
0.010040972254852292
0.007210788333560373
0.002395603451002763
0.024705520927360457
0.0024266386563238343
0.024862907237598236
0.007787218091794466
0.008156390998024185
0.001849894990086437
0.009431867771527259
0.006665591050735845
0.009872853235986103
0.0015297819530150467
0.009684232324844673
0.005766690067876335
0.002581922134890022
0.015995971845924644
0.006659405904343842
0.01208873935014421
0.005451916456727159
0.008244498482672046
0.002310674639880728
0.005982417666850281
0.01187839484298251
0.0035532456541072315
0.004148706617365008
0.008936691606498796
0.0014031158871920704
0.008193740420335468
0.0019663085028821625
0.01017492530063771
0.0011257125740428548
7.288875700996133E-5
0.008605742794714814
0.020517614753174523
0.009299150332818758
0.0038187624909375053
0.0032856399932927327
0.013635015200258675
0.0027549540852804485
0.0026882456224321736
0.004475663997043103
0.011264283233592208
0.002927933832500435
0.004342866991972307
0.00485397928540457
0.015651610192110157
0.014129896077680911
0.0028219574536927612
0.00744646508054269
0.011307217424758187
0.01259926865368761
0.002132168906658164
0.003936392690759072
0.017906700509834856
0.0067081953288516925
0.010918448735036774
0.01943962403318116
0.0021180891481542897
6.961201523661511E-4
0.006515629198123948
0.0075311065950297955
0.0011193468894561886
0.003853863463703248
0.009051726002616
0.003216446166737169
0.017742481892613925
0.01282537973445926
0.012126487865585579
0.002445815794148468
0.018921961013219718
0.0010219193338987242
0.00194127160314431
0.002017971430338197
0.00823559391958377
0.009157372990687031
0.018945310760312657
0.009348626752264836
0.012767875524841632
0.007973386542781187
0.008746953457243455
0.010302723719026158
0.012383190220077932
0.0014256434794763205
0.010782566968382461
0.006598981494138145
0.005061769037386295
0.026759535731104046
0.01081932069428436
0.015612118532487932
0.0031202201503454405
0.0056921776875218395
0.017920587310350636
0.011386859720437912
0.007549268112898706
0.0291045214561727
0.02239924787850171
0.015499670202710343
0.018116890119935867
0.03443533445890591
0.027458886549529295
0.00969536791542303
0.01170093437479531
0.02378326337616017
0.01766793827343655
0.024557968112412593
0.03664283245557927
0.004643576917448808
0.034619100250338986
0.060116147017969766
0.035886458184417644
0.0961457638301494
0.0695307834771729
0.07256642124873015
0.09951567663946899
0.07767644261758558
0.01703569468168249
0.15631941463975488
0.045694006031533806
0.09757564603851593
0.12663846729894948
0.12849111337287666
0.11907603532846872
0.09260987872298233
0.06607044464033571
0.017488370873678914
0.008697718064838956
0.06161401797300623
0.03818155635007003
0.047138152928239495
0.10321408170409425
0.05541151705993723
0.018475703226252863
0.13591977828332705
0.11822382746094899
0.0805904957857801
0.0010284815360391691
0.020073527521645183
0.13359214757212076
0.688480541851294
0.14204082179202973
0.2186112458008984
0.19741365560429014
0.44774821716464014
0.12918628818502306
0.48770282073093674
0.02000194939916747
0.5391525424754402
0.5690441433691799
0.8244219965510079
0.04913387975288015
0.42366524160629904
0.6378969254485914
0.7327656783698336
0.08592033695261936
0.2173629077482362
0.0552220458470374
0.16637391238127872
0.3382249161039381
0.20707243092656838
0.08007579871834186
0.16832423248463688
0.22174479840695588
0.12683280766129473
0.1604495526846535
0.11193548796997896
0.05819131874269283
0.01618121107647855
0.013186283793365396
0.24632741120980808
0.0477014925655419
0.20892655517625
0.02251971309932146
0.2675717963636417
0.34719890599729974
0.23927425828084747
0.5043791582818765
0.14596188922613357
0.5061258284818018
0.22501263152542783
0.1120052617486337
0.46213988420735064
0.04508410072235845
0.15414438141833897
0.04297866641586921
0.05342299329996068
0.036529480431402084
0.032892689375016854
0.30843546733116756
0.2793978552587868
0.23258858631908264
0.5707505224893193
0.8010015435090436
0.331846508324277
0.4023603717411317
0.2901422945245541
0.8417730934544425
0.34467991106121204
0.24100903261407722
0.8425034733949248
0.7168660409324209
1.0
0.8134125112506022
0.22388318415030733
0.5490170240048798
0.421795047873686
0.03259988450277551
0.6528577310522148
0.2563124920065417
0.12476953249547182
0.02667883270889152
0.09055761024760171
0.60072748824258
0.02358497259979994
0.0034267877404568943
0.2786348093693135
0.7853356360665553
0.3284518516608261
0.00749369135574359
0.3949836045149851
0.47820752380626197
0.49291094750833053
0.25202255431178705
0.21272656115964592
0.157786430916078
0.18601710758607795
0.2573086933554493
0.2423762418024468
0.04652532798326926
0.08898403023644812
0.15918433084797867
0.45612718311260997
0.13552987579869874
0.02619289497078563
0.05053720823604303
0.08971785668849018
0.055053420265080734
0.03497379702057043
0.008474560456515814
0.019116816835184593
