0.19353407003325757
0.21183825344666102
0.26514618581264465
0.34877354120323
0.45533426448899633
0.5753360790816213
0.6979448779904108
0.8118557053735481
0.9061995961046753
0.9714129942580042
1.0
0.9871269636703888
0.9310031362450315
0.8330189656883373
0.6976336648695917
0.532024166150454
0.3455267972405607
0.14891936705850561
0.046396492563227504
0.22924587983213854
0.38949587436450855
0.5187716141873675
0.6110188484002387
0.6628724308930664
0.6738070714302894
0.6460650547049722
0.5843739822363624
0.4954843321696161
0.3875703881155818
0.269547771067956
0.1503657090309959
0.03833202172017494
0.05947624540786531
0.13767293895313082
0.19286274420433314
0.22376483750474355
0.23115967970479143
0.21767331465225934
0.18742654928023714
0.14558641750934187
0.0978636035879097
0.050001622314726935
0.007301515627476847
0.02578000124984258
0.04592992072678001
0.051157858715476505
0.040848544682888906
0.01569378635944568
0.02247960632331394
0.07096108727576983
0.1264565210399074
0.1854047311117148
0.2442791334539071
0.2998473488005092
0.3493683665565754
0.390715177538875
0.4224198588967644
0.44364689773800425
0.4541081554443505
0.45393853018123453
0.44355452701027054
0.4235183298593599
0.39442762674780174
0.3568467027303129
0.3112877734052282
0.25824396625928686
0.19826765593973283
0.13208092419195253
0.06069956444857503
0.01445106631494545
0.0914505210873818
0.16784794435904163
0.24069196826120254
0.30663383435318575
0.36210334717808335
0.40354833483953617
0.42771980315831015
0.4319778773098242
0.41458876851090837
0.3749810202484198
0.31393054114835084
0.23364846265387648
0.1377533781717133
0.03111942013530108
0.0803969582191738
0.1903367661517563
0.29209892310904734
0.37944611767720543
0.44701428408633725
0.4907809358805821
0.508448652962141
0.4997051816814627
0.4663305762399754
0.4121339128078717
0.3427163577845887
0.26507254676911424
0.187056982128342
0.11675512992961078
0.06180885604891104
0.028751787161004006
0.02241144956455271
0.04543136497449517
0.09795784202625145
0.17752360137068698
0.2791446038503206
0.3956288144500053
0.5180776248382394
0.636543836241966
0.7407959626389827
0.8211284371043164
0.8691520540774559
0.8784992063926919
0.8453842587684705
0.7689703371706338
0.6515090501405675
0.4982379530467166
0.3170403976285856
0.11789210451333687
0.08786332356650502
0.288353204677995
0.4720622469647476
0.6286956239836848
0.7499490924188806
0.8301238991022825
0.8665367568376019
0.8596918814466358
0.8132015733101494
0.7334624527136326
0.6291144781920464
0.5103276013397362
0.38797484862012926
0.27275960548448663
0.1743681719784118
0.1007160124058974
0.0573477937125745
0.047038041227406895
0.06962219658099451
0.12206851550497759
0.19878125174101488
0.2921066357918684
0.39299686410359996
0.4917750111408836
0.5789364505565845
0.6459205687171853
0.6857903381617402
0.6937662722435187
0.6675745485076826
0.6075854528297472
0.5167362982968339
0.4002510370664797
0.26518536020554806
0.11983978097999846
0.02690708746154282
0.16628785484664463
0.2903011050498863
0.3922793225364874
0.4673269763492093
0.5125983623763429
0.5273995966507972
0.5131147491132496
0.472971106420985
0.4116716456972796
0.33493289013715327
0.24897260784804473
0.1599938816271432
0.07370989192039047
0.005052319757854357
0.07264009584345581
0.12673786314539723
0.16639924380621662
0.19195587842537576
0.2048212916280343
0.20721684844177624
0.20185251799469572
0.191597357248503
0.17917327932729804
0.1669010538049508
0.15652018773212598
0.14909519134251023
0.14501073614571314
0.14404841835786375
0.1455292524812105
0.14849949636640583
0.15193357781675657
0.15492709129011428
0.15685507917331795
0.15747580544516057
0.1569673866444776
0.15589316075226314
0.1551006062294452
0.1555669883693796
0.15821178690064677
0.16370058215616515
0.1722669172480327
0.18357747171328254
0.19666175665802288
0.2099208631938444
0.22122123069196817
0.2280698249788731
0.2278575283854853
0.21814896621578828
0.19699037009978412
0.16320317289597447
0.11663034926375843
0.05830525319515866
0.009481289527838098
0.08323108165329514
0.15841048879717193
0.22973703010707044
0.29156174719066225
0.33831804646191066
0.3649996240036857
0.36762521035870227
0.34364680629762195
0.2922610639561367
0.21459036650014732
0.11371046402380944
0.005485612323493963
0.13658332279867438
0.2720835585595751
0.40394890207017004
0.5242164511625396
0.6256270217176922
0.7022173747200781
0.7498236076149719
0.7664499969127777
0.7524679455132525
0.7106234494374729
0.6458475059116062
0.5648807639615061
0.4757399907954314
0.38706814006651513
0.30742066753660807
0.24454722851988464
0.20472936476578443
0.192231036237284
0.20891012520123672
0.254026028795915
0.3242622408423675
0.41396477788586084
0.5155789777702279
0.6202501809182163
0.7185395839447917
0.8011963883771395
0.8599221646411382
0.888063595506113
0.8811754631692768
0.8374064331902076
0.7576749625457184
0.6456202551338255
0.5073320941892279
0.3508819689148354
0.1856945803519266
0.021812124573786097
0.1308874315405094
0.2634532933667775
0.36854317196325204
0.4409674798378119
0.4780528443668886
0.4797969981947572
0.44880495878822857
0.39001495175908824
0.31024015626360707
0.21756754026579309
0.12066651897794979
0.028066959400488083
0.05253236540162467
0.11486746744545301
0.15457616028050059
0.16949223300767602
0.15974616831757635
0.1276688409254718
0.07751166000875648
0.015012129536706886
0.053153543395534415
0.11998042260213987
0.17875290364508042
0.22361712736787667
0.25005949324971816
0.2552526333798528
0.23824300637314738
0.19996903739803845
0.1431140947743116
0.07181315707542947
0.008755510514736884
0.09285306639958793
0.1746912474594851
0.2489250278432087
0.3110831648267666
0.3579002476178461
0.3875242393440949
0.39958597573413907
0.3951304396722851
0.3764225951743204
0.3466519267387076
0.3095685555183043
0.2690891276527488
0.22891216584395604
0.19218018944522064
0.16121995999816371
0.1373833537186929
0.12100052415347892
0.11144529777354964
0.1073013115115856
0.10660737764559026
0.10715291791209934
0.10678976932749913
0.1037256391438563
0.09676703501662877
0.08548532434890012
0.07028806693652037
0.05238804039937992
0.0336733885886671
0.016492950318800572
0.003379991603802624
0.0032556617009904783
0.0014334046835819932
0.010128357667568538
0.03180902672466721
0.06297335127720706
0.101964746731114
0.14620869672167447
0.1924191731048241
0.23689015714368716
0.27584510123887274
0.3058104840219386
0.32397618825819013
0.3285056648743347
0.3187627780621354
0.29542953514566267
0.2604989360107459
0.2171390011135013
0.16943653705078135
0.12204117425738649
0.07974049397873331
0.04700462659945678
0.027542769877153803
0.02391418439534501
0.037232284946622674
0.06699275397443671
0.11104581044290396
0.16571983184260117
0.22608962302943347
0.28636903746636405
0.3403956590177416
0.38216599163470755
0.4063739883036219
0.4089043623716803
0.38723516301919686
0.3407113545863872
0.27066201662411143
0.18034733639851072
0.07473659825117006
0.039866465757468154
0.15632069043773647
0.2672252055422586
0.36552844100374127
0.44511552873729787
0.5013224754627689
0.5313313708000927
0.5344109335708713
0.5119800206964153
0.4674871570334352
0.4061153208281537
0.334336691502649
0.2593554418450991
0.1884867239733996
0.12852583807007043
0.08516264174232749
0.062492440172015884
0.0626662166955801
0.08571085552696137
0.12953505490041708
0.19012026140711635
0.26187963590805513
0.3381532472092019
0.4117957068020399
0.4758043776723444
0.5239328329095829
0.5512357100359376
0.5544973655569936
0.5325072114480915
0.48615836252772926
0.41836199972339727
0.33378623801316387
0.23844380727656667
0.13916611976567905
0.04301112781782603
0.04334209728616021
0.11415838465202116
0.16512146934046149
0.19367786428839373
0.19922060045641887
0.18309847010351493
0.148452212298456
0.09989461637387509
0.04306538201616724
0.01589748115131627
0.0709208779565319
0.11654308715379193
0.14839421223273525
0.1635679882383009
0.16085274035190283
0.14080255760463667
0.10564461016819132
0.05903362433726537
0.005678448273742326
0.04912287627443914
0.09999511242486142
0.14199664694326206
0.1710815543836234
0.18447040752816266
0.18089630595673534
0.16070459728251138
0.12579866188641017
0.07943861560015818
0.02591350351166978
0.02988076051555666
0.08291688476911774
0.1285196186065713
0.16281122013867522
0.18307702606340914
0.18801702423820887
0.1778603329643996
0.15433260097547158
0.12048031734152374
0.08036954439868446
0.038688391090725506
2.9152708714696887E-4
0.030269632952207522
0.04918625728817316
0.05375916832764382
0.0426588726283082
0.016054014824298028
0.024403739184583027
0.07573674099788619
0.13392521287071238
0.194290801088425
0.25194328926633996
0.3022479692454865
0.3412692257833625
0.3661481480773834
0.3753782192756583
0.36895276366266405
0.34836994139943106
0.31649453153107615
0.2772892694494996
0.23544083299501334
0.1959155429600153
0.16348652175147516
0.14227681069168302
0.13536152234457277
0.14446663208075589
0.16979300522991586
0.20998255650126366
0.26223014308379133
0.32253114771828195
0.3860419916328679
0.4475202211857605
0.5018033294741607
0.5442818066687461
0.5713224048853784
0.5806022100997726
0.5713224048853784
0.5442818066687461
0.5018033294741607
0.4475202211857605
0.3860419916328679
0.32253114771828195
0.26223014308379133
0.20998255650126366
0.16979300522991586
0.14446663208075589
0.13536152234457277
0.14227681069168302
0.16348652175147516
0.1959155429600153
0.23544083299501334
0.2772892694494996
0.31649453153107615
0.34836994139943106
0.36895276366266405
0.3753782192756583
0.3661481480773834
0.3412692257833625
0.3022479692454865
0.25194328926633996
0.194290801088425
0.13392521287071238
0.07573674099788619
0.024403739184583027
0.016054014824298028
0.0426588726283082
0.05375916832764382
0.04918625728817316
0.030269632952207522
2.9152708714696887E-4
0.038688391090725506
0.08036954439868446
0.12048031734152374
0.15433260097547158
0.1778603329643996
0.18801702423820887
0.18307702606340914
0.16281122013867522
0.1285196186065713
0.08291688476911774
0.02988076051555666
0.02591350351166978
0.07943861560015818
0.12579866188641017
0.16070459728251138
0.18089630595673534
0.18447040752816266
0.1710815543836234
0.14199664694326206
0.09999511242486142
0.04912287627443914
0.005678448273742326
0.05903362433726537
0.10564461016819132
0.14080255760463667
0.16085274035190283
0.1635679882383009
0.14839421223273525
0.11654308715379193
0.0709208779565319
0.01589748115131627
0.04306538201616724
0.09989461637387509
0.148452212298456
0.18309847010351493
0.19922060045641887
0.19367786428839373
0.16512146934046149
0.11415838465202116
0.04334209728616021
0.04301112781782603
0.13916611976567905
0.23844380727656667
0.33378623801316387
0.41836199972339727
0.48615836252772926
0.5325072114480915
0.5544973655569936
0.5512357100359376
0.5239328329095829
0.4758043776723444
0.4117957068020399
0.3381532472092019
0.26187963590805513
0.19012026140711635
0.12953505490041708
0.08571085552696137
0.0626662166955801
0.062492440172015884
0.08516264174232749
0.12852583807007043
0.1884867239733996
0.2593554418450991
0.334336691502649
0.4061153208281537
0.4674871570334352
0.5119800206964153
0.5344109335708713
0.5313313708000927
0.5013224754627689
0.44511552873729787
0.36552844100374127
0.2672252055422586
0.15632069043773647
0.039866465757468154
0.07473659825117006
0.18034733639851072
0.27066201662411143
0.3407113545863872
0.38723516301919686
0.4089043623716803
0.4063739883036219
0.38216599163470755
0.3403956590177416
0.28636903746636405
0.22608962302943347
0.16571983184260117
0.11104581044290396
0.06699275397443671
0.037232284946622674
0.02391418439534501
0.027542769877153803
0.04700462659945678
0.07974049397873331
0.12204117425738649
0.16943653705078135
0.2171390011135013
0.2604989360107459
0.29542953514566267
0.3187627780621354
0.3285056648743347
0.32397618825819013
0.3058104840219386
0.27584510123887274
0.23689015714368716
0.1924191731048241
0.14620869672167447
0.101964746731114
0.06297335127720706
0.03180902672466721
0.010128357667568538
0.0014334046835819932
0.0032556617009904783
0.003379991603802624
0.016492950318800572
0.0336733885886671
0.05238804039937992
0.07028806693652037
0.08548532434890012
0.09676703501662877
0.1037256391438563
0.10678976932749913
0.10715291791209934
0.10660737764559026
0.1073013115115856
0.11144529777354964
0.12100052415347892
0.1373833537186929
0.16121995999816371
0.19218018944522064
0.22891216584395604
0.2690891276527488
0.3095685555183043
0.3466519267387076
0.3764225951743204
0.3951304396722851
0.39958597573413907
0.3875242393440949
0.3579002476178461
0.3110831648267666
0.2489250278432087
0.1746912474594851
0.09285306639958793
0.008755510514736884
0.07181315707542947
0.1431140947743116
0.19996903739803845
0.23824300637314738
0.2552526333798528
0.25005949324971816
0.22361712736787667
0.17875290364508042
0.11998042260213987
0.053153543395534415
0.015012129536706886
0.07751166000875648
0.1276688409254718
0.15974616831757635
0.16949223300767602
0.15457616028050059
0.11486746744545301
0.05253236540162467
0.028066959400488083
0.12066651897794979
0.21756754026579309
0.31024015626360707
0.39001495175908824
0.44880495878822857
0.4797969981947572
0.4780528443668886
0.4409674798378119
0.36854317196325204
0.2634532933667775
0.1308874315405094
0.021812124573786097
0.1856945803519266
0.3508819689148354
0.5073320941892279
0.6456202551338255
0.7576749625457184
0.8374064331902076
0.8811754631692768
0.888063595506113
0.8599221646411382
0.8011963883771395
0.7185395839447917
0.6202501809182163
0.5155789777702279
0.41396477788586084
0.3242622408423675
0.254026028795915
0.20891012520123672
0.192231036237284
0.20472936476578443
0.24454722851988464
0.30742066753660807
0.38706814006651513
0.4757399907954314
0.5648807639615061
0.6458475059116062
0.7106234494374729
0.7524679455132525
0.7664499969127777
0.7498236076149719
0.7022173747200781
0.6256270217176922
0.5242164511625396
0.40394890207017004
0.2720835585595751
0.13658332279867438
0.005485612323493963
0.11371046402380944
0.21459036650014732
0.2922610639561367
0.34364680629762195
0.36762521035870227
0.3649996240036857
0.33831804646191066
0.29156174719066225
0.22973703010707044
0.15841048879717193
0.08323108165329514
0.009481289527838098
0.05830525319515866
0.11663034926375843
0.16320317289597447
0.19699037009978412
0.21814896621578828
0.2278575283854853
0.2280698249788731
0.22122123069196817
0.2099208631938444
0.19666175665802288
0.18357747171328254
0.1722669172480327
0.16370058215616515
0.15821178690064677
0.1555669883693796
0.1551006062294452
0.15589316075226314
0.1569673866444776
0.15747580544516057
0.15685507917331795
0.15492709129011428
0.15193357781675657
0.14849949636640583
0.1455292524812105
0.14404841835786375
0.14501073614571314
0.14909519134251023
0.15652018773212598
0.1669010538049508
0.17917327932729804
0.191597357248503
0.20185251799469572
0.20721684844177624
0.2048212916280343
0.19195587842537576
0.16639924380621662
0.12673786314539723
0.07264009584345581
0.005052319757854357
0.07370989192039047
0.1599938816271432
0.24897260784804473
0.33493289013715327
0.4116716456972796
0.472971106420985
0.5131147491132496
0.5273995966507972
0.5125983623763429
0.4673269763492093
0.3922793225364874
0.2903011050498863
0.16628785484664463
0.02690708746154282
0.11983978097999846
0.26518536020554806
0.4002510370664797
0.5167362982968339
0.6075854528297472
0.6675745485076826
0.6937662722435187
0.6857903381617402
0.6459205687171853
0.5789364505565845
0.4917750111408836
0.39299686410359996
0.2921066357918684
0.19878125174101488
0.12206851550497759
0.06962219658099451
0.047038041227406895
0.0573477937125745
0.1007160124058974
0.1743681719784118
0.27275960548448663
0.38797484862012926
0.5103276013397362
0.6291144781920464
0.7334624527136326
0.8132015733101494
0.8596918814466358
0.8665367568376019
0.8301238991022825
0.7499490924188806
0.6286956239836848
0.4720622469647476
0.288353204677995
0.08786332356650502
0.11789210451333687
0.3170403976285856
0.4982379530467166
0.6515090501405675
0.7689703371706338
0.8453842587684705
0.8784992063926919
0.8691520540774559
0.8211284371043164
0.7407959626389827
0.636543836241966
0.5180776248382394
0.3956288144500053
0.2791446038503206
0.17752360137068698
0.09795784202625145
0.04543136497449517
0.02241144956455271
0.028751787161004006
0.06180885604891104
0.11675512992961078
0.187056982128342
0.26507254676911424
0.3427163577845887
0.4121339128078717
0.4663305762399754
0.4997051816814627
0.508448652962141
0.4907809358805821
0.44701428408633725
0.37944611767720543
0.29209892310904734
0.1903367661517563
0.0803969582191738
0.03111942013530108
0.1377533781717133
0.23364846265387648
0.31393054114835084
0.3749810202484198
0.41458876851090837
0.4319778773098242
0.42771980315831015
0.40354833483953617
0.36210334717808335
0.30663383435318575
0.24069196826120254
0.16784794435904163
0.0914505210873818
0.01445106631494545
0.06069956444857503
0.13208092419195253
0.19826765593973283
0.25824396625928686
0.3112877734052282
0.3568467027303129
0.39442762674780174
0.4235183298593599
0.44355452701027054
0.45393853018123453
0.4541081554443505
0.44364689773800425
0.4224198588967644
0.390715177538875
0.3493683665565754
0.2998473488005092
0.2442791334539071
0.1854047311117148
0.1264565210399074
0.07096108727576983
0.02247960632331394
0.01569378635944568
0.040848544682888906
0.051157858715476505
0.04592992072678001
0.02578000124984258
0.007301515627476847
0.050001622314726935
0.0978636035879097
0.14558641750934187
0.18742654928023714
0.21767331465225934
0.23115967970479143
0.22376483750474355
0.19286274420433314
0.13767293895313082
0.05947624540786531
0.03833202172017494
0.1503657090309959
0.269547771067956
0.3875703881155818
0.4954843321696161
0.5843739822363624
0.6460650547049722
0.6738070714302894
0.6628724308930664
0.6110188484002387
0.5187716141873675
0.38949587436450855
0.22924587983213854
0.046396492563227504
0.14891936705850561
0.3455267972405607
0.532024166150454
0.6976336648695917
0.8330189656883373
0.9310031362450315
0.9871269636703888
1.0
0.9714129942580042
0.9061995961046753
0.8118557053735481
0.6979448779904108
0.5753360790816213
0.45533426448899633
0.34877354120323
0.26514618581264465
0.21183825344666102
