-0.3092762440178915
0.2759106706064436
0.1848288907254803
0.060983988995564134
0.06053728730924261
0.1427253404307019
0.15541615430003133
0.08264106100599612
0.07310353930792177
0.2906423075208466
0.5340372756420895
0.7597937527674407
0.9257910767780841
1.0
0.9671058059235355
0.8316272675571305
0.6168969677484473
0.3601724526456627
0.10497820404086912
0.10764682458032451
0.24712437033415344
0.2988791128466255
0.26636409463583505
0.1692770530142585
0.03850574038413162
0.09097573939440631
0.18764690495787342
0.2297837660610864
0.20931126422395205
0.1324827866977801
0.017437729011016593
0.11062614848036435
0.2254436163901098
0.30543037591365746
0.3379282951780795
0.3211112064695747
0.2633065336560893
0.18010058220743036
0.09008441820961673
0.010354078869411167
0.047145323208220694
0.07762657133027315
0.08347587142994986
0.0724530250416793
0.05469671021221679
0.039418774433365195
0.03219628725199092
0.033560303604153414
0.03919853087759416
0.04163942361135355
0.03288587837990922
0.0072199621608759245
0.03663317009780309
0.0946090687626714
0.157950853899537
0.21525046053122504
0.2553510605043958
0.2703336726857642
0.257772396612279
0.2216206716407312
0.17144077307484484
0.12012099803420587
0.08062823256789568
0.06261271047529472
0.06974484850600886
0.09850098150441323
0.1387630482602121
0.17614293944140105
0.19549901104191902
0.18479309582719097
0.13832483016744787
0.05850906783991559
0.044295504911406526
0.15392392209350972
0.2520353178608922
0.32237829558850006
0.3546535871239756
0.3470105647170859
0.3065298559584848
0.24752847735120512
0.1880602163009795
0.1454406501037242
0.13188816468322967
0.1513701119347302
0.19847093381597802
0.25961726114300615
0.3164173024774367
0.3503382864972807
0.34758899640640945
0.302987255280375
0.22180372011187194
0.11904039914678177
0.01621823410362037
0.06363306972035387
0.10161888341208529
0.08788952420248447
0.024570593321946246
0.07410253834070203
0.1846188957214093
0.27945679630579817
0.3336313058300769
0.33101522667796757
0.26890753459276795
0.15966603211756308
0.02885573541253384
0.08984720945317354
0.16199263265986322
0.16036946000523236
0.07190597755109256
0.09815628195449093
0.3258823511556834
0.572321101969805
0.7906171865661102
0.9351618859295747
0.9709023599023131
0.8808451651547952
0.6701323980211269
0.36576799708699004
0.011978484908602656
0.3378893016924966
0.6313006622448969
0.8262792080495731
0.8989959630631114
0.8476939801739762
0.6922194135369315
0.46935259838264043
0.22499919593685536
0.0049263643573737945
0.15401768629540277
0.23042699338865072
0.22136707145248566
0.141456125467827
0.018396568921201645
0.11391051548940019
0.22307479752740308
0.28506068046750976
0.2887518155308213
0.23739330177013193
0.14679712914637388
0.04091353937401326
0.054082570934998075
0.11577981600717596
0.1302518868975821
0.09453939273938716
0.01648726907888994
0.08783820895045655
0.19838740442186367
0.29592175339151783
0.36620818915035314
0.40267392022873505
0.40700849530454036
0.387724674500169
0.3571821329253416
0.32792166105531073
0.3092762440178915
0.3051006287278509
0.3131340270135551
0.32607050486913053
0.333971870249865
0.3273279054994458
0.2999272115260826
0.2507781223032842
0.18458738271582956
0.11069154300452536
0.04074129543109056
0.01424096461497516
0.04665487700878426
0.054237966531561904
0.040607368357569666
0.014289091749769516
0.013513143274027731
0.03183422807831915
0.032799436371835196
0.013679632170436128
0.02237778597814641
0.06713163693012328
0.10934686464139227
0.13767936891680127
0.14361313361565184
0.12370262817671579
0.0805487258848079
0.022257072502900654
0.039487085711444096
0.09224162358273692
0.1258123404349914
0.1346762021330919
0.11920573059211408
0.08538218998457466
0.04307235752529177
0.003315084058718902
0.02467542690070444
0.036000719427804355
0.031395096191916834
0.01699559986786069
0.0025904610555186336
0.0012268024612607728
0.013731901699536423
0.05052642777975077
0.10561357651176494
0.16908871423437566
0.22668874982456916
0.2631482161994991
0.26613011993556357
0.22976196548887448
0.15684958423379042
0.059116103139550256
0.04473743583829486
0.1328321948017584
0.18498528449332335
0.1875674049769329
0.13719803728955998
0.04234422335374057
0.07766979172897263
0.19616014454163855
0.2844278758057284
0.31784219885952103
0.28134435603255625
0.17313690391283376
0.005687943628827737
0.19625013013029546
0.4002572079975457
0.5725616112412913
0.68473244780146
0.7193252091120957
0.6732718357062959
0.558289644572163
0.3982297139637865
0.22395117981505616
0.0668448974860429
0.04758194910129768
0.1046737132194102
0.10309208133929716
0.05428922124167594
0.02083343449865269
0.09727889638566865
0.15207993173854836
0.16979771104967004
0.1461528647554975
0.08898223627981891
0.016325866965960226
0.04790169523564458
0.07965984082937394
0.06064042744133589
0.0170910812025761
0.14872048335028967
0.31711455221219764
0.4959702268484127
0.654999633108292
0.7660272634878628
0.8086886740079362
0.774522863498295
0.6686146868071646
0.5084834479174662
0.3205065764640214
0.13468180605263652
0.021142688028356418
0.12636840501888982
0.17106350569852763
0.15708153684310444
0.09677942055383909
0.009742307405487701
0.08168112465405862
0.15702861143530925
0.20158351099267816
0.20870565785106204
0.18027940988856606
0.12535814419729943
0.05746833243523268
0.008712754715411788
0.06052129316302819
0.08964179911360913
0.09319805100602792
0.07351467194775892
0.03678236155370342
0.008908050116757408
0.055600948350778265
0.09707084087204802
0.1296428210319875
0.1521501549548336
0.1651872770884127
0.16999932500157577
0.1674233000653777
0.1572467328513581
0.13819640835699035
0.10855860849821049
0.06722420918142806
0.014805667978544624
0.045570146750649174
0.10811604678106919
0.1650370800422116
0.20790913233421465
0.2294945699588773
0.22555610811749927
0.19619016040516746
0.14628621469105121
0.08491239614241419
0.023683905858552307
0.025572461061789425
0.053352858495647
0.05462880837699419
0.03009846611874819
0.013792163703706008
0.06611108229896225
0.11374082120792589
0.14422511102433502
0.14853069931748134
0.12309958901667964
0.07071895977363572
2.289104047188343E-17
0.07642793986317324
0.14460852113349454
0.19223357724495418
0.21123743693069613
0.19943559412910725
0.16085517403999797
0.10470672300250512
0.043257560629970986
0.010886677048018092
0.047460950839875025
0.06057389054474007
0.049655837499279674
0.01915026930861406
0.022920173444065352
0.0671170334394106
0.10491939764315633
0.1306444950782289
0.1424934341262668
0.1424937580600589
0.13539874773804725
0.1268741649168629
0.12148865026049863
0.12107729064047558
0.12395437046440165
0.12523266082866777
0.11821570688548964
0.09653811438555347
0.05651000634227213
9.674278001299571E-4
0.06948141087784282
0.13753574283522368
0.19036954434384762
0.21286880342634626
0.1929855507820261
0.12491456511477322
0.011278617712184013
0.13625337583221922
0.29817860850815625
0.4500809355229918
0.5667630667340805
0.6268133091798467
0.6167073065750971
0.5336106229870337
0.38629034257475736
0.19391353839214825
0.017069871456176992
0.21738092813459411
0.3798597382651306
0.4839742734398894
0.5190542037342448
0.4856780709516928
0.395014377053294
0.2663186061517685
0.12313572607812825
0.011017854389212604
0.11665852209032675
0.18130022879200738
0.20090129767981577
0.17964229913729882
0.12821999348217228
0.061117110961169424
0.006531190505938669
0.06183104558550692
0.09625097285482077
0.10664653113469573
0.09511986548909773
0.06788847512565933
0.033517725851518035
9.565500807503666E-4
0.022202974903531698
0.030928346418622802
0.02325887946839889
1.4705399422959122E-4
0.035208820517135093
0.07829514640487002
0.12421961059554243
0.16844984197939988
0.20724621077102318
0.2377888661848652
0.258088419570723
0.26681746223753555
0.26319694273594524
0.2470229029584699
0.21884337445736776
0.18021754141069654
0.13393450712887686
0.08405490688122225
0.03567096692091491
0.0056482665848478055
0.03466891614683082
0.047418386238109886
0.042027020033606005
0.019278610117129596
0.017292200690601413
0.061828179820558354
0.10706180675663969
0.1455579408790281
0.17105044592181023
0.17960374537814464
0.17035699458189454
0.14568987207723486
0.11076731152571848
0.07254949383797574
0.038464291338616084
0.015007582020570105
0.006547865964660752
0.014564023639356773
0.03745068269036723
0.07090648719047625
0.10880336254615455
0.14434488107289978
0.17127703007724493
0.1849219668181983
0.1828595113915207
0.16516675464932248
0.13422180830393923
0.09416137395862016
0.05013609848647765
0.007523731955167607
0.028760999018778217
0.054769150895411116
0.06780205835400545
0.06650104527876098
0.05080125482803669
0.021818040180196962
0.018280872826309556
0.06639592659243204
0.11862286547682449
0.1704262433534018
0.21690560980863552
0.2531842726076265
0.2749149793122848
0.2788522631330554
0.2634011607346846
0.22902978958809175
0.17843795705384047
0.11640772274359347
0.04931894939073096
0.015619034388777597
0.07130555457937053
0.11170022526449246
0.132621735799175
0.13225320319543968
0.11127026644409208
0.07258335618609632
0.02076214974480034
0.03872953261914753
0.10032999172315943
0.1590551099811689
0.21094162275601777
0.2532108114529738
0.28417632622627104
0.30298023448902595
0.3092762440178915
0.30298023448902595
0.28417632622627104
0.2532108114529738
0.21094162275601777
0.1590551099811689
0.10032999172315943
0.03872953261914753
0.02076214974480034
0.07258335618609632
0.11127026644409208
0.13225320319543968
0.132621735799175
0.11170022526449246
0.07130555457937053
0.015619034388777597
0.04931894939073096
0.11640772274359347
0.17843795705384047
0.22902978958809175
0.2634011607346846
0.2788522631330554
0.2749149793122848
0.2531842726076265
0.21690560980863552
0.1704262433534018
0.11862286547682449
0.06639592659243204
0.018280872826309556
0.021818040180196962
0.05080125482803669
0.06650104527876098
0.06780205835400545
0.054769150895411116
0.028760999018778217
0.007523731955167607
0.05013609848647765
0.09416137395862016
0.13422180830393923
0.16516675464932248
0.1828595113915207
0.1849219668181983
0.17127703007724493
0.14434488107289978
0.10880336254615455
0.07090648719047625
0.03745068269036723
0.014564023639356773
0.006547865964660752
0.015007582020570105
0.038464291338616084
0.07254949383797574
0.11076731152571848
0.14568987207723486
0.17035699458189454
0.17960374537814464
0.17105044592181023
0.1455579408790281
0.10706180675663969
0.061828179820558354
0.017292200690601413
0.019278610117129596
0.042027020033606005
0.047418386238109886
0.03466891614683082
0.0056482665848478055
0.03567096692091491
0.08405490688122225
0.13393450712887686
0.18021754141069654
0.21884337445736776
0.2470229029584699
0.26319694273594524
0.26681746223753555
0.258088419570723
0.2377888661848652
0.20724621077102318
0.16844984197939988
0.12421961059554243
0.07829514640487002
0.035208820517135093
1.4705399422959122E-4
0.02325887946839889
0.030928346418622802
0.022202974903531698
9.565500807503666E-4
0.033517725851518035
0.06788847512565933
0.09511986548909773
0.10664653113469573
0.09625097285482077
0.06183104558550692
0.006531190505938669
0.061117110961169424
0.12821999348217228
0.17964229913729882
0.20090129767981577
0.18130022879200738
0.11665852209032675
0.011017854389212604
0.12313572607812825
0.2663186061517685
0.395014377053294
0.4856780709516928
0.5190542037342448
0.4839742734398894
0.3798597382651306
0.21738092813459411
0.017069871456176992
0.19391353839214825
0.38629034257475736
0.5336106229870337
0.6167073065750971
0.6268133091798467
0.5667630667340805
0.4500809355229918
0.29817860850815625
0.13625337583221922
0.011278617712184013
0.12491456511477322
0.1929855507820261
0.21286880342634626
0.19036954434384762
0.13753574283522368
0.06948141087784282
9.674278001299571E-4
0.05651000634227213
0.09653811438555347
0.11821570688548964
0.12523266082866777
0.12395437046440165
0.12107729064047558
0.12148865026049863
0.1268741649168629
0.13539874773804725
0.1424937580600589
0.1424934341262668
0.1306444950782289
0.10491939764315633
0.0671170334394106
0.022920173444065352
0.01915026930861406
0.049655837499279674
0.06057389054474007
0.047460950839875025
0.010886677048018092
0.043257560629970986
0.10470672300250512
0.16085517403999797
0.19943559412910725
0.21123743693069613
0.19223357724495418
0.14460852113349454
0.07642793986317324
2.289104047188343E-17
0.07071895977363572
0.12309958901667964
0.14853069931748134
0.14422511102433502
0.11374082120792589
0.06611108229896225
0.013792163703706008
0.03009846611874819
0.05462880837699419
0.053352858495647
0.025572461061789425
0.023683905858552307
0.08491239614241419
0.14628621469105121
0.19619016040516746
0.22555610811749927
0.2294945699588773
0.20790913233421465
0.1650370800422116
0.10811604678106919
0.045570146750649174
0.014805667978544624
0.06722420918142806
0.10855860849821049
0.13819640835699035
0.1572467328513581
0.1674233000653777
0.16999932500157577
0.1651872770884127
0.1521501549548336
0.1296428210319875
0.09707084087204802
0.055600948350778265
0.008908050116757408
0.03678236155370342
0.07351467194775892
0.09319805100602792
0.08964179911360913
0.06052129316302819
0.008712754715411788
0.05746833243523268
0.12535814419729943
0.18027940988856606
0.20870565785106204
0.20158351099267816
0.15702861143530925
0.08168112465405862
0.009742307405487701
0.09677942055383909
0.15708153684310444
0.17106350569852763
0.12636840501888982
0.021142688028356418
0.13468180605263652
0.3205065764640214
0.5084834479174662
0.6686146868071646
0.774522863498295
0.8086886740079362
0.7660272634878628
0.654999633108292
0.4959702268484127
0.31711455221219764
0.14872048335028967
0.0170910812025761
0.06064042744133589
0.07965984082937394
0.04790169523564458
0.016325866965960226
0.08898223627981891
0.1461528647554975
0.16979771104967004
0.15207993173854836
0.09727889638566865
0.02083343449865269
0.05428922124167594
0.10309208133929716
0.1046737132194102
0.04758194910129768
0.0668448974860429
0.22395117981505616
0.3982297139637865
0.558289644572163
0.6732718357062959
0.7193252091120957
0.68473244780146
0.5725616112412913
0.4002572079975457
0.19625013013029546
0.005687943628827737
0.17313690391283376
0.28134435603255625
0.31784219885952103
0.2844278758057284
0.19616014454163855
0.07766979172897263
0.04234422335374057
0.13719803728955998
0.1875674049769329
0.18498528449332335
0.1328321948017584
0.04473743583829486
0.059116103139550256
0.15684958423379042
0.22976196548887448
0.26613011993556357
0.2631482161994991
0.22668874982456916
0.16908871423437566
0.10561357651176494
0.05052642777975077
0.013731901699536423
0.0012268024612607728
0.0025904610555186336
0.01699559986786069
0.031395096191916834
0.036000719427804355
0.02467542690070444
0.003315084058718902
0.04307235752529177
0.08538218998457466
0.11920573059211408
0.1346762021330919
0.1258123404349914
0.09224162358273692
0.039487085711444096
0.022257072502900654
0.0805487258848079
0.12370262817671579
0.14361313361565184
0.13767936891680127
0.10934686464139227
0.06713163693012328
0.02237778597814641
0.013679632170436128
0.032799436371835196
0.03183422807831915
0.013513143274027731
0.014289091749769516
0.040607368357569666
0.054237966531561904
0.04665487700878426
0.01424096461497516
0.04074129543109056
0.11069154300452536
0.18458738271582956
0.2507781223032842
0.2999272115260826
0.3273279054994458
0.333971870249865
0.32607050486913053
0.3131340270135551
0.3051006287278509
0.3092762440178915
0.32792166105531073
0.3571821329253416
0.387724674500169
0.40700849530454036
0.40267392022873505
0.36620818915035314
0.29592175339151783
0.19838740442186367
0.08783820895045655
0.01648726907888994
0.09453939273938716
0.1302518868975821
0.11577981600717596
0.054082570934998075
0.04091353937401326
0.14679712914637388
0.23739330177013193
0.2887518155308213
0.28506068046750976
0.22307479752740308
0.11391051548940019
0.018396568921201645
0.141456125467827
0.22136707145248566
0.23042699338865072
0.15401768629540277
0.0049263643573737945
0.22499919593685536
0.46935259838264043
0.6922194135369315
0.8476939801739762
0.8989959630631114
0.8262792080495731
0.6313006622448969
0.3378893016924966
0.011978484908602656
0.36576799708699004
0.6701323980211269
0.8808451651547952
0.9709023599023131
0.9351618859295747
0.7906171865661102
0.572321101969805
0.3258823511556834
0.09815628195449093
0.07190597755109256
0.16036946000523236
0.16199263265986322
0.08984720945317354
0.02885573541253384
0.15966603211756308
0.26890753459276795
0.33101522667796757
0.3336313058300769
0.27945679630579817
0.1846188957214093
0.07410253834070203
0.024570593321946246
0.08788952420248447
0.10161888341208529
0.06363306972035387
0.01621823410362037
0.11904039914678177
0.22180372011187194
0.302987255280375
0.34758899640640945
0.3503382864972807
0.3164173024774367
0.25961726114300615
0.19847093381597802
0.1513701119347302
0.13188816468322967
0.1454406501037242
0.1880602163009795
0.24752847735120512
0.3065298559584848
0.3470105647170859
0.3546535871239756
0.32237829558850006
0.2520353178608922
0.15392392209350972
0.044295504911406526
0.05850906783991559
0.13832483016744787
0.18479309582719097
0.19549901104191902
0.17614293944140105
0.1387630482602121
0.09850098150441323
0.06974484850600886
0.06261271047529472
0.08062823256789568
0.12012099803420587
0.17144077307484484
0.2216206716407312
0.257772396612279
0.2703336726857642
0.2553510605043958
0.21525046053122504
0.157950853899537
0.0946090687626714
0.03663317009780309
0.0072199621608759245
0.03288587837990922
0.04163942361135355
0.03919853087759416
0.033560303604153414
0.03219628725199092
0.039418774433365195
0.05469671021221679
0.0724530250416793
0.08347587142994986
0.07762657133027315
0.047145323208220694
0.010354078869411167
0.09008441820961673
0.18010058220743036
0.2633065336560893
0.3211112064695747
0.3379282951780795
0.30543037591365746
0.2254436163901098
0.11062614848036435
0.017437729011016593
0.1324827866977801
0.20931126422395205
0.2297837660610864
0.18764690495787342
0.09097573939440631
0.03850574038413162
0.1692770530142585
0.26636409463583505
0.2988791128466255
0.24712437033415344
0.10764682458032451
0.10497820404086912
0.3601724526456627
0.6168969677484473
0.8316272675571305
0.9671058059235355
1.0
0.9257910767780841
0.7597937527674407
0.5340372756420895
0.2906423075208466
0.07310353930792177
0.08264106100599612
0.15541615430003133
0.1427253404307019
0.06053728730924261
0.060983988995564134
0.1848288907254803
0.2759106706064436
