-0.012956938458984492
0.019792323477834134
0.039887762333598885
0.0383825288014932
0.06535631331866518
0.06134830698698968
0.10581381057498246
0.17876852577387856
0.09247915561175477
0.1713429361804575
0.18055370215580197
0.03676999355088618
0.05090660203850821
0.029743297494780094
0.02997212904077533
0.05383189035236407
0.14243053482757959
0.16193463417779547
0.1822135825937955
0.02280140170030346
0.24158785109111058
0.3209874421769453
0.20464723309167837
0.3283503040656028
0.13780724239039022
0.04945188858042433
0.25376282937793154
0.09612593146873281
0.08586205895150821
0.0420164158179521
0.1454043042396261
0.18592824477919112
0.039771970930229626
0.046160019050941595
0.2804730350917669
0.1360807573560792
0.4345800505582004
1.0
0.6406284425725775
0.047556369122923804
0.26123167315012413
0.23653213082157445
0.4558062426988447
0.1653419627090184
0.09497611325560025
0.6240642976313966
0.22484395081298716
0.7104348835291052
0.02920945099332526
0.28556478302956867
0.05112022572330597
0.14593513448529574
0.06245138772298763
0.023829323941928347
0.0035055033670612626
0.20001260247705988
0.05153471029717192
0.28859341010034456
0.27878441592203146
0.022231083995125925
0.466968561900801
0.3340173978700422
0.050444769200432796
0.5904038932459759
0.20279861429218143
0.16326391992063582
0.03544528705722134
0.1406294992892154
0.2154691207881349
0.13551099400017855
0.05064922671013237
0.03337229150030081
0.13959418950518362
0.014345412117363487
0.15718951635611372
0.13562154411888638
0.01529285316672759
0.05201250568395567
0.005304895429710126
0.19688163052513483
0.01593413348164656
0.18621365134503515
0.37924966526008974
0.17239279620987105
0.18797001139975913
0.2286968815896331
0.5065325858874918
0.41034429884519574
0.17780364479987287
0.3746361946810597
0.5277188087753935
0.3308974090358765
0.3192799012912289
0.04651920300525692
0.4905070508428962
0.20283944558033998
0.19270268954069508
0.01829756517158431
0.08419043285753425
0.7744747035853694
0.10069734946025818
0.257803193245444
0.04535340739791541
0.20029027717441658
0.06484027873655669
0.1013605284270639
0.19388022583738876
0.15880307248354442
0.10140198928430759
0.0651753404240775
0.009132707669170067
0.020636742619202127
0.0060784579398286
0.011224381601263258
0.14768427008375787
0.11509895284356235
0.19068670541672406
0.07543010903075258
0.19907599136019113
0.0815716212485915
0.12847920618591113
0.05436870199256662
0.0732367951269218
0.08810764599441936
0.06048605656475488
0.04148846010415561
0.034911684962732205
0.013812377130467216
0.05213220574185797
0.02762078247987763
0.0449032270328135
0.07541780353469532
0.026566135617381293
0.021901812435454766
0.010692220758079737
0.03314482941914506
0.01599973124195973
0.00566965896440015
0.0019308761458746296
0.019483687537211965
0.010069529018987831
0.009760779959391713
0.02931991902322371
0.014616828967721544
0.007290978283299185
8.246082586388804E-4
0.0020893164249487987
0.0067772543350939195
0.008704953616866544
0.011146431080196442
0.012694776979798384
0.012030498125342725
1.9927726557628328E-4
0.010072296503129985
0.004926335976593062
0.014219623913968762
0.0018314991747950709
0.00805339232638194
0.006878618310668972
0.015702612305203725
0.011960661597773545
0.004987030402605753
0.007099255996446417
0.01919647002747925
0.007161153080459444
0.01337456455303271
0.0011814957348494145
0.005233772091125177
0.015533707403246326
0.008346053931888359
0.014820593388422012
0.014559211475016988
0.017536239624256076
0.005717315313184615
0.016166894569084784
0.009128985344172266
0.0052963700986776285
0.0032018588868739984
0.008734290184086911
0.015655136038582377
0.008073365357146497
0.005110572119507278
0.00633889601432131
0.003660612548843458
0.0014114573012569962
0.0171358676833221
0.0025825757042349704
0.010656975745843289
0.017932433316479778
0.0036383593377842974
0.00958110132020737
0.008334709513715106
0.002080981163715525
0.005457675727282118
6.397845325653835E-4
0.003994020577752682
0.012972033039439263
0.005491898137003144
0.011665292311842847
0.00775619499941684
0.0017895787649235466
0.007196399623587793
0.028356775661163156
0.0128823940614992
0.006610634418013636
0.010249446427183673
0.001239741729269652
0.0013585324315286862
0.012455803489491322
0.004689183580311702
0.004584321013317947
0.00538086300085265
6.973576122074324E-4
6.804213865165754E-4
0.011902232458160295
0.006993250931237232
0.009904740759248352
0.0032474616670125915
0.009411362040527407
0.0015906589644312194
0.014371374396819727
0.009945204711641096
0.002728017248773226
0.007655591924954794
0.009807449448629942
0.004364014520905596
0.011649403840306041
0.00421389639598495
0.0065644474172763725
0.006294475997436062
0.0020121953847081716
0.0066134373384400015
0.003970556713097315
0.0037822317180763896
0.0010342231223446725
0.00482853054227062
0.015935250380957094
0.005189954522562583
0.002628067016722646
0.003070258629754994
0.005061347716483231
0.0027943797306824425
0.00291040225156211
0.007265468719105499
0.002639593589650513
0.010659611399977939
0.0011278016402621039
8.517049263270679E-4
0.015324416942093095
0.006254595217741103
0.005138366573956528
0.0024012167507342173
0.008059608809044183
0.013369892807111641
0.010112295990867742
0.001203117114718403
0.003384227025464609
0.00628188998452523
2.691542975226737E-4
0.009499813327818688
0.0010060993389472625
0.004544160427242763
0.0026029383590695098
0.0031691324895428055
0.0012033547549253614
0.0014458952541853683
5.910135443972744E-4
0.002537477920231817
0.0024732896370165155
0.0012888499560450802
0.0020006425420577923
0.0041389879864660115
5.380684319664622E-4
0.0024782025375241047
0.0021189028546275347
0.017365586534335384
0.0016165886387274173
0.004274128558612918
0.0027281101994517127
0.0016402965194750722
0.004365061732987586
0.015496495780304096
0.011442873195068764
9.045533931577251E-4
0.002406218533769763
0.002080499399776578
3.12604277105424E-4
0.005441495230601923
0.0029427733106878917
0.005276674254477699
8.925040627361811E-4
0.014264920028724027
0.004152860104817419
0.0041282678756623895
0.0011319296608022747
0.0019807788034880585
0.0013134351590557971
6.787218010195077E-4
0.005021408834414736
1.6959690926583E-5
0.0043172968293446945
0.0070279207432927425
0.0010120265392620064
0.003208869600897306
0.007090860006367613
0.0010522415957077596
0.0038784761277333656
0.005355090222741442
0.0068833735563355114
0.012714977826603727
0.0023028731454207887
0.005974178424449294
0.005944037751162207
0.0015687886380466034
0.006030165924387288
0.005230283450870525
0.0025716186468049485
5.808311343396048E-4
1.576971532518216E-4
0.005239460075434499
0.00541931318985616
0.004362134346283565
0.008502408806954647
0.002275250057947122
0.005341055230327341
0.0033186487863336037
0.006040546226177013
0.005403562121926677
0.003882808947645043
0.004498466023102237
0.002726394859894358
0.004034848328022666
0.0032725157326362066
4.7056234223357237E-4
0.0018471591754019297
0.0026894562756670424
0.003740008554935635
0.004946824674450756
0.004581366278223509
0.009739573587299596
0.0029001347929409763
5.986767523765703E-4
0.0010118123175919215
0.003862541760655878
0.0026461622989713816
0.005654309542207957
0.0018580575435327073
0.009704400426148658
0.001844207705344502
0.003525404167961191
0.004778932619892298
0.0020713498722790573
8.006797003987362E-4
0.01148394964725323
0.0015287061105415454
4.192883813394087E-5
0.004024333725624132
0.005623659995872594
0.0018961386248860428
0.0017666280809078452
0.0038462085270319075
0.004982245074083927
0.00713246586199698
0.0012328929537957518
0.006795365523319823
0.002801700795531091
0.003274117955400345
8.20074670116452E-4
0.004689423099409901
0.016918649844276896
0.0019982568745910228
0.002828848565955922
0.002759002450229324
0.002444349334555971
0.0012937308004029148
0.0018585472788577783
0.006171260535178777
0.006498945421157636
0.0074539089997915555
0.001418004856765845
0.006127841484411931
0.0010576190636780668
0.0018156278831532372
0.0016668273143122705
0.0016577550762869385
0.0018718532098646384
0.005363262457168373
0.0012090495168851124
0.004580491636506578
0.00783862833645547
0.0033218164099112655
0.003654840747120477
0.009270639994170162
0.0034276687043868132
0.0028244261387716948
0.008007321649391925
0.0016869033181529697
0.0033591577064727898
0.0036975861592934067
9.303699503539658E-4
0.0050361531886683
0.005098894016458405
6.737384923739963E-4
0.004331854971301441
8.622922612157352E-4
0.00634881890084895
0.003847170349191834
0.009027955695698413
0.005238818003169466
0.015007385169490265
0.006311947672565739
0.005523979619953128
0.0031002988348610453
0.002299734498460765
0.006033948857458447
0.001737883180952304
8.543492254473324E-4
0.00254123904619846
0.007928028677182565
0.00417119006797522
0.005021388753495989
0.0015860797893355876
0.0038234418153268754
0.00296970897177413
2.6469960799098874E-4
0.00274588993620837
0.010769739239841735
0.005924497405327366
0.002105991715169812
2.5065544627789535E-4
0.0073232844855157285
0.003575012124655522
0.0052867163584786915
0.007928075419941463
0.004365332584575123
0.0061015716693717335
0.007378668740469904
0.004755302416497571
0.006970730868127657
0.0020400985483112295
0.0018181957180325855
1.2892387870853082E-4
0.007539072003290129
0.01635513416807385
0.005983167152432554
0.013431791546309392
0.0015327535281396164
0.007508999209915039
0.007167961337695869
1.1042401255120355E-4
0.013467869864291727
0.012613934975442657
0.014113138514950782
0.002571265997860991
0.0013243490630204106
0.0031654849332836007
0.0019422914937950043
0.01459580450569867
0.0026221138111448125
0.008299136872215155
0.009873389294612081
3.353386894207267E-4
0.009447767626342859
3.353386894207267E-4
0.009873389294612081
0.008299136872215155
0.0026221138111448125
0.01459580450569867
0.0019422914937950043
0.0031654849332836007
0.0013243490630204106
0.002571265997860991
0.014113138514950782
0.012613934975442657
0.013467869864291727
1.1042401255120355E-4
0.007167961337695869
0.007508999209915039
0.0015327535281396164
0.013431791546309392
0.005983167152432554
0.01635513416807385
0.007539072003290129
1.2892387870853082E-4
0.0018181957180325855
0.0020400985483112295
0.006970730868127657
0.004755302416497571
0.007378668740469904
0.0061015716693717335
0.004365332584575123
0.007928075419941463
0.0052867163584786915
0.003575012124655522
0.0073232844855157285
2.5065544627789535E-4
0.002105991715169812
0.005924497405327366
0.010769739239841735
0.00274588993620837
2.6469960799098874E-4
0.00296970897177413
0.0038234418153268754
0.0015860797893355876
0.005021388753495989
0.00417119006797522
0.007928028677182565
0.00254123904619846
8.543492254473324E-4
0.001737883180952304
0.006033948857458447
0.002299734498460765
0.0031002988348610453
0.005523979619953128
0.006311947672565739
0.015007385169490265
0.005238818003169466
0.009027955695698413
0.003847170349191834
0.00634881890084895
8.622922612157352E-4
0.004331854971301441
6.737384923739963E-4
0.005098894016458405
0.0050361531886683
9.303699503539658E-4
0.0036975861592934067
0.0033591577064727898
0.0016869033181529697
0.008007321649391925
0.0028244261387716948
0.0034276687043868132
0.009270639994170162
0.003654840747120477
0.0033218164099112655
0.00783862833645547
0.004580491636506578
0.0012090495168851124
0.005363262457168373
0.0018718532098646384
0.0016577550762869385
0.0016668273143122705
0.0018156278831532372
0.0010576190636780668
0.006127841484411931
0.001418004856765845
0.0074539089997915555
0.006498945421157636
0.006171260535178777
0.0018585472788577783
0.0012937308004029148
0.002444349334555971
0.002759002450229324
0.002828848565955922
0.0019982568745910228
0.016918649844276896
0.004689423099409901
8.20074670116452E-4
0.003274117955400345
0.002801700795531091
0.006795365523319823
0.0012328929537957518
0.00713246586199698
0.004982245074083927
0.0038462085270319075
0.0017666280809078452
0.0018961386248860428
0.005623659995872594
0.004024333725624132
4.192883813394087E-5
0.0015287061105415454
0.01148394964725323
8.006797003987362E-4
0.0020713498722790573
0.004778932619892298
0.003525404167961191
0.001844207705344502
0.009704400426148658
0.0018580575435327073
0.005654309542207957
0.0026461622989713816
0.003862541760655878
0.0010118123175919215
5.986767523765703E-4
0.0029001347929409763
0.009739573587299596
0.004581366278223509
0.004946824674450756
0.003740008554935635
0.0026894562756670424
0.0018471591754019297
4.7056234223357237E-4
0.0032725157326362066
0.004034848328022666
0.002726394859894358
0.004498466023102237
0.003882808947645043
0.005403562121926677
0.006040546226177013
0.0033186487863336037
0.005341055230327341
0.002275250057947122
0.008502408806954647
0.004362134346283565
0.00541931318985616
0.005239460075434499
1.576971532518216E-4
5.808311343396048E-4
0.0025716186468049485
0.005230283450870525
0.006030165924387288
0.0015687886380466034
0.005944037751162207
0.005974178424449294
0.0023028731454207887
0.012714977826603727
0.0068833735563355114
0.005355090222741442
0.0038784761277333656
0.0010522415957077596
0.007090860006367613
0.003208869600897306
0.0010120265392620064
0.0070279207432927425
0.0043172968293446945
1.6959690926583E-5
0.005021408834414736
6.787218010195077E-4
0.0013134351590557971
0.0019807788034880585
0.0011319296608022747
0.0041282678756623895
0.004152860104817419
0.014264920028724027
8.925040627361811E-4
0.005276674254477699
0.0029427733106878917
0.005441495230601923
3.12604277105424E-4
0.002080499399776578
0.002406218533769763
9.045533931577251E-4
0.011442873195068764
0.015496495780304096
0.004365061732987586
0.0016402965194750722
0.0027281101994517127
0.004274128558612918
0.0016165886387274173
0.017365586534335384
0.0021189028546275347
0.0024782025375241047
5.380684319664622E-4
0.0041389879864660115
0.0020006425420577923
0.0012888499560450802
0.0024732896370165155
0.002537477920231817
5.910135443972744E-4
0.0014458952541853683
0.0012033547549253614
0.0031691324895428055
0.0026029383590695098
0.004544160427242763
0.0010060993389472625
0.009499813327818688
2.691542975226737E-4
0.00628188998452523
0.003384227025464609
0.001203117114718403
0.010112295990867742
0.013369892807111641
0.008059608809044183
0.0024012167507342173
0.005138366573956528
0.006254595217741103
0.015324416942093095
8.517049263270679E-4
0.0011278016402621039
0.010659611399977939
0.002639593589650513
0.007265468719105499
0.00291040225156211
0.0027943797306824425
0.005061347716483231
0.003070258629754994
0.002628067016722646
0.005189954522562583
0.015935250380957094
0.00482853054227062
0.0010342231223446725
0.0037822317180763896
0.003970556713097315
0.0066134373384400015
0.0020121953847081716
0.006294475997436062
0.0065644474172763725
0.00421389639598495
0.011649403840306041
0.004364014520905596
0.009807449448629942
0.007655591924954794
0.002728017248773226
0.009945204711641096
0.014371374396819727
0.0015906589644312194
0.009411362040527407
0.0032474616670125915
0.009904740759248352
0.006993250931237232
0.011902232458160295
6.804213865165754E-4
6.973576122074324E-4
0.00538086300085265
0.004584321013317947
0.004689183580311702
0.012455803489491322
0.0013585324315286862
0.001239741729269652
0.010249446427183673
0.006610634418013636
0.0128823940614992
0.028356775661163156
0.007196399623587793
0.0017895787649235466
0.00775619499941684
0.011665292311842847
0.005491898137003144
0.012972033039439263
0.003994020577752682
6.397845325653835E-4
0.005457675727282118
0.002080981163715525
0.008334709513715106
0.00958110132020737
0.0036383593377842974
0.017932433316479778
0.010656975745843289
0.0025825757042349704
0.0171358676833221
0.0014114573012569962
0.003660612548843458
0.00633889601432131
0.005110572119507278
0.008073365357146497
0.015655136038582377
0.008734290184086911
0.0032018588868739984
0.0052963700986776285
0.009128985344172266
0.016166894569084784
0.005717315313184615
0.017536239624256076
0.014559211475016988
0.014820593388422012
0.008346053931888359
0.015533707403246326
0.005233772091125177
0.0011814957348494145
0.01337456455303271
0.007161153080459444
0.01919647002747925
0.007099255996446417
0.004987030402605753
0.011960661597773545
0.015702612305203725
0.006878618310668972
0.00805339232638194
0.0018314991747950709
0.014219623913968762
0.004926335976593062
0.010072296503129985
1.9927726557628328E-4
0.012030498125342725
0.012694776979798384
0.011146431080196442
0.008704953616866544
0.0067772543350939195
0.0020893164249487987
8.246082586388804E-4
0.007290978283299185
0.014616828967721544
0.02931991902322371
0.009760779959391713
0.010069529018987831
0.019483687537211965
0.0019308761458746296
0.00566965896440015
0.01599973124195973
0.03314482941914506
0.010692220758079737
0.021901812435454766
0.026566135617381293
0.07541780353469532
0.0449032270328135
0.02762078247987763
0.05213220574185797
0.013812377130467216
0.034911684962732205
0.04148846010415561
0.06048605656475488
0.08810764599441936
0.0732367951269218
0.05436870199256662
0.12847920618591113
0.0815716212485915
0.19907599136019113
0.07543010903075258
0.19068670541672406
0.11509895284356235
0.14768427008375787
0.011224381601263258
0.0060784579398286
0.020636742619202127
0.009132707669170067
0.0651753404240775
0.10140198928430759
0.15880307248354442
0.19388022583738876
0.1013605284270639
0.06484027873655669
0.20029027717441658
0.04535340739791541
0.257803193245444
0.10069734946025818
0.7744747035853694
0.08419043285753425
0.01829756517158431
0.19270268954069508
0.20283944558033998
0.4905070508428962
0.04651920300525692
0.3192799012912289
0.3308974090358765
0.5277188087753935
0.3746361946810597
0.17780364479987287
0.41034429884519574
0.5065325858874918
0.2286968815896331
0.18797001139975913
0.17239279620987105
0.37924966526008974
0.18621365134503515
0.01593413348164656
0.19688163052513483
0.005304895429710126
0.05201250568395567
0.01529285316672759
0.13562154411888638
0.15718951635611372
0.014345412117363487
0.13959418950518362
0.03337229150030081
0.05064922671013237
0.13551099400017855
0.2154691207881349
0.1406294992892154
0.03544528705722134
0.16326391992063582
0.20279861429218143
0.5904038932459759
0.050444769200432796
0.3340173978700422
0.466968561900801
0.022231083995125925
0.27878441592203146
0.28859341010034456
0.05153471029717192
0.20001260247705988
0.0035055033670612626
0.023829323941928347
0.06245138772298763
0.14593513448529574
0.05112022572330597
0.28556478302956867
0.02920945099332526
0.7104348835291052
0.22484395081298716
0.6240642976313966
0.09497611325560025
0.1653419627090184
0.4558062426988447
0.23653213082157445
0.26123167315012413
0.047556369122923804
0.6406284425725775
1.0
0.4345800505582004
0.1360807573560792
0.2804730350917669
0.046160019050941595
0.039771970930229626
0.18592824477919112
0.1454043042396261
0.0420164158179521
0.08586205895150821
0.09612593146873281
0.25376282937793154
0.04945188858042433
0.13780724239039022
0.3283503040656028
0.20464723309167837
0.3209874421769453
0.24158785109111058
0.02280140170030346
0.1822135825937955
0.16193463417779547
0.14243053482757959
0.05383189035236407
0.02997212904077533
0.029743297494780094
0.05090660203850821
0.03676999355088618
0.18055370215580197
0.1713429361804575
0.09247915561175477
0.17876852577387856
0.10581381057498246
0.06134830698698968
0.06535631331866518
0.0383825288014932
0.039887762333598885
0.019792323477834134
