0.03774665205800223
0.047942085073504406
0.06570883940175089
0.0128297571447647
0.11699092751277405
0.02278152854710532
0.2525177514232894
0.3190610073699525
0.33646692929291216
0.7532438560827448
0.19787397046146407
0.12717472845690633
0.13694369490713704
0.0010004816093394586
0.02602972109891899
0.013711905523817878
0.08463724643461555
0.08205556024873353
0.07224496434559255
0.27630788801558465
0.20688885622737793
0.093043137747643
0.14878116710173325
0.6283281807145745
0.07743440367150743
0.06866730815283964
0.4467132600679449
0.27984782751732173
0.08570711589928788
0.2645087839302447
0.06649159418300638
0.15348425733573282
0.4097561393204086
0.08232565435789486
0.08652367578228128
0.06722317835308166
0.6501985983265735
0.1795452587342359
0.34234007626454616
0.08597321898916273
0.055903654227713616
0.3710652456111205
0.3177389540350139
0.022309181493024712
0.11999727537360654
0.10734767343112821
0.037479413484897944
0.11192406308905631
0.15233636211326831
0.06865013401489056
0.014556227890754263
0.042105766945790976
0.02970149565960228
0.1560130227126886
0.15034882476663947
0.13575778602784233
0.0059211681796230735
0.23535315920954333
0.2954174124161886
0.20498343616178857
0.13318090941884195
0.8776013394137014
0.11435015958279394
0.5214477958833917
0.10951144087137703
0.01560929317158032
0.21729330717834794
0.3132788735754003
0.169046860919197
0.02570141572309076
0.09594417310537215
0.026227178276741685
0.14902186037419882
0.08635617887782919
0.018694082623262498
0.10581354513224003
0.017371060131372733
0.25001067696599955
0.062360293721798576
0.019796516206892736
0.1277652130803781
0.0497089997804532
0.0532184275726834
0.015261525500013553
0.24692190320643212
0.5681387141214985
0.2044910325612823
0.07226638599225939
0.2749780020030343
0.2224496343645928
0.2872071053612447
0.5571674865790991
1.0
0.2919741838879748
0.26660120021514666
0.6594836674414051
0.22822261429155621
0.06581123955147533
0.26853161239137485
0.24837485733218329
0.08750004423784388
0.016981087393341837
0.12366543849148276
0.06384974962525859
0.027014159653307078
0.06924861526463619
0.20767065816774755
0.11741270194526324
0.04999627725502977
0.12420688997023532
0.005859007088587433
0.030739437260484084
0.040623996591307214
0.06884276875427818
0.07384513182072788
0.004894522590280643
0.0933749945684621
0.0656336705077515
0.08681802164897537
0.056809250928136344
0.06461269323019025
0.14330392189064883
0.23004374090289417
0.08631123613411357
0.05478808496145203
0.025132698668747393
0.01738988331935313
0.033214969965759435
0.03506277024469332
0.005990044176726629
0.061138475952155075
0.04791538595716025
0.054203766319532075
0.02162405143772514
0.016966244146006244
0.023982136870892515
2.2673908802978442E-4
0.027830099896903132
0.013316299047021649
0.05302117982209188
0.008358077615902761
0.03444915329063549
0.050790510984674464
0.018867368398380803
6.754426279457177E-4
0.006585724042833424
0.06552801783466189
0.013659469787073124
0.009231858888694686
9.937384156066672E-4
0.016023514870935278
0.013442778612880858
0.0025039981235281724
0.013505864409288915
0.011889753400003047
9.604126542716479E-4
0.009455439397025107
0.004918164329025223
0.02171191480709234
0.006176087165728576
0.003270141167781855
0.024871399028935634
0.0129491938060275
0.004860241728475697
0.017079680355958016
0.020808122320687485
0.018279272252841126
0.023976223591558335
0.009640772755323728
0.0037454286639107335
0.016326252030355762
0.018316995626666475
0.019400385964245467
0.0014705460018581988
2.6719349922556485E-4
0.013113230443950753
0.0012880888378386253
0.01452881312571218
0.0014832552105367679
0.004424452072884781
0.028996037526234607
0.004899880455323692
0.027403366606211683
0.008938668184675572
0.00500686974539671
0.008194937446220818
0.013011510150117107
0.005733859619764872
0.0025419078021126176
0.016858356776203964
0.02066198645875814
0.03187677888787822
0.016606839680418005
0.024405837402932336
0.0037745382086392188
0.0036174260503791834
0.001921811520878247
0.02036980248758595
0.004380569856224383
0.006188092995975925
0.005606579123520165
0.020740644367853212
0.006896496746889793
0.0016700208218148938
0.01027226448738898
0.004555780494892016
0.011764292909886682
0.01809391018412395
0.00930173832329364
0.006780973426631607
0.013683783399183958
0.002226284904673285
0.005025799028799482
0.0011384829707071062
0.020161910072316706
0.00649494415915962
0.004524550805263087
0.00230270530080662
0.0010879214296965472
0.00552332876256636
0.008272489786514032
0.012571946055273212
0.023741768261014116
0.008651003693860264
0.009267479533216712
0.007440464888937428
3.9710607749623056E-4
0.011955969046816232
0.003929708826722026
0.008138224426973784
0.00401085954466018
0.008663166046098871
0.007597819690179377
0.01911219991432516
0.001579218184812808
7.577946991505863E-4
0.009313408231745554
0.016538532140183464
0.012068187835800152
0.017915591861164887
0.01770761180121663
8.541084076107022E-4
0.004986227583136153
0.0035758637837711585
3.538685154834573E-4
0.002764101250360258
0.0037174151425915457
2.0159666819337662E-4
0.014165586989455702
0.015546820266481296
0.003922680335344689
6.614256928388318E-5
0.007720405423826667
0.004831118448373689
0.004539812979839619
0.0016146763088350634
3.896963253994641E-4
1.826984707157586E-4
0.009803286701347343
0.009715648613914522
0.010532694058112002
0.0017313302100410437
0.001042614173093689
6.476127082126589E-4
0.016204696029249697
0.005467121302795865
0.009105058985537918
0.006665651565086136
0.018782539131896828
0.012426832029145797
0.008096153600549485
0.005286477265852719
0.012300582473586936
0.006526927658696305
0.019671511717910258
0.0013956243191976584
0.001391165911672953
0.01216459675667659
0.008497899434127447
0.007741238796879699
0.017059564318062517
0.005439816030526555
6.028223665589694E-4
0.00536597114652901
0.004166405031156008
0.0011522320314272948
0.003390269832823543
0.005281706218734276
0.005848130028637598
2.456568594126657E-4
0.0011201407805405514
3.5431473970860486E-4
0.004797956819281631
0.01561301301674193
0.003845544551946932
0.009454693221653989
0.002402731445029933
0.0011914630325469513
0.00594688683459407
0.005087322098920841
0.004073741871311432
0.0011875771615128625
1.4355663871146827E-4
0.004109502325637422
0.0010475199060142931
0.0018067029120124435
0.005201334845158522
0.006549662333817027
0.005524978345726326
8.486772461685542E-4
0.007845868154264678
0.008937100026503438
0.008212421584305811
0.0031525067823111232
0.006073528836131546
0.015627451884859568
0.008560374203807574
0.003620086688170576
0.004673977810444042
0.0019663290158860067
0.016756576585537544
9.415384781007254E-4
0.013807893963309429
0.008225130118161325
0.008515423781504692
0.003963027140977015
4.658069496644447E-4
0.007102509958302561
0.004781342260683629
0.011905986672981648
7.189430322852322E-4
2.645503995163918E-4
0.009079475058632318
0.0054827195617421776
0.004209120072455438
0.00957039420453063
0.0026285965667090403
0.005057419647103686
0.0029112322540727955
0.005373338584860079
0.00573656438425226
0.005176765134941443
0.008517044961939694
0.01041535265569233
0.0090893661773905
0.0012177576790254007
0.01050867366805989
0.008537746692074626
0.006995839254538112
0.004801674975787366
7.739013040473316E-4
0.003237349516903451
0.01310864006858875
0.00981051687600479
0.008572385967930498
0.0031023712757927875
0.0016371772397676078
0.008974190686901546
0.01117140596957886
0.003270164958427536
0.008193775296852937
0.008944038428582896
9.483739845593166E-4
0.01593127282506578
0.010387248465360887
0.012993104668829717
0.002426293306732008
0.005114985881368835
3.674152961882082E-4
0.015073670912463167
0.004075422390281685
0.009788333361356398
0.003947753293043407
5.4702916844044464E-5
0.006054969655747182
0.0063092120550001605
0.005382911590896738
0.009390638212098611
0.005272351090678621
0.0018330756616443096
0.007402369011964916
0.00163757496703505
0.012171757250177691
0.0016123521682159287
0.001687466091657442
0.00793951203927095
0.0056884426014509725
0.0029906246955516986
0.0039956126256230386
0.006393661265723045
0.007736098804121474
0.002856852647782605
0.00404979591893944
0.0055800719686611945
0.01560612211775242
0.006674982071689409
0.0051253182156795925
0.001034176712746438
0.009814167653349899
0.017523985245896094
0.011469211460805036
0.0028181826969091487
0.010206078899452999
0.010994043906917191
0.005155367985982656
0.00403900972398822
0.007501601562330893
0.004924711522652689
0.0034293765391708343
0.0015812396129602623
2.626671736665749E-4
0.00403766333428869
6.80118714624715E-4
0.00277630812379306
0.00395267155760509
0.0070851412987615195
0.018989020555098036
0.0076906447507061
0.008678075195672189
0.008406205029057605
0.012232276127691406
2.035636529068494E-4
5.670348141852503E-4
0.0032329841904839315
0.005688753430480602
0.0025605927289790074
0.01590339378654099
0.017103143400289764
0.008018037879491562
0.0032659725391518757
1.9425233612427073E-4
4.6644066694458554E-4
0.009483279930221316
0.027545539015855415
0.012928356821908864
0.004942095690464748
0.0020421379246260123
0.0038403682408211072
0.01914029370998136
0.0038245699675740876
0.009498904069124754
0.00318844284959159
0.0022396202162432567
0.003776656392796881
0.002043106513850895
0.007628023597045378
0.017643653334004073
0.0036745198623818927
0.008859786533640283
0.00432925470524382
0.004827342920681823
0.0018054946076965373
0.00951848749485443
0.004872592666426408
0.01235971537927221
0.001294182474182395
0.0016064942065686502
9.774611921700713E-4
0.01157040167516593
0.008435626952917798
0.008047186968230475
0.008553164369713678
0.012287551840895338
0.008553164369713678
0.008047186968230475
0.008435626952917798
0.01157040167516593
9.774611921700713E-4
0.0016064942065686502
0.001294182474182395
0.01235971537927221
0.004872592666426408
0.00951848749485443
0.0018054946076965373
0.004827342920681823
0.00432925470524382
0.008859786533640283
0.0036745198623818927
0.017643653334004073
0.007628023597045378
0.002043106513850895
0.003776656392796881
0.0022396202162432567
0.00318844284959159
0.009498904069124754
0.0038245699675740876
0.01914029370998136
0.0038403682408211072
0.0020421379246260123
0.004942095690464748
0.012928356821908864
0.027545539015855415
0.009483279930221316
4.6644066694458554E-4
1.9425233612427073E-4
0.0032659725391518757
0.008018037879491562
0.017103143400289764
0.01590339378654099
0.0025605927289790074
0.005688753430480602
0.0032329841904839315
5.670348141852503E-4
2.035636529068494E-4
0.012232276127691406
0.008406205029057605
0.008678075195672189
0.0076906447507061
0.018989020555098036
0.0070851412987615195
0.00395267155760509
0.00277630812379306
6.80118714624715E-4
0.00403766333428869
2.626671736665749E-4
0.0015812396129602623
0.0034293765391708343
0.004924711522652689
0.007501601562330893
0.00403900972398822
0.005155367985982656
0.010994043906917191
0.010206078899452999
0.0028181826969091487
0.011469211460805036
0.017523985245896094
0.009814167653349899
0.001034176712746438
0.0051253182156795925
0.006674982071689409
0.01560612211775242
0.0055800719686611945
0.00404979591893944
0.002856852647782605
0.007736098804121474
0.006393661265723045
0.0039956126256230386
0.0029906246955516986
0.0056884426014509725
0.00793951203927095
0.001687466091657442
0.0016123521682159287
0.012171757250177691
0.00163757496703505
0.007402369011964916
0.0018330756616443096
0.005272351090678621
0.009390638212098611
0.005382911590896738
0.0063092120550001605
0.006054969655747182
5.4702916844044464E-5
0.003947753293043407
0.009788333361356398
0.004075422390281685
0.015073670912463167
3.674152961882082E-4
0.005114985881368835
0.002426293306732008
0.012993104668829717
0.010387248465360887
0.01593127282506578
9.483739845593166E-4
0.008944038428582896
0.008193775296852937
0.003270164958427536
0.01117140596957886
0.008974190686901546
0.0016371772397676078
0.0031023712757927875
0.008572385967930498
0.00981051687600479
0.01310864006858875
0.003237349516903451
7.739013040473316E-4
0.004801674975787366
0.006995839254538112
0.008537746692074626
0.01050867366805989
0.0012177576790254007
0.0090893661773905
0.01041535265569233
0.008517044961939694
0.005176765134941443
0.00573656438425226
0.005373338584860079
0.0029112322540727955
0.005057419647103686
0.0026285965667090403
0.00957039420453063
0.004209120072455438
0.0054827195617421776
0.009079475058632318
2.645503995163918E-4
7.189430322852322E-4
0.011905986672981648
0.004781342260683629
0.007102509958302561
4.658069496644447E-4
0.003963027140977015
0.008515423781504692
0.008225130118161325
0.013807893963309429
9.415384781007254E-4
0.016756576585537544
0.0019663290158860067
0.004673977810444042
0.003620086688170576
0.008560374203807574
0.015627451884859568
0.006073528836131546
0.0031525067823111232
0.008212421584305811
0.008937100026503438
0.007845868154264678
8.486772461685542E-4
0.005524978345726326
0.006549662333817027
0.005201334845158522
0.0018067029120124435
0.0010475199060142931
0.004109502325637422
1.4355663871146827E-4
0.0011875771615128625
0.004073741871311432
0.005087322098920841
0.00594688683459407
0.0011914630325469513
0.002402731445029933
0.009454693221653989
0.003845544551946932
0.01561301301674193
0.004797956819281631
3.5431473970860486E-4
0.0011201407805405514
2.456568594126657E-4
0.005848130028637598
0.005281706218734276
0.003390269832823543
0.0011522320314272948
0.004166405031156008
0.00536597114652901
6.028223665589694E-4
0.005439816030526555
0.017059564318062517
0.007741238796879699
0.008497899434127447
0.01216459675667659
0.001391165911672953
0.0013956243191976584
0.019671511717910258
0.006526927658696305
0.012300582473586936
0.005286477265852719
0.008096153600549485
0.012426832029145797
0.018782539131896828
0.006665651565086136
0.009105058985537918
0.005467121302795865
0.016204696029249697
6.476127082126589E-4
0.001042614173093689
0.0017313302100410437
0.010532694058112002
0.009715648613914522
0.009803286701347343
1.826984707157586E-4
3.896963253994641E-4
0.0016146763088350634
0.004539812979839619
0.004831118448373689
0.007720405423826667
6.614256928388318E-5
0.003922680335344689
0.015546820266481296
0.014165586989455702
2.0159666819337662E-4
0.0037174151425915457
0.002764101250360258
3.538685154834573E-4
0.0035758637837711585
0.004986227583136153
8.541084076107022E-4
0.01770761180121663
0.017915591861164887
0.012068187835800152
0.016538532140183464
0.009313408231745554
7.577946991505863E-4
0.001579218184812808
0.01911219991432516
0.007597819690179377
0.008663166046098871
0.00401085954466018
0.008138224426973784
0.003929708826722026
0.011955969046816232
3.9710607749623056E-4
0.007440464888937428
0.009267479533216712
0.008651003693860264
0.023741768261014116
0.012571946055273212
0.008272489786514032
0.00552332876256636
0.0010879214296965472
0.00230270530080662
0.004524550805263087
0.00649494415915962
0.020161910072316706
0.0011384829707071062
0.005025799028799482
0.002226284904673285
0.013683783399183958
0.006780973426631607
0.00930173832329364
0.01809391018412395
0.011764292909886682
0.004555780494892016
0.01027226448738898
0.0016700208218148938
0.006896496746889793
0.020740644367853212
0.005606579123520165
0.006188092995975925
0.004380569856224383
0.02036980248758595
0.001921811520878247
0.0036174260503791834
0.0037745382086392188
0.024405837402932336
0.016606839680418005
0.03187677888787822
0.02066198645875814
0.016858356776203964
0.0025419078021126176
0.005733859619764872
0.013011510150117107
0.008194937446220818
0.00500686974539671
0.008938668184675572
0.027403366606211683
0.004899880455323692
0.028996037526234607
0.004424452072884781
0.0014832552105367679
0.01452881312571218
0.0012880888378386253
0.013113230443950753
2.6719349922556485E-4
0.0014705460018581988
0.019400385964245467
0.018316995626666475
0.016326252030355762
0.0037454286639107335
0.009640772755323728
0.023976223591558335
0.018279272252841126
0.020808122320687485
0.017079680355958016
0.004860241728475697
0.0129491938060275
0.024871399028935634
0.003270141167781855
0.006176087165728576
0.02171191480709234
0.004918164329025223
0.009455439397025107
9.604126542716479E-4
0.011889753400003047
0.013505864409288915
0.0025039981235281724
0.013442778612880858
0.016023514870935278
9.937384156066672E-4
0.009231858888694686
0.013659469787073124
0.06552801783466189
0.006585724042833424
6.754426279457177E-4
0.018867368398380803
0.050790510984674464
0.03444915329063549
0.008358077615902761
0.05302117982209188
0.013316299047021649
0.027830099896903132
2.2673908802978442E-4
0.023982136870892515
0.016966244146006244
0.02162405143772514
0.054203766319532075
0.04791538595716025
0.061138475952155075
0.005990044176726629
0.03506277024469332
0.033214969965759435
0.01738988331935313
0.025132698668747393
0.05478808496145203
0.08631123613411357
0.23004374090289417
0.14330392189064883
0.06461269323019025
0.056809250928136344
0.08681802164897537
0.0656336705077515
0.0933749945684621
0.004894522590280643
0.07384513182072788
0.06884276875427818
0.040623996591307214
0.030739437260484084
0.005859007088587433
0.12420688997023532
0.04999627725502977
0.11741270194526324
0.20767065816774755
0.06924861526463619
0.027014159653307078
0.06384974962525859
0.12366543849148276
0.016981087393341837
0.08750004423784388
0.24837485733218329
0.26853161239137485
0.06581123955147533
0.22822261429155621
0.6594836674414051
0.26660120021514666
0.2919741838879748
1.0
0.5571674865790991
0.2872071053612447
0.2224496343645928
0.2749780020030343
0.07226638599225939
0.2044910325612823
0.5681387141214985
0.24692190320643212
0.015261525500013553
0.0532184275726834
0.0497089997804532
0.1277652130803781
0.019796516206892736
0.062360293721798576
0.25001067696599955
0.017371060131372733
0.10581354513224003
0.018694082623262498
0.08635617887782919
0.14902186037419882
0.026227178276741685
0.09594417310537215
0.02570141572309076
0.169046860919197
0.3132788735754003
0.21729330717834794
0.01560929317158032
0.10951144087137703
0.5214477958833917
0.11435015958279394
0.8776013394137014
0.13318090941884195
0.20498343616178857
0.2954174124161886
0.23535315920954333
0.0059211681796230735
0.13575778602784233
0.15034882476663947
0.1560130227126886
0.02970149565960228
0.042105766945790976
0.014556227890754263
0.06865013401489056
0.15233636211326831
0.11192406308905631
0.037479413484897944
0.10734767343112821
0.11999727537360654
0.022309181493024712
0.3177389540350139
0.3710652456111205
0.055903654227713616
0.08597321898916273
0.34234007626454616
0.1795452587342359
0.6501985983265735
0.06722317835308166
0.08652367578228128
0.08232565435789486
0.4097561393204086
0.15348425733573282
0.06649159418300638
0.2645087839302447
0.08570711589928788
0.27984782751732173
0.4467132600679449
0.06866730815283964
0.07743440367150743
0.6283281807145745
0.14878116710173325
0.093043137747643
0.20688885622737793
0.27630788801558465
0.07224496434559255
0.08205556024873353
0.08463724643461555
0.013711905523817878
0.02602972109891899
0.0010004816093394586
0.13694369490713704
0.12717472845690633
0.19787397046146407
0.7532438560827448
0.33646692929291216
0.3190610073699525
0.2525177514232894
0.02278152854710532
0.11699092751277405
0.0128297571447647
0.06570883940175089
0.047942085073504406
