0.0
7.271853747170559E-4
0.0028910644753627
0.00643910363193453
0.011285389587088907
0.017313041258890223
0.024377482841089683
0.03231047875135279
0.040924807916400886
0.05001943568152496
0.05938502684908363
0.06880963344728253
0.07808438611520159
0.08700901860901017
0.09539706086698128
0.10308054713017988
0.1099141014535382
0.11577828306012784
0.12058209775643525
0.12426460828951538
0.12679560524686048
0.12817532996927802
0.12843327102062685
0.1276260850820412
0.1258347207797928
0.12316084903344787
0.11972272522127558
0.11565062610389677
0.11108201745235922
0.10615661626571614
0.10101151406753067
0.09577652494075913
0.09056991376899307
0.0854946468431156
0.08063528897474045
0.07605564909289293
0.07179725068595408
0.06787867519984159
0.06429579651907397
0.06102289390581035
0.05801460025197357
0.05520861321153818
0.0525290696944423
0.04989046022998294
0.04720193966554183
0.04437187525876807
0.04131246301038652
0.037944238473554236
0.03420030949299769
0.030030145418436762
0.025402770160306218
0.020309224684507243
0.014764187672421486
0.008806670433984087
0.002499732940884169
0.00407079889294616
0.010798599847481287
0.017560046052213132
0.02421826547890844
0.030627921705383105
0.03664058498928991
0.04211051930072025
0.046900693488192674
0.05088880997130353
0.05397313588136081
0.05607791984271063
0.05715818283714868
0.05720368384671351
0.05624188003641498
0.054339726714879855
0.051604193589002846
0.04818141010883677
0.0442543930105064
0.040039352391810897
0.03578061756616055
0.03174426922344551
0.02821060872550964
0.025465637318693845
0.023791756331411906
0.023457932790961176
0.02470960220392554
0.027758600510513765
0.0327734296373853
0.039870165036088034
0.04910430873463895
0.060463877622314866
0.07386399406015852
0.08914321484491708
0.10606179568437502
0.12430204253617062
0.14347084950577174
0.16310446676846124
0.1826754826094377
0.20160194272136972
0.21925846899605725
0.23498918086862686
0.24812216648176347
0.2579852001410497
0.2639223582365968
0.26531114937256256
0.26157974705223763
0.2522238958697713
0.23682305546818055
0.2150553509716421
0.1867109143331925
0.15170322790346322
0.11007811906958273
0.0620201022918987
0.00785582125964554
0.05194559207797056
0.1167753546673353
0.18589110410898127
0.2584261661512969
0.33340190105227047
0.40974293519906346
0.48629501085613325
0.561845118530117
0.6351435149999887
0.7049271772156595
0.769944199468916
0.8289786096994513
0.8808750614539479
0.9245628515051671
0.9590787197780769
0.983587908007317
0.9974029861174571
1.0
0.9910315501725282
0.9703364764705179
0.9379458979084068
0.8940854374009888
0.8391735462309573
0.7738159309281533
0.6987961734607642
0.6150627221778823
0.523712513670558
0.4259715626079132
0.3231729257700809
0.21673250624454493
0.10812321261382435
0.0011519752515887283
0.10958745836116948
0.21570240301152505
0.31806747518325584
0.4153303597935824
0.5062395299729743
0.5896657742375763
0.6646210434417693
0.7302742433458003
0.7859636709087822
0.831205871204025
0.8657007751852878
0.8893330643411799
0.9021697944444156
0.904454395023318
0.8965972418058098
0.8791630742749718
0.8528555978557968
0.8184996685571121
0.7770215057979786
0.72942741560858
0.6767815306677707
0.620183085297296
0.5607437424764836
0.49956547639645826
0.4377194885811042
0.3762265990028359
0.316039507027444
0.2580272617871478
0.20296221925999888
0.15150969564120498
0.10422045535367401
0.06152609914898838
0.02373734509525791
0.00895487530520859
0.036475650305731466
0.05885985601883322
0.07624371923474459
0.08885448072632439
0.09699850154893018
0.101048181604436
0.10142807606078941
0.09860060092914873
0.09305171431554798
0.08527694497979149
0.07576811551274822
0.06500107458875053
0.053424712480322864
0.041451487634833285
0.029449641043857666
0.01773722092075433
0.006577984428340833
0.003820812536983353
0.013308780635943967
0.021791011642533203
0.029225083076599188
0.03561663470059752
0.04101373298352906
0.04550026648385741
0.049188633911883085
0.052211997070810985
0.05471637286354463
0.05685283225461565
0.05877005989655244
0.0606075066918956
0.062489339689924844
0.06451936040700222
0.06677702504725343
0.06931465942650383
0.07215591897357064
0.0752955013325024
0.0787000771373943
0.08231036474635436
0.08604423828275945
0.0898007262975014
0.09346473164094285
0.09691228244654901
0.10001611001252783
0.10265134214714852
0.10470110032572028
0.10606179568437506
0.10664793212965613
0.10639624415765725
0.10526902165664931
0.10325650316099974
0.10037825175129193
0.09668346297800798
0.09225019068251566
0.08718351322977078
0.0816126982902876
0.07568745779580394
0.06957341500179369
0.06344693178664612
0.05748946560356043
0.05188164123744483
0.04679723224291591
0.042397250378287406
0.03882433842848464
0.03619765264913564
0.03460840597939226
0.03411622265886731
0.0347464296065056
0.03648838068258131
0.03929487768447853
0.04308271763747437
0.047734360706730705
0.053100677974657895
0.059004704488754285
0.0652462914371181
0.07160752302649423
0.07785873949212528
0.08376498840141411
0.089092712614323
0.0936164753529926
0.09712552105007867
0.09942997504005212
0.10036649559096429
0.09980320792182452
0.09764377121413655
0.09383045554765218
0.08834613537375617
0.0812151386747262
0.07250292534685118
0.06231460353779843
0.050792327587888
0.038111654804503674
0.024476969513881515
0.010116110733002419
0.004725636463918388
0.019792006967365154
0.034822486745746936
0.04955910924110581
0.06375311582223507
0.0771712837901455
0.08960173614065076
0.10085906365918182
0.1107886114515936
0.1192698080418321
0.1262184448953811
0.13158784674542223
0.13536890740978547
0.1375890008386355
0.1383098118493737
0.13762416431947985
0.13565195549456122
0.1325353325751005
0.12843327102062685
0.12351573233153
0.11795759186398963
0.11193253409791748
0.10560711348745629
0.09913517354239258
0.09265280527023782
0.0862740088914833
0.08008720033903634
0.07415267714200768
0.06850112768935512
0.06313323450218407
0.058020387035001064
0.05310648375397288
0.04831076790763444
0.04353160760790026
0.038651099630734945
0.0335403487071303
0.02806525088329639
0.022092591530878173
0.015496256376330935
0.00816334791361257
0.0
0.009063309649237478
0.019067136112546023
0.030019300893573297
0.0418921257153619
0.05462078027416183
0.06810282448023962
0.08219898953627623
0.0967352041920855
0.11150583380393972
0.1262780615850315
0.14079730482388297
0.15479352499442858
0.16798826063703504
0.18010218660135105
0.1908629835235018
0.20001328791687628
0.20731848646320067
0.21257411827933106
0.21561265618091766
0.2163094521337249
0.21458765283738826
0.21042191818706563
0.20384080748430305
0.19492773483389675
0.18382043514370283
0.1707089244040179
0.15583198124923472
0.13947221994098247
0.12194986659639721
0.1036153894855122
0.08484116937262012
0.06601242611372911
0.047517642114864526
0.029738741034171876
0.013041290689748361
0.002234997866596812
0.015785207897208647
0.0273473363722561
0.03670936027907242
0.043715041675781656
0.048268296290125766
0.05033598876588195
0.049949060244876706
0.04720193966554192
0.042250237683616854
0.03530677013853315
0.026636005137026436
0.01654707275458073
0.005385517769460059
0.0064759874621095085
0.01864772198727007
0.030733514920530405
0.04234157490468537
0.05309525276075771
0.06264343929319245
0.07067030815965405
0.07690412986230183
0.0811249068706846
0.0831706110226854
0.08294184183881959
0.08040476721104658
0.07559225491707267
0.06860315326702897
0.059599730524821766
0.048803334125047546
0.03648838068258145
0.02297483495192778
0.008619378895378348
0.006194490368476059
0.021067163826826017
0.03559413138201719
0.04937739087833115
0.062036738917073224
0.07322062873943735
0.08261629096629192
0.0899588320401266
0.09503905232048752
0.09770976021511456
0.09789039955037522
0.0955698534786271
0.09080733831633993
0.0837313534173772
0.0745367070444009
0.06347969170413957
0.05087153406031524
0.03707029287962554
0.022471422137864995
0.00749725417856864
0.0074143113987174564
0.02182160452054376
0.03529114409382176
0.04740943168570505
0.0577942546591232
0.06610518671471281
0.07205299521984178
0.07540769426448796
0.07600501926233555
0.07375114209690377
0.06862549410123818
0.06068161621455838
0.050046010031103025
0.0369150186287093
0.021549820496084306
0.004269672045579674
0.014556417358586784
0.03451935056664163
0.05518068365416002
0.07608414870927185
0.09676764278721095
0.11677535466733549
0.1356696974372317
0.15304272056722673
0.16852668987042024
0.18180354715628064
0.19261299282363373
0.20075897321922864
0.2061143992274399
0.2086239720007457
0.20830504459964377
0.20524650309856968
0.1996057058907972
0.19160357393898153
0.18151797605070205
0.16967560046770544
0.15644254581785919
0.1422138996185815
0.12740260005554044
0.11242789592168645
0.09770372985714436
0.0836273711000474
0.07056861582190345
0.05885985601883315
0.048787292355955664
0.04058353304986067
0.03442178077582389
0.030411763846271683
0.028597517828331052
0.028957070776740312
0.03140403086137519
0.035791020912605755
0.04191485183419421
0.04952327743535451
0.05832312841277829
0.06798958424087921
0.07817630970830745
0.08852615867675344
0.09868213201604245
0.10829827002606857
0.1170501621740415
0.12464476857676134
0.13082926800549483
0.13539867569982839
0.13820201012859265
0.13914683000358738
0.13820201012859265
0.13539867569982839
0.13082926800549483
0.12464476857676134
0.1170501621740415
0.10829827002606857
0.09868213201604245
0.08852615867675344
0.07817630970830745
0.06798958424087921
0.05832312841277829
0.04952327743535451
0.04191485183419421
0.035791020912605755
0.03140403086137519
0.028957070776740312
0.028597517828331052
0.030411763846271683
0.03442178077582389
0.04058353304986067
0.048787292355955664
0.05885985601883315
0.07056861582190345
0.0836273711000474
0.09770372985714436
0.11242789592168645
0.12740260005554044
0.1422138996185815
0.15644254581785919
0.16967560046770544
0.18151797605070205
0.19160357393898153
0.1996057058907972
0.20524650309856968
0.20830504459964377
0.2086239720007457
0.2061143992274399
0.20075897321922864
0.19261299282363373
0.18180354715628064
0.16852668987042024
0.15304272056722673
0.1356696974372317
0.11677535466733549
0.09676764278721095
0.07608414870927185
0.05518068365416002
0.03451935056664163
0.014556417358586784
0.004269672045579674
0.021549820496084306
0.0369150186287093
0.050046010031103025
0.06068161621455838
0.06862549410123818
0.07375114209690377
0.07600501926233555
0.07540769426448796
0.07205299521984178
0.06610518671471281
0.0577942546591232
0.04740943168570505
0.03529114409382176
0.02182160452054376
0.0074143113987174564
0.00749725417856864
0.022471422137864995
0.03707029287962554
0.05087153406031524
0.06347969170413957
0.0745367070444009
0.0837313534173772
0.09080733831633993
0.0955698534786271
0.09789039955037522
0.09770976021511456
0.09503905232048752
0.0899588320401266
0.08261629096629192
0.07322062873943735
0.062036738917073224
0.04937739087833115
0.03559413138201719
0.021067163826826017
0.006194490368476059
0.008619378895378348
0.02297483495192778
0.03648838068258145
0.048803334125047546
0.059599730524821766
0.06860315326702897
0.07559225491707267
0.08040476721104658
0.08294184183881959
0.0831706110226854
0.0811249068706846
0.07690412986230183
0.07067030815965405
0.06264343929319245
0.05309525276075771
0.04234157490468537
0.030733514920530405
0.01864772198727007
0.0064759874621095085
0.005385517769460059
0.01654707275458073
0.026636005137026436
0.03530677013853315
0.042250237683616854
0.04720193966554192
0.049949060244876706
0.05033598876588195
0.048268296290125766
0.043715041675781656
0.03670936027907242
0.0273473363722561
0.015785207897208647
0.002234997866596812
0.013041290689748361
0.029738741034171876
0.047517642114864526
0.06601242611372911
0.08484116937262012
0.1036153894855122
0.12194986659639721
0.13947221994098247
0.15583198124923472
0.1707089244040179
0.18382043514370283
0.19492773483389675
0.20384080748430305
0.21042191818706563
0.21458765283738826
0.2163094521337249
0.21561265618091766
0.21257411827933106
0.20731848646320067
0.20001328791687628
0.1908629835235018
0.18010218660135105
0.16798826063703504
0.15479352499442858
0.14079730482388297
0.1262780615850315
0.11150583380393972
0.0967352041920855
0.08219898953627623
0.06810282448023962
0.05462078027416183
0.0418921257153619
0.030019300893573297
0.019067136112546023
0.009063309649237478
0.0
0.00816334791361257
0.015496256376330935
0.022092591530878173
0.02806525088329639
0.0335403487071303
0.038651099630734945
0.04353160760790026
0.04831076790763444
0.05310648375397288
0.058020387035001064
0.06313323450218407
0.06850112768935512
0.07415267714200768
0.08008720033903634
0.0862740088914833
0.09265280527023782
0.09913517354239258
0.10560711348745629
0.11193253409791748
0.11795759186398963
0.12351573233153
0.12843327102062685
0.1325353325751005
0.13565195549456122
0.13762416431947985
0.1383098118493737
0.1375890008386355
0.13536890740978547
0.13158784674542223
0.1262184448953811
0.1192698080418321
0.1107886114515936
0.10085906365918182
0.08960173614065076
0.0771712837901455
0.06375311582223507
0.04955910924110581
0.034822486745746936
0.019792006967365154
0.004725636463918388
0.010116110733002419
0.024476969513881515
0.038111654804503674
0.050792327587888
0.06231460353779843
0.07250292534685118
0.0812151386747262
0.08834613537375617
0.09383045554765218
0.09764377121413655
0.09980320792182452
0.10036649559096429
0.09942997504005212
0.09712552105007867
0.0936164753529926
0.089092712614323
0.08376498840141411
0.07785873949212528
0.07160752302649423
0.0652462914371181
0.059004704488754285
0.053100677974657895
0.047734360706730705
0.04308271763747437
0.03929487768447853
0.03648838068258131
0.0347464296065056
0.03411622265886731
0.03460840597939226
0.03619765264913564
0.03882433842848464
0.042397250378287406
0.04679723224291591
0.05188164123744483
0.05748946560356043
0.06344693178664612
0.06957341500179369
0.07568745779580394
0.0816126982902876
0.08718351322977078
0.09225019068251566
0.09668346297800798
0.10037825175129193
0.10325650316099974
0.10526902165664931
0.10639624415765725
0.10664793212965613
0.10606179568437506
0.10470110032572028
0.10265134214714852
0.10001611001252783
0.09691228244654901
0.09346473164094285
0.0898007262975014
0.08604423828275945
0.08231036474635436
0.0787000771373943
0.0752955013325024
0.07215591897357064
0.06931465942650383
0.06677702504725343
0.06451936040700222
0.062489339689924844
0.0606075066918956
0.05877005989655244
0.05685283225461565
0.05471637286354463
0.052211997070810985
0.049188633911883085
0.04550026648385741
0.04101373298352906
0.03561663470059752
0.029225083076599188
0.021791011642533203
0.013308780635943967
0.003820812536983353
0.006577984428340833
0.01773722092075433
0.029449641043857666
0.041451487634833285
0.053424712480322864
0.06500107458875053
0.07576811551274822
0.08527694497979149
0.09305171431554798
0.09860060092914873
0.10142807606078941
0.101048181604436
0.09699850154893018
0.08885448072632439
0.07624371923474459
0.05885985601883322
0.036475650305731466
0.00895487530520859
0.02373734509525791
0.06152609914898838
0.10422045535367401
0.15150969564120498
0.20296221925999888
0.2580272617871478
0.316039507027444
0.3762265990028359
0.4377194885811042
0.49956547639645826
0.5607437424764836
0.620183085297296
0.6767815306677707
0.72942741560858
0.7770215057979786
0.8184996685571121
0.8528555978557968
0.8791630742749718
0.8965972418058098
0.904454395023318
0.9021697944444156
0.8893330643411799
0.8657007751852878
0.831205871204025
0.7859636709087822
0.7302742433458003
0.6646210434417693
0.5896657742375763
0.5062395299729743
0.4153303597935824
0.31806747518325584
0.21570240301152505
0.10958745836116948
0.0011519752515887283
0.10812321261382435
0.21673250624454493
0.3231729257700809
0.4259715626079132
0.523712513670558
0.6150627221778823
0.6987961734607642
0.7738159309281533
0.8391735462309573
0.8940854374009888
0.9379458979084068
0.9703364764705179
0.9910315501725282
1.0
0.9974029861174571
0.983587908007317
0.9590787197780769
0.9245628515051671
0.8808750614539479
0.8289786096994513
0.769944199468916
0.7049271772156595
0.6351435149999887
0.561845118530117
0.48629501085613325
0.40974293519906346
0.33340190105227047
0.2584261661512969
0.18589110410898127
0.1167753546673353
0.05194559207797056
0.00785582125964554
0.0620201022918987
0.11007811906958273
0.15170322790346322
0.1867109143331925
0.2150553509716421
0.23682305546818055
0.2522238958697713
0.26157974705223763
0.26531114937256256
0.2639223582365968
0.2579852001410497
0.24812216648176347
0.23498918086862686
0.21925846899605725
0.20160194272136972
0.1826754826094377
0.16310446676846124
0.14347084950577174
0.12430204253617062
0.10606179568437502
0.08914321484491708
0.07386399406015852
0.060463877622314866
0.04910430873463895
0.039870165036088034
0.0327734296373853
0.027758600510513765
0.02470960220392554
0.023457932790961176
0.023791756331411906
0.025465637318693845
0.02821060872550964
0.03174426922344551
0.03578061756616055
0.040039352391810897
0.0442543930105064
0.04818141010883677
0.051604193589002846
0.054339726714879855
0.05624188003641498
0.05720368384671351
0.05715818283714868
0.05607791984271063
0.05397313588136081
0.05088880997130353
0.046900693488192674
0.04211051930072025
0.03664058498928991
0.030627921705383105
0.02421826547890844
0.017560046052213132
0.010798599847481287
0.00407079889294616
0.002499732940884169
0.008806670433984087
0.014764187672421486
0.020309224684507243
0.025402770160306218
0.030030145418436762
0.03420030949299769
0.037944238473554236
0.04131246301038652
0.04437187525876807
0.04720193966554183
0.04989046022998294
0.0525290696944423
0.05520861321153818
0.05801460025197357
0.06102289390581035
0.06429579651907397
0.06787867519984159
0.07179725068595408
0.07605564909289293
0.08063528897474045
0.0854946468431156
0.09056991376899307
0.09577652494075913
0.10101151406753067
0.10615661626571614
0.11108201745235922
0.11565062610389677
0.11972272522127558
0.12316084903344787
0.1258347207797928
0.1276260850820412
0.12843327102062685
0.12817532996927802
0.12679560524686048
0.12426460828951538
0.12058209775643525
0.11577828306012784
0.1099141014535382
0.10308054713017988
0.09539706086698128
0.08700901860901017
0.07808438611520159
0.06880963344728253
0.05938502684908363
0.05001943568152496
0.040924807916400886
0.03231047875135279
0.024377482841089683
0.017313041258890223
0.011285389587088907
0.00643910363193453
0.0028910644753627
7.271853747170559E-4
