-0.2765338340089492
0.08933838964653992
0.49288046181174006
0.27111544741280175
0.06338921259044532
0.3433658140705507
0.451019570529246
0.13514435587942425
0.14700098714656304
0.5510577350547217
0.44394900611245686
0.20626540785834735
0.4495508473384031
0.18666160265715953
0.14919407589567876
0.2690802618508302
0.04468875656964543
0.48925073960519927
0.46390533799947625
0.3558671799792197
0.7013086553490033
1.0
0.6795786972787634
0.17115946950271205
0.023390459714195715
0.1684660535951789
0.42991540809128814
0.40463085512660046
0.050908285275989285
0.10148304488109207
0.040911883155098486
0.018604601091547348
0.2435543471967853
0.3765925742968716
0.3117537592963527
0.2531144970963884
0.1833925995795352
0.04060332566213298
0.01201952897719176
0.19855870387747854
0.38685883458054526
0.393821102456279
0.2570357729176643
0.06181228157103333
0.08678806537756732
0.073683495774162
0.013741074890877888
0.025189072172839718
0.133747585660838
0.12391707995069642
0.060109581328638216
0.04159512428824191
0.08513031672934801
0.3061065734269353
0.2588169063789787
0.06562615591347278
0.16071629732597373
0.08229364940668644
0.19938867213711894
0.11157633930383343
0.18599940587181663
0.3020169817437615
0.06472348281879874
0.21266523188098227
0.023313091676380356
0.23802589452050113
3.0701422960460657E-17
0.325708971100744
0.19139498960864396
0.002463191458896741
0.15981885695229378
0.18232752442701688
0.14390250869031862
0.1393266725566005
0.3455640009729372
0.46402709811811993
0.007279486332696896
0.21809535875702765
0.04864100883222036
0.16075896497139813
0.4882308604346043
0.34376306325164474
0.03442406496636044
0.05892029010280669
0.24797187614469904
0.18901947313754922
0.7733093327119824
0.7249294847094547
0.4223950436632069
0.4372982841039788
0.34448492208352643
0.16965726952319657
0.43316099394009766
0.1340911356974817
0.0026415542680493344
0.31811225122387654
0.3646856177202835
0.06721610028113056
0.3041844388584876
0.19825168404829419
0.2727541829329288
0.45172396474412435
0.22348621209911526
0.1517742577898805
0.0624057335624177
0.25320502830841174
0.21681484768107948
0.009618661863233957
0.05589924298591126
0.1596793165720215
0.06720258048390333
0.05976290833008524
0.28574354261014107
0.3637284162627152
0.13837866570233487
0.014877896395871688
0.07971866001424695
0.15577302254657216
0.08823118392473572
0.018381631339163387
0.046342093085442584
0.17545336211912022
0.22880237540515064
0.06648495081234718
0.18750534500523383
0.3567385601801157
0.4164102722612066
0.3916729881578471
0.3280013656111855
0.3142223284679466
0.3174453831704908
0.18728215661880127
0.046088972334824764
0.19143036599310087
0.2298540539635036
0.23700885465356072
0.1103184175080719
0.17034736234281234
0.2997505113071505
0.14161959461271123
0.03096809819929299
0.15025949345458167
0.20429494693380235
0.07988947005087044
0.07388896880978343
0.19551262758485857
0.1179362303702056
0.044138956287131624
0.11543283801289615
0.3984727875155169
0.29798393589428196
0.015530326905389743
0.059885330872499004
0.009909385947361947
0.1382669170044746
0.20830016141371194
0.0658277248468099
0.23244794086248433
0.003018883151656529
0.1155567979928111
0.15695242506292587
0.3052184933026642
0.08985605937928273
0.011268896038744007
0.12980044145790975
0.061640637000854676
0.17008226407606208
0.04310165372297792
0.30123714041929456
0.2611648862592727
0.03979259110817745
0.04624223298116506
0.11305261968816242
0.008904449144799296
0.1341262512922859
0.025399230550049244
0.14976579536828344
0.06619069983386841
0.20770583038288307
0.023511321208869163
0.20143022801175214
0.045094692382599395
0.07888019068477148
0.01783922813649727
0.020405324861971386
0.10664084319855051
0.011462914899206152
0.24887124948341613
0.2557224586146233
0.04162072095175167
0.015773029667766298
0.06254349748557729
0.0012681560168255083
0.12646930800301712
0.1152586355233004
0.08452028615206315
0.1723880389915264
0.18926073515623254
7.163665357440819E-17
0.182427498259337
0.1807072069938142
0.10700002276675841
0.06648878048451351
0.009080581469428035
0.055811420458005565
0.04729119690149674
0.00477623742558813
0.021410340799653458
0.06663916581872466
0.06199371554442634
0.009442357145720472
0.05476607262952945
0.09428783064512815
0.055192305308527013
0.04797013431977743
0.10459106290419405
0.07431056324124473
0.033362701674781246
0.0028039835938778956
0.053947220646390334
0.07264378805404276
0.008475267362770133
0.06585458827474977
0.0053093080618679235
0.06510993820390518
0.008599912292534135
0.07830735252011557
0.035664633848481835
0.007054732976056096
0.04046381512998516
0.014773329620456544
0.1382669170044746
0.10715423618545622
0.05342185814124761
0.08494109844054397
0.010265633321972514
0.010212727100358665
0.05443452433647298
0.0029173543765861646
0.07050079242535556
0.0026883702225661893
0.07262806822858807
0.03031391519977192
0.11925534598261019
0.016474296423047048
0.08996785617154253
0.03615919328765279
0.014731845988296294
0.03451126767255811
0.009831988410209297
0.11733410056523967
0.12461111499627249
0.002199303237889422
0.025453095242608782
0.06959113152724915
0.07018686988796036
0.018358338740019783
0.016451918891172698
0.037985353162258866
0.0016541728341353667
0.05235647619292383
0.01934664266734356
0.09536786758564889
0.03537184235426604
0.046088972334824875
0.019194513254577564
0.026561293838441476
0.009213767090677352
0.01744814418346602
0.08535650501634949
0.10086412092148041
0.04247681441003373
0.026152418324684783
0.06939567388598394
0.06920783971429345
0.015158516752998941
0.008007176091061797
0.005803071138805232
0.004361637770278585
0.006202009664181574
0.04840703147621529
0.08634214265234515
0.06904901715502847
0.02846195257071597
0.009429420286328165
4.4006328745128834E-4
0.018519537467419814
0.028068180583749824
0.01989718293648099
0.0054682216385954505
0.01723352134959148
0.058513981730463634
0.1068088731812243
0.13933244196642605
0.14652252271533467
0.12908687566453034
0.0923494129148876
0.04823745225609876
0.005005348768732441
0.038398395785473924
0.07750225230419056
0.09886356584348326
0.09656239209886702
0.07389370483847027
0.0326549204940792
0.021640276690637714
0.07442832713114801
0.11450220241721405
0.1382669170044746
0.14053531165968336
0.11905050753428456
0.08171167149615244
0.03589390434014939
0.01263041459345309
0.04686899032867755
0.05443750219198943
0.049607095025604835
0.044333524914930686
0.021954683185363255
0.020339542686327906
0.04754798718412723
0.046010289310192284
0.043318901825302694
0.03867979420196987
8.722773628230259E-4
0.046309571477411424
0.04636268824098824
0.019360212472408357
0.024103892312475755
0.035791729303758665
5.116903826743442E-18
0.04527782854417842
0.04731465875866067
0.051624470397020214
0.09259863555472524
0.09454603057891357
0.021161771153426767
0.03261255932113038
0.021338162108749722
0.03360763079429613
0.09786548151790178
0.12147433168068959
0.0914696898797423
0.09593434233565441
0.11505663853573973
0.048763484549054756
0.05641819338207248
0.07302424887212523
0.034065537526707386
0.04942760013009449
0.07866817815117277
0.03661268602091924
0.01331363439755162
5.448437890411411E-4
0.006336445689454595
0.08228627886487247
0.11826203704682027
0.05690047270063817
0.01109861354550582
0.04386147268940682
0.07143030936382483
0.06183692610878867
0.08280220923025156
0.11926478415007455
0.0850236941797239
0.009525804586262973
0.008505573054788064
0.012438015766272755
0.008984314985060356
0.05513028309430377
0.06340940624761725
0.04236141055901584
0.014409796765292455
0.042778658992959684
0.11923394085915445
0.15272904264499707
0.12478490606009479
0.07779140417138389
0.04296531707162011
0.028858985359978013
0.0369915131182946
0.03995606752139065
0.013042442153385637
0.006570145903625093
0.020418777367049574
0.05843847525192153
0.07268139650121347
0.08903318826958484
0.09567646540095905
0.03349702304277612
0.050636586703368916
0.03915923765555064
0.03474899050289789
0.03831477097311055
0.0057326180710029675
0.012731492749447673
0.04608897233482492
0.009747748258043799
0.004240235984308477
0.10831899804370103
0.16428598729171728
0.0721211843097105
0.01105060071957345
0.08871658243602173
0.12836102113619285
0.045039315956933515
0.007460426413718041
0.041968462048566225
0.03620811699163793
0.18071343405012114
0.14029765958421545
0.033165735822990025
0.06589473353097007
0.002004101580031116
0.06066307845776677
0.16948058978927402
0.11922427730528147
0.04093969481313275
0.10978582210518509
0.13502538279205453
0.042994698646929376
0.17188188735633408
0.0627180824023963
0.050068031472688686
0.0037966981664809144
4.920611425377077E-4
0.10701956384637777
0.09335543631107883
0.05032969697159288
0.04946066813722377
0.08313481373127649
0.06214425886038507
0.0855067834078981
0.08632705171175342
0.02724216135875306
0.033134632070038694
0.002581433622431889
0.07989790807596442
0.13549656084061165
0.008086719406642809
0.11132244396129876
0.04166366150878252
0.05322121926243866
0.019049448287345155
0.0154264919113673
0.034457509980107985
0.03870478295573484
0.02837484623956056
0.019019309261229425
0.059245451452065674
0.040893023037150214
0.0667264578989268
0.10303770413639927
0.047426665485633304
0.0028358505644940322
0.03744161255795197
0.08116554261958038
0.0805531972093315
0.012911892117040417
0.04210291497802032
0.03562957336047114
0.009452572004875493
0.0
0.009452572004875493
0.03562957336047114
0.04210291497802032
0.012911892117040417
0.0805531972093315
0.08116554261958038
0.03744161255795197
0.0028358505644940322
0.047426665485633304
0.10303770413639927
0.0667264578989268
0.040893023037150214
0.059245451452065674
0.019019309261229425
0.02837484623956056
0.03870478295573484
0.034457509980107985
0.0154264919113673
0.019049448287345155
0.05322121926243866
0.04166366150878252
0.11132244396129876
0.008086719406642809
0.13549656084061165
0.07989790807596442
0.002581433622431889
0.033134632070038694
0.02724216135875306
0.08632705171175342
0.0855067834078981
0.06214425886038507
0.08313481373127649
0.04946066813722377
0.05032969697159288
0.09335543631107883
0.10701956384637777
4.920611425377077E-4
0.0037966981664809144
0.050068031472688686
0.0627180824023963
0.17188188735633408
0.042994698646929376
0.13502538279205453
0.10978582210518509
0.04093969481313275
0.11922427730528147
0.16948058978927402
0.06066307845776677
0.002004101580031116
0.06589473353097007
0.033165735822990025
0.14029765958421545
0.18071343405012114
0.03620811699163793
0.041968462048566225
0.007460426413718041
0.045039315956933515
0.12836102113619285
0.08871658243602173
0.01105060071957345
0.0721211843097105
0.16428598729171728
0.10831899804370103
0.004240235984308477
0.009747748258043799
0.04608897233482492
0.012731492749447673
0.0057326180710029675
0.03831477097311055
0.03474899050289789
0.03915923765555064
0.050636586703368916
0.03349702304277612
0.09567646540095905
0.08903318826958484
0.07268139650121347
0.05843847525192153
0.020418777367049574
0.006570145903625093
0.013042442153385637
0.03995606752139065
0.0369915131182946
0.028858985359978013
0.04296531707162011
0.07779140417138389
0.12478490606009479
0.15272904264499707
0.11923394085915445
0.042778658992959684
0.014409796765292455
0.04236141055901584
0.06340940624761725
0.05513028309430377
0.008984314985060356
0.012438015766272755
0.008505573054788064
0.009525804586262973
0.0850236941797239
0.11926478415007455
0.08280220923025156
0.06183692610878867
0.07143030936382483
0.04386147268940682
0.01109861354550582
0.05690047270063817
0.11826203704682027
0.08228627886487247
0.006336445689454595
5.448437890411411E-4
0.01331363439755162
0.03661268602091924
0.07866817815117277
0.04942760013009449
0.034065537526707386
0.07302424887212523
0.05641819338207248
0.048763484549054756
0.11505663853573973
0.09593434233565441
0.0914696898797423
0.12147433168068959
0.09786548151790178
0.03360763079429613
0.021338162108749722
0.03261255932113038
0.021161771153426767
0.09454603057891357
0.09259863555472524
0.051624470397020214
0.04731465875866067
0.04527782854417842
5.116903826743442E-18
0.035791729303758665
0.024103892312475755
0.019360212472408357
0.04636268824098824
0.046309571477411424
8.722773628230259E-4
0.03867979420196987
0.043318901825302694
0.046010289310192284
0.04754798718412723
0.020339542686327906
0.021954683185363255
0.044333524914930686
0.049607095025604835
0.05443750219198943
0.04686899032867755
0.01263041459345309
0.03589390434014939
0.08171167149615244
0.11905050753428456
0.14053531165968336
0.1382669170044746
0.11450220241721405
0.07442832713114801
0.021640276690637714
0.0326549204940792
0.07389370483847027
0.09656239209886702
0.09886356584348326
0.07750225230419056
0.038398395785473924
0.005005348768732441
0.04823745225609876
0.0923494129148876
0.12908687566453034
0.14652252271533467
0.13933244196642605
0.1068088731812243
0.058513981730463634
0.01723352134959148
0.0054682216385954505
0.01989718293648099
0.028068180583749824
0.018519537467419814
4.4006328745128834E-4
0.009429420286328165
0.02846195257071597
0.06904901715502847
0.08634214265234515
0.04840703147621529
0.006202009664181574
0.004361637770278585
0.005803071138805232
0.008007176091061797
0.015158516752998941
0.06920783971429345
0.06939567388598394
0.026152418324684783
0.04247681441003373
0.10086412092148041
0.08535650501634949
0.01744814418346602
0.009213767090677352
0.026561293838441476
0.019194513254577564
0.046088972334824875
0.03537184235426604
0.09536786758564889
0.01934664266734356
0.05235647619292383
0.0016541728341353667
0.037985353162258866
0.016451918891172698
0.018358338740019783
0.07018686988796036
0.06959113152724915
0.025453095242608782
0.002199303237889422
0.12461111499627249
0.11733410056523967
0.009831988410209297
0.03451126767255811
0.014731845988296294
0.03615919328765279
0.08996785617154253
0.016474296423047048
0.11925534598261019
0.03031391519977192
0.07262806822858807
0.0026883702225661893
0.07050079242535556
0.0029173543765861646
0.05443452433647298
0.010212727100358665
0.010265633321972514
0.08494109844054397
0.05342185814124761
0.10715423618545622
0.1382669170044746
0.014773329620456544
0.04046381512998516
0.007054732976056096
0.035664633848481835
0.07830735252011557
0.008599912292534135
0.06510993820390518
0.0053093080618679235
0.06585458827474977
0.008475267362770133
0.07264378805404276
0.053947220646390334
0.0028039835938778956
0.033362701674781246
0.07431056324124473
0.10459106290419405
0.04797013431977743
0.055192305308527013
0.09428783064512815
0.05476607262952945
0.009442357145720472
0.06199371554442634
0.06663916581872466
0.021410340799653458
0.00477623742558813
0.04729119690149674
0.055811420458005565
0.009080581469428035
0.06648878048451351
0.10700002276675841
0.1807072069938142
0.182427498259337
7.163665357440819E-17
0.18926073515623254
0.1723880389915264
0.08452028615206315
0.1152586355233004
0.12646930800301712
0.0012681560168255083
0.06254349748557729
0.015773029667766298
0.04162072095175167
0.2557224586146233
0.24887124948341613
0.011462914899206152
0.10664084319855051
0.020405324861971386
0.01783922813649727
0.07888019068477148
0.045094692382599395
0.20143022801175214
0.023511321208869163
0.20770583038288307
0.06619069983386841
0.14976579536828344
0.025399230550049244
0.1341262512922859
0.008904449144799296
0.11305261968816242
0.04624223298116506
0.03979259110817745
0.2611648862592727
0.30123714041929456
0.04310165372297792
0.17008226407606208
0.061640637000854676
0.12980044145790975
0.011268896038744007
0.08985605937928273
0.3052184933026642
0.15695242506292587
0.1155567979928111
0.003018883151656529
0.23244794086248433
0.0658277248468099
0.20830016141371194
0.1382669170044746
0.009909385947361947
0.059885330872499004
0.015530326905389743
0.29798393589428196
0.3984727875155169
0.11543283801289615
0.044138956287131624
0.1179362303702056
0.19551262758485857
0.07388896880978343
0.07988947005087044
0.20429494693380235
0.15025949345458167
0.03096809819929299
0.14161959461271123
0.2997505113071505
0.17034736234281234
0.1103184175080719
0.23700885465356072
0.2298540539635036
0.19143036599310087
0.046088972334824764
0.18728215661880127
0.3174453831704908
0.3142223284679466
0.3280013656111855
0.3916729881578471
0.4164102722612066
0.3567385601801157
0.18750534500523383
0.06648495081234718
0.22880237540515064
0.17545336211912022
0.046342093085442584
0.018381631339163387
0.08823118392473572
0.15577302254657216
0.07971866001424695
0.014877896395871688
0.13837866570233487
0.3637284162627152
0.28574354261014107
0.05976290833008524
0.06720258048390333
0.1596793165720215
0.05589924298591126
0.009618661863233957
0.21681484768107948
0.25320502830841174
0.0624057335624177
0.1517742577898805
0.22348621209911526
0.45172396474412435
0.2727541829329288
0.19825168404829419
0.3041844388584876
0.06721610028113056
0.3646856177202835
0.31811225122387654
0.0026415542680493344
0.1340911356974817
0.43316099394009766
0.16965726952319657
0.34448492208352643
0.4372982841039788
0.4223950436632069
0.7249294847094547
0.7733093327119824
0.18901947313754922
0.24797187614469904
0.05892029010280669
0.03442406496636044
0.34376306325164474
0.4882308604346043
0.16075896497139813
0.04864100883222036
0.21809535875702765
0.007279486332696896
0.46402709811811993
0.3455640009729372
0.1393266725566005
0.14390250869031862
0.18232752442701688
0.15981885695229378
0.002463191458896741
0.19139498960864396
0.325708971100744
3.0701422960460657E-17
0.23802589452050113
0.023313091676380356
0.21266523188098227
0.06472348281879874
0.3020169817437615
0.18599940587181663
0.11157633930383343
0.19938867213711894
0.08229364940668644
0.16071629732597373
0.06562615591347278
0.2588169063789787
0.3061065734269353
0.08513031672934801
0.04159512428824191
0.060109581328638216
0.12391707995069642
0.133747585660838
0.025189072172839718
0.013741074890877888
0.073683495774162
0.08678806537756732
0.06181228157103333
0.2570357729176643
0.393821102456279
0.38685883458054526
0.19855870387747854
0.01201952897719176
0.04060332566213298
0.1833925995795352
0.2531144970963884
0.3117537592963527
0.3765925742968716
0.2435543471967853
0.018604601091547348
0.040911883155098486
0.10148304488109207
0.050908285275989285
0.40463085512660046
0.42991540809128814
0.1684660535951789
0.023390459714195715
0.17115946950271205
0.6795786972787634
1.0
0.7013086553490033
0.3558671799792197
0.46390533799947625
0.48925073960519927
0.04468875656964543
0.2690802618508302
0.14919407589567876
0.18666160265715953
0.4495508473384031
0.20626540785834735
0.44394900611245686
0.5510577350547217
0.14700098714656304
0.13514435587942425
0.451019570529246
0.3433658140705507
0.06338921259044532
0.27111544741280175
0.49288046181174006
0.08933838964653992
