0.014293370930550128
0.013496518948234166
0.039519178357099345
0.08857181579097975
6.852145631420274E-4
0.11116188610073426
0.035900986067433235
0.06768707174238828
0.11739097705511099
0.09668872500013699
0.001367595500616917
0.21338643876036664
0.016624385589854244
0.04839591727670837
0.08727488146726221
0.10907454496285676
0.15414550085060053
0.6086517109844437
0.047738005030230034
0.03285959991808803
0.021098649932387605
0.004920375727567515
1.0
0.30115067091703
0.7004534525907499
0.2527718854334439
0.09658888405328082
0.14887748423241773
0.07948890077575081
0.09817743847758598
1.1821858856445446E-4
0.08036468838068328
0.0024173076358589367
0.02056093260777142
0.08892617870760251
0.06442977408229086
0.06710659135678543
0.0047153857166507985
0.06781742905870883
0.047383778330899046
0.05591350178359357
0.056038475253491565
0.02342791629323399
0.18658197806920152
0.01247848916576506
0.022859068432522806
0.003121926149806315
0.009825422301860929
0.003791903153405842
0.013869987838330582
0.006566871633087307
0.05553282988499842
0.017076247870678428
0.0016425699537968926
0.007722187240517271
0.015712691192509155
0.052872843745373044
0.039236627485875905
0.053589506747592094
0.06264538306086587
0.09268950128683001
0.03579078322520753
0.012600929761282255
0.022194583554628364
0.10963135855815491
0.09496245322009488
0.0736161580070016
0.03544046253644579
0.013125980091660511
0.05615293972152553
0.03935372229999249
0.01621367721527516
0.041405539633782865
0.006843841219177956
0.0042829722414512135
0.037145575057940236
0.1340722927741858
0.07644203705372415
0.05199318752070059
0.07461313749194624
0.12440773579314422
0.10805981568139557
0.08922371657391677
0.035842195193803404
0.1767397366620115
0.05968233462029648
0.5564872320270429
0.3204647022068601
0.2958643083703015
0.03985948130580999
0.21593760651120358
0.059148908528161966
0.03390400720069181
0.049621413759221696
0.030106147688298113
0.010622691024023306
0.06270483463200767
0.0941636102552033
0.13086175393721305
0.019920745096455052
0.08644312956437429
0.001353024581494569
0.06268752636691438
0.09972748676160005
0.03897241674218917
0.02204952628763255
0.03439978631230717
0.03413337400839279
0.09067120630645184
0.06503565469660835
0.06871281706358857
0.02737485655808379
0.05504645488018297
0.0571156746173254
0.02859219729873584
0.05245719203853255
0.04692327830221356
0.04788177945467682
0.017389574065133195
0.13374507841671932
1.237080176970104E-4
0.04383703693061894
0.025912272840531325
0.03216679461846157
0.026954354749414437
0.03006783718302472
0.0777880492897558
0.03037686501960329
0.07747991266784568
0.050608207257086216
0.0280799445582254
0.04592534450844415
0.048708315356660946
0.03782204906270629
0.03041659704997583
0.006487538691890619
0.0463305483597777
0.014882493970344805
0.0298128934648363
0.03409023603924487
0.11205864177702973
0.11519232564883504
0.002145069163147726
0.0020518684496902985
0.0711372406960068
0.03564197856905499
0.03646347809345024
0.011274852534304424
0.016402832519166754
0.0018166983331676294
0.06524988459269253
0.036456180258527114
0.01766941230470785
0.008331770278465272
0.025013399128462722
0.028216078747816453
9.554377532621941E-4
0.0832050488342129
0.04893274520934627
0.018294170587449858
0.03170654695776533
0.008854927221249968
0.03675076478706035
0.026898926585060396
0.02672564419332069
0.04658907493597646
0.07141147348991335
0.11974223040686512
0.04642566792712984
0.05216500520827569
0.018729404106037392
0.0015790040317757198
0.0072485644315711225
0.03943089852045933
0.028430036632614186
0.09244259437939649
0.03443945476510744
0.040262152901291814
0.0015998280574960582
0.03925732965334349
0.054001244849856626
0.006838567488292903
0.0478772415161995
0.04468157149344269
0.010240325701513201
0.052504900092896295
0.08256689443010762
0.023240935120731183
0.03310503964498123
0.10309234360320993
0.0030131230358688317
0.09000370570570376
0.02711862511949263
0.01049410690920617
0.05984311667015136
0.040100332447798946
0.0370271819775251
0.0618574146911116
0.003903726382726421
0.05482953956815654
0.01330035388460952
0.045074530402693
0.03779124025422694
0.045771094400219925
0.01343636928805123
0.03176335354086062
0.03662037919853515
0.07644997261918694
0.09882863764182435
0.006697611885566321
0.0017482882696524115
0.10275430079468242
0.002956520259482459
0.017658723245155935
0.025279454332181102
0.018520645647969576
0.008028923638529355
0.0034400987068758516
0.01208777280332558
0.023970017219758805
0.011558994744599487
0.034728659580973036
0.029080759033613388
0.0032890921496632726
0.047401358621443526
0.008986593494933052
0.020550790962933295
0.04281122673439218
0.04755695154344373
0.017617701771165135
0.013998975910176795
0.028586741861100256
0.07006220077242206
0.022262772761289885
0.010732648697625084
0.014851004412269766
0.07493646974325882
0.005865800998145395
0.012148270532666802
0.005098683519355375
0.028491932217523146
0.004418409358130202
0.08639660354925432
0.07103655084956105
0.10778584204105443
0.045969139024944095
0.03661463287149004
0.03415757821446524
0.014490233893722016
0.04775458159415533
0.005777584681996521
0.013478678933837874
0.019905926896507782
0.07911004793193775
0.07215852252748577
0.03280328387620712
0.06008612759290975
0.03518938827277954
0.013733912167890302
0.01598834423159764
0.062066910260860995
0.03007037446978278
0.026445931416428353
0.04192418793400233
0.04026710544626981
0.033923005187368765
0.03783654172910119
0.010849712677289078
0.017597037073982393
0.039119489155796744
0.01648868902289767
0.02420493751173922
0.08898209700122353
0.044572351759100834
5.437364698626959E-4
0.037322586299628716
0.022888874246311322
0.002413468192820407
0.03553224959718053
0.01199075335940132
0.03319970867463726
0.02415392920661553
0.04844498318649018
0.004354522953415145
0.016706176026520914
0.01967587182818548
0.0692200742625848
0.03974182504638032
0.04500169451380159
0.041348028696680375
8.596489402085349E-4
0.0688560925920382
0.040454605522069496
0.007106400634154612
0.04050829499164649
0.03705159484912873
0.02531672374464363
0.010304053888419958
0.03578155034762862
0.03156725911722328
8.638890639300653E-4
0.015297271958952334
0.006736898116067868
0.007750760639529332
0.021012830546129593
0.03403981873379435
0.033322641975155644
0.007064071989225782
0.02501339912846273
0.0174514025090922
0.014890540802245769
0.011467719234425432
0.029594043372574323
0.008672166974511099
0.03999557489427911
0.01715325482700004
0.008389848538709894
0.02913537120377703
0.022175074874324074
0.0068954953033978795
0.034698452394276616
0.031253770070735494
0.014576586767483803
0.03632082495893957
0.009266211650999081
0.007189095060998132
0.0078081302327546375
0.03772771704264236
0.01306436597138464
0.00321946520996365
0.026832318832624765
0.08570293879217084
0.019584684232887468
0.0041484240753091595
0.07153962679839679
0.038334511007807895
0.007014240123659763
0.018788094722767084
0.014831721597852003
0.03232833636167003
0.0399962339745924
0.025927758418416262
0.02908718219210777
0.018238359113154475
0.02950179948739635
0.014543446551473643
0.046735467086487376
0.0028430449349948327
0.00489014770559717
0.03546072340930768
0.013712875049367256
0.02149266656677842
0.020703422577833044
0.05241656312480735
0.008189397232433044
0.031273217415327605
0.03452036679543193
0.027402809489937376
0.026194218886350023
0.041936556379128825
0.02922802456992988
0.0951678398825556
0.020921537308108855
0.001747606238326888
0.01350377778742139
0.030093141778599095
0.011082568744456737
0.03799405122609886
0.06114296221147636
0.0471512442026571
0.05001904242594223
0.029148327348030335
0.05309163980242718
0.025101027056833508
0.03581959706766847
0.04410257163473102
0.02941902518164036
0.06712153166474041
0.06445663166408291
0.020792410594259854
0.004079437703479925
0.014182979714446223
0.0377244580534214
0.005036572705862839
0.010788903925423645
0.0021715030643015545
0.006722094433177555
0.0626303502372344
0.00960848883268378
0.05363489404842934
0.02357207824069914
0.037719863834724456
0.022684658349817446
0.014762662104121478
0.023657320003500855
0.030952572324405937
0.003931490245645036
2.6113016495681464E-4
0.05314347272142985
0.01993503040488238
0.008104453588105867
0.007765822580211924
0.0032566432865605704
0.018690615584285815
5.047225414886637E-4
0.0461678585740815
0.011178322246073959
0.04279808373611292
0.026998339780783538
0.021516195119408475
0.004683676525620645
0.04203320097557185
0.007321728107539004
0.025543804491130622
0.0029605400293999376
0.010580053554961071
0.007297099413622093
0.019060135578364265
0.015534263608502975
0.033553001021899266
0.0321529290747399
0.030019787544311363
0.016312459698165287
0.002326430580377712
0.034214959515008636
0.011909730242012844
0.01064364884221183
0.004186095709688278
0.03188877667559573
0.019332617543986113
0.012543454238647922
0.07228668353681336
0.018591201226916376
0.014054515568043368
0.002972309719833849
0.017342320866594037
0.06934257797781099
0.01133710286925682
0.03317601283872432
0.006364820641749625
0.06708339639735315
0.0027300560608506962
0.03651438626899547
0.041317235488780336
0.03071902344969553
0.004310404388731859
0.011672261482108552
0.0699389127519759
0.003996874889690659
0.0019568019506782243
0.047240581313004876
0.0034840398015808394
0.029657985712557566
0.008058196244341388
0.033662889067842976
0.020304780549286847
0.061696619240115026
0.02257406649467211
0.03370116361945886
0.013033335195281015
0.0013332824876929712
0.021089768987958647
0.014293370930550128
0.021089768987958647
0.0013332824876929712
0.013033335195281015
0.03370116361945886
0.02257406649467211
0.061696619240115026
0.020304780549286847
0.033662889067842976
0.008058196244341388
0.029657985712557566
0.0034840398015808394
0.047240581313004876
0.0019568019506782243
0.003996874889690659
0.0699389127519759
0.011672261482108552
0.004310404388731859
0.03071902344969553
0.041317235488780336
0.03651438626899547
0.0027300560608506962
0.06708339639735315
0.006364820641749625
0.03317601283872432
0.01133710286925682
0.06934257797781099
0.017342320866594037
0.002972309719833849
0.014054515568043368
0.018591201226916376
0.07228668353681336
0.012543454238647922
0.019332617543986113
0.03188877667559573
0.004186095709688278
0.01064364884221183
0.011909730242012844
0.034214959515008636
0.002326430580377712
0.016312459698165287
0.030019787544311363
0.0321529290747399
0.033553001021899266
0.015534263608502975
0.019060135578364265
0.007297099413622093
0.010580053554961071
0.0029605400293999376
0.025543804491130622
0.007321728107539004
0.04203320097557185
0.004683676525620645
0.021516195119408475
0.026998339780783538
0.04279808373611292
0.011178322246073959
0.0461678585740815
5.047225414886637E-4
0.018690615584285815
0.0032566432865605704
0.007765822580211924
0.008104453588105867
0.01993503040488238
0.05314347272142985
2.6113016495681464E-4
0.003931490245645036
0.030952572324405937
0.023657320003500855
0.014762662104121478
0.022684658349817446
0.037719863834724456
0.02357207824069914
0.05363489404842934
0.00960848883268378
0.0626303502372344
0.006722094433177555
0.0021715030643015545
0.010788903925423645
0.005036572705862839
0.0377244580534214
0.014182979714446223
0.004079437703479925
0.020792410594259854
0.06445663166408291
0.06712153166474041
0.02941902518164036
0.04410257163473102
0.03581959706766847
0.025101027056833508
0.05309163980242718
0.029148327348030335
0.05001904242594223
0.0471512442026571
0.06114296221147636
0.03799405122609886
0.011082568744456737
0.030093141778599095
0.01350377778742139
0.001747606238326888
0.020921537308108855
0.0951678398825556
0.02922802456992988
0.041936556379128825
0.026194218886350023
0.027402809489937376
0.03452036679543193
0.031273217415327605
0.008189397232433044
0.05241656312480735
0.020703422577833044
0.02149266656677842
0.013712875049367256
0.03546072340930768
0.00489014770559717
0.0028430449349948327
0.046735467086487376
0.014543446551473643
0.02950179948739635
0.018238359113154475
0.02908718219210777
0.025927758418416262
0.0399962339745924
0.03232833636167003
0.014831721597852003
0.018788094722767084
0.007014240123659763
0.038334511007807895
0.07153962679839679
0.0041484240753091595
0.019584684232887468
0.08570293879217084
0.026832318832624765
0.00321946520996365
0.01306436597138464
0.03772771704264236
0.0078081302327546375
0.007189095060998132
0.009266211650999081
0.03632082495893957
0.014576586767483803
0.031253770070735494
0.034698452394276616
0.0068954953033978795
0.022175074874324074
0.02913537120377703
0.008389848538709894
0.01715325482700004
0.03999557489427911
0.008672166974511099
0.029594043372574323
0.011467719234425432
0.014890540802245769
0.0174514025090922
0.02501339912846273
0.007064071989225782
0.033322641975155644
0.03403981873379435
0.021012830546129593
0.007750760639529332
0.006736898116067868
0.015297271958952334
8.638890639300653E-4
0.03156725911722328
0.03578155034762862
0.010304053888419958
0.02531672374464363
0.03705159484912873
0.04050829499164649
0.007106400634154612
0.040454605522069496
0.0688560925920382
8.596489402085349E-4
0.041348028696680375
0.04500169451380159
0.03974182504638032
0.0692200742625848
0.01967587182818548
0.016706176026520914
0.004354522953415145
0.04844498318649018
0.02415392920661553
0.03319970867463726
0.01199075335940132
0.03553224959718053
0.002413468192820407
0.022888874246311322
0.037322586299628716
5.437364698626959E-4
0.044572351759100834
0.08898209700122353
0.02420493751173922
0.01648868902289767
0.039119489155796744
0.017597037073982393
0.010849712677289078
0.03783654172910119
0.033923005187368765
0.04026710544626981
0.04192418793400233
0.026445931416428353
0.03007037446978278
0.062066910260860995
0.01598834423159764
0.013733912167890302
0.03518938827277954
0.06008612759290975
0.03280328387620712
0.07215852252748577
0.07911004793193775
0.019905926896507782
0.013478678933837874
0.005777584681996521
0.04775458159415533
0.014490233893722016
0.03415757821446524
0.03661463287149004
0.045969139024944095
0.10778584204105443
0.07103655084956105
0.08639660354925432
0.004418409358130202
0.028491932217523146
0.005098683519355375
0.012148270532666802
0.005865800998145395
0.07493646974325882
0.014851004412269766
0.010732648697625084
0.022262772761289885
0.07006220077242206
0.028586741861100256
0.013998975910176795
0.017617701771165135
0.04755695154344373
0.04281122673439218
0.020550790962933295
0.008986593494933052
0.047401358621443526
0.0032890921496632726
0.029080759033613388
0.034728659580973036
0.011558994744599487
0.023970017219758805
0.01208777280332558
0.0034400987068758516
0.008028923638529355
0.018520645647969576
0.025279454332181102
0.017658723245155935
0.002956520259482459
0.10275430079468242
0.0017482882696524115
0.006697611885566321
0.09882863764182435
0.07644997261918694
0.03662037919853515
0.03176335354086062
0.01343636928805123
0.045771094400219925
0.03779124025422694
0.045074530402693
0.01330035388460952
0.05482953956815654
0.003903726382726421
0.0618574146911116
0.0370271819775251
0.040100332447798946
0.05984311667015136
0.01049410690920617
0.02711862511949263
0.09000370570570376
0.0030131230358688317
0.10309234360320993
0.03310503964498123
0.023240935120731183
0.08256689443010762
0.052504900092896295
0.010240325701513201
0.04468157149344269
0.0478772415161995
0.006838567488292903
0.054001244849856626
0.03925732965334349
0.0015998280574960582
0.040262152901291814
0.03443945476510744
0.09244259437939649
0.028430036632614186
0.03943089852045933
0.0072485644315711225
0.0015790040317757198
0.018729404106037392
0.05216500520827569
0.04642566792712984
0.11974223040686512
0.07141147348991335
0.04658907493597646
0.02672564419332069
0.026898926585060396
0.03675076478706035
0.008854927221249968
0.03170654695776533
0.018294170587449858
0.04893274520934627
0.0832050488342129
9.554377532621941E-4
0.028216078747816453
0.025013399128462722
0.008331770278465272
0.01766941230470785
0.036456180258527114
0.06524988459269253
0.0018166983331676294
0.016402832519166754
0.011274852534304424
0.03646347809345024
0.03564197856905499
0.0711372406960068
0.0020518684496902985
0.002145069163147726
0.11519232564883504
0.11205864177702973
0.03409023603924487
0.0298128934648363
0.014882493970344805
0.0463305483597777
0.006487538691890619
0.03041659704997583
0.03782204906270629
0.048708315356660946
0.04592534450844415
0.0280799445582254
0.050608207257086216
0.07747991266784568
0.03037686501960329
0.0777880492897558
0.03006783718302472
0.026954354749414437
0.03216679461846157
0.025912272840531325
0.04383703693061894
1.237080176970104E-4
0.13374507841671932
0.017389574065133195
0.04788177945467682
0.04692327830221356
0.05245719203853255
0.02859219729873584
0.0571156746173254
0.05504645488018297
0.02737485655808379
0.06871281706358857
0.06503565469660835
0.09067120630645184
0.03413337400839279
0.03439978631230717
0.02204952628763255
0.03897241674218917
0.09972748676160005
0.06268752636691438
0.001353024581494569
0.08644312956437429
0.019920745096455052
0.13086175393721305
0.0941636102552033
0.06270483463200767
0.010622691024023306
0.030106147688298113
0.049621413759221696
0.03390400720069181
0.059148908528161966
0.21593760651120358
0.03985948130580999
0.2958643083703015
0.3204647022068601
0.5564872320270429
0.05968233462029648
0.1767397366620115
0.035842195193803404
0.08922371657391677
0.10805981568139557
0.12440773579314422
0.07461313749194624
0.05199318752070059
0.07644203705372415
0.1340722927741858
0.037145575057940236
0.0042829722414512135
0.006843841219177956
0.041405539633782865
0.01621367721527516
0.03935372229999249
0.05615293972152553
0.013125980091660511
0.03544046253644579
0.0736161580070016
0.09496245322009488
0.10963135855815491
0.022194583554628364
0.012600929761282255
0.03579078322520753
0.09268950128683001
0.06264538306086587
0.053589506747592094
0.039236627485875905
0.052872843745373044
0.015712691192509155
0.007722187240517271
0.0016425699537968926
0.017076247870678428
0.05553282988499842
0.006566871633087307
0.013869987838330582
0.003791903153405842
0.009825422301860929
0.003121926149806315
0.022859068432522806
0.01247848916576506
0.18658197806920152
0.02342791629323399
0.056038475253491565
0.05591350178359357
0.047383778330899046
0.06781742905870883
0.0047153857166507985
0.06710659135678543
0.06442977408229086
0.08892617870760251
0.02056093260777142
0.0024173076358589367
0.08036468838068328
1.1821858856445446E-4
0.09817743847758598
0.07948890077575081
0.14887748423241773
0.09658888405328082
0.2527718854334439
0.7004534525907499
0.30115067091703
1.0
0.004920375727567515
0.021098649932387605
0.03285959991808803
0.047738005030230034
0.6086517109844437
0.15414550085060053
0.10907454496285676
0.08727488146726221
0.04839591727670837
0.016624385589854244
0.21338643876036664
0.001367595500616917
0.09668872500013699
0.11739097705511099
0.06768707174238828
0.035900986067433235
0.11116188610073426
6.852145631420274E-4
0.08857181579097975
0.039519178357099345
0.013496518948234166
