0.2209327349339201
0.005975726747507695
0.08738000766345848
0.021628152937914553
0.06387838285265877
0.16292580491137829
0.15419748173277353
0.006049007622203847
0.057806048541266926
0.11116563155641188
0.0533568623231106
0.11343634277466455
0.019302084805942994
0.13988677950850534
0.038943003136125434
0.04998817734013543
0.41411338768236716
0.21287075616697895
1.0
0.15454998655068433
0.022474698893695702
0.040682754229885515
0.01979908740410066
0.013352158490243307
0.48806790353292706
0.03449033978678319
0.1615652123151007
0.12374056659563584
0.0039630812893857665
0.04266728958678374
0.2296295167214365
0.16647750865123703
0.05885900392351073
0.0676018845534611
0.035963269816743464
0.0990693182596086
0.047555159132563696
0.09596833651881326
0.02165126404830266
0.06081633313009327
0.08656716967655492
0.0325149829736226
0.0021808122828371377
0.020758780551298824
0.009377531250210541
0.08345985427872803
0.001839896433071181
0.0012876437947674593
0.03751769459248984
0.02983807213241695
0.009713157908605663
0.07156331644681764
0.10408514252762657
0.10271416241678961
0.050202944833035695
0.007974848335890463
0.033497328952305096
0.06808263750911923
0.1300017968527628
0.07770584476726115
0.13088567823022668
0.022280005678038364
0.06482661439733972
0.04838970461453827
0.037168430070348306
0.13208889276215782
0.09892619787407789
0.05627538122848957
0.09570986996496769
0.0018012805199735494
0.0694045232630615
0.05293034079832467
0.035502466911438324
0.028964645526108772
0.03150260006310223
0.06406964861518566
0.04110893215939532
0.049731310766962064
0.189051857054341
0.03280509715530956
0.010593596535202211
0.05617249527699418
0.11750362381340129
0.020633679305754344
0.17945763301385867
0.16604609909557094
0.00784062817078955
0.05821398130155455
0.1196782131112406
0.19237246315256168
0.24712635438985484
0.03405808272011498
0.07195721754046182
0.023315759825807292
0.030159187052654614
0.10159318698483052
0.08702245314715568
0.0058884131647990706
0.005884764166201805
0.12395505332677603
0.026432716763193944
0.05354935239636419
0.026510384624888406
0.11130775522780685
2.248829718725339E-4
0.03808819883688412
0.04026985305008379
0.011722023182038311
0.014445457900015902
0.015694293922075254
0.05265310048391973
0.02767677991844219
0.08364725166906448
0.020392891769559045
0.013702883775830456
0.006014997909922189
0.02405260079988348
0.021356408566932956
0.05363823565327259
0.09381431323816455
0.06135699772480772
0.018416845012784643
0.001478541749745238
0.009867094364003678
0.05197400803643658
0.04271024720150384
0.01178063812548213
0.020429910974703463
0.05619096402033749
0.02520368350961155
0.018552435803592424
0.04342801959470272
0.08450538759666325
0.011395934423471983
0.01968551760963234
0.019038484603522213
0.050818144509355824
0.011667826695662362
0.037341726669395926
0.03096414387679064
0.05742199949548844
0.01812347212329334
0.02219936421736844
0.010574413649551738
0.055749566283920825
0.12165499587057035
0.011827857940911315
0.08538557417003893
0.055273706116532595
0.06797700704584846
0.0081245661275121
0.062300155534367074
0.1149195164948395
0.04586230045277304
0.03682212248898668
0.15824300893872617
0.06986872271536049
0.03359567220271085
0.005944400101414921
0.042553346385986165
0.017153540908332533
0.008053116351282653
0.034622204509308974
0.026700688282838274
0.0013018465110661757
6.352083438091124E-4
0.09167482471614138
0.013288160943941725
0.01461822708878649
0.02079168403670327
0.05459700937539134
0.027978438789332226
0.0159881194212733
0.07800419839731525
0.10401626984550057
0.015322640062634035
0.01097181623624949
0.025479370762193275
0.009478690951182847
0.09868873995523783
0.018725398902084904
0.0201481234817044
0.08138598125399525
0.011941803860254042
0.010865219784459156
0.0315981911491849
0.035160834703317885
0.03389386868267447
0.032255640641986494
0.028263727234523695
0.045720178261764374
0.058540213890386765
0.016581013980557936
0.010539972345766492
0.02785595288476701
0.05978153738617561
0.05784168476671359
0.07430871455675496
0.04105478529971262
0.0767955114570684
0.039483788739800525
0.02757156929960256
0.01056054311493421
0.02663814282581675
0.0820720240263487
0.028099188664190696
0.015038820408371789
0.002164108155111632
0.02815706593239791
0.06308935589478713
0.023908048070791988
0.013148562381598852
0.011360236142270165
0.030511999996192984
0.040179466302325634
0.014955675682478695
0.03958469817961697
0.012755529532072872
0.020868044280139955
0.021090091204438013
0.014851407102308829
0.010067998241361106
0.05877685863588309
0.0023954349247145255
0.020822268068946496
0.025976423569113456
0.028291523201796634
0.010353871967387013
0.017428432549517262
0.01802020222581368
0.0219760960134516
0.006694931361633943
0.028027731621778993
0.02298128824039944
0.026682897676864954
0.03579728725261291
0.012729952633855264
0.015429829819868377
0.03313207651362006
0.04384449204007621
0.05011083406558684
0.007841865165480171
0.05622697588950077
0.04930780071346397
0.03960827430913438
0.05991784865040989
0.018046666984169825
2.9965793376470097E-4
0.05409219061361752
0.0076802113930298736
0.016849179320077772
0.02183128591939669
0.026647184432296897
0.057239064653299816
0.03528837062047171
0.04232003529449533
0.025612305660996478
0.008626919827226692
0.0018010010811878082
0.016391725955122095
0.035303145841412774
0.012043405352774912
0.05917378071473672
0.04612329043218974
0.005154737770733867
0.029291756930768763
0.035734832591013524
0.010134482999145364
0.016878579265717307
0.01131005609345586
0.0053545341721447344
0.013850835090412173
0.05365410940311085
0.024270977743630247
0.05827487290397453
0.07820531927856227
0.026493658798361547
0.01170834050544081
0.004259845641965214
0.02755077156360808
0.02239312980876922
0.00962231544920238
0.023573871001860886
0.055844205512159684
0.01937626060827587
0.017133120849366183
0.038386108938571216
0.013452093330723999
0.014969598167513734
0.027018880813668482
0.013081960152729513
0.05492624657541759
0.028547060942736006
0.028905084996490985
0.02061050426674361
0.006700299652306421
0.012826797977037887
0.020428501580235296
0.04794543624908528
0.0077711321140798845
0.03660724224005685
0.03358702256423613
0.02200616965159259
0.009549173657445849
0.015522642853081518
9.283645872855444E-4
0.013555215880150472
0.04334499940174918
0.05021198521225457
0.03181370224824628
0.06319151969288296
0.008399700314442777
0.02368197094300345
0.0034461449929960447
0.00678788425730135
0.028495930810397318
0.011796825894944806
0.07242731470731358
0.01755721651887797
0.003641833632257962
0.001285675465961716
0.010433392008288406
0.010392987817495826
0.012338687618249949
0.007478862118163417
0.011485527584385459
0.021198876247362025
0.02165372892690161
0.005927961048303781
0.019574336113244366
0.020697369505424133
0.014987206420914204
0.030933289608110152
0.037801070993573035
0.023692408056020894
0.0038767202459570765
0.0029319157187619876
0.022358976772049337
0.03220088668685384
0.028210848027424542
0.03830564690915187
0.0016858742446400454
0.011114662195774044
0.010840373235391446
0.026060980205200576
0.01845570191658946
0.0013672338375381344
0.04380170113919131
0.0100988842538316
0.0014183163061489304
0.018947175663089327
0.009366084225072239
0.02507319659099696
0.0257266815696806
0.009086535418175466
0.047320554410222586
0.023694864393110703
0.006009368264670122
0.010567869564678468
0.007696300302678069
0.001553948880127365
0.004914212905590738
0.02000261423950163
0.009337422143829422
0.022290360576508118
0.0036599139288971978
0.02896813724560727
0.0358056255950969
0.02369861560530647
0.047261114435506284
0.008395045485761185
0.0123412418443938
0.038810977183299365
0.005939329648682772
0.01694258484960606
0.012688376645757895
0.018204810068866612
0.01706113002239474
0.013911528531550704
0.016686990679512015
0.046954023768725504
0.011655324935771361
0.03863725603184033
0.023513647136595036
0.0026220805974235093
0.04303637940532813
0.018435815962797215
0.0013681567504859429
0.008466424475805631
0.009391903314325524
0.009240187632125554
0.016540322346469634
0.0012811101359896453
0.01512783590620501
0.012714792469420554
0.07119625114450762
0.010763845057112077
0.02437552272934204
0.012839103828177763
0.004197377124272172
0.047723185731236635
0.04889816333957039
7.92030947885082E-4
0.016939348644449962
0.043300278036542725
0.003316610098424655
0.031442733867591936
0.03976812075666468
0.01772290039528014
0.007932718779147058
0.006070632518904602
0.024801729714760048
0.0015612925938790205
0.009593394679794809
0.024476421724958324
0.022919598707173933
0.008287021012970226
0.007062811361197877
0.0069887063502634674
0.03886529328022983
0.004444062193673698
0.04505576438712139
0.022053379413819057
0.017355261302375632
0.01666786373311851
0.016954796852396
0.03362366256919561
0.006360801200712928
0.014701461697538895
0.014940086270938622
0.020765203459752333
0.05720536794818364
0.028086251230304882
0.008723089953441843
0.034261550873213954
0.05562844977317288
0.011867820276069103
0.01953696473616569
1.3373220990867565E-5
0.010044837140052386
0.007796953104478785
0.0011269748409742215
0.05294028482708868
6.182673157879629E-4
0.02076067912249084
0.006011629700793084
0.007046670485346263
0.01398497653032473
0.024891644313225523
0.0027230562145265924
0.050870586696759666
0.02300778792974837
0.015866024928849913
0.006150280982744835
0.01443088391761591
0.003337009087143079
0.021125681106254294
4.5938137148900614E-4
0.005602237703382061
0.012683011734867257
0.042835793029304084
0.00585431215298576
0.006694931361633943
0.00585431215298576
0.042835793029304084
0.012683011734867257
0.005602237703382061
4.5938137148900614E-4
0.021125681106254294
0.003337009087143079
0.01443088391761591
0.006150280982744835
0.015866024928849913
0.02300778792974837
0.050870586696759666
0.0027230562145265924
0.024891644313225523
0.01398497653032473
0.007046670485346263
0.006011629700793084
0.02076067912249084
6.182673157879629E-4
0.05294028482708868
0.0011269748409742215
0.007796953104478785
0.010044837140052386
1.3373220990867565E-5
0.01953696473616569
0.011867820276069103
0.05562844977317288
0.034261550873213954
0.008723089953441843
0.028086251230304882
0.05720536794818364
0.020765203459752333
0.014940086270938622
0.014701461697538895
0.006360801200712928
0.03362366256919561
0.016954796852396
0.01666786373311851
0.017355261302375632
0.022053379413819057
0.04505576438712139
0.004444062193673698
0.03886529328022983
0.0069887063502634674
0.007062811361197877
0.008287021012970226
0.022919598707173933
0.024476421724958324
0.009593394679794809
0.0015612925938790205
0.024801729714760048
0.006070632518904602
0.007932718779147058
0.01772290039528014
0.03976812075666468
0.031442733867591936
0.003316610098424655
0.043300278036542725
0.016939348644449962
7.92030947885082E-4
0.04889816333957039
0.047723185731236635
0.004197377124272172
0.012839103828177763
0.02437552272934204
0.010763845057112077
0.07119625114450762
0.012714792469420554
0.01512783590620501
0.0012811101359896453
0.016540322346469634
0.009240187632125554
0.009391903314325524
0.008466424475805631
0.0013681567504859429
0.018435815962797215
0.04303637940532813
0.0026220805974235093
0.023513647136595036
0.03863725603184033
0.011655324935771361
0.046954023768725504
0.016686990679512015
0.013911528531550704
0.01706113002239474
0.018204810068866612
0.012688376645757895
0.01694258484960606
0.005939329648682772
0.038810977183299365
0.0123412418443938
0.008395045485761185
0.047261114435506284
0.02369861560530647
0.0358056255950969
0.02896813724560727
0.0036599139288971978
0.022290360576508118
0.009337422143829422
0.02000261423950163
0.004914212905590738
0.001553948880127365
0.007696300302678069
0.010567869564678468
0.006009368264670122
0.023694864393110703
0.047320554410222586
0.009086535418175466
0.0257266815696806
0.02507319659099696
0.009366084225072239
0.018947175663089327
0.0014183163061489304
0.0100988842538316
0.04380170113919131
0.0013672338375381344
0.01845570191658946
0.026060980205200576
0.010840373235391446
0.011114662195774044
0.0016858742446400454
0.03830564690915187
0.028210848027424542
0.03220088668685384
0.022358976772049337
0.0029319157187619876
0.0038767202459570765
0.023692408056020894
0.037801070993573035
0.030933289608110152
0.014987206420914204
0.020697369505424133
0.019574336113244366
0.005927961048303781
0.02165372892690161
0.021198876247362025
0.011485527584385459
0.007478862118163417
0.012338687618249949
0.010392987817495826
0.010433392008288406
0.001285675465961716
0.003641833632257962
0.01755721651887797
0.07242731470731358
0.011796825894944806
0.028495930810397318
0.00678788425730135
0.0034461449929960447
0.02368197094300345
0.008399700314442777
0.06319151969288296
0.03181370224824628
0.05021198521225457
0.04334499940174918
0.013555215880150472
9.283645872855444E-4
0.015522642853081518
0.009549173657445849
0.02200616965159259
0.03358702256423613
0.03660724224005685
0.0077711321140798845
0.04794543624908528
0.020428501580235296
0.012826797977037887
0.006700299652306421
0.02061050426674361
0.028905084996490985
0.028547060942736006
0.05492624657541759
0.013081960152729513
0.027018880813668482
0.014969598167513734
0.013452093330723999
0.038386108938571216
0.017133120849366183
0.01937626060827587
0.055844205512159684
0.023573871001860886
0.00962231544920238
0.02239312980876922
0.02755077156360808
0.004259845641965214
0.01170834050544081
0.026493658798361547
0.07820531927856227
0.05827487290397453
0.024270977743630247
0.05365410940311085
0.013850835090412173
0.0053545341721447344
0.01131005609345586
0.016878579265717307
0.010134482999145364
0.035734832591013524
0.029291756930768763
0.005154737770733867
0.04612329043218974
0.05917378071473672
0.012043405352774912
0.035303145841412774
0.016391725955122095
0.0018010010811878082
0.008626919827226692
0.025612305660996478
0.04232003529449533
0.03528837062047171
0.057239064653299816
0.026647184432296897
0.02183128591939669
0.016849179320077772
0.0076802113930298736
0.05409219061361752
2.9965793376470097E-4
0.018046666984169825
0.05991784865040989
0.03960827430913438
0.04930780071346397
0.05622697588950077
0.007841865165480171
0.05011083406558684
0.04384449204007621
0.03313207651362006
0.015429829819868377
0.012729952633855264
0.03579728725261291
0.026682897676864954
0.02298128824039944
0.028027731621778993
0.006694931361633943
0.0219760960134516
0.01802020222581368
0.017428432549517262
0.010353871967387013
0.028291523201796634
0.025976423569113456
0.020822268068946496
0.0023954349247145255
0.05877685863588309
0.010067998241361106
0.014851407102308829
0.021090091204438013
0.020868044280139955
0.012755529532072872
0.03958469817961697
0.014955675682478695
0.040179466302325634
0.030511999996192984
0.011360236142270165
0.013148562381598852
0.023908048070791988
0.06308935589478713
0.02815706593239791
0.002164108155111632
0.015038820408371789
0.028099188664190696
0.0820720240263487
0.02663814282581675
0.01056054311493421
0.02757156929960256
0.039483788739800525
0.0767955114570684
0.04105478529971262
0.07430871455675496
0.05784168476671359
0.05978153738617561
0.02785595288476701
0.010539972345766492
0.016581013980557936
0.058540213890386765
0.045720178261764374
0.028263727234523695
0.032255640641986494
0.03389386868267447
0.035160834703317885
0.0315981911491849
0.010865219784459156
0.011941803860254042
0.08138598125399525
0.0201481234817044
0.018725398902084904
0.09868873995523783
0.009478690951182847
0.025479370762193275
0.01097181623624949
0.015322640062634035
0.10401626984550057
0.07800419839731525
0.0159881194212733
0.027978438789332226
0.05459700937539134
0.02079168403670327
0.01461822708878649
0.013288160943941725
0.09167482471614138
6.352083438091124E-4
0.0013018465110661757
0.026700688282838274
0.034622204509308974
0.008053116351282653
0.017153540908332533
0.042553346385986165
0.005944400101414921
0.03359567220271085
0.06986872271536049
0.15824300893872617
0.03682212248898668
0.04586230045277304
0.1149195164948395
0.062300155534367074
0.0081245661275121
0.06797700704584846
0.055273706116532595
0.08538557417003893
0.011827857940911315
0.12165499587057035
0.055749566283920825
0.010574413649551738
0.02219936421736844
0.01812347212329334
0.05742199949548844
0.03096414387679064
0.037341726669395926
0.011667826695662362
0.050818144509355824
0.019038484603522213
0.01968551760963234
0.011395934423471983
0.08450538759666325
0.04342801959470272
0.018552435803592424
0.02520368350961155
0.05619096402033749
0.020429910974703463
0.01178063812548213
0.04271024720150384
0.05197400803643658
0.009867094364003678
0.001478541749745238
0.018416845012784643
0.06135699772480772
0.09381431323816455
0.05363823565327259
0.021356408566932956
0.02405260079988348
0.006014997909922189
0.013702883775830456
0.020392891769559045
0.08364725166906448
0.02767677991844219
0.05265310048391973
0.015694293922075254
0.014445457900015902
0.011722023182038311
0.04026985305008379
0.03808819883688412
2.248829718725339E-4
0.11130775522780685
0.026510384624888406
0.05354935239636419
0.026432716763193944
0.12395505332677603
0.005884764166201805
0.0058884131647990706
0.08702245314715568
0.10159318698483052
0.030159187052654614
0.023315759825807292
0.07195721754046182
0.03405808272011498
0.24712635438985484
0.19237246315256168
0.1196782131112406
0.05821398130155455
0.00784062817078955
0.16604609909557094
0.17945763301385867
0.020633679305754344
0.11750362381340129
0.05617249527699418
0.010593596535202211
0.03280509715530956
0.189051857054341
0.049731310766962064
0.04110893215939532
0.06406964861518566
0.03150260006310223
0.028964645526108772
0.035502466911438324
0.05293034079832467
0.0694045232630615
0.0018012805199735494
0.09570986996496769
0.05627538122848957
0.09892619787407789
0.13208889276215782
0.037168430070348306
0.04838970461453827
0.06482661439733972
0.022280005678038364
0.13088567823022668
0.07770584476726115
0.1300017968527628
0.06808263750911923
0.033497328952305096
0.007974848335890463
0.050202944833035695
0.10271416241678961
0.10408514252762657
0.07156331644681764
0.009713157908605663
0.02983807213241695
0.03751769459248984
0.0012876437947674593
0.001839896433071181
0.08345985427872803
0.009377531250210541
0.020758780551298824
0.0021808122828371377
0.0325149829736226
0.08656716967655492
0.06081633313009327
0.02165126404830266
0.09596833651881326
0.047555159132563696
0.0990693182596086
0.035963269816743464
0.0676018845534611
0.05885900392351073
0.16647750865123703
0.2296295167214365
0.04266728958678374
0.0039630812893857665
0.12374056659563584
0.1615652123151007
0.03449033978678319
0.48806790353292706
0.013352158490243307
0.01979908740410066
0.040682754229885515
0.022474698893695702
0.15454998655068433
1.0
0.21287075616697895
0.41411338768236716
0.04998817734013543
0.038943003136125434
0.13988677950850534
0.019302084805942994
0.11343634277466455
0.0533568623231106
0.11116563155641188
0.057806048541266926
0.006049007622203847
0.15419748173277353
0.16292580491137829
0.06387838285265877
0.021628152937914553
0.08738000766345848
0.005975726747507695
