-0.34581575056185176
0.01157062865920471
0.07414369703703992
0.024197739616998382
0.47887040712291357
0.07753849790332519
0.3913272641369607
0.34281577726638085
0.33614793512980506
0.025767779771939798
0.47095969045080766
0.8281542496708503
0.2522312717308312
0.6470759439242235
0.27230913301297976
0.3559694456331043
0.18731465901290212
0.7971542622919539
0.8534037986243717
0.6104443077832037
0.723178325132613
0.07914123244920851
0.12081889901773447
0.45291669290917647
1.0
0.6512540707772834
0.9117575323347553
0.6761013450863343
0.1170296631407562
0.07467855858174961
0.6113984737303981
0.9996517914039795
0.5008753061394084
0.9398530057427198
0.4961256868905716
0.12321225564697358
0.022558601596090105
0.6523141540709727
0.7269125106098171
0.5391659788587816
0.7262906682879778
0.17576703207874655
0.06260303284902691
0.1907763071191951
0.6418807009541194
0.31338607252245443
0.6211994731235417
0.44339753857572656
0.13559378259462013
0.21428552542056187
0.3447064446707311
0.5444066161189655
0.03980488625935608
0.5403451419549319
0.1728230522017881
0.20968433410742215
0.15223355499136748
0.349617824230052
0.26226823811002453
0.03695503023675164
0.286470291626648
0.10394715184205103
0.012868468710819403
0.03972497688709874
0.2600661046872216
0.14906410728682534
0.13179545477099383
0.0027586606581225088
0.33451429131788085
0.20932821529099452
0.14787504429021192
0.09939893359533328
0.4477118450405322
0.06684927358127511
0.2359196948147947
0.37734846567651464
0.19828242927657316
0.10651564368744172
0.17005149134940348
0.4614970412085115
0.19132648284433243
0.46395835731699975
0.2093717222845357
0.032485643231623285
0.030923290666840124
0.4790745722045559
0.29340726812282825
0.45222719734358574
0.6526669104814989
0.033918957395402155
0.25854066410721344
0.0034426867956964553
0.6004225133444864
0.17919840663954023
0.5623469270090574
0.649845308818717
0.06939472837699798
0.33562603151783443
0.03186614074807259
0.38006953015822587
0.19074076177876803
0.5381676550216324
0.3792072632507772
0.27583449173744495
0.31144673597648337
0.11595664928743757
0.03788984557877763
0.1926299232532311
0.4295451535912024
0.011047985806953995
0.40174764783109984
0.2568684050130759
0.14067125930950777
0.33245814451213473
0.08118840799469788
0.19634350874280454
0.1879293586254651
0.29554249055638476
0.133716375755633
0.013763406367793714
0.34525624638568464
0.06608864279378711
0.17401475479501108
0.15421509929321492
0.060817180897154544
0.08551914711454002
0.2596137038033463
0.20268787509457434
0.13536254715127063
0.5092820136471153
0.068754398425209
0.12420684472958829
0.26740119393649847
0.35632519165448734
0.09388989579064853
0.16046598387054545
0.5661077274585942
0.09190145089767017
0.2250436724167558
0.23049013268757698
0.20348578342583964
0.04752407649442091
0.24651032338435838
0.3184367357511735
0.17344561656462978
0.3013246391137076
0.0010190412926820676
0.030923290666840287
0.0016376899452367841
0.3599268699188592
0.019074955959619756
0.18499603280772192
0.3252660916232898
0.1832236164241033
0.1296809064606944
0.028270668622041768
0.33682316649984395
0.0800734545412467
0.13833472894071855
0.19985763829381392
0.13593560771647326
0.08346076833744048
0.05692247071023616
0.1267931799949212
0.013014975776796616
0.14989385276714579
0.03701050843903046
0.054235712465686606
0.03972497688709871
0.21232346002116534
0.09241134724917675
0.11793392433335922
0.2264596881480405
0.1690071583816999
0.1811174224786545
0.05899491780366039
0.24554139606100794
0.12396494402936115
0.1478980426773846
0.22962509040244672
0.04597030720718929
0.18790088306795413
0.055959002564157416
0.056392372056725606
8.604687360848944E-4
0.16628165515943988
0.09148710624525998
0.20762878091163575
0.17815654622232732
0.01338832023546197
0.19533890536459886
0.08863337523500384
0.20264888881323098
0.05208862476418528
0.3305246366359174
0.19665213431914258
0.04631678865803811
0.26326180267598154
0.058654495373677354
0.16523940451263644
0.034899388908251776
0.23406166860996294
0.1459015378246837
0.04302432105761431
0.1076478256410212
0.02622145436398957
0.006103513951583171
0.10308437769527459
0.06659165037595242
0.032051173402140594
0.1473199237735653
0.08997958076024218
0.09432251602092653
0.13512659090573773
0.16932265419306566
0.024074985058726996
0.21006928788345447
0.08007869814296835
0.18720728383609173
0.1883643957179644
0.07727435240228929
0.08865647028892412
0.06461716928631618
0.22098940143101597
0.15695142362468822
0.22889405276972039
0.18229597289559604
0.14604211355517313
0.006447458977380674
0.13608867133245228
0.09309124835068339
0.34581575056185176
0.2951024247153106
0.10458383632097662
0.2993319813937609
0.009447010972008625
0.19240536766190638
0.018040516080737413
0.32285531503934844
0.3235244768753161
0.09197893231397761
0.23219254544741688
0.0650015061036558
0.12676985400318566
0.08650168598626794
0.17186430543193296
0.2009993521569519
0.1600496293763748
0.04578232194858874
0.010079407916758527
0.018769609910806846
0.17738491289546435
0.07914123244920868
0.021051836421284355
0.15677391215362194
0.07938187441178296
0.14674963981395064
0.05441834052082629
0.15799605691641438
0.08138633758600869
0.14301801454593135
0.00878054321591391
0.12295477385215668
0.24575219517566782
0.10663281111822674
0.08693988289039542
0.0709241449648205
0.07086648709282829
0.20207391491675505
0.18750404981039778
0.21236122668728966
0.3086815760958547
0.1141737936653846
0.013388320235462046
0.06142864270472416
0.22420194840713734
0.2782313710422187
0.15659428768659925
0.34625095181507687
0.23705513020867833
0.015869524693797103
0.08638208487010522
0.07712717531897809
0.2663622059349301
0.18636843367134795
0.22483411722243302
0.2899949918486932
0.13712619645565824
0.029151368542762814
0.04872917527615154
0.10057231861710007
0.2308391446078269
0.12336202183214096
0.18733634126455612
0.2511937449817256
0.036060298827351574
0.03927616352412665
0.07059563741433428
0.15543156413931705
0.1303270383103699
0.0522516820717746
0.20389320076614104
0.12752039295887976
0.01501041803123488
0.07740441952163174
0.004874075926356523
0.14707815612855601
0.03781738815674811
0.043226968820231464
0.15881505558385367
0.004347287774346149
0.04294907947370661
0.06241384118762498
0.08072409087344228
0.11259733611804561
0.030923290666840287
0.048105122587177716
0.05385370646837091
0.10878942966662919
0.0611161848499224
0.007877101263455456
0.1303658171622456
0.05802642249142752
0.08191132040774306
0.016376935632598084
0.05616037472831955
0.21135987627526392
0.05026271730190519
0.06443657631455928
0.1602040773951688
0.07314095939731638
0.08620169401372532
0.011878107780663729
0.20512004461645394
0.16148979822677526
0.03804506275049547
0.11595664928743757
0.037500038025910086
0.10673132488267445
0.07772649512672174
0.06853303900575348
0.16959972692618996
0.1051432828451985
0.028857784995503816
0.07174968667624253
0.00627669236482386
0.16332090220930687
0.027401353063757305
0.02622253235451997
0.13177728056040544
0.11606390300272545
0.03471571152332808
0.05651325732657007
0.12562357189230644
0.017498254465218428
0.11366014194503754
0.017649072612422666
0.1159566492874375
0.1570002150304187
0.059790725259086276
1.689550981327422E-5
1.7988980381924825E-4
0.10944140845405001
0.25680071088408296
0.14509671885945946
0.1855763546101247
0.2652246077626727
0.03600349143015388
0.039078499675196644
0.02824670499757211
0.3597653631698773
0.24850031677920512
0.18419243637320085
0.345422634911771
0.08104798944029169
0.04256735252400608
0.027076264289881035
0.24623352628990033
0.3008844921624802
0.2570912059009589
0.24175542957937712
0.2067297994874403
0.07792109158381
0.10717784725416989
0.06661327826542814
0.1929695813279047
0.3421218292925429
0.10487778876312856
0.19638517136610475
0.22195326905633622
0.11529961038331402
0.01909270917840163
0.01802884712444823
0.27120284862955535
0.06294434905180482
0.10011188115772332
0.20112612977379934
0.012032478642645521
0.03165537536269287
0.039724976887098674
0.028959520679681928
0.06147275611777534
0.059759598463466866
0.005503469054428184
0.13638323292004134
0.0688156489109706
0.03900297687998045
0.17968646339970593
5.601979503063518E-5
0.08164233665792389
0.15748429974083497
0.11159616854803918
0.10521348074943496
0.08987486677693857
0.17412941503164375
0.0734463818308531
0.042705409747681555
0.12506193013676298
0.007302346047925496
0.029650391820734433
0.01338832023546205
0.015401983686929143
0.028119652146488865
0.08316069181894653
0.02449320861704351
0.053159460259052826
0.13809410440532324
0.08059106428367606
0.10380341146679965
0.12213120121425222
0.14330583363747923
0.1084175360414672
0.006487683472979058
0.21179425281702796
0.045201135882801405
0.11782747220251057
0.1977876099200282
0.01844140980644562
0.08916730540250523
0.03938961350297122
0.07931302703929645
0.07914123244920872
0.11902973674114214
0.09639522480160892
0.18013309906190028
0.07333014341169582
0.02875249533397383
0.12198249461931396
0.12684977207856754
0.15241721370039477
0.05495823155925908
0.23436510265748925
0.09695783238928256
0.09156401734167524
0.16687903231699863
0.05546180816279951
0.12390903166605821
0.0724494155972577
0.09948660128032975
0.056786330572724135
0.03330711784655003
0.025719334916085666
0.0
0.025719334916085666
0.03330711784655003
0.056786330572724135
0.09948660128032975
0.0724494155972577
0.12390903166605821
0.05546180816279951
0.16687903231699863
0.09156401734167524
0.09695783238928256
0.23436510265748925
0.05495823155925908
0.15241721370039477
0.12684977207856754
0.12198249461931396
0.02875249533397383
0.07333014341169582
0.18013309906190028
0.09639522480160892
0.11902973674114214
0.07914123244920872
0.07931302703929645
0.03938961350297122
0.08916730540250523
0.01844140980644562
0.1977876099200282
0.11782747220251057
0.045201135882801405
0.21179425281702796
0.006487683472979058
0.1084175360414672
0.14330583363747923
0.12213120121425222
0.10380341146679965
0.08059106428367606
0.13809410440532324
0.053159460259052826
0.02449320861704351
0.08316069181894653
0.028119652146488865
0.015401983686929143
0.01338832023546205
0.029650391820734433
0.007302346047925496
0.12506193013676298
0.042705409747681555
0.0734463818308531
0.17412941503164375
0.08987486677693857
0.10521348074943496
0.11159616854803918
0.15748429974083497
0.08164233665792389
5.601979503063518E-5
0.17968646339970593
0.03900297687998045
0.0688156489109706
0.13638323292004134
0.005503469054428184
0.059759598463466866
0.06147275611777534
0.028959520679681928
0.039724976887098674
0.03165537536269287
0.012032478642645521
0.20112612977379934
0.10011188115772332
0.06294434905180482
0.27120284862955535
0.01802884712444823
0.01909270917840163
0.11529961038331402
0.22195326905633622
0.19638517136610475
0.10487778876312856
0.3421218292925429
0.1929695813279047
0.06661327826542814
0.10717784725416989
0.07792109158381
0.2067297994874403
0.24175542957937712
0.2570912059009589
0.3008844921624802
0.24623352628990033
0.027076264289881035
0.04256735252400608
0.08104798944029169
0.345422634911771
0.18419243637320085
0.24850031677920512
0.3597653631698773
0.02824670499757211
0.039078499675196644
0.03600349143015388
0.2652246077626727
0.1855763546101247
0.14509671885945946
0.25680071088408296
0.10944140845405001
1.7988980381924825E-4
1.689550981327422E-5
0.059790725259086276
0.1570002150304187
0.1159566492874375
0.017649072612422666
0.11366014194503754
0.017498254465218428
0.12562357189230644
0.05651325732657007
0.03471571152332808
0.11606390300272545
0.13177728056040544
0.02622253235451997
0.027401353063757305
0.16332090220930687
0.00627669236482386
0.07174968667624253
0.028857784995503816
0.1051432828451985
0.16959972692618996
0.06853303900575348
0.07772649512672174
0.10673132488267445
0.037500038025910086
0.11595664928743757
0.03804506275049547
0.16148979822677526
0.20512004461645394
0.011878107780663729
0.08620169401372532
0.07314095939731638
0.1602040773951688
0.06443657631455928
0.05026271730190519
0.21135987627526392
0.05616037472831955
0.016376935632598084
0.08191132040774306
0.05802642249142752
0.1303658171622456
0.007877101263455456
0.0611161848499224
0.10878942966662919
0.05385370646837091
0.048105122587177716
0.030923290666840287
0.11259733611804561
0.08072409087344228
0.06241384118762498
0.04294907947370661
0.004347287774346149
0.15881505558385367
0.043226968820231464
0.03781738815674811
0.14707815612855601
0.004874075926356523
0.07740441952163174
0.01501041803123488
0.12752039295887976
0.20389320076614104
0.0522516820717746
0.1303270383103699
0.15543156413931705
0.07059563741433428
0.03927616352412665
0.036060298827351574
0.2511937449817256
0.18733634126455612
0.12336202183214096
0.2308391446078269
0.10057231861710007
0.04872917527615154
0.029151368542762814
0.13712619645565824
0.2899949918486932
0.22483411722243302
0.18636843367134795
0.2663622059349301
0.07712717531897809
0.08638208487010522
0.015869524693797103
0.23705513020867833
0.34625095181507687
0.15659428768659925
0.2782313710422187
0.22420194840713734
0.06142864270472416
0.013388320235462046
0.1141737936653846
0.3086815760958547
0.21236122668728966
0.18750404981039778
0.20207391491675505
0.07086648709282829
0.0709241449648205
0.08693988289039542
0.10663281111822674
0.24575219517566782
0.12295477385215668
0.00878054321591391
0.14301801454593135
0.08138633758600869
0.15799605691641438
0.05441834052082629
0.14674963981395064
0.07938187441178296
0.15677391215362194
0.021051836421284355
0.07914123244920868
0.17738491289546435
0.018769609910806846
0.010079407916758527
0.04578232194858874
0.1600496293763748
0.2009993521569519
0.17186430543193296
0.08650168598626794
0.12676985400318566
0.0650015061036558
0.23219254544741688
0.09197893231397761
0.3235244768753161
0.32285531503934844
0.018040516080737413
0.19240536766190638
0.009447010972008625
0.2993319813937609
0.10458383632097662
0.2951024247153106
0.34581575056185176
0.09309124835068339
0.13608867133245228
0.006447458977380674
0.14604211355517313
0.18229597289559604
0.22889405276972039
0.15695142362468822
0.22098940143101597
0.06461716928631618
0.08865647028892412
0.07727435240228929
0.1883643957179644
0.18720728383609173
0.08007869814296835
0.21006928788345447
0.024074985058726996
0.16932265419306566
0.13512659090573773
0.09432251602092653
0.08997958076024218
0.1473199237735653
0.032051173402140594
0.06659165037595242
0.10308437769527459
0.006103513951583171
0.02622145436398957
0.1076478256410212
0.04302432105761431
0.1459015378246837
0.23406166860996294
0.034899388908251776
0.16523940451263644
0.058654495373677354
0.26326180267598154
0.04631678865803811
0.19665213431914258
0.3305246366359174
0.05208862476418528
0.20264888881323098
0.08863337523500384
0.19533890536459886
0.01338832023546197
0.17815654622232732
0.20762878091163575
0.09148710624525998
0.16628165515943988
8.604687360848944E-4
0.056392372056725606
0.055959002564157416
0.18790088306795413
0.04597030720718929
0.22962509040244672
0.1478980426773846
0.12396494402936115
0.24554139606100794
0.05899491780366039
0.1811174224786545
0.1690071583816999
0.2264596881480405
0.11793392433335922
0.09241134724917675
0.21232346002116534
0.03972497688709871
0.054235712465686606
0.03701050843903046
0.14989385276714579
0.013014975776796616
0.1267931799949212
0.05692247071023616
0.08346076833744048
0.13593560771647326
0.19985763829381392
0.13833472894071855
0.0800734545412467
0.33682316649984395
0.028270668622041768
0.1296809064606944
0.1832236164241033
0.3252660916232898
0.18499603280772192
0.019074955959619756
0.3599268699188592
0.0016376899452367841
0.030923290666840287
0.0010190412926820676
0.3013246391137076
0.17344561656462978
0.3184367357511735
0.24651032338435838
0.04752407649442091
0.20348578342583964
0.23049013268757698
0.2250436724167558
0.09190145089767017
0.5661077274585942
0.16046598387054545
0.09388989579064853
0.35632519165448734
0.26740119393649847
0.12420684472958829
0.068754398425209
0.5092820136471153
0.13536254715127063
0.20268787509457434
0.2596137038033463
0.08551914711454002
0.060817180897154544
0.15421509929321492
0.17401475479501108
0.06608864279378711
0.34525624638568464
0.013763406367793714
0.133716375755633
0.29554249055638476
0.1879293586254651
0.19634350874280454
0.08118840799469788
0.33245814451213473
0.14067125930950777
0.2568684050130759
0.40174764783109984
0.011047985806953995
0.4295451535912024
0.1926299232532311
0.03788984557877763
0.11595664928743757
0.31144673597648337
0.27583449173744495
0.3792072632507772
0.5381676550216324
0.19074076177876803
0.38006953015822587
0.03186614074807259
0.33562603151783443
0.06939472837699798
0.649845308818717
0.5623469270090574
0.17919840663954023
0.6004225133444864
0.0034426867956964553
0.25854066410721344
0.033918957395402155
0.6526669104814989
0.45222719734358574
0.29340726812282825
0.4790745722045559
0.030923290666840124
0.032485643231623285
0.2093717222845357
0.46395835731699975
0.19132648284433243
0.4614970412085115
0.17005149134940348
0.10651564368744172
0.19828242927657316
0.37734846567651464
0.2359196948147947
0.06684927358127511
0.4477118450405322
0.09939893359533328
0.14787504429021192
0.20932821529099452
0.33451429131788085
0.0027586606581225088
0.13179545477099383
0.14906410728682534
0.2600661046872216
0.03972497688709874
0.012868468710819403
0.10394715184205103
0.286470291626648
0.03695503023675164
0.26226823811002453
0.349617824230052
0.15223355499136748
0.20968433410742215
0.1728230522017881
0.5403451419549319
0.03980488625935608
0.5444066161189655
0.3447064446707311
0.21428552542056187
0.13559378259462013
0.44339753857572656
0.6211994731235417
0.31338607252245443
0.6418807009541194
0.1907763071191951
0.06260303284902691
0.17576703207874655
0.7262906682879778
0.5391659788587816
0.7269125106098171
0.6523141540709727
0.022558601596090105
0.12321225564697358
0.4961256868905716
0.9398530057427198
0.5008753061394084
0.9996517914039795
0.6113984737303981
0.07467855858174961
0.1170296631407562
0.6761013450863343
0.9117575323347553
0.6512540707772834
1.0
0.45291669290917647
0.12081889901773447
0.07914123244920851
0.723178325132613
0.6104443077832037
0.8534037986243717
0.7971542622919539
0.18731465901290212
0.3559694456331043
0.27230913301297976
0.6470759439242235
0.2522312717308312
0.8281542496708503
0.47095969045080766
0.025767779771939798
0.33614793512980506
0.34281577726638085
0.3913272641369607
0.07753849790332519
0.47887040712291357
0.024197739616998382
0.07414369703703992
0.01157062865920471
