0.5156917611333609
0.46951969214518413
0.3382634730217091
0.14250178556960652
0.08727147026540322
0.31568520615199286
0.5083236288198931
0.6373809279055714
0.6861961359671499
0.6519136381726857
0.5458282600442953
0.3913608660768033
0.22000629322379991
0.0659340826511535
0.039852697807559796
0.07482175964761553
0.028790334903945
0.09427177442105647
0.2768178208426099
0.4905836969036219
0.7012549791409582
0.8741628196510736
0.980058089333963
1.0
0.9285432080619253
0.7746913871105828
0.5604579651538579
0.3172738717195607
0.08084106215086392
0.11471063232192996
0.242390293359494
0.2867103096385499
0.24612387610977096
0.13313340053171369
0.0279432196871185
0.20517050714867302
0.36445205337317266
0.4753310754402066
0.516163656261784
0.47779933342819103
0.36515404867283247
0.19641333748042403
2.0038650338691378E-16
0.1901858899342217
0.3404582940747941
0.4230162442817168
0.4206468083966343
0.32967426476283473
0.16066289675052992
0.0632440554702257
0.310072345745843
0.5442268247578194
0.7322957456516346
0.848483223759181
0.8787670138205917
0.8230925495390214
0.6952426691639129
0.5204106465157969
0.3308871756258705
0.16058588035877505
0.039324421690086375
0.012182617070433513
0.014216512692179856
0.11277396006780946
0.26484845015183095
0.44208245132663354
0.611215771237171
0.7397281954183366
0.801366178478188
0.7806289940527703
0.6754645109523856
0.4977244835195373
0.2713036986149828
0.02827388366938679
0.19634259947697935
0.3702882623364469
0.46932387802009184
0.4811469633985941
0.40732656947942303
0.2629374232082885
0.07396054764963
0.1271103712859541
0.306719491794972
0.4358443490160831
0.4948026213583454
0.4764702792329075
0.3873784241976779
0.24651163952138028
0.08201501421255603
0.07363404854485234
0.18917775344965101
0.23992272375981422
0.21198316754490404
0.10471346095095797
0.06907519894951077
0.2851487531873968
0.5117938038153056
0.7150115837888621
0.8640958117565776
0.9366654301703022
0.9223158928111871
0.8242846323024864
0.6588585752923155
0.45262841289800737
0.23805279328998402
0.04807591631263257
0.0893024019014546
0.15559991140592663
0.14480972049123816
0.06425587282949627
0.06678782197964894
0.2204764669132233
0.36519821720178836
0.4709954181600198
0.5146934596230954
0.48387930882409963
0.3790660296447491
0.21368422466775325
0.011905108702398715
0.19533803254305918
0.3754633431820392
0.4996343208538554
0.5475348101464321
0.5107310400862108
0.39406415596624245
0.21484632304322981
1.0019325169345689E-16
0.21837785843776045
0.4082841126712459
0.5430315288069949
0.6055566875342222
0.5911012150157482
0.5078276004130471
0.3752768701277854
0.22093567879603523
0.07549479389248431
0.03240281367676188
0.08104376045290808
0.05934033203203693
0.03127391630557163
0.17706106014512699
0.3542664049176273
0.5330892985417879
0.6826697854039174
0.776256114547583
0.7956903576325457
0.7344656454267636
0.5988489051765103
0.4068869455387058
0.18546695828735996
0.03407403281830724
0.22105638676543338
0.3504307747178409
0.4067915953408311
0.3867688208500207
0.299409107015869
0.16449366711271754
0.009084455065936987
0.13711578537523925
0.24680891146545247
0.29970740859952705
0.28593333340823385
0.20764729779390848
0.07864253350736217
0.07802001940008046
0.2339328131666281
0.3601578815372142
0.43213004768775104
0.43382751590537355
0.36051542252089136
0.21960845490032907
0.029513902674920406
0.18334641079915157
0.3888342653425579
0.5579943893535084
0.6677390921159528
0.7045416000283804
0.6665300860401283
0.5636434976596252
0.41583461858056325
0.24963100943743208
0.09363633444584091
0.026271987677226456
0.09124632031137399
0.09255853165737968
0.032967189222221874
0.07385638095109687
0.20573664333753147
0.33582472363371624
0.4372038344840122
0.48749522328743516
0.47269408216753045
0.38959685593923177
0.24641925392628816
0.06150782044481402
0.1396338020629347
0.32850292240950807
0.4782441960828866
0.5680103930390533
0.5863149245377849
0.5328250075752791
0.41830674762103615
0.2627425058817493
0.09194491067049737
0.06675987361989957
0.1890555688146319
0.25761193063629445
0.26485556858861653
0.21408242206528091
0.11873823047618384
2.0038650338691378E-16
0.11692584826447988
0.20716126585801478
0.2504370965488419
0.23458021480830923
0.1576276081478965
0.02822006633062023
0.1357829258749369
0.31022847818020477
0.4686416236522596
0.5865768631851009
0.6456243910001636
0.6364070072477324
0.5600755220733847
0.428063200273213
0.26015085982179365
0.08117487042083035
0.08306620532503849
0.21002110808911303
0.28401180793700775
0.2986783187521847
0.25784588056668045
0.17468370167084726
0.06931012968069102
0.034742995565585424
0.11460676990809583
0.15200645678080857
0.13639059081488505
0.06673942108513249
0.04824190756634065
0.19156850131328793
0.34080872079374896
0.4718246508641289
0.5627913760907123
0.5978239290227593
0.5696104417803104
0.48061942680478803
0.3426892959089454
0.17507866028946062
0.00131135089159863
0.1546519905208553
0.2722760262816507
0.3377062851853294
0.34588399173874523
0.3011801800464718
0.21645838567522743
0.1107375899176563
0.005858745095007996
0.07727923129181821
0.12228118898568371
0.12002151618359846
0.07015804090722003
0.018849168235513445
0.1312058183666563
0.24648183906983284
0.34308051761200337
0.4018935119940681
0.4095303592962568
0.3605866423453397
0.2585792047181055
0.11540160270516195
0.05059961937737663
0.21759866605411302
0.3638132448994521
0.47098840210459947
0.5272651973067519
0.5289654871222255
0.48100865011754373
0.3959062568708765
0.29151770175397373
0.18795411197895462
0.10415569211775956
0.05471669552779218
0.04748509802661255
0.08232954339578123
0.15126748392837555
0.2399193778134514
0.3300328069306232
0.40264421133633765
0.4413435406797174
0.4350948582395921
0.38014497242284945
0.2807084491565129
0.14832407061451688
5.725328668197537E-17
0.1445345968451965
0.26600812909876154
0.3486850254876001
0.38283568960649506
0.36619597242708224
0.3041863167131356
0.20886928795011167
0.09683404203715164
0.013627584263813537
0.1055752207921819
0.16619365745759063
0.18882827050498122
0.173952913407163
0.12892294028334023
0.0665704250822009
0.002891162899857859
0.04577827424190573
0.06561459740136459
0.04771436891427898
0.010345494902027061
0.104046283818165
0.2226320309197195
0.35085185169810135
0.4714404443411684
0.5679175730829453
0.6272390509802406
0.641861855760182
0.6108885760505004
0.5401134094409799
0.44097657202480506
0.32861511464486176
0.21934563376367863
0.12800406922964383
0.06558550077886444
0.03757058494245582
0.043205378198118045
0.07583861290399552
0.12424273327037826
0.17468200825304422
0.21336979876160606
0.2288972161096791
0.214226099656181
0.16791769902211792
0.0944006325620138
0.0032447992535547757
0.09242570397530352
0.17810576688463495
0.24029966471115605
0.2687286221276192
0.25799144853092343
0.2084102381224005
0.12593242899964457
0.021119149820294086
0.09259899683294166
0.20109886092669757
0.29180762761722834
0.3556401453841065
0.3883163759488694
0.39085323334163236
0.3691661188485274
0.33286487712232954
0.2934616201638931
0.26230201596881364
0.24857215096190272
0.2577140989883675
0.2905090547383647
0.3429706780386425
0.4070532906994344
0.4720432079553731
0.5263895265712479
0.5596614057716913
0.564303079152465
0.5368972006278372
0.47873407404728063
0.39560344310588397
0.29685632559050423
0.19390479214555925
0.09841769739290357
0.020515703893600294
0.032737198108415966
0.058304030685034355
0.05746008173676659
0.03536333527413658
5.725328668197537E-17
0.03930289837940435
0.0735381645933331
0.09556980670289673
0.10131756487389763
0.09038451440941025
0.06603545094360896
0.034544797734766854
0.004038142402940175
0.016966324718748097
0.021064486953451728
0.0032666809136705608
0.03812237141334392
0.10118303288285863
0.18066188959404006
0.2687953795457261
0.3565276725437436
0.4349125252119219
0.496463558916199
0.5362322037650862
0.5524439009943855
0.5466014759731829
0.5230560058275882
0.4881342869864084
0.4489832967878562
0.4123343277992156
0.38339645096303004
0.36506046849862606
0.35753638397858317
0.35847032732409234
0.36350441170883896
0.3671692694953371
0.36394622509768376
0.34931251084817944
0.32059170341776166
0.2774701551264068
0.22210112531481782
0.15879052376542152
0.09332903094313125
0.03209286188941177
0.018929740105573686
0.05502221146333845
0.07339058958455984
0.07348321975289815
0.05694041411732125
0.02719912521620272
0.011165197617390283
0.05323661265005283
0.09455549613985051
0.13177991756411297
0.16310689815800175
0.18839515343750676
0.20898523006135764
0.22726552970121572
0.2460744951687622
0.2680533897434178
0.295067161807045
0.3277932293914793
0.3655436512442181
0.40634186655663207
0.4472292537980813
0.48473739788824727
0.515435867119034
0.5364565344657439
0.5459048011237874
0.5430929722407815
0.5285662682830504
0.5039306495188263
0.471526569152897
0.4340177334877927
0.39397481809781365
0.3535295334937081
0.3141560456622526
0.2766086537558313
0.24101258983788057
0.2070751322382412
0.1743625214601059
0.14257830654722597
0.1117821781832145
0.08250387895035391
0.05573090568234587
0.0327763269539211
0.01505846459598967
0.0038423282778478657
0.0
0.0038423282778478657
0.01505846459598967
0.0327763269539211
0.05573090568234587
0.08250387895035391
0.1117821781832145
0.14257830654722597
0.1743625214601059
0.2070751322382412
0.24101258983788057
0.2766086537558313
0.3141560456622526
0.3535295334937081
0.39397481809781365
0.4340177334877927
0.471526569152897
0.5039306495188263
0.5285662682830504
0.5430929722407815
0.5459048011237874
0.5364565344657439
0.515435867119034
0.48473739788824727
0.4472292537980813
0.40634186655663207
0.3655436512442181
0.3277932293914793
0.295067161807045
0.2680533897434178
0.2460744951687622
0.22726552970121572
0.20898523006135764
0.18839515343750676
0.16310689815800175
0.13177991756411297
0.09455549613985051
0.05323661265005283
0.011165197617390283
0.02719912521620272
0.05694041411732125
0.07348321975289815
0.07339058958455984
0.05502221146333845
0.018929740105573686
0.03209286188941177
0.09332903094313125
0.15879052376542152
0.22210112531481782
0.2774701551264068
0.32059170341776166
0.34931251084817944
0.36394622509768376
0.3671692694953371
0.36350441170883896
0.35847032732409234
0.35753638397858317
0.36506046849862606
0.38339645096303004
0.4123343277992156
0.4489832967878562
0.4881342869864084
0.5230560058275882
0.5466014759731829
0.5524439009943855
0.5362322037650862
0.496463558916199
0.4349125252119219
0.3565276725437436
0.2687953795457261
0.18066188959404006
0.10118303288285863
0.03812237141334392
0.0032666809136705608
0.021064486953451728
0.016966324718748097
0.004038142402940175
0.034544797734766854
0.06603545094360896
0.09038451440941025
0.10131756487389763
0.09556980670289673
0.0735381645933331
0.03930289837940435
5.725328668197537E-17
0.03536333527413658
0.05746008173676659
0.058304030685034355
0.032737198108415966
0.020515703893600294
0.09841769739290357
0.19390479214555925
0.29685632559050423
0.39560344310588397
0.47873407404728063
0.5368972006278372
0.564303079152465
0.5596614057716913
0.5263895265712479
0.4720432079553731
0.4070532906994344
0.3429706780386425
0.2905090547383647
0.2577140989883675
0.24857215096190272
0.26230201596881364
0.2934616201638931
0.33286487712232954
0.3691661188485274
0.39085323334163236
0.3883163759488694
0.3556401453841065
0.29180762761722834
0.20109886092669757
0.09259899683294166
0.021119149820294086
0.12593242899964457
0.2084102381224005
0.25799144853092343
0.2687286221276192
0.24029966471115605
0.17810576688463495
0.09242570397530352
0.0032447992535547757
0.0944006325620138
0.16791769902211792
0.214226099656181
0.2288972161096791
0.21336979876160606
0.17468200825304422
0.12424273327037826
0.07583861290399552
0.043205378198118045
0.03757058494245582
0.06558550077886444
0.12800406922964383
0.21934563376367863
0.32861511464486176
0.44097657202480506
0.5401134094409799
0.6108885760505004
0.641861855760182
0.6272390509802406
0.5679175730829453
0.4714404443411684
0.35085185169810135
0.2226320309197195
0.104046283818165
0.010345494902027061
0.04771436891427898
0.06561459740136459
0.04577827424190573
0.002891162899857859
0.0665704250822009
0.12892294028334023
0.173952913407163
0.18882827050498122
0.16619365745759063
0.1055752207921819
0.013627584263813537
0.09683404203715164
0.20886928795011167
0.3041863167131356
0.36619597242708224
0.38283568960649506
0.3486850254876001
0.26600812909876154
0.1445345968451965
5.725328668197537E-17
0.14832407061451688
0.2807084491565129
0.38014497242284945
0.4350948582395921
0.4413435406797174
0.40264421133633765
0.3300328069306232
0.2399193778134514
0.15126748392837555
0.08232954339578123
0.04748509802661255
0.05471669552779218
0.10415569211775956
0.18795411197895462
0.29151770175397373
0.3959062568708765
0.48100865011754373
0.5289654871222255
0.5272651973067519
0.47098840210459947
0.3638132448994521
0.21759866605411302
0.05059961937737663
0.11540160270516195
0.2585792047181055
0.3605866423453397
0.4095303592962568
0.4018935119940681
0.34308051761200337
0.24648183906983284
0.1312058183666563
0.018849168235513445
0.07015804090722003
0.12002151618359846
0.12228118898568371
0.07727923129181821
0.005858745095007996
0.1107375899176563
0.21645838567522743
0.3011801800464718
0.34588399173874523
0.3377062851853294
0.2722760262816507
0.1546519905208553
0.00131135089159863
0.17507866028946062
0.3426892959089454
0.48061942680478803
0.5696104417803104
0.5978239290227593
0.5627913760907123
0.4718246508641289
0.34080872079374896
0.19156850131328793
0.04824190756634065
0.06673942108513249
0.13639059081488505
0.15200645678080857
0.11460676990809583
0.034742995565585424
0.06931012968069102
0.17468370167084726
0.25784588056668045
0.2986783187521847
0.28401180793700775
0.21002110808911303
0.08306620532503849
0.08117487042083035
0.26015085982179365
0.428063200273213
0.5600755220733847
0.6364070072477324
0.6456243910001636
0.5865768631851009
0.4686416236522596
0.31022847818020477
0.1357829258749369
0.02822006633062023
0.1576276081478965
0.23458021480830923
0.2504370965488419
0.20716126585801478
0.11692584826447988
2.0038650338691378E-16
0.11873823047618384
0.21408242206528091
0.26485556858861653
0.25761193063629445
0.1890555688146319
0.06675987361989957
0.09194491067049737
0.2627425058817493
0.41830674762103615
0.5328250075752791
0.5863149245377849
0.5680103930390533
0.4782441960828866
0.32850292240950807
0.1396338020629347
0.06150782044481402
0.24641925392628816
0.38959685593923177
0.47269408216753045
0.48749522328743516
0.4372038344840122
0.33582472363371624
0.20573664333753147
0.07385638095109687
0.032967189222221874
0.09255853165737968
0.09124632031137399
0.026271987677226456
0.09363633444584091
0.24963100943743208
0.41583461858056325
0.5636434976596252
0.6665300860401283
0.7045416000283804
0.6677390921159528
0.5579943893535084
0.3888342653425579
0.18334641079915157
0.029513902674920406
0.21960845490032907
0.36051542252089136
0.43382751590537355
0.43213004768775104
0.3601578815372142
0.2339328131666281
0.07802001940008046
0.07864253350736217
0.20764729779390848
0.28593333340823385
0.29970740859952705
0.24680891146545247
0.13711578537523925
0.009084455065936987
0.16449366711271754
0.299409107015869
0.3867688208500207
0.4067915953408311
0.3504307747178409
0.22105638676543338
0.03407403281830724
0.18546695828735996
0.4068869455387058
0.5988489051765103
0.7344656454267636
0.7956903576325457
0.776256114547583
0.6826697854039174
0.5330892985417879
0.3542664049176273
0.17706106014512699
0.03127391630557163
0.05934033203203693
0.08104376045290808
0.03240281367676188
0.07549479389248431
0.22093567879603523
0.3752768701277854
0.5078276004130471
0.5911012150157482
0.6055566875342222
0.5430315288069949
0.4082841126712459
0.21837785843776045
1.0019325169345689E-16
0.21484632304322981
0.39406415596624245
0.5107310400862108
0.5475348101464321
0.4996343208538554
0.3754633431820392
0.19533803254305918
0.011905108702398715
0.21368422466775325
0.3790660296447491
0.48387930882409963
0.5146934596230954
0.4709954181600198
0.36519821720178836
0.2204764669132233
0.06678782197964894
0.06425587282949627
0.14480972049123816
0.15559991140592663
0.0893024019014546
0.04807591631263257
0.23805279328998402
0.45262841289800737
0.6588585752923155
0.8242846323024864
0.9223158928111871
0.9366654301703022
0.8640958117565776
0.7150115837888621
0.5117938038153056
0.2851487531873968
0.06907519894951077
0.10471346095095797
0.21198316754490404
0.23992272375981422
0.18917775344965101
0.07363404854485234
0.08201501421255603
0.24651163952138028
0.3873784241976779
0.4764702792329075
0.4948026213583454
0.4358443490160831
0.306719491794972
0.1271103712859541
0.07396054764963
0.2629374232082885
0.40732656947942303
0.4811469633985941
0.46932387802009184
0.3702882623364469
0.19634259947697935
0.02827388366938679
0.2713036986149828
0.4977244835195373
0.6754645109523856
0.7806289940527703
0.801366178478188
0.7397281954183366
0.611215771237171
0.44208245132663354
0.26484845015183095
0.11277396006780946
0.014216512692179856
0.012182617070433513
0.039324421690086375
0.16058588035877505
0.3308871756258705
0.5204106465157969
0.6952426691639129
0.8230925495390214
0.8787670138205917
0.848483223759181
0.7322957456516346
0.5442268247578194
0.310072345745843
0.0632440554702257
0.16066289675052992
0.32967426476283473
0.4206468083966343
0.4230162442817168
0.3404582940747941
0.1901858899342217
2.0038650338691378E-16
0.19641333748042403
0.36515404867283247
0.47779933342819103
0.516163656261784
0.4753310754402066
0.36445205337317266
0.20517050714867302
0.0279432196871185
0.13313340053171369
0.24612387610977096
0.2867103096385499
0.242390293359494
0.11471063232192996
0.08084106215086392
0.3172738717195607
0.5604579651538579
0.7746913871105828
0.9285432080619253
1.0
0.980058089333963
0.8741628196510736
0.7012549791409582
0.4905836969036219
0.2768178208426099
0.09427177442105647
0.028790334903945
0.07482175964761553
0.039852697807559796
0.0659340826511535
0.22000629322379991
0.3913608660768033
0.5458282600442953
0.6519136381726857
0.6861961359671499
0.6373809279055714
0.5083236288198931
0.31568520615199286
0.08727147026540322
0.14250178556960652
0.3382634730217091
0.46951969214518413
