-0.15433538585405784
0.018638089870827216
0.7636065095812746
0.12396289398430488
0.2196926134324197
0.531456536452443
0.10746125061553592
0.09952501707053389
0.7198054860708623
0.5039319956864224
0.3144570132604869
0.10534930297109658
0.23846875003715967
0.876076221146794
0.3810665803625644
0.49603278338919704
0.7001976047815042
0.1882493874997926
0.6686813190546939
0.4084420939425463
0.00394251537405145
0.8669513014380467
0.2159917487716608
0.2347069308500529
0.24179354417518895
0.2802736784156084
0.30125664975313143
0.1738025821392408
0.0977335184442176
0.4119715575387053
0.05898879038824143
0.5937088311178871
0.34091544294796805
0.1179724798514724
0.30825976461636856
0.42575891108828195
0.31119695466942576
0.3725501713541409
0.5872161210531565
0.2651158889871614
0.022062993225626687
0.5769648678351871
0.028519150413644865
0.14425414938712688
0.7110005376633273
0.15040148602247025
0.11588311000432222
0.11502099546690821
0.4028466977089118
0.11777776226809303
0.5566358509547611
0.28163565620214637
0.31640243827554115
0.32891214327406315
0.18729089974328905
0.2550143044696801
0.1624389935023428
0.44271293498284464
0.31686052185916647
0.06854683888932078
0.5232071308555747
0.5617959735067605
0.113020531237385
0.5718459599387544
0.47170962472378375
0.05874101483207233
0.0932916814404738
0.577261666545395
0.28305084103659495
0.2811737586176127
0.5536246085561115
0.19366651465980178
0.4071132264941923
0.1473724815826948
0.23896770741364518
0.1168613826487972
0.5994396962171129
0.06959937796586987
0.08526108762355605
0.34881787349188426
0.4999605519709804
0.2930921439319331
0.2582021285515117
0.02240843824264382
0.18467364867240438
0.16496641017329067
0.005894328559185887
0.22854769391623211
0.3151091657591635
0.08378606204440701
0.680544341774995
0.37233844756143963
0.2819034003653663
0.1510188554154998
0.03471041505160801
0.4519108297951215
0.8751572725025563
0.09665558441901997
0.8281882342129949
0.15141971445971267
0.32775619374042353
0.19046044948894664
0.15179870479721805
0.39387868940737236
0.21691339577643023
0.0011095757200860047
0.2050628276621741
0.16567163185803224
0.2333636607216255
0.05183873974696582
0.4190472224327063
0.015273811922608188
0.6169143070169718
0.28516021431565386
0.21137863682415797
0.24595213398016788
0.35580709874351557
0.011686396713797436
0.10521804829779605
0.021471114126445118
0.32702571733433206
0.25596398274526344
0.29877392006499354
0.11507904201991671
0.1140703449328299
0.09469565688054561
0.5602316384616858
0.2282213247979982
0.35399261698361106
0.2202827719184048
0.8268649208059372
0.3206198840877769
0.36055887951614923
0.11568665641448996
0.19615232459096404
0.1650326349377524
0.5839452677437059
0.6167660254225783
0.09030356644953609
0.5508143861046664
0.2222513185101421
0.2205420859546958
0.3731940375185659
0.165236532540621
0.20785985894956818
0.46422544144741085
0.11564182848369504
0.9745519219631732
0.7177141841518225
0.2136428500215609
0.02281098829238962
0.08353101119920821
0.17157984635503143
0.12427766992232955
0.3086707717081157
0.3630723659107551
0.21417911875291754
0.21238027799803832
0.058199952723599624
0.26540111657023935
0.05122357386902519
0.36083316322258646
0.5739060309851642
0.022900561412843655
0.15024161487704968
0.2518220246487234
0.015614465663376948
0.30584438224427424
0.569748627320538
0.03117711125641043
0.987071632592875
0.11394287369317048
0.14237706872871406
0.0947813093433597
1.0
0.38568478149209356
0.3690214684510603
0.07212057622134888
0.61974432478094
0.4560981333079812
0.20397835145310353
0.07671051868922023
0.3887042206633325
0.13691462222578052
0.1381946366174766
0.5695815495383094
0.17772817477789304
0.045165975479013694
0.026030754857914326
0.04905217168535594
0.13739768050314793
0.002761619062266279
0.604442101917526
0.2622451569228123
0.2904069627555533
0.4797596428835205
0.04037689098242673
0.354124769520483
0.4067847299715858
0.040220774048548034
0.019093810689190645
0.26218376689971834
0.007767882297338371
0.20234058004328206
0.3399704886002269
0.09085538535081178
6.0811442724772266E-5
0.30447849206550914
0.4938226843981049
0.2087670752992347
0.018289401703530127
0.13156203836807143
0.19979889600757078
0.1849684916811325
0.1723683588186923
0.41149105533775676
0.12767966217133328
0.2034448677335521
0.09398892038165152
0.6227024895268657
0.4294394400578715
0.39231881678348174
0.3554193071749937
0.62802831189347
0.19667844540085622
0.32458406924582783
0.48216421242858093
0.34803084752473434
0.09776170602175939
0.770780539466727
0.3482650772339363
0.07716769292702892
0.07042029888137703
0.36079702850176043
0.23902547659788465
0.06608629918470378
0.06438073430930687
0.05499942459855608
0.09156136068934603
0.5918592543616104
0.18786326671669162
0.11191409873930924
0.029905957364032665
0.17093969947167556
0.21234954451130353
0.16373595018172535
0.5975053360898103
0.2168132292573742
0.17209848559590715
0.2844418288400664
0.09845358027115056
0.15590208032387104
0.16697282614696102
0.16783184809638194
0.1797902800336854
0.14695194333728603
0.33035545138393957
0.5146953283330027
0.2522305883819201
0.11286226116934475
0.1607556435015761
0.14728524647473393
0.14684787123162005
0.009464209544062827
0.07057312752303828
0.2934071394874794
0.05315561810386718
0.23500471345197838
0.17461801417384815
0.18132383901354085
0.1791341202380282
0.24328352605271583
0.17578152924138546
0.04395839777104901
0.27665919020611257
0.2798150418078046
0.10731948990974213
0.44238738994748145
0.32746827396214584
0.13181968195911895
0.036939134353747266
0.06362955198044568
0.12672328015041906
0.08638408442828444
0.3269628997478007
0.1248194814067594
0.42759600080423843
0.343315292420591
0.38835864602434
0.10562291064910018
0.07054300829154285
0.04352131684650139
0.08043929373776781
0.09975652394841095
0.08537796041707871
0.29439112913359694
0.06314283116412842
0.26836067157017673
0.03880116822875207
0.21254764928314862
0.06266967984208822
0.1530040789857489
0.2078380384432619
0.292980929605528
0.15710966845136454
0.2509455364249008
0.14285488903348853
0.5524391980527142
0.0771676929270289
0.5062373764313384
0.2770977099224855
0.5936269465435655
0.31546289610336953
0.1178258049503423
0.006495562326779639
0.05300503563248718
0.16378087566656271
0.414258504659599
0.19924659874231204
0.11361862643182329
0.034007130031539996
0.1322547113755167
0.11222274416094326
0.48220900481852735
0.08750558267160265
0.1250626886012708
0.14110676817334245
0.19881314933501346
0.07168413432678078
0.44301360822233044
0.0015135926136285833
0.09239072210590749
0.09899278564061689
0.16936554859940078
0.22036718702264257
0.4735148884006704
0.09456738957466844
0.10404638656074813
0.07164557940001323
0.06765577605436902
0.23959332085281887
0.06901703454155513
0.09172754927678313
0.05483367419592719
0.20686477229622494
0.028887986683880262
0.33278350306547755
0.3160220839387257
0.17343216604041264
0.1910023673682843
0.01594579881968192
0.46868466499678113
0.043878791009489264
0.2115054393404873
0.1672762660336156
0.07478990102205585
0.31764063645059804
0.15017342751169568
0.2307589837954156
0.09712667335573476
0.129753372169323
0.34471589863292756
0.06389436688864926
0.02294519828688488
0.03362051075234348
0.00428121251432217
0.01156928634530021
0.09550698272031641
0.07462414099080929
0.2220805656367204
0.06732049045537804
0.0974607046190828
0.25348748163556384
0.08668394138859882
0.2680036015491098
0.28158945790286893
0.1966877787063606
0.13349091054957818
0.3050479568793428
0.1015995739944612
0.05229282976033056
0.12099322461242606
0.13984838464188795
0.1974967026804406
0.12453879871798551
0.4705744725233326
0.149128488519806
0.016221264048119872
0.32724664705290196
0.05481063481988329
0.1854870257243156
0.0787020669124671
0.09391045369792679
0.1598829844552058
0.014530623079380106
0.03444834117217565
0.09706651967553831
0.2769649320997999
0.12366333014516544
0.13897691334943432
0.09885944189416464
0.08689209400424759
0.12041222679697006
0.2134865396153256
0.011079530594523272
0.18441612192925605
0.18972436177697902
0.12158461892593646
0.0034065605070406155
0.15088232352974137
0.06178574405851854
0.14407384170316506
0.16593251338000262
0.14624962415300727
0.039120796283085076
0.12304873739604254
0.4247851226311793
0.07284556113558352
0.25018242879155855
0.1446861055440377
0.044109588805262126
0.09792283117891723
0.009443854709492158
0.24659969228727782
0.03605701800454721
0.18414092473001212
0.07794936168810469
0.3427445669189225
0.22942731474523423
0.3036235346810264
0.30417980767600256
0.14036587293104064
0.07895113474197964
0.015309815544797815
0.25009778892221324
0.13309512692198777
0.158686769099936
0.04282215316087603
0.023141860846644425
0.19225271953040948
0.18937124772745043
0.21336673337569403
0.20421074969751726
0.2491206807542828
0.3010037522226736
0.27834801945600346
0.09730007984650438
0.059848647182367015
0.022984830267052194
0.24796689995847682
0.3683795459550212
0.1569672090798946
0.12362071144585962
0.0377884368739524
0.1916362358547834
0.1817375645211691
0.45099679087404615
0.2837742553012291
0.08992126998055922
0.08741421661665891
0.3310025402204504
0.31609139381290724
0.6173415434162314
0.31609139381290724
0.3310025402204504
0.08741421661665891
0.08992126998055922
0.2837742553012291
0.45099679087404615
0.1817375645211691
0.1916362358547834
0.0377884368739524
0.12362071144585962
0.1569672090798946
0.3683795459550212
0.24796689995847682
0.022984830267052194
0.059848647182367015
0.09730007984650438
0.27834801945600346
0.3010037522226736
0.2491206807542828
0.20421074969751726
0.21336673337569403
0.18937124772745043
0.19225271953040948
0.023141860846644425
0.04282215316087603
0.158686769099936
0.13309512692198777
0.25009778892221324
0.015309815544797815
0.07895113474197964
0.14036587293104064
0.30417980767600256
0.3036235346810264
0.22942731474523423
0.3427445669189225
0.07794936168810469
0.18414092473001212
0.03605701800454721
0.24659969228727782
0.009443854709492158
0.09792283117891723
0.044109588805262126
0.1446861055440377
0.25018242879155855
0.07284556113558352
0.4247851226311793
0.12304873739604254
0.039120796283085076
0.14624962415300727
0.16593251338000262
0.14407384170316506
0.06178574405851854
0.15088232352974137
0.0034065605070406155
0.12158461892593646
0.18972436177697902
0.18441612192925605
0.011079530594523272
0.2134865396153256
0.12041222679697006
0.08689209400424759
0.09885944189416464
0.13897691334943432
0.12366333014516544
0.2769649320997999
0.09706651967553831
0.03444834117217565
0.014530623079380106
0.1598829844552058
0.09391045369792679
0.0787020669124671
0.1854870257243156
0.05481063481988329
0.32724664705290196
0.016221264048119872
0.149128488519806
0.4705744725233326
0.12453879871798551
0.1974967026804406
0.13984838464188795
0.12099322461242606
0.05229282976033056
0.1015995739944612
0.3050479568793428
0.13349091054957818
0.1966877787063606
0.28158945790286893
0.2680036015491098
0.08668394138859882
0.25348748163556384
0.0974607046190828
0.06732049045537804
0.2220805656367204
0.07462414099080929
0.09550698272031641
0.01156928634530021
0.00428121251432217
0.03362051075234348
0.02294519828688488
0.06389436688864926
0.34471589863292756
0.129753372169323
0.09712667335573476
0.2307589837954156
0.15017342751169568
0.31764063645059804
0.07478990102205585
0.1672762660336156
0.2115054393404873
0.043878791009489264
0.46868466499678113
0.01594579881968192
0.1910023673682843
0.17343216604041264
0.3160220839387257
0.33278350306547755
0.028887986683880262
0.20686477229622494
0.05483367419592719
0.09172754927678313
0.06901703454155513
0.23959332085281887
0.06765577605436902
0.07164557940001323
0.10404638656074813
0.09456738957466844
0.4735148884006704
0.22036718702264257
0.16936554859940078
0.09899278564061689
0.09239072210590749
0.0015135926136285833
0.44301360822233044
0.07168413432678078
0.19881314933501346
0.14110676817334245
0.1250626886012708
0.08750558267160265
0.48220900481852735
0.11222274416094326
0.1322547113755167
0.034007130031539996
0.11361862643182329
0.19924659874231204
0.414258504659599
0.16378087566656271
0.05300503563248718
0.006495562326779639
0.1178258049503423
0.31546289610336953
0.5936269465435655
0.2770977099224855
0.5062373764313384
0.0771676929270289
0.5524391980527142
0.14285488903348853
0.2509455364249008
0.15710966845136454
0.292980929605528
0.2078380384432619
0.1530040789857489
0.06266967984208822
0.21254764928314862
0.03880116822875207
0.26836067157017673
0.06314283116412842
0.29439112913359694
0.08537796041707871
0.09975652394841095
0.08043929373776781
0.04352131684650139
0.07054300829154285
0.10562291064910018
0.38835864602434
0.343315292420591
0.42759600080423843
0.1248194814067594
0.3269628997478007
0.08638408442828444
0.12672328015041906
0.06362955198044568
0.036939134353747266
0.13181968195911895
0.32746827396214584
0.44238738994748145
0.10731948990974213
0.2798150418078046
0.27665919020611257
0.04395839777104901
0.17578152924138546
0.24328352605271583
0.1791341202380282
0.18132383901354085
0.17461801417384815
0.23500471345197838
0.05315561810386718
0.2934071394874794
0.07057312752303828
0.009464209544062827
0.14684787123162005
0.14728524647473393
0.1607556435015761
0.11286226116934475
0.2522305883819201
0.5146953283330027
0.33035545138393957
0.14695194333728603
0.1797902800336854
0.16783184809638194
0.16697282614696102
0.15590208032387104
0.09845358027115056
0.2844418288400664
0.17209848559590715
0.2168132292573742
0.5975053360898103
0.16373595018172535
0.21234954451130353
0.17093969947167556
0.029905957364032665
0.11191409873930924
0.18786326671669162
0.5918592543616104
0.09156136068934603
0.05499942459855608
0.06438073430930687
0.06608629918470378
0.23902547659788465
0.36079702850176043
0.07042029888137703
0.07716769292702892
0.3482650772339363
0.770780539466727
0.09776170602175939
0.34803084752473434
0.48216421242858093
0.32458406924582783
0.19667844540085622
0.62802831189347
0.3554193071749937
0.39231881678348174
0.4294394400578715
0.6227024895268657
0.09398892038165152
0.2034448677335521
0.12767966217133328
0.41149105533775676
0.1723683588186923
0.1849684916811325
0.19979889600757078
0.13156203836807143
0.018289401703530127
0.2087670752992347
0.4938226843981049
0.30447849206550914
6.0811442724772266E-5
0.09085538535081178
0.3399704886002269
0.20234058004328206
0.007767882297338371
0.26218376689971834
0.019093810689190645
0.040220774048548034
0.4067847299715858
0.354124769520483
0.04037689098242673
0.4797596428835205
0.2904069627555533
0.2622451569228123
0.604442101917526
0.002761619062266279
0.13739768050314793
0.04905217168535594
0.026030754857914326
0.045165975479013694
0.17772817477789304
0.5695815495383094
0.1381946366174766
0.13691462222578052
0.3887042206633325
0.07671051868922023
0.20397835145310353
0.4560981333079812
0.61974432478094
0.07212057622134888
0.3690214684510603
0.38568478149209356
1.0
0.0947813093433597
0.14237706872871406
0.11394287369317048
0.987071632592875
0.03117711125641043
0.569748627320538
0.30584438224427424
0.015614465663376948
0.2518220246487234
0.15024161487704968
0.022900561412843655
0.5739060309851642
0.36083316322258646
0.05122357386902519
0.26540111657023935
0.058199952723599624
0.21238027799803832
0.21417911875291754
0.3630723659107551
0.3086707717081157
0.12427766992232955
0.17157984635503143
0.08353101119920821
0.02281098829238962
0.2136428500215609
0.7177141841518225
0.9745519219631732
0.11564182848369504
0.46422544144741085
0.20785985894956818
0.165236532540621
0.3731940375185659
0.2205420859546958
0.2222513185101421
0.5508143861046664
0.09030356644953609
0.6167660254225783
0.5839452677437059
0.1650326349377524
0.19615232459096404
0.11568665641448996
0.36055887951614923
0.3206198840877769
0.8268649208059372
0.2202827719184048
0.35399261698361106
0.2282213247979982
0.5602316384616858
0.09469565688054561
0.1140703449328299
0.11507904201991671
0.29877392006499354
0.25596398274526344
0.32702571733433206
0.021471114126445118
0.10521804829779605
0.011686396713797436
0.35580709874351557
0.24595213398016788
0.21137863682415797
0.28516021431565386
0.6169143070169718
0.015273811922608188
0.4190472224327063
0.05183873974696582
0.2333636607216255
0.16567163185803224
0.2050628276621741
0.0011095757200860047
0.21691339577643023
0.39387868940737236
0.15179870479721805
0.19046044948894664
0.32775619374042353
0.15141971445971267
0.8281882342129949
0.09665558441901997
0.8751572725025563
0.4519108297951215
0.03471041505160801
0.1510188554154998
0.2819034003653663
0.37233844756143963
0.680544341774995
0.08378606204440701
0.3151091657591635
0.22854769391623211
0.005894328559185887
0.16496641017329067
0.18467364867240438
0.02240843824264382
0.2582021285515117
0.2930921439319331
0.4999605519709804
0.34881787349188426
0.08526108762355605
0.06959937796586987
0.5994396962171129
0.1168613826487972
0.23896770741364518
0.1473724815826948
0.4071132264941923
0.19366651465980178
0.5536246085561115
0.2811737586176127
0.28305084103659495
0.577261666545395
0.0932916814404738
0.05874101483207233
0.47170962472378375
0.5718459599387544
0.113020531237385
0.5617959735067605
0.5232071308555747
0.06854683888932078
0.31686052185916647
0.44271293498284464
0.1624389935023428
0.2550143044696801
0.18729089974328905
0.32891214327406315
0.31640243827554115
0.28163565620214637
0.5566358509547611
0.11777776226809303
0.4028466977089118
0.11502099546690821
0.11588311000432222
0.15040148602247025
0.7110005376633273
0.14425414938712688
0.028519150413644865
0.5769648678351871
0.022062993225626687
0.2651158889871614
0.5872161210531565
0.3725501713541409
0.31119695466942576
0.42575891108828195
0.30825976461636856
0.1179724798514724
0.34091544294796805
0.5937088311178871
0.05898879038824143
0.4119715575387053
0.0977335184442176
0.1738025821392408
0.30125664975313143
0.2802736784156084
0.24179354417518895
0.2347069308500529
0.2159917487716608
0.8669513014380467
0.00394251537405145
0.4084420939425463
0.6686813190546939
0.1882493874997926
0.7001976047815042
0.49603278338919704
0.3810665803625644
0.876076221146794
0.23846875003715967
0.10534930297109658
0.3144570132604869
0.5039319956864224
0.7198054860708623
0.09952501707053389
0.10746125061553592
0.531456536452443
0.2196926134324197
0.12396289398430488
0.7636065095812746
0.018638089870827216
