0.4256336253280102
0.01825858331241195
0.2903545909035345
0.14421912241347212
0.22342577966455995
0.27836644539097916
0.062162787593154155
0.06533659672984417
0.33548855973200203
0.695737532603974
0.08934578341179547
0.1479091487878777
0.14667991800235505
0.26414849849467276
0.27902999235878534
0.34672157278399435
0.18525878439118362
0.07498764410755064
0.890426786943736
0.5034275545664476
0.47178765487542657
0.41134827504349164
0.22249987768346383
0.025516986886486525
0.30862677779374437
0.2032280771061381
0.08907340093986715
0.11049722877536283
0.32030911448373867
0.27145594007496227
0.10725907336329281
0.0698805714868222
0.351997766306258
0.16673150851077875
0.14951758859746023
0.13249160250415917
0.26472396367585943
0.3096640533732295
0.11156398356145163
0.06585537623509391
0.3520218574433887
0.29913612721412164
0.11868494806516533
0.005757722482086852
0.07180507807566713
0.12344150911377313
0.04567992275086431
0.9027548526285784
0.36321550019461013
0.2124093855549037
0.4849211228197531
0.2141294277598709
0.2401173077552807
0.11090359446457544
0.2413958894215844
0.20477609421689458
0.2809394938994613
0.03737686492716554
0.15679209844561612
0.08180288497073367
0.07303697399323028
0.14411830343086607
0.0019138886793650038
0.08546561611831402
0.30397526178611983
0.17455766525965666
0.03340449310652887
0.03990714511895562
0.0624460964103922
0.3065957680321956
0.2890397246989476
0.2248259018716414
0.18357726865698232
0.24421652638354546
0.5527935657711167
1.0
0.3817559653981666
0.0133010507915003
0.16507210178270787
0.0016015480695844083
0.1559168807945492
0.08359463952335675
0.1193331426040393
0.15651253279909655
0.4694487432409164
0.05861737878989863
0.12027900505736597
0.1047270310853353
0.23034213545071286
0.3542261389895447
0.07562730532215836
0.14508438161861936
0.187240936689756
0.12474142329145016
0.2035584863070732
0.25393762670853504
0.12738326986498316
0.44593866263775656
0.2713100756938494
0.023972321288765593
0.17263637625866318
0.21721546189085075
0.581441917768385
0.30232708470638914
0.009816945925710042
0.10112132446103199
0.026793926666534372
0.15746653279284914
0.13435029403992096
0.1460528228035511
0.06418862355367431
0.12031629254065661
0.32155355184862294
0.1250520649234465
0.19936767595752689
0.20024366790649786
0.022232048613426657
0.13480964772337
0.2584742808594139
0.09077475186406142
0.010271313983595477
0.099186803551785
0.06319304144661327
0.162880281747325
0.023671797245353312
0.12110832345089337
0.1671970302283592
0.1083374246637406
0.240341410081059
0.24720436957001182
0.023896752282953758
0.13254623655466785
0.17288183212384983
0.11499937646419947
0.08985358400886044
0.07366710763829148
0.10808369038056852
0.09194425511998013
0.2726538400671194
0.20461902807807558
0.24751290437261822
0.28583206497391234
0.14708502370467955
0.14692978056321174
0.04028287898871857
0.06027308677718748
0.19489419112799208
0.1423017615775424
0.2677664284897613
0.16420675167297172
0.10164850188159696
0.04405136108100126
0.181667334163649
0.03434096399543547
0.11970945712350287
0.16484044350816224
0.04223291005963782
0.3912296919357528
0.1327304176765189
0.28665101043563246
0.2749248305561285
0.32536669494992465
0.030745779346256514
0.16618836775100446
0.16780881411538545
0.0685053463754512
0.10340965671310622
0.20014849351051336
0.4264735564644418
0.0882785238484364
0.011885041165618292
0.029378754966356332
0.04163718745070217
0.0810150237523826
0.008620438095946354
0.016271109003367444
0.15857229066309556
0.24629248824921324
0.4010082273654867
0.1637523870244039
0.11842611118598066
0.16730616646810217
0.12693002919480634
0.2721394799946347
0.11811201263644938
0.03170836823034465
0.3505903777070681
0.1899836635514824
0.33280560279634835
0.04560508054366707
0.14661417044814481
0.24426836591967468
0.27264439476090646
0.344938777367897
0.3282296985001553
0.35356015551889075
0.6744709139671411
0.42531952086304237
0.08803886991947579
0.14924273124730833
0.13650743190891337
0.10506151234059026
0.16695836862752925
0.05868403087540856
0.03935039693564093
0.2473549954826879
0.08977145943655969
0.1659901795147092
0.1691970918473131
0.2162996199585802
0.074149531722747
0.3358806075716373
0.047070785670328
0.03310058948571586
0.16458576538082267
0.08367363900451788
0.12116389333310097
0.14118447858845284
0.1726250831596288
0.043162406885934534
0.2254045907717609
0.2524855533791768
0.0811671930986594
0.2145558821747669
0.17346337426248734
0.018970010238347167
0.06276765274510702
0.19678497731234046
0.193124878594374
0.07571501506969296
0.09432018277974817
0.10640840633200255
0.014333177673447406
0.06578577084080066
0.1560065666175068
0.22695819940655645
0.05918415985005583
0.04653611020050877
0.12947708293580262
0.030807357165553845
0.11397324796150363
0.05039221342603928
0.14903650392031773
0.16401142774508096
0.06138217959838662
0.10845854994590365
0.12997056745278956
0.0164953333721071
0.07163220017143483
0.05302705632019474
0.09522342379224129
0.30449481448985277
0.12234010107912789
0.07270696564124514
0.01550312739955163
0.12244527384092191
0.09779812584130333
0.0032263559540937807
0.04434207833955896
0.09061634003868138
0.02896128958674483
0.14219217954641622
0.09686650180191621
0.05001527513744145
0.11990984397435539
0.009413681246527526
0.040289090585882634
0.10971744834433986
0.06992667543736385
0.0625204646750891
0.008480469475347838
0.333912836903866
0.10728327253894034
0.021726612661579606
0.07162488380410849
0.009980001206944339
0.0069402279616389605
0.05604799563966007
0.13746745413963682
0.11576851963776662
0.20021645435453414
0.29280732777870583
0.11972511242489993
0.016385762340216197
0.15515294973903584
0.008251118575613798
0.021553942164013084
0.10431636962288204
0.08630324792369562
0.05706460861404142
0.19054693424906977
0.13335925481117825
0.021504388772047425
0.02928697584352412
0.03224138773405014
0.14841765957357514
0.020057114567230038
0.019172438915714504
0.07217133746390954
0.07501050591060554
0.04499554029885801
0.048893305651166584
0.09705472836706601
0.033942999051435864
0.004686403675456178
0.09997869339206475
0.1564302182963561
0.07050863576404968
0.013301050791500306
0.005470469411035686
0.18079025623609607
0.11358248839025827
0.027099855390283145
0.09520012762056233
0.19459481601546924
0.06365349459334711
0.16401106629752127
0.16923463319882176
0.1813958047703029
0.024746057207787806
0.10780378913666679
0.08792169960419129
0.02313489945563762
0.02438242806176953
0.14682866797932634
0.09615974534067362
0.09831393450955662
0.04145149392159156
0.08920060921840565
0.014482398663578335
0.2408490878939515
0.12556453161193645
0.1096610825652817
0.012448637048982148
0.10343049830856765
0.19867986714546548
0.01077991539227029
0.1413833198324847
0.1018262783400943
0.02958746171257858
0.11272571510942336
0.19728876519346764
0.013204948029783524
0.01634057643473397
0.1690049645325231
0.21539261318984873
0.13348132303114654
0.05568878041021893
0.10096707283468878
0.07337027977908024
0.05683184514094199
0.011857418983201456
0.05406066947361193
0.17755827155633785
0.17604365111373513
0.08402149257323793
0.08478562508300906
0.01237614299338725
0.043146993691634765
0.16246147157723057
0.034936337471518635
0.1851787164359574
0.06999211260839533
0.10742479891958842
0.003558328273730344
0.015983895653520076
0.18312986679283552
0.053525096575386615
0.011032221152227772
0.10807208749338049
0.007753836335976138
0.07440603966793462
0.061990454689440484
0.06484406459636195
0.15553516318828986
0.014746644911180192
0.06356006285654965
0.11566002770935463
0.008591442913487634
0.12217595249625168
0.06889714610352651
0.08909080989872262
0.07406760339809049
0.015510766513007711
0.09593209996703361
0.013301050791500313
0.031513717384743636
0.010397639198461385
0.023265730802034937
0.08485144103557096
0.10747853649153319
0.09357293240859751
0.1305675941111956
0.18919680938668365
0.09329559222562249
0.025801569400859592
0.07957408973249501
0.023526132955699882
0.2060150144152798
0.06322787908334968
0.08243710349974434
0.06461511012113992
0.12311784271025385
0.05797192463651643
0.09860885133589485
0.02674268206796517
0.04502641742706183
0.1529812528759189
0.13923732737575106
0.2210798973228829
0.06602834341884616
0.01841702920540417
0.008652734660488366
0.007895420597017476
0.13105311977761352
0.17936324789736396
0.04632107337052644
0.20010767059180656
0.06375339874030257
0.03640003925608478
0.002079744952881525
0.07245716560993543
0.027277442829001762
0.11091107291302449
0.014544512542179462
0.12365140235976206
0.09772877384118431
0.1339282337109318
0.027012969593227548
0.05609779451843324
0.28232563634457325
0.09341587258370226
0.06409005064449032
0.11507872366481936
0.018332883052766074
0.1813347051411492
0.19524879297682063
0.10075537113439144
0.06798323141904539
0.05663814733107191
0.10651636666781898
0.09143021534259757
0.07597457839154856
0.07202569093534589
0.09328137601058299
0.042752311476793765
0.09501473719546207
0.16370620038224382
0.12816556409781643
0.042181126253103836
0.08327969779752091
0.14389458310768902
0.03734104480230836
0.0275447508754778
0.19482481589217612
0.055909514653018196
0.03641773922628777
0.04066671205854022
0.0811405039968038
0.05388565245102786
0.04354490914613214
0.06449531244658363
0.0
0.06449531244658363
0.04354490914613214
0.05388565245102786
0.0811405039968038
0.04066671205854022
0.03641773922628777
0.055909514653018196
0.19482481589217612
0.0275447508754778
0.03734104480230836
0.14389458310768902
0.08327969779752091
0.042181126253103836
0.12816556409781643
0.16370620038224382
0.09501473719546207
0.042752311476793765
0.09328137601058299
0.07202569093534589
0.07597457839154856
0.09143021534259757
0.10651636666781898
0.05663814733107191
0.06798323141904539
0.10075537113439144
0.19524879297682063
0.1813347051411492
0.018332883052766074
0.11507872366481936
0.06409005064449032
0.09341587258370226
0.28232563634457325
0.05609779451843324
0.027012969593227548
0.1339282337109318
0.09772877384118431
0.12365140235976206
0.014544512542179462
0.11091107291302449
0.027277442829001762
0.07245716560993543
0.002079744952881525
0.03640003925608478
0.06375339874030257
0.20010767059180656
0.04632107337052644
0.17936324789736396
0.13105311977761352
0.007895420597017476
0.008652734660488366
0.01841702920540417
0.06602834341884616
0.2210798973228829
0.13923732737575106
0.1529812528759189
0.04502641742706183
0.02674268206796517
0.09860885133589485
0.05797192463651643
0.12311784271025385
0.06461511012113992
0.08243710349974434
0.06322787908334968
0.2060150144152798
0.023526132955699882
0.07957408973249501
0.025801569400859592
0.09329559222562249
0.18919680938668365
0.1305675941111956
0.09357293240859751
0.10747853649153319
0.08485144103557096
0.023265730802034937
0.010397639198461385
0.031513717384743636
0.013301050791500313
0.09593209996703361
0.015510766513007711
0.07406760339809049
0.08909080989872262
0.06889714610352651
0.12217595249625168
0.008591442913487634
0.11566002770935463
0.06356006285654965
0.014746644911180192
0.15553516318828986
0.06484406459636195
0.061990454689440484
0.07440603966793462
0.007753836335976138
0.10807208749338049
0.011032221152227772
0.053525096575386615
0.18312986679283552
0.015983895653520076
0.003558328273730344
0.10742479891958842
0.06999211260839533
0.1851787164359574
0.034936337471518635
0.16246147157723057
0.043146993691634765
0.01237614299338725
0.08478562508300906
0.08402149257323793
0.17604365111373513
0.17755827155633785
0.05406066947361193
0.011857418983201456
0.05683184514094199
0.07337027977908024
0.10096707283468878
0.05568878041021893
0.13348132303114654
0.21539261318984873
0.1690049645325231
0.01634057643473397
0.013204948029783524
0.19728876519346764
0.11272571510942336
0.02958746171257858
0.1018262783400943
0.1413833198324847
0.01077991539227029
0.19867986714546548
0.10343049830856765
0.012448637048982148
0.1096610825652817
0.12556453161193645
0.2408490878939515
0.014482398663578335
0.08920060921840565
0.04145149392159156
0.09831393450955662
0.09615974534067362
0.14682866797932634
0.02438242806176953
0.02313489945563762
0.08792169960419129
0.10780378913666679
0.024746057207787806
0.1813958047703029
0.16923463319882176
0.16401106629752127
0.06365349459334711
0.19459481601546924
0.09520012762056233
0.027099855390283145
0.11358248839025827
0.18079025623609607
0.005470469411035686
0.013301050791500306
0.07050863576404968
0.1564302182963561
0.09997869339206475
0.004686403675456178
0.033942999051435864
0.09705472836706601
0.048893305651166584
0.04499554029885801
0.07501050591060554
0.07217133746390954
0.019172438915714504
0.020057114567230038
0.14841765957357514
0.03224138773405014
0.02928697584352412
0.021504388772047425
0.13335925481117825
0.19054693424906977
0.05706460861404142
0.08630324792369562
0.10431636962288204
0.021553942164013084
0.008251118575613798
0.15515294973903584
0.016385762340216197
0.11972511242489993
0.29280732777870583
0.20021645435453414
0.11576851963776662
0.13746745413963682
0.05604799563966007
0.0069402279616389605
0.009980001206944339
0.07162488380410849
0.021726612661579606
0.10728327253894034
0.333912836903866
0.008480469475347838
0.0625204646750891
0.06992667543736385
0.10971744834433986
0.040289090585882634
0.009413681246527526
0.11990984397435539
0.05001527513744145
0.09686650180191621
0.14219217954641622
0.02896128958674483
0.09061634003868138
0.04434207833955896
0.0032263559540937807
0.09779812584130333
0.12244527384092191
0.01550312739955163
0.07270696564124514
0.12234010107912789
0.30449481448985277
0.09522342379224129
0.05302705632019474
0.07163220017143483
0.0164953333721071
0.12997056745278956
0.10845854994590365
0.06138217959838662
0.16401142774508096
0.14903650392031773
0.05039221342603928
0.11397324796150363
0.030807357165553845
0.12947708293580262
0.04653611020050877
0.05918415985005583
0.22695819940655645
0.1560065666175068
0.06578577084080066
0.014333177673447406
0.10640840633200255
0.09432018277974817
0.07571501506969296
0.193124878594374
0.19678497731234046
0.06276765274510702
0.018970010238347167
0.17346337426248734
0.2145558821747669
0.0811671930986594
0.2524855533791768
0.2254045907717609
0.043162406885934534
0.1726250831596288
0.14118447858845284
0.12116389333310097
0.08367363900451788
0.16458576538082267
0.03310058948571586
0.047070785670328
0.3358806075716373
0.074149531722747
0.2162996199585802
0.1691970918473131
0.1659901795147092
0.08977145943655969
0.2473549954826879
0.03935039693564093
0.05868403087540856
0.16695836862752925
0.10506151234059026
0.13650743190891337
0.14924273124730833
0.08803886991947579
0.42531952086304237
0.6744709139671411
0.35356015551889075
0.3282296985001553
0.344938777367897
0.27264439476090646
0.24426836591967468
0.14661417044814481
0.04560508054366707
0.33280560279634835
0.1899836635514824
0.3505903777070681
0.03170836823034465
0.11811201263644938
0.2721394799946347
0.12693002919480634
0.16730616646810217
0.11842611118598066
0.1637523870244039
0.4010082273654867
0.24629248824921324
0.15857229066309556
0.016271109003367444
0.008620438095946354
0.0810150237523826
0.04163718745070217
0.029378754966356332
0.011885041165618292
0.0882785238484364
0.4264735564644418
0.20014849351051336
0.10340965671310622
0.0685053463754512
0.16780881411538545
0.16618836775100446
0.030745779346256514
0.32536669494992465
0.2749248305561285
0.28665101043563246
0.1327304176765189
0.3912296919357528
0.04223291005963782
0.16484044350816224
0.11970945712350287
0.03434096399543547
0.181667334163649
0.04405136108100126
0.10164850188159696
0.16420675167297172
0.2677664284897613
0.1423017615775424
0.19489419112799208
0.06027308677718748
0.04028287898871857
0.14692978056321174
0.14708502370467955
0.28583206497391234
0.24751290437261822
0.20461902807807558
0.2726538400671194
0.09194425511998013
0.10808369038056852
0.07366710763829148
0.08985358400886044
0.11499937646419947
0.17288183212384983
0.13254623655466785
0.023896752282953758
0.24720436957001182
0.240341410081059
0.1083374246637406
0.1671970302283592
0.12110832345089337
0.023671797245353312
0.162880281747325
0.06319304144661327
0.099186803551785
0.010271313983595477
0.09077475186406142
0.2584742808594139
0.13480964772337
0.022232048613426657
0.20024366790649786
0.19936767595752689
0.1250520649234465
0.32155355184862294
0.12031629254065661
0.06418862355367431
0.1460528228035511
0.13435029403992096
0.15746653279284914
0.026793926666534372
0.10112132446103199
0.009816945925710042
0.30232708470638914
0.581441917768385
0.21721546189085075
0.17263637625866318
0.023972321288765593
0.2713100756938494
0.44593866263775656
0.12738326986498316
0.25393762670853504
0.2035584863070732
0.12474142329145016
0.187240936689756
0.14508438161861936
0.07562730532215836
0.3542261389895447
0.23034213545071286
0.1047270310853353
0.12027900505736597
0.05861737878989863
0.4694487432409164
0.15651253279909655
0.1193331426040393
0.08359463952335675
0.1559168807945492
0.0016015480695844083
0.16507210178270787
0.0133010507915003
0.3817559653981666
1.0
0.5527935657711167
0.24421652638354546
0.18357726865698232
0.2248259018716414
0.2890397246989476
0.3065957680321956
0.0624460964103922
0.03990714511895562
0.03340449310652887
0.17455766525965666
0.30397526178611983
0.08546561611831402
0.0019138886793650038
0.14411830343086607
0.07303697399323028
0.08180288497073367
0.15679209844561612
0.03737686492716554
0.2809394938994613
0.20477609421689458
0.2413958894215844
0.11090359446457544
0.2401173077552807
0.2141294277598709
0.4849211228197531
0.2124093855549037
0.36321550019461013
0.9027548526285784
0.04567992275086431
0.12344150911377313
0.07180507807566713
0.005757722482086852
0.11868494806516533
0.29913612721412164
0.3520218574433887
0.06585537623509391
0.11156398356145163
0.3096640533732295
0.26472396367585943
0.13249160250415917
0.14951758859746023
0.16673150851077875
0.351997766306258
0.0698805714868222
0.10725907336329281
0.27145594007496227
0.32030911448373867
0.11049722877536283
0.08907340093986715
0.2032280771061381
0.30862677779374437
0.025516986886486525
0.22249987768346383
0.41134827504349164
0.47178765487542657
0.5034275545664476
0.890426786943736
0.07498764410755064
0.18525878439118362
0.34672157278399435
0.27902999235878534
0.26414849849467276
0.14667991800235505
0.1479091487878777
0.08934578341179547
0.695737532603974
0.33548855973200203
0.06533659672984417
0.062162787593154155
0.27836644539097916
0.22342577966455995
0.14421912241347212
0.2903545909035345
0.01825858331241195
