0.10018315014289855
0.08441533578962968
0.009569079789425432
0.0011002690714250717
0.06560131008870566
0.02412400831368793
0.05421289593345637
0.06184623590760008
0.09783525134837899
0.2109607072441254
0.2153145771486052
0.047443367426504436
0.15023449991713456
0.03558979314750156
0.004633307736566196
0.1533136017368323
0.07996433805617233
0.03873824135878624
0.36226211747529935
0.19017134741701772
0.03903007555916809
0.21330081621581515
0.031017271754364254
0.08614649296612809
0.06322597910370076
0.02677333979086476
0.06542414130163415
0.1082631382010253
0.06978587360478086
0.017948020127615625
0.027446782186283752
0.029770362464473985
0.013557627939334255
0.10033076430367324
0.10575431332680023
0.032163593135944336
0.040235857502292166
0.18029471142538567
0.06972254791350961
0.0123081682997541
0.05152693596964795
0.01589388732598502
0.059311748627100175
0.06557937938103339
0.06909717256175843
0.07148954763786902
0.43197176924565467
0.2962344843172367
0.114435021302766
0.0431535899148355
0.11809218394445085
0.08666071640892364
0.07580065974707723
0.032483732541393806
0.03337209351397476
0.01401067254421777
0.09541562080464741
0.03335004086729564
0.030534014060052666
0.019833710531043047
0.006617313999076181
0.11023077890233982
0.04210318692975372
0.11823067890378701
0.11075408297072761
0.11810192820046016
0.09383909485960348
0.1342574582463513
0.04113505238120157
0.03385991272220319
0.12964668259941137
0.050113955947150096
0.06452263402778578
0.7155939697382243
1.0
0.3659550366981683
0.13153205705496157
0.0045537795519499345
0.05844648204531535
0.052639265937080536
0.03861731241310541
0.10701856331475444
0.03609587335498379
0.05436209974999406
0.08957811662719863
0.048930128824648214
0.024481199436457213
0.006150350134518995
0.040382099753993775
0.03933549983555562
0.09998266497449021
0.07160164880533468
0.05360322219323433
0.007512026341400721
0.03494739829542204
0.008257364993470585
0.016578042281465085
0.10090465126849915
0.029609322808286147
0.028604161739198275
0.057139998231515894
0.02849198166015238
0.06373805378214097
0.036065510743304455
0.0448270653843155
0.0023987109103432757
0.03246493324734149
0.06338729273363253
0.026921862211280106
0.089227056493592
0.10923056888620383
0.051523803376899525
0.07135293066993041
0.005864243060286309
0.1685487643203109
0.04801965748451499
0.0916188606119419
0.026054675144147135
3.089653696200259E-4
0.055925426860673685
0.037167934556294274
0.14446381045881782
0.02912569091940445
0.01629689736450773
0.05246785407995998
0.08346320309068683
0.06527816327719212
0.004353294467838534
0.06595257112416139
0.0675012241480791
0.0654947750711183
0.013186362925739605
0.1082651555613876
0.03895886369917634
0.007510615518103387
0.03970000070740156
0.010381349591843288
0.06404443047623148
0.20416428537999617
0.03753891616915788
0.06358561822131199
0.009248609893471453
0.07883885327781837
0.06665797225014655
0.003916291095736403
0.024749689164441386
0.07756539144779188
0.03524900857876117
0.0031164573402155545
0.04753393797079511
0.04439293022293045
0.023443853472020233
0.03953031849883398
0.008786251030593599
0.013661338655849804
0.04170490924320427
0.06288190261616847
0.042407447547453785
0.05420727905075422
0.0345385710351442
0.027593801346318458
0.08682851607796682
0.03405185769415413
0.06585692932112168
0.05325201198071205
0.01777468876395883
0.0016572653535538234
0.22417788743567735
0.07549649057689926
0.02853534991467018
0.09694249342905352
0.05236714150738935
0.010312629491574254
4.8684643802724423E-4
0.006420239922919678
0.14055901361266285
0.10864530442307266
0.06689546215273855
0.12005986810861352
0.02699956055021238
0.06075216340806199
0.07376654079805232
0.1092595394122502
0.22992669764719334
0.14208398778087522
0.3056314661922238
0.33119708957428834
0.022084015857433893
0.07258226170594187
0.03280974034480308
0.028072325197723274
0.1610368850402191
0.09991482290090438
0.16790122637675908
0.1168501896565119
0.15569858576919182
0.07744411899401414
0.08147829761781292
0.07429616249766029
0.027081232029358856
0.12609160143992312
0.07409457968679613
0.0680524483589955
0.3614567916710731
0.03327402452831922
0.11356723938442673
0.04668245040908338
0.018106877084602416
0.018602133356312837
0.04805971277533184
0.007232624978302641
0.06355493647744395
0.2203278971681945
0.041155503079914384
0.023737469136063886
0.010440022759116737
0.004378712824460603
0.021973511254426044
0.05264225446872053
0.07930801752446187
0.06308957345869466
0.1419305094326428
0.0751969522917952
0.07394619551945275
0.050687216304651554
0.03994971002836766
0.07673233577851596
2.617647373570218E-4
0.09885310035170002
0.04647401363342666
0.09175955637510783
0.018215118207799738
0.12248156199690086
0.0703206673784576
0.020659551915859532
0.03096814154474341
0.06552743914231265
0.013821540673709325
0.015087976233523993
0.020703594819720596
9.252994666570491E-4
0.04432809959908271
0.028423240590226172
0.037875995530952895
0.009373198483484694
0.011561050952390042
0.01075268759133699
0.08268352499939087
0.032767810303457205
0.07260794853536086
0.08155874884403007
0.06794261888924291
4.2414601231736066E-5
0.04226401716713983
0.01741100897341458
0.024587253124227767
0.030317485566865938
0.10141928795632976
0.03249106001855135
0.03773913056714676
0.04916664671058208
0.011720067940804955
0.016777372454124206
0.0549736180635379
0.0773701322747231
0.08657200882200923
0.009078630516336592
0.08388390191362904
0.06148636327206185
0.014265800782284852
0.08563229542676308
0.055721677337443036
0.0059130077627613615
0.026472860049912905
0.051728899451759965
0.09617913272626684
0.018339663019373804
0.02214577892312399
0.03258103490895701
0.06628888014764237
0.008000345918550233
0.07631536511606712
0.08587581241113616
0.03854402667743988
0.06063129593053486
0.0065663477852270224
0.019890686268107846
0.005361821913163051
0.04508373054008506
0.06994427041571064
0.03459077393779272
2.715161115823683E-5
0.05642918710128687
0.009116994106015956
0.02289493719556441
0.05029432451082005
0.01418756437203494
0.028466044143985434
0.034776607797201965
0.031696710065588676
0.025441141533417116
0.0020942455098908875
0.006404114684117315
0.031876204604402894
0.11829892874201653
0.004742025890580255
0.10531968496361199
0.041959136220613785
0.059199134175349145
0.011531842212428213
0.017048812626992108
0.06054012044450782
0.0075231336821235595
0.02660068209000022
0.038015892240385145
0.05136758539203707
0.01092052579704483
0.014386218509920796
0.022990356943037887
0.0042333212248813505
0.030694735325076973
0.005902993985736908
0.06317184248411224
0.003081574724330659
0.032771518465778054
0.02721701528097444
0.008670835690432237
0.04909038040081035
0.10696926234985493
0.004463864231271135
0.02144108360560623
0.009660898388684731
0.04819892763531386
0.07957249016157074
0.022518680367376157
0.1435162982814575
0.017794496015248375
0.06721580295085314
0.009074067473811866
0.010566328717423579
0.024682818104791813
0.014608088285136588
0.0362451313598306
9.697439273953952E-4
0.031294558474199194
0.024091230636732484
0.012248382282547092
0.028500724327056696
0.07720261794380798
0.08922542380545435
0.03872683808209745
0.095285749782872
0.049502061035602424
0.01910016215363864
0.02150561246286185
0.03674030545801529
0.05227432899748856
0.04436772644998778
0.04730025321578783
0.0697676314431309
0.013746058079515535
0.06835233081255133
0.12939392878863337
0.056217772471680486
0.023545984620450305
0.014832777323556503
0.06237614563408798
0.001667966425973722
0.09052190995775576
0.09156330609718223
0.05526548390659601
0.02035524392656672
0.05861860547341979
0.08622021842750922
0.09490841123111131
0.03183822260199794
0.015579946983914279
0.03419029982073855
0.019355289100195655
0.07345403034822844
0.07369275581669271
0.002013464406497126
0.03156170652627983
0.021577289529839772
0.04777877121130734
0.00455377955194993
0.046751320280255325
0.04857481614224667
0.034497707312483146
0.01567888484227799
0.01567688518474297
0.004904479836222092
0.03303151311237147
0.02274343809687539
0.011686284947250998
0.04096655401138125
0.14679061945623448
0.012743175425961383
0.04379486102370292
0.036219871018666194
0.056924552870201255
0.029595020631875375
0.011293418363461594
0.06243208252443753
0.022015105029377473
0.007242079733466527
0.10847368370500084
0.015781802767298733
0.02381898991352533
0.0012947705368289114
0.05558795311031706
0.008027684276118633
0.027883029196916247
0.028598175192119175
0.023928282706708204
0.006830013890485913
0.033287175954859985
0.0355135531645029
0.050468213743188266
0.005503002404390591
0.04642111970773191
0.05190724361738526
0.015249012834983703
0.00321969750917264
0.06182190684420639
0.08872254135826949
0.034273466139814225
0.013443946509365316
0.011960311579096342
0.09876542998247076
0.04713228311316285
0.06936546023811838
0.022569514278059068
0.09457015189713561
0.006947425425279591
0.005657857013791219
0.038643017664602534
0.02085235901332752
0.046246729267477575
0.027761107818820546
0.03431860986305112
0.011659591158004686
0.07289482068096242
0.030930068609725934
0.02501319508208399
0.06427955966242907
0.03689711506070776
0.032923424245951495
0.037847103247174156
0.003456495552788262
0.05925059888315691
0.03783237432596016
0.05162937605572689
0.09384040085291773
0.019804239236735195
0.02906865134990933
0.016889167284456677
0.0035890649862408805
0.018328982700440737
0.022534898351015867
0.012360815866988506
0.035449832946945314
0.08196803193509881
0.035449832946945314
0.012360815866988506
0.022534898351015867
0.018328982700440737
0.0035890649862408805
0.016889167284456677
0.02906865134990933
0.019804239236735195
0.09384040085291773
0.05162937605572689
0.03783237432596016
0.05925059888315691
0.003456495552788262
0.037847103247174156
0.032923424245951495
0.03689711506070776
0.06427955966242907
0.02501319508208399
0.030930068609725934
0.07289482068096242
0.011659591158004686
0.03431860986305112
0.027761107818820546
0.046246729267477575
0.02085235901332752
0.038643017664602534
0.005657857013791219
0.006947425425279591
0.09457015189713561
0.022569514278059068
0.06936546023811838
0.04713228311316285
0.09876542998247076
0.011960311579096342
0.013443946509365316
0.034273466139814225
0.08872254135826949
0.06182190684420639
0.00321969750917264
0.015249012834983703
0.05190724361738526
0.04642111970773191
0.005503002404390591
0.050468213743188266
0.0355135531645029
0.033287175954859985
0.006830013890485913
0.023928282706708204
0.028598175192119175
0.027883029196916247
0.008027684276118633
0.05558795311031706
0.0012947705368289114
0.02381898991352533
0.015781802767298733
0.10847368370500084
0.007242079733466527
0.022015105029377473
0.06243208252443753
0.011293418363461594
0.029595020631875375
0.056924552870201255
0.036219871018666194
0.04379486102370292
0.012743175425961383
0.14679061945623448
0.04096655401138125
0.011686284947250998
0.02274343809687539
0.03303151311237147
0.004904479836222092
0.01567688518474297
0.01567888484227799
0.034497707312483146
0.04857481614224667
0.046751320280255325
0.00455377955194993
0.04777877121130734
0.021577289529839772
0.03156170652627983
0.002013464406497126
0.07369275581669271
0.07345403034822844
0.019355289100195655
0.03419029982073855
0.015579946983914279
0.03183822260199794
0.09490841123111131
0.08622021842750922
0.05861860547341979
0.02035524392656672
0.05526548390659601
0.09156330609718223
0.09052190995775576
0.001667966425973722
0.06237614563408798
0.014832777323556503
0.023545984620450305
0.056217772471680486
0.12939392878863337
0.06835233081255133
0.013746058079515535
0.0697676314431309
0.04730025321578783
0.04436772644998778
0.05227432899748856
0.03674030545801529
0.02150561246286185
0.01910016215363864
0.049502061035602424
0.095285749782872
0.03872683808209745
0.08922542380545435
0.07720261794380798
0.028500724327056696
0.012248382282547092
0.024091230636732484
0.031294558474199194
9.697439273953952E-4
0.0362451313598306
0.014608088285136588
0.024682818104791813
0.010566328717423579
0.009074067473811866
0.06721580295085314
0.017794496015248375
0.1435162982814575
0.022518680367376157
0.07957249016157074
0.04819892763531386
0.009660898388684731
0.02144108360560623
0.004463864231271135
0.10696926234985493
0.04909038040081035
0.008670835690432237
0.02721701528097444
0.032771518465778054
0.003081574724330659
0.06317184248411224
0.005902993985736908
0.030694735325076973
0.0042333212248813505
0.022990356943037887
0.014386218509920796
0.01092052579704483
0.05136758539203707
0.038015892240385145
0.02660068209000022
0.0075231336821235595
0.06054012044450782
0.017048812626992108
0.011531842212428213
0.059199134175349145
0.041959136220613785
0.10531968496361199
0.004742025890580255
0.11829892874201653
0.031876204604402894
0.006404114684117315
0.0020942455098908875
0.025441141533417116
0.031696710065588676
0.034776607797201965
0.028466044143985434
0.01418756437203494
0.05029432451082005
0.02289493719556441
0.009116994106015956
0.05642918710128687
2.715161115823683E-5
0.03459077393779272
0.06994427041571064
0.04508373054008506
0.005361821913163051
0.019890686268107846
0.0065663477852270224
0.06063129593053486
0.03854402667743988
0.08587581241113616
0.07631536511606712
0.008000345918550233
0.06628888014764237
0.03258103490895701
0.02214577892312399
0.018339663019373804
0.09617913272626684
0.051728899451759965
0.026472860049912905
0.0059130077627613615
0.055721677337443036
0.08563229542676308
0.014265800782284852
0.06148636327206185
0.08388390191362904
0.009078630516336592
0.08657200882200923
0.0773701322747231
0.0549736180635379
0.016777372454124206
0.011720067940804955
0.04916664671058208
0.03773913056714676
0.03249106001855135
0.10141928795632976
0.030317485566865938
0.024587253124227767
0.01741100897341458
0.04226401716713983
4.2414601231736066E-5
0.06794261888924291
0.08155874884403007
0.07260794853536086
0.032767810303457205
0.08268352499939087
0.01075268759133699
0.011561050952390042
0.009373198483484694
0.037875995530952895
0.028423240590226172
0.04432809959908271
9.252994666570491E-4
0.020703594819720596
0.015087976233523993
0.013821540673709325
0.06552743914231265
0.03096814154474341
0.020659551915859532
0.0703206673784576
0.12248156199690086
0.018215118207799738
0.09175955637510783
0.04647401363342666
0.09885310035170002
2.617647373570218E-4
0.07673233577851596
0.03994971002836766
0.050687216304651554
0.07394619551945275
0.0751969522917952
0.1419305094326428
0.06308957345869466
0.07930801752446187
0.05264225446872053
0.021973511254426044
0.004378712824460603
0.010440022759116737
0.023737469136063886
0.041155503079914384
0.2203278971681945
0.06355493647744395
0.007232624978302641
0.04805971277533184
0.018602133356312837
0.018106877084602416
0.04668245040908338
0.11356723938442673
0.03327402452831922
0.3614567916710731
0.0680524483589955
0.07409457968679613
0.12609160143992312
0.027081232029358856
0.07429616249766029
0.08147829761781292
0.07744411899401414
0.15569858576919182
0.1168501896565119
0.16790122637675908
0.09991482290090438
0.1610368850402191
0.028072325197723274
0.03280974034480308
0.07258226170594187
0.022084015857433893
0.33119708957428834
0.3056314661922238
0.14208398778087522
0.22992669764719334
0.1092595394122502
0.07376654079805232
0.06075216340806199
0.02699956055021238
0.12005986810861352
0.06689546215273855
0.10864530442307266
0.14055901361266285
0.006420239922919678
4.8684643802724423E-4
0.010312629491574254
0.05236714150738935
0.09694249342905352
0.02853534991467018
0.07549649057689926
0.22417788743567735
0.0016572653535538234
0.01777468876395883
0.05325201198071205
0.06585692932112168
0.03405185769415413
0.08682851607796682
0.027593801346318458
0.0345385710351442
0.05420727905075422
0.042407447547453785
0.06288190261616847
0.04170490924320427
0.013661338655849804
0.008786251030593599
0.03953031849883398
0.023443853472020233
0.04439293022293045
0.04753393797079511
0.0031164573402155545
0.03524900857876117
0.07756539144779188
0.024749689164441386
0.003916291095736403
0.06665797225014655
0.07883885327781837
0.009248609893471453
0.06358561822131199
0.03753891616915788
0.20416428537999617
0.06404443047623148
0.010381349591843288
0.03970000070740156
0.007510615518103387
0.03895886369917634
0.1082651555613876
0.013186362925739605
0.0654947750711183
0.0675012241480791
0.06595257112416139
0.004353294467838534
0.06527816327719212
0.08346320309068683
0.05246785407995998
0.01629689736450773
0.02912569091940445
0.14446381045881782
0.037167934556294274
0.055925426860673685
3.089653696200259E-4
0.026054675144147135
0.0916188606119419
0.04801965748451499
0.1685487643203109
0.005864243060286309
0.07135293066993041
0.051523803376899525
0.10923056888620383
0.089227056493592
0.026921862211280106
0.06338729273363253
0.03246493324734149
0.0023987109103432757
0.0448270653843155
0.036065510743304455
0.06373805378214097
0.02849198166015238
0.057139998231515894
0.028604161739198275
0.029609322808286147
0.10090465126849915
0.016578042281465085
0.008257364993470585
0.03494739829542204
0.007512026341400721
0.05360322219323433
0.07160164880533468
0.09998266497449021
0.03933549983555562
0.040382099753993775
0.006150350134518995
0.024481199436457213
0.048930128824648214
0.08957811662719863
0.05436209974999406
0.03609587335498379
0.10701856331475444
0.03861731241310541
0.052639265937080536
0.05844648204531535
0.0045537795519499345
0.13153205705496157
0.3659550366981683
1.0
0.7155939697382243
0.06452263402778578
0.050113955947150096
0.12964668259941137
0.03385991272220319
0.04113505238120157
0.1342574582463513
0.09383909485960348
0.11810192820046016
0.11075408297072761
0.11823067890378701
0.04210318692975372
0.11023077890233982
0.006617313999076181
0.019833710531043047
0.030534014060052666
0.03335004086729564
0.09541562080464741
0.01401067254421777
0.03337209351397476
0.032483732541393806
0.07580065974707723
0.08666071640892364
0.11809218394445085
0.0431535899148355
0.114435021302766
0.2962344843172367
0.43197176924565467
0.07148954763786902
0.06909717256175843
0.06557937938103339
0.059311748627100175
0.01589388732598502
0.05152693596964795
0.0123081682997541
0.06972254791350961
0.18029471142538567
0.040235857502292166
0.032163593135944336
0.10575431332680023
0.10033076430367324
0.013557627939334255
0.029770362464473985
0.027446782186283752
0.017948020127615625
0.06978587360478086
0.1082631382010253
0.06542414130163415
0.02677333979086476
0.06322597910370076
0.08614649296612809
0.031017271754364254
0.21330081621581515
0.03903007555916809
0.19017134741701772
0.36226211747529935
0.03873824135878624
0.07996433805617233
0.1533136017368323
0.004633307736566196
0.03558979314750156
0.15023449991713456
0.047443367426504436
0.2153145771486052
0.2109607072441254
0.09783525134837899
0.06184623590760008
0.05421289593345637
0.02412400831368793
0.06560131008870566
0.0011002690714250717
0.009569079789425432
0.08441533578962968
