0.12102497356435665
0.01623446771284063
0.13774038496766908
0.1359826825423536
0.289269137240878
0.13148561883286625
0.16475157665074489
0.14015189806904035
0.45632925584417
0.79857531564198
0.7341565479750506
0.16100136863596687
0.4059654091533018
0.09278121782297709
0.41321001074635977
0.2703076674367218
0.2634859026761816
0.3528541448259306
0.1777503830401998
0.4910792592805608
0.17396256504593405
0.08249778079936487
0.016655798620355527
0.35994167048069137
0.1663903579466356
0.10854956358524698
0.13114963974904714
0.3630873509404576
0.4357902754605541
0.2326650205860712
0.026302422272256726
0.22637715784434448
0.012942766732718344
0.2373937378652596
0.18175739945484462
0.3286031184098874
0.3494230076444745
0.26350436719863146
0.5533559828122642
0.14818101263520544
9.009687214920552E-4
0.13515105639635297
0.05191102630029108
0.0211452586392298
0.14031506503030322
0.0673645745094912
0.3646602479718612
0.5036488636484001
0.0364212983844629
0.21965507289638742
0.24295471032271365
0.058941091236055225
0.32111410126379925
0.1291011433151966
0.019453374374702206
0.0029617874032827106
0.4122724435158721
0.2155922014728034
0.3190790227953905
0.07242973184120123
0.032580520538626506
0.05409611614853017
0.15262647602100368
0.0375239895667498
0.1108046978104511
0.06781736480243125
0.15058633036972757
0.1102950142482318
0.014360969148694825
0.09498716594986573
0.002600312591348719
0.08097964517150777
0.22001273421323153
0.2249570288744315
0.057689007224703284
1.0
0.014643240337951368
0.05645891879085742
0.20431320037586193
0.11108957000933815
0.33248977965571397
0.15268466665722194
0.17766984100608443
0.09332825049462852
0.12426964071571854
0.026393846189302825
0.27489658198497163
0.0818722824204665
0.11864648088604064
0.07305444364955363
0.23920573593184621
0.1961902533688896
0.049251040891673155
0.16720311447103944
0.13797423576143467
0.043283434123185006
0.04401295058088678
0.10465862541693487
0.13526173834557076
0.02575395760570444
0.2865150337824362
0.3172366324374001
0.030062394813891044
0.5539443963982779
0.02734887814311026
0.057380540915207084
0.030920322558764406
0.2966743043553226
0.1675635209517566
0.16374568653356825
0.17607324676994368
0.17344033663388453
0.03277056193418162
0.1573491490717581
0.17573395401061026
0.012235745847957866
0.17334580042206477
0.19317347332514345
0.07854527887688022
0.27243239676226655
0.03549776221074659
0.08259091973088864
0.08250196895962753
0.06364548313838549
0.0881410671007589
0.012870113523199184
0.25312304450482537
0.1526562845485545
0.17464169329060814
0.025488100762002263
0.02277301643630488
0.3509610044133634
0.10963318937016744
0.17517418606091517
0.026691771805750938
0.08061331338911813
1.329412681123525E-4
0.046093173173496926
0.06137660371740144
0.0396046013661727
0.056986616350619385
0.14943022852261317
0.0916888295604244
0.13532016726108353
0.004439186447515467
0.26847516593340837
0.07602004057182363
0.31355696916455666
0.16677618211759035
0.12741745842717714
0.12091996965736689
0.03706831563433272
0.01076652154956008
0.18930042030398075
0.10589685186881204
0.12304517178068143
0.05703395518432298
0.16778294396514282
0.008418180929896843
0.19929341348456706
3.487390727754653E-4
0.01733758854037678
0.09821411748238741
0.30928576328626217
0.09109398575115828
0.09056118398446203
0.0069856003539671245
0.0820941583719066
0.06332337043083987
0.16120699307342787
0.0785857855833778
0.04017958547625402
0.15427582247435842
0.038018035536830315
0.08870070518928895
0.04111989959352543
0.07583991115856312
0.14997772723777703
0.3804662297974269
0.4170932174563281
0.16993793726287354
0.0650964377645979
0.33424875596791004
0.3562038745428393
0.42001583005523696
0.6207554129575614
0.04536246652301235
0.14297605976048972
0.2538628869929883
0.14956802605647487
0.33880820563997105
0.21732919321100755
0.06166318676711182
0.035519962053075574
0.07275343001577973
0.21880302644591398
0.2784938871892426
0.09964667672750946
0.300269951165391
0.11107243798036354
0.15505515917792284
0.0651707612229143
0.12092599507215798
0.2900341422434073
0.17953688163457962
0.13868051683423502
0.18545861548735618
0.31811997077285775
0.1311168950719271
0.021628034475250312
0.18769152956661223
0.14789225455088792
0.07532884806490046
0.389909080676651
0.06409394814026609
0.3913084506003922
0.15847212761745824
0.15866825860426365
0.10829439295645744
0.22215529580075785
0.019580125254460658
0.24715214169868976
0.10277040357063594
0.08700479697970454
0.001953873070345393
0.09167431852192315
0.3064323032022706
0.05508011116834199
0.06118582075018251
0.13472816387590897
0.03844467243728459
0.21179370373762413
0.15608446537626164
0.19382322063495194
0.10412478750352441
0.04351823082192581
0.10765791932209817
0.016996530438547354
0.16482591111245165
0.048252386005723305
0.06400804430846031
0.14937416446769525
0.10596695211027546
0.164882677860657
0.20961512715773828
0.11250806792394195
0.05585827430962099
0.02414435936373064
0.011457456095680019
0.05923719404505371
0.020220762897730175
0.13920163289557014
0.13905683635087118
0.006171487063547193
0.11217955909935598
0.12503918528735775
0.07838187050037296
0.13203472122210802
0.012965153212862322
0.1991901828835207
0.022804303313710295
0.09887974734821116
0.03568998252790193
0.0693129053818524
0.08403608263587276
0.07339587322662167
0.0015238720238372287
0.1501471034520565
0.0490963939343873
0.06197087810386537
0.03948737953705732
0.06531984981042367
0.11363101802938276
0.0395947362052855
0.0640122053750274
0.01637646419499629
0.0660647890532318
0.07366693678161296
0.09702709922782575
0.09455916046181669
0.004756594819149097
0.2422269539696234
0.04070663568240683
0.052551810221921
0.0969575354302206
0.15697497187556775
0.06729275631375245
0.17539723815937514
0.0767670343682616
0.09768437524095101
0.04921036658310152
0.06403915351384783
0.04407868990530448
0.10537322580476553
0.05549687957059767
0.21740738988042388
0.15577635575598342
0.06302145642130517
0.14514328066841037
0.0398755748179877
0.04243651703279083
0.006596791065820326
0.08864700750638677
0.07514410734719873
0.06304718843170222
0.03653749231500825
0.11925380657730995
0.02615283936118942
0.015128121695544594
0.08220167367117229
0.05734439472138264
0.0451746138235245
0.0018551495735016582
0.1831089111302112
0.006267553056067686
0.10928501699622763
0.1497849065247974
0.11957755246485441
0.03783182454834427
0.0540531556142063
0.11921491066100671
0.1625247832552573
0.012406565138335279
0.024580926925140478
0.059602235463622304
0.019662504838297845
0.05849499056852208
0.13725140632022848
0.018929342365443896
0.029285627296976875
0.07404301231794055
0.12773040145330508
0.13048747834527327
0.085128360091984
0.023319361239434042
0.03271455650757296
0.06622932346689651
0.0058544368087751816
0.031075754119924352
0.010741399235692235
0.03677493268631017
0.2095484589537128
0.014386254285173981
0.11826336062095243
0.035895575299377695
0.0302781913860038
0.09781361802489218
0.0794635054226157
0.02686794831894557
0.03680113424392814
0.15821681217836114
0.08967128702420571
0.09940706491034051
0.16147230104377341
0.06341221774451472
0.19828522946984745
0.01781216864380111
0.18181488106135946
0.21449298695241312
0.00305297500503895
0.024173392970278665
0.042263971889106855
0.08502789451960586
0.1489176725116341
0.021715420839222215
0.07741389183342294
0.033371008506288505
0.11179746796811095
0.05385102662516815
0.1388951869208305
0.03208116371056414
0.01502347366792918
0.035340312043404765
0.014558982911748907
0.052376255588035915
0.07346537061475127
0.026034801705181302
0.17023608915121802
0.036686325549200524
0.13577763992372635
0.019452714850396017
0.16304802633134033
0.04948621282911469
0.07682687132280562
0.15833738594288205
0.004053567991320919
0.10863497957419913
0.01156885886900173
0.050685926883023896
0.01385044580833964
0.03362338021932799
0.061155694053633185
0.08751192290628843
0.20037229396693515
0.029847332000410377
0.09271295789381587
0.06350879681821785
0.0639266568208621
0.0018681231954029368
0.03253903615994249
0.0238931106986061
0.13820350050299357
0.053661019076539127
9.43705924930906E-4
0.009084387701992101
0.05255634628014383
0.03417798190865718
0.09357521917457982
0.12158109083988773
0.05097710714461797
0.006854909962191881
0.07165218296977756
0.07311953733640417
0.09909479755266341
0.10391121195078412
0.03086644083847871
0.14150548908924848
0.04959365067608395
0.03853399531359628
0.053423610453280784
0.16595734553115743
0.1894370594909488
0.08784130733232288
0.0748057265982251
0.007339693214131343
0.10733113619546505
0.04494128366246251
0.027640560901704102
0.014188214466473111
0.03935261744643731
0.05736382367072452
0.02528999700700945
0.10219984378018605
0.05678446674154396
0.04520353262874676
9.879159582591582E-4
0.033065239777455034
0.07592896097363983
0.07400119948650177
0.08939748309336079
0.07784415988295348
0.043513987081251614
0.17740942630823212
0.04739866758771112
0.046717449364126536
0.05262629508254384
0.01708627277648756
0.004724855531040751
0.08961412793938588
0.0973137486961494
0.048691563651878766
0.017140393973707427
0.015304645599650977
0.0013500973094686124
0.046278761194833
0.034897325011186864
0.006229471069994638
0.10429432925626944
0.002582671279624475
0.014944910868504904
0.0413460529060572
0.1557802510819734
0.060512486782178326
0.1557802510819734
0.0413460529060572
0.014944910868504904
0.002582671279624475
0.10429432925626944
0.006229471069994638
0.034897325011186864
0.046278761194833
0.0013500973094686124
0.015304645599650977
0.017140393973707427
0.048691563651878766
0.0973137486961494
0.08961412793938588
0.004724855531040751
0.01708627277648756
0.05262629508254384
0.046717449364126536
0.04739866758771112
0.17740942630823212
0.043513987081251614
0.07784415988295348
0.08939748309336079
0.07400119948650177
0.07592896097363983
0.033065239777455034
9.879159582591582E-4
0.04520353262874676
0.05678446674154396
0.10219984378018605
0.02528999700700945
0.05736382367072452
0.03935261744643731
0.014188214466473111
0.027640560901704102
0.04494128366246251
0.10733113619546505
0.007339693214131343
0.0748057265982251
0.08784130733232288
0.1894370594909488
0.16595734553115743
0.053423610453280784
0.03853399531359628
0.04959365067608395
0.14150548908924848
0.03086644083847871
0.10391121195078412
0.09909479755266341
0.07311953733640417
0.07165218296977756
0.006854909962191881
0.05097710714461797
0.12158109083988773
0.09357521917457982
0.03417798190865718
0.05255634628014383
0.009084387701992101
9.43705924930906E-4
0.053661019076539127
0.13820350050299357
0.0238931106986061
0.03253903615994249
0.0018681231954029368
0.0639266568208621
0.06350879681821785
0.09271295789381587
0.029847332000410377
0.20037229396693515
0.08751192290628843
0.061155694053633185
0.03362338021932799
0.01385044580833964
0.050685926883023896
0.01156885886900173
0.10863497957419913
0.004053567991320919
0.15833738594288205
0.07682687132280562
0.04948621282911469
0.16304802633134033
0.019452714850396017
0.13577763992372635
0.036686325549200524
0.17023608915121802
0.026034801705181302
0.07346537061475127
0.052376255588035915
0.014558982911748907
0.035340312043404765
0.01502347366792918
0.03208116371056414
0.1388951869208305
0.05385102662516815
0.11179746796811095
0.033371008506288505
0.07741389183342294
0.021715420839222215
0.1489176725116341
0.08502789451960586
0.042263971889106855
0.024173392970278665
0.00305297500503895
0.21449298695241312
0.18181488106135946
0.01781216864380111
0.19828522946984745
0.06341221774451472
0.16147230104377341
0.09940706491034051
0.08967128702420571
0.15821681217836114
0.03680113424392814
0.02686794831894557
0.0794635054226157
0.09781361802489218
0.0302781913860038
0.035895575299377695
0.11826336062095243
0.014386254285173981
0.2095484589537128
0.03677493268631017
0.010741399235692235
0.031075754119924352
0.0058544368087751816
0.06622932346689651
0.03271455650757296
0.023319361239434042
0.085128360091984
0.13048747834527327
0.12773040145330508
0.07404301231794055
0.029285627296976875
0.018929342365443896
0.13725140632022848
0.05849499056852208
0.019662504838297845
0.059602235463622304
0.024580926925140478
0.012406565138335279
0.1625247832552573
0.11921491066100671
0.0540531556142063
0.03783182454834427
0.11957755246485441
0.1497849065247974
0.10928501699622763
0.006267553056067686
0.1831089111302112
0.0018551495735016582
0.0451746138235245
0.05734439472138264
0.08220167367117229
0.015128121695544594
0.02615283936118942
0.11925380657730995
0.03653749231500825
0.06304718843170222
0.07514410734719873
0.08864700750638677
0.006596791065820326
0.04243651703279083
0.0398755748179877
0.14514328066841037
0.06302145642130517
0.15577635575598342
0.21740738988042388
0.05549687957059767
0.10537322580476553
0.04407868990530448
0.06403915351384783
0.04921036658310152
0.09768437524095101
0.0767670343682616
0.17539723815937514
0.06729275631375245
0.15697497187556775
0.0969575354302206
0.052551810221921
0.04070663568240683
0.2422269539696234
0.004756594819149097
0.09455916046181669
0.09702709922782575
0.07366693678161296
0.0660647890532318
0.01637646419499629
0.0640122053750274
0.0395947362052855
0.11363101802938276
0.06531984981042367
0.03948737953705732
0.06197087810386537
0.0490963939343873
0.1501471034520565
0.0015238720238372287
0.07339587322662167
0.08403608263587276
0.0693129053818524
0.03568998252790193
0.09887974734821116
0.022804303313710295
0.1991901828835207
0.012965153212862322
0.13203472122210802
0.07838187050037296
0.12503918528735775
0.11217955909935598
0.006171487063547193
0.13905683635087118
0.13920163289557014
0.020220762897730175
0.05923719404505371
0.011457456095680019
0.02414435936373064
0.05585827430962099
0.11250806792394195
0.20961512715773828
0.164882677860657
0.10596695211027546
0.14937416446769525
0.06400804430846031
0.048252386005723305
0.16482591111245165
0.016996530438547354
0.10765791932209817
0.04351823082192581
0.10412478750352441
0.19382322063495194
0.15608446537626164
0.21179370373762413
0.03844467243728459
0.13472816387590897
0.06118582075018251
0.05508011116834199
0.3064323032022706
0.09167431852192315
0.001953873070345393
0.08700479697970454
0.10277040357063594
0.24715214169868976
0.019580125254460658
0.22215529580075785
0.10829439295645744
0.15866825860426365
0.15847212761745824
0.3913084506003922
0.06409394814026609
0.389909080676651
0.07532884806490046
0.14789225455088792
0.18769152956661223
0.021628034475250312
0.1311168950719271
0.31811997077285775
0.18545861548735618
0.13868051683423502
0.17953688163457962
0.2900341422434073
0.12092599507215798
0.0651707612229143
0.15505515917792284
0.11107243798036354
0.300269951165391
0.09964667672750946
0.2784938871892426
0.21880302644591398
0.07275343001577973
0.035519962053075574
0.06166318676711182
0.21732919321100755
0.33880820563997105
0.14956802605647487
0.2538628869929883
0.14297605976048972
0.04536246652301235
0.6207554129575614
0.42001583005523696
0.3562038745428393
0.33424875596791004
0.0650964377645979
0.16993793726287354
0.4170932174563281
0.3804662297974269
0.14997772723777703
0.07583991115856312
0.04111989959352543
0.08870070518928895
0.038018035536830315
0.15427582247435842
0.04017958547625402
0.0785857855833778
0.16120699307342787
0.06332337043083987
0.0820941583719066
0.0069856003539671245
0.09056118398446203
0.09109398575115828
0.30928576328626217
0.09821411748238741
0.01733758854037678
3.487390727754653E-4
0.19929341348456706
0.008418180929896843
0.16778294396514282
0.05703395518432298
0.12304517178068143
0.10589685186881204
0.18930042030398075
0.01076652154956008
0.03706831563433272
0.12091996965736689
0.12741745842717714
0.16677618211759035
0.31355696916455666
0.07602004057182363
0.26847516593340837
0.004439186447515467
0.13532016726108353
0.0916888295604244
0.14943022852261317
0.056986616350619385
0.0396046013661727
0.06137660371740144
0.046093173173496926
1.329412681123525E-4
0.08061331338911813
0.026691771805750938
0.17517418606091517
0.10963318937016744
0.3509610044133634
0.02277301643630488
0.025488100762002263
0.17464169329060814
0.1526562845485545
0.25312304450482537
0.012870113523199184
0.0881410671007589
0.06364548313838549
0.08250196895962753
0.08259091973088864
0.03549776221074659
0.27243239676226655
0.07854527887688022
0.19317347332514345
0.17334580042206477
0.012235745847957866
0.17573395401061026
0.1573491490717581
0.03277056193418162
0.17344033663388453
0.17607324676994368
0.16374568653356825
0.1675635209517566
0.2966743043553226
0.030920322558764406
0.057380540915207084
0.02734887814311026
0.5539443963982779
0.030062394813891044
0.3172366324374001
0.2865150337824362
0.02575395760570444
0.13526173834557076
0.10465862541693487
0.04401295058088678
0.043283434123185006
0.13797423576143467
0.16720311447103944
0.049251040891673155
0.1961902533688896
0.23920573593184621
0.07305444364955363
0.11864648088604064
0.0818722824204665
0.27489658198497163
0.026393846189302825
0.12426964071571854
0.09332825049462852
0.17766984100608443
0.15268466665722194
0.33248977965571397
0.11108957000933815
0.20431320037586193
0.05645891879085742
0.014643240337951368
1.0
0.057689007224703284
0.2249570288744315
0.22001273421323153
0.08097964517150777
0.002600312591348719
0.09498716594986573
0.014360969148694825
0.1102950142482318
0.15058633036972757
0.06781736480243125
0.1108046978104511
0.0375239895667498
0.15262647602100368
0.05409611614853017
0.032580520538626506
0.07242973184120123
0.3190790227953905
0.2155922014728034
0.4122724435158721
0.0029617874032827106
0.019453374374702206
0.1291011433151966
0.32111410126379925
0.058941091236055225
0.24295471032271365
0.21965507289638742
0.0364212983844629
0.5036488636484001
0.3646602479718612
0.0673645745094912
0.14031506503030322
0.0211452586392298
0.05191102630029108
0.13515105639635297
9.009687214920552E-4
0.14818101263520544
0.5533559828122642
0.26350436719863146
0.3494230076444745
0.3286031184098874
0.18175739945484462
0.2373937378652596
0.012942766732718344
0.22637715784434448
0.026302422272256726
0.2326650205860712
0.4357902754605541
0.3630873509404576
0.13114963974904714
0.10854956358524698
0.1663903579466356
0.35994167048069137
0.016655798620355527
0.08249778079936487
0.17396256504593405
0.4910792592805608
0.1777503830401998
0.3528541448259306
0.2634859026761816
0.2703076674367218
0.41321001074635977
0.09278121782297709
0.4059654091533018
0.16100136863596687
0.7341565479750506
0.79857531564198
0.45632925584417
0.14015189806904035
0.16475157665074489
0.13148561883286625
0.289269137240878
0.1359826825423536
0.13774038496766908
0.01623446771284063
