0.03030525066781553
0.08813039359918595
0.06853946811774064
0.011889714683671627
0.09361684376979358
0.06779988626091361
0.04572665131698954
0.0968580311082334
0.005587380877476857
0.17710064679066223
0.6919125532712941
0.2546892404249737
0.05215202412176272
0.2160744221747403
0.0013465484601312546
0.20520598023718598
0.030884412134474168
0.4166309850529056
0.17524444574862977
0.1571925835195412
0.1852261818111315
0.23126075994987297
0.14405222574822313
0.05401490989557
0.06386759757256386
0.039710540497681746
0.13198989481604648
0.0673182781507243
0.09073862669692004
0.13190037448098577
0.008673948832405846
0.08373257519257846
0.029300974150274828
0.06091606154006124
0.017420894963577852
0.027129073373519164
0.019169280645184986
0.17445975440769146
0.5336342911538415
0.11204760867079631
0.11096015061941378
0.012139246567430938
0.1301724874116987
0.11417266341671428
0.060179016368837136
0.06255798424251333
0.08700645703722085
0.016748315167840207
0.7576492077283727
0.20972428890702055
0.10683192557136137
0.21392506210833775
0.06322986126242834
0.017856066849757823
0.02838348618980964
0.10684917960306675
0.016752094931821046
0.10104775188090773
0.03681570158399315
0.0035266737765657064
0.27225356462237055
0.2369362663142398
0.0321627106741959
0.14017906994775625
0.20984856411750727
0.0968785595180384
0.08923210262946259
9.77992345196315E-4
0.08710717416273563
0.10292998668273405
0.025494588740430577
0.08306229516108216
0.11935663453762596
0.20063637654179325
0.1421907339302919
0.31881367273822664
1.0
0.38624619377172387
0.26549739188239113
0.03165832035556635
0.16470657417600923
0.15665904577862505
0.058180723748536146
0.16640660370158003
0.15488600168856825
0.021960732045523193
0.07652590380154208
0.03838747203141343
0.05550710710219873
0.0728876390920946
0.18971609458761735
0.016099384960567516
0.031109152085682407
0.13708075611814155
0.023215187513833533
0.16205745378025033
0.01686251480829695
0.027052424683169134
0.12219857946327045
0.05253751990519755
0.06848853597829764
0.03731080210875163
0.10442759143504207
0.05090571698887312
0.09973711868466144
0.36884928029067904
0.025059491280484195
0.04401396614126636
0.011111175240679644
0.09556428760840842
0.03043754885538332
0.13396846224527661
0.07859981070096994
0.17499481536511421
0.20565614782642114
0.06545230105173344
0.11019082216667798
0.0916705307591951
0.13599010046578267
0.1590475123603426
0.09778380667978998
0.11292068967210585
0.016532699406533003
0.09164130093528733
0.25601095644662003
0.009726218574985849
0.038397764076122484
0.022301901451478597
0.03435297346493614
0.05264548275447186
0.0027223141074463747
0.0776467043865743
0.0370814714089092
0.0603922267522902
0.025511021118275128
0.01755904368896689
0.12353569113859827
0.08439799594098511
0.030209134145174628
0.0010872109410418017
0.03477480483608786
0.025823883168805635
0.021248883219459263
0.10172781058333005
0.006515571273899481
0.05736431620046937
0.02855032675962007
0.01905608835588397
0.053440867285608144
0.03446424508858362
0.004631071786444691
0.07990074060530697
0.11252190454611642
0.2630536777353752
0.045457876001723296
0.09771633532503242
0.06601586568948677
0.10066477175403431
0.11455314186211694
0.043277875671723844
0.06731693918901653
0.08196898422732617
0.13083837830611048
0.030498461513952826
0.02441487572194955
0.02681912287067253
0.018203573533782214
0.026916358814334813
0.031151812796981548
0.03424933208816817
0.051488870575753305
0.002685662159867167
0.07640860637624367
0.08874912649397565
0.020987688936161
0.008464064417844364
0.07832301414610449
0.011059195468681815
0.008744415210720767
0.018741130283574867
0.09385671674158043
0.3682233906740822
0.13013081174584556
0.03676269095535639
0.07250077179299146
0.06492122046041657
0.015901110416890702
0.066737525748984
0.15463063287558051
0.045942900399564
0.0302487692519408
0.0291884888933554
0.10606095979923727
0.020936826334025826
0.00459558061684026
0.008677463971031266
0.020888026475783226
0.015139993842518826
0.10584457320153196
0.010694615867537989
0.01727498640291812
0.004896897848233219
0.07355301049568488
0.08244091004565768
0.0011648999527140774
0.020879010260655514
0.08764048638707751
0.03871334444628678
0.07510433424972421
0.024309319077162446
0.016305920827382706
0.023062542664630765
0.02639977253747145
0.014478748871378079
0.029029335551457744
0.07674374156077363
0.039413697913060416
0.08843503869651975
0.0041717631393531004
0.11083227043091307
0.017437998441289414
0.03391519741360178
0.08990651418804145
0.08100853696326185
0.06742099537449973
0.016562405726981304
0.16260911365024128
0.021140409502023016
0.010175708067777501
0.10081351460887683
0.045560553331698415
0.015152625333907765
0.06480246929481072
0.014328907835930531
0.10412021030388123
0.02888600267281345
0.02967510099109166
0.02112527431533371
0.046447461471470344
0.10229683419061647
0.10008854144635396
0.003328550713773837
0.0035875417430276638
0.02269133427147964
2.007471424083196E-4
0.04146438192814249
0.05206056613583399
0.0015281404712089934
0.032163902709132955
0.022672770670430997
0.08876876431157579
0.025210470199794627
0.03208870624365058
0.005430354567431229
0.09992473801961876
0.11860527947832726
0.015445369086771087
0.07946977202115321
0.037735700492797675
0.02776241664584379
0.016523671746852004
0.08144275638166318
0.01850270996843886
0.059222278002906026
0.15037815535222557
0.07566425320871634
0.061402972104008274
0.08683902889075745
0.06500357171121711
0.0266298642620827
0.06668152285873175
0.10097307383080176
0.0027058063411901294
0.004144249294060928
0.008923719197643554
0.03707672472003272
0.007082580642730057
0.08031481648802916
0.04628867242664022
0.08059160954975272
0.0212380444536405
0.019348868324372583
0.005837502448712182
0.12159448158736938
0.0075739880534566855
0.10221783110705435
0.06821569461706721
0.004811387812438289
0.0763409387767406
0.0017136386591922951
0.003328320940150054
0.023772021110998066
0.0014878843195423464
0.01286644672963705
0.002336586111411281
0.08077181174397348
0.04379829401009203
0.057124373538488066
0.10878188985659058
0.048232064493403184
0.010530674021051558
0.033220146786001166
0.06295661880867387
0.033475858523112995
0.03668798694978947
0.10668105693722645
0.08480300820317563
0.08080845846685153
0.03030525066781553
0.04189757749201066
0.05497756205469708
0.06836964949373872
0.02273158090775587
0.12500521163408243
0.07620821043705969
0.06599089187945523
0.02123307130016356
0.028635439868658498
0.06756264960453787
0.09536177911590939
0.0076363417600313595
0.009095396207561312
0.025746479206182424
0.004956614274828705
0.025722899249457296
0.05314172957457628
0.05258059717332014
0.0405053569553482
0.04934601237874661
0.03804407213951981
0.0364217180966079
0.015760819418294842
0.02450507744888975
0.026965100796489692
0.0049464165612149195
0.06333429920631553
0.004580983355830341
0.005811246285334739
0.007028262352664203
0.011630996566241569
0.07466125266944963
0.00493783269904448
0.047119168933833146
0.026108583019636263
0.03232418595394942
0.08134446960513607
0.014183334857804868
0.0450200375648025
0.04122606341361111
0.041245839664624334
0.00546926297811459
0.03660823568387995
0.11992810186116622
0.007525852927096293
0.010443346255994114
0.0643399079342366
0.07869153336298187
0.048750713269375356
0.04157253788977356
0.0647047711794441
0.048075837018148916
0.06097913633501791
0.08485671688905057
0.08284277057301305
0.03416461171516211
0.0429194719292887
0.03951173921902981
0.01685074527922556
0.016117128088678583
0.10023177729010727
0.014594416994153937
0.018085901783520205
0.08426646480932003
9.075052516332504E-4
0.020847652629882554
0.05576474523983046
0.019876992997202712
0.0621234084793429
0.015860707530807087
0.0456660451744237
0.04143155754086231
0.058506360012134564
0.056723403312684696
0.0012661557611669588
0.06290066628093534
0.007430560424029743
0.07598826554899803
0.053821132834107645
0.01012017420439414
0.009752982444780196
0.03915522695475532
0.06333543386852958
0.04777179072567519
0.006431225053341344
0.0572973327390872
0.021230436105310998
0.0754151206085469
0.013831090184977773
0.00744354999419115
0.010370140313704443
0.07852890730813956
0.024484749414861916
0.06136371303739429
0.07031252775692315
0.05383490409604837
0.040248345205234515
0.017129773410629025
0.10308027054177506
0.013808951622870467
0.025422848834373558
0.05663585327420911
3.1401561484034976E-4
0.11854734910586075
0.014273909836110318
0.047894161297226304
0.014300816156274394
0.12263965298800784
0.02052560102732185
0.009223675313051696
0.03975811295934865
0.007003838258651962
0.02948889256324637
0.014119692226959765
0.020765470093711578
0.06232346812460271
0.033381697453127565
0.029458713014745896
0.016210768546623962
0.021372584450836153
0.030610810872245726
0.0814108749337631
0.021048086634025374
0.01265865236877408
0.02089009965521352
0.013195883455743929
0.008129238410279245
0.03888066838013302
0.03154860885243207
0.03040265515292298
0.03820336733046927
0.022080981627325764
0.05927609406658258
0.05102826724324112
0.03534760998255817
3.2657703526409767E-4
0.056304119486366176
0.0014635066547495218
0.010958170941377257
0.02858253387009545
0.008161072144369305
0.11880605530560706
0.05684154045346279
0.04052226998905814
0.056535830790129485
0.03482744949657169
0.046603847430506634
0.03344545835000016
0.010240982937418007
0.0619969769640109
0.025332905502586895
0.009731331657189379
0.0693851094904513
0.0
0.0693851094904513
0.009731331657189379
0.025332905502586895
0.0619969769640109
0.010240982937418007
0.03344545835000016
0.046603847430506634
0.03482744949657169
0.056535830790129485
0.04052226998905814
0.05684154045346279
0.11880605530560706
0.008161072144369305
0.02858253387009545
0.010958170941377257
0.0014635066547495218
0.056304119486366176
3.2657703526409767E-4
0.03534760998255817
0.05102826724324112
0.05927609406658258
0.022080981627325764
0.03820336733046927
0.03040265515292298
0.03154860885243207
0.03888066838013302
0.008129238410279245
0.013195883455743929
0.02089009965521352
0.01265865236877408
0.021048086634025374
0.0814108749337631
0.030610810872245726
0.021372584450836153
0.016210768546623962
0.029458713014745896
0.033381697453127565
0.06232346812460271
0.020765470093711578
0.014119692226959765
0.02948889256324637
0.007003838258651962
0.03975811295934865
0.009223675313051696
0.02052560102732185
0.12263965298800784
0.014300816156274394
0.047894161297226304
0.014273909836110318
0.11854734910586075
3.1401561484034976E-4
0.05663585327420911
0.025422848834373558
0.013808951622870467
0.10308027054177506
0.017129773410629025
0.040248345205234515
0.05383490409604837
0.07031252775692315
0.06136371303739429
0.024484749414861916
0.07852890730813956
0.010370140313704443
0.00744354999419115
0.013831090184977773
0.0754151206085469
0.021230436105310998
0.0572973327390872
0.006431225053341344
0.04777179072567519
0.06333543386852958
0.03915522695475532
0.009752982444780196
0.01012017420439414
0.053821132834107645
0.07598826554899803
0.007430560424029743
0.06290066628093534
0.0012661557611669588
0.056723403312684696
0.058506360012134564
0.04143155754086231
0.0456660451744237
0.015860707530807087
0.0621234084793429
0.019876992997202712
0.05576474523983046
0.020847652629882554
9.075052516332504E-4
0.08426646480932003
0.018085901783520205
0.014594416994153937
0.10023177729010727
0.016117128088678583
0.01685074527922556
0.03951173921902981
0.0429194719292887
0.03416461171516211
0.08284277057301305
0.08485671688905057
0.06097913633501791
0.048075837018148916
0.0647047711794441
0.04157253788977356
0.048750713269375356
0.07869153336298187
0.0643399079342366
0.010443346255994114
0.007525852927096293
0.11992810186116622
0.03660823568387995
0.00546926297811459
0.041245839664624334
0.04122606341361111
0.0450200375648025
0.014183334857804868
0.08134446960513607
0.03232418595394942
0.026108583019636263
0.047119168933833146
0.00493783269904448
0.07466125266944963
0.011630996566241569
0.007028262352664203
0.005811246285334739
0.004580983355830341
0.06333429920631553
0.0049464165612149195
0.026965100796489692
0.02450507744888975
0.015760819418294842
0.0364217180966079
0.03804407213951981
0.04934601237874661
0.0405053569553482
0.05258059717332014
0.05314172957457628
0.025722899249457296
0.004956614274828705
0.025746479206182424
0.009095396207561312
0.0076363417600313595
0.09536177911590939
0.06756264960453787
0.028635439868658498
0.02123307130016356
0.06599089187945523
0.07620821043705969
0.12500521163408243
0.02273158090775587
0.06836964949373872
0.05497756205469708
0.04189757749201066
0.03030525066781553
0.08080845846685153
0.08480300820317563
0.10668105693722645
0.03668798694978947
0.033475858523112995
0.06295661880867387
0.033220146786001166
0.010530674021051558
0.048232064493403184
0.10878188985659058
0.057124373538488066
0.04379829401009203
0.08077181174397348
0.002336586111411281
0.01286644672963705
0.0014878843195423464
0.023772021110998066
0.003328320940150054
0.0017136386591922951
0.0763409387767406
0.004811387812438289
0.06821569461706721
0.10221783110705435
0.0075739880534566855
0.12159448158736938
0.005837502448712182
0.019348868324372583
0.0212380444536405
0.08059160954975272
0.04628867242664022
0.08031481648802916
0.007082580642730057
0.03707672472003272
0.008923719197643554
0.004144249294060928
0.0027058063411901294
0.10097307383080176
0.06668152285873175
0.0266298642620827
0.06500357171121711
0.08683902889075745
0.061402972104008274
0.07566425320871634
0.15037815535222557
0.059222278002906026
0.01850270996843886
0.08144275638166318
0.016523671746852004
0.02776241664584379
0.037735700492797675
0.07946977202115321
0.015445369086771087
0.11860527947832726
0.09992473801961876
0.005430354567431229
0.03208870624365058
0.025210470199794627
0.08876876431157579
0.022672770670430997
0.032163902709132955
0.0015281404712089934
0.05206056613583399
0.04146438192814249
2.007471424083196E-4
0.02269133427147964
0.0035875417430276638
0.003328550713773837
0.10008854144635396
0.10229683419061647
0.046447461471470344
0.02112527431533371
0.02967510099109166
0.02888600267281345
0.10412021030388123
0.014328907835930531
0.06480246929481072
0.015152625333907765
0.045560553331698415
0.10081351460887683
0.010175708067777501
0.021140409502023016
0.16260911365024128
0.016562405726981304
0.06742099537449973
0.08100853696326185
0.08990651418804145
0.03391519741360178
0.017437998441289414
0.11083227043091307
0.0041717631393531004
0.08843503869651975
0.039413697913060416
0.07674374156077363
0.029029335551457744
0.014478748871378079
0.02639977253747145
0.023062542664630765
0.016305920827382706
0.024309319077162446
0.07510433424972421
0.03871334444628678
0.08764048638707751
0.020879010260655514
0.0011648999527140774
0.08244091004565768
0.07355301049568488
0.004896897848233219
0.01727498640291812
0.010694615867537989
0.10584457320153196
0.015139993842518826
0.020888026475783226
0.008677463971031266
0.00459558061684026
0.020936826334025826
0.10606095979923727
0.0291884888933554
0.0302487692519408
0.045942900399564
0.15463063287558051
0.066737525748984
0.015901110416890702
0.06492122046041657
0.07250077179299146
0.03676269095535639
0.13013081174584556
0.3682233906740822
0.09385671674158043
0.018741130283574867
0.008744415210720767
0.011059195468681815
0.07832301414610449
0.008464064417844364
0.020987688936161
0.08874912649397565
0.07640860637624367
0.002685662159867167
0.051488870575753305
0.03424933208816817
0.031151812796981548
0.026916358814334813
0.018203573533782214
0.02681912287067253
0.02441487572194955
0.030498461513952826
0.13083837830611048
0.08196898422732617
0.06731693918901653
0.043277875671723844
0.11455314186211694
0.10066477175403431
0.06601586568948677
0.09771633532503242
0.045457876001723296
0.2630536777353752
0.11252190454611642
0.07990074060530697
0.004631071786444691
0.03446424508858362
0.053440867285608144
0.01905608835588397
0.02855032675962007
0.05736431620046937
0.006515571273899481
0.10172781058333005
0.021248883219459263
0.025823883168805635
0.03477480483608786
0.0010872109410418017
0.030209134145174628
0.08439799594098511
0.12353569113859827
0.01755904368896689
0.025511021118275128
0.0603922267522902
0.0370814714089092
0.0776467043865743
0.0027223141074463747
0.05264548275447186
0.03435297346493614
0.022301901451478597
0.038397764076122484
0.009726218574985849
0.25601095644662003
0.09164130093528733
0.016532699406533003
0.11292068967210585
0.09778380667978998
0.1590475123603426
0.13599010046578267
0.0916705307591951
0.11019082216667798
0.06545230105173344
0.20565614782642114
0.17499481536511421
0.07859981070096994
0.13396846224527661
0.03043754885538332
0.09556428760840842
0.011111175240679644
0.04401396614126636
0.025059491280484195
0.36884928029067904
0.09973711868466144
0.05090571698887312
0.10442759143504207
0.03731080210875163
0.06848853597829764
0.05253751990519755
0.12219857946327045
0.027052424683169134
0.01686251480829695
0.16205745378025033
0.023215187513833533
0.13708075611814155
0.031109152085682407
0.016099384960567516
0.18971609458761735
0.0728876390920946
0.05550710710219873
0.03838747203141343
0.07652590380154208
0.021960732045523193
0.15488600168856825
0.16640660370158003
0.058180723748536146
0.15665904577862505
0.16470657417600923
0.03165832035556635
0.26549739188239113
0.38624619377172387
1.0
0.31881367273822664
0.1421907339302919
0.20063637654179325
0.11935663453762596
0.08306229516108216
0.025494588740430577
0.10292998668273405
0.08710717416273563
9.77992345196315E-4
0.08923210262946259
0.0968785595180384
0.20984856411750727
0.14017906994775625
0.0321627106741959
0.2369362663142398
0.27225356462237055
0.0035266737765657064
0.03681570158399315
0.10104775188090773
0.016752094931821046
0.10684917960306675
0.02838348618980964
0.017856066849757823
0.06322986126242834
0.21392506210833775
0.10683192557136137
0.20972428890702055
0.7576492077283727
0.016748315167840207
0.08700645703722085
0.06255798424251333
0.060179016368837136
0.11417266341671428
0.1301724874116987
0.012139246567430938
0.11096015061941378
0.11204760867079631
0.5336342911538415
0.17445975440769146
0.019169280645184986
0.027129073373519164
0.017420894963577852
0.06091606154006124
0.029300974150274828
0.08373257519257846
0.008673948832405846
0.13190037448098577
0.09073862669692004
0.0673182781507243
0.13198989481604648
0.039710540497681746
0.06386759757256386
0.05401490989557
0.14405222574822313
0.23126075994987297
0.1852261818111315
0.1571925835195412
0.17524444574862977
0.4166309850529056
0.030884412134474168
0.20520598023718598
0.0013465484601312546
0.2160744221747403
0.05215202412176272
0.2546892404249737
0.6919125532712941
0.17710064679066223
0.005587380877476857
0.0968580311082334
0.04572665131698954
0.06779988626091361
0.09361684376979358
0.011889714683671627
0.06853946811774064
0.08813039359918595
