-0.1646791557357205
0.14540257272149387
0.10119112299560122
0.07158487744090064
0.04277752754329153
0.04999294410623541
0.013482836345198111
0.08953827811772766
0.03904230339618128
0.20371401622220076
0.20590738994851035
0.06294947477865943
0.07145026125743233
0.06180866368865264
0.06866121685870247
0.09638968535271195
0.061305461788374385
0.13133588037780403
1.0
0.9668375522615704
0.29488178390528036
0.06928867615045468
0.19411385801506378
0.14244247435812124
0.04291270651610051
0.15325385725641605
0.0509261666412633
0.136706717114949
0.301092620662379
0.08772780624664345
0.01704093541465728
0.06672320818915038
0.0962185034385978
0.06079884099458239
0.05695453541627018
0.014043932633769778
0.01765015876097395
0.4378089894510092
0.032929356681702146
0.025980511490603826
0.03386839157706862
0.11191291258887823
0.08071122458992214
0.08372232773763272
0.16522939491826424
0.3099641973738189
0.24016804444102133
0.18174531485165882
0.22380706246209442
0.11248093359774795
0.04889411320258575
0.08225888695316731
0.131262396804412
0.05976325976271649
0.12507261224225238
0.2555303960540427
0.031479045347875316
0.07212702791855576
0.00546958323025197
0.050486220411074985
0.0480464420763762
0.025810972315669495
0.02704846562593157
0.008854994547564993
0.07774097971834591
0.18426184927620998
0.07186075725160114
0.11184543236229257
0.022180292300850068
0.017191278519643943
0.006520501119734221
0.0054071429074634934
0.14612864066762954
0.16825158940060478
0.14232287298154628
0.24568937495999865
0.21589105254375934
0.015364774403831412
0.006600827519549154
0.00699652921899891
0.013579285507184076
0.07122993724025391
0.2746909595361403
0.054445517427915244
0.01587105460764482
0.08547635333858791
0.037834003691998484
0.06132913304587841
0.02703201834322812
0.04129687723849892
0.11832908127027526
0.023219995615117596
0.014308835751617295
0.009203027106042636
0.037851924662297136
0.043443446261277045
0.011554224721443783
0.00882639822422805
0.025476691163126834
0.05011948809527133
0.020763065824474056
0.006919587569346057
0.14783000414490008
0.029705682430212994
0.08928006669309049
0.01656599126726163
0.07631053250603383
0.015798853278217218
0.05444266711835024
0.03057264240005089
0.020067491056478072
0.13799207736464184
0.06441367835776804
0.04388105409559414
0.006454731653287247
0.0702496462000676
0.007965955000514406
0.056364864985783955
0.01329440531664555
0.03241266945006848
0.022952146296945246
0.014389202799998552
0.1000736265808083
0.02225339538375933
0.04076208217292189
0.026807650223750888
0.019607757585379016
0.005354770777173319
0.025904308012601376
0.022019674120117797
0.056163659582256616
0.03375313104492466
0.02575857126300893
0.005783993246979104
0.018019336095734882
0.02390472926566903
0.05998699864607963
0.04954311165290193
0.013106202728982988
0.1258928496789545
0.012738726323053791
0.03487548457155455
0.09054583466029492
0.01348018924200447
0.005070008294796348
0.03411836237767413
0.11268671118869546
0.044619372596359286
0.01564480165201325
0.005041393084702701
0.09091034321227116
0.09085611646032683
0.03692644340859643
0.07334285551012908
0.004116978893393014
0.0919845333929242
0.07129240556649756
0.06506667129554675
0.03749965698315565
0.12267680771362019
0.05977594166369011
0.03292225003613395
0.0021166660178596835
0.008107851516782618
0.0725789581861627
0.07724985401059256
0.07028455446681983
0.18416818287180364
8.551825784778406E-4
0.016195281894109206
0.025580333954623873
0.08771755034843752
0.017814778916038113
0.11188172710065876
0.045235391360951206
0.03955131619934791
0.06534552087002943
0.04395325423533794
0.0705704589475687
0.0030417716936904774
0.017280890865426547
0.010196222147705925
0.05347057916834648
0.011182965406982838
0.017537365722171724
0.1966072603863107
0.05972928011289862
0.0056953558398562705
0.07916161476581282
0.049786115922076296
0.11732653306974401
0.04427661369364503
0.018905515201143003
0.023013693159585263
0.14805241474251352
0.02039338724762542
0.03485952500234197
0.022387987758597468
0.036963182322510155
0.08042400298741247
3.585441279804231E-4
0.0057265854886072425
0.08937889201519539
0.2873211810161438
0.09422790166638052
0.16046125232936495
0.08095327480330018
0.028781310092500793
0.06409713543192225
0.027992467800863008
0.013244465431555828
0.039902203412052535
0.03602870172484667
0.015463039334917763
0.002813186502175221
0.01229971488571851
0.01446240464888525
0.05058071797122303
0.0414820307103226
0.02101509039873022
0.08991770862645036
0.03365117421322289
0.004296834824135174
0.02325818780425608
0.09946468597467947
0.06611306005914372
0.01663820132214667
0.005956636687025443
0.05623123285905667
0.09183517580013652
0.04454521201344859
0.13997728237536242
0.07822506626259138
0.015375579777698609
0.014483711117202074
0.001847646137907092
0.004487344486893856
0.026074120858165534
0.01760182292545099
0.03510798590529407
0.009841664645225243
0.0249640758041229
0.06187163739666607
9.79879306529653E-4
0.04895895724435638
0.058292004999943976
0.0133265133706222
0.06598725566050859
0.05844867200637604
0.04303789551885219
0.03528547001370262
0.004729156738385643
0.07350942270683052
0.004086706108522008
0.015243335212813194
0.06017909933584951
0.04102254490151074
0.005741144803487363
0.0181312510723524
0.004121916359644162
0.022884706137116087
0.013690236183772343
0.013483057844485951
0.007832054209490928
0.04396908709542654
0.01702373695676806
0.019624606534576542
0.025797075544432606
0.03882820145694673
0.04339415145549308
0.06353928636472941
0.04016825874091393
0.022207221837586544
0.021352482703875186
0.0048954909697382564
0.024346112574927616
0.017345916496243632
0.0023924047883138195
0.05495043446017927
0.03520205933121418
0.04429655583044995
0.00725702191829168
0.007140508022184199
0.026141497497312042
0.05071660821608201
0.0036864152778184546
0.10657530200688399
0.006649964798788118
0.007081836377929883
0.04607829450839408
0.07586159435741135
0.03231196366503119
0.0028134303278926926
0.05506094519842974
0.015092316997542394
0.01846621503560198
0.04312033029111243
0.0188863590598482
0.022892092896225215
0.03813163208243361
0.05633489438407684
0.005924109023956494
0.05768558141557388
0.012945066986355126
0.06017355460363488
0.029630256240629347
0.06211837659814686
0.020889007069281557
0.004116978893393014
0.08316041608142771
0.03334787471496161
0.013016555789567737
0.007346822820594505
0.03246349093732641
0.04369025655815906
0.01926125811957846
0.0025926461340842356
0.02123146299159986
0.02559275516934666
0.039868137930756505
0.029743449653998808
0.010150446773262012
0.014499655698645073
0.0020268148203945696
0.04876934308076771
0.0743476125268394
0.036018146134690454
0.07585692233925966
0.0032097934456993163
0.013343624895210794
0.014685427227679048
0.0021780829950218635
0.009997073808956817
8.89084153204326E-5
0.04200279616602615
0.05761505914284452
0.05109377701606596
0.06215811567519008
0.024273162043259633
0.06712879211158039
0.006228177540460745
0.007403031456528038
0.06382666169676314
0.01730639552914061
0.04231542513557176
0.04323196689949721
0.03602124764623665
0.00870653035423175
0.062214860891177934
0.0315073219092015
0.004650289090820164
0.07113801533769933
0.043829531546386365
0.03101653921009769
0.048095165623877834
0.004075274453520285
0.005170182082262645
0.006156605192611045
0.057555584841921234
0.014759875828958026
0.036063028343789647
0.01290647393439518
0.05931163395241376
0.055693910119077365
0.05486579980599893
0.009611844699794387
0.010933239211982594
8.78617003248784E-4
0.0019227672838442178
0.02657698556189362
0.035835366899302244
0.01969616063565009
0.0022349194183897444
0.04388090402641537
0.04895041807111793
0.03819430882545518
0.013965524382272667
0.008082379041776607
0.019827255873427367
0.058625064068615354
0.021143543389923594
0.056663270397767106
0.011879415977976522
0.05660063757307201
0.014832552655297013
0.0011031411697406362
0.0021872186040729964
0.03779489981020733
0.03574550760718659
0.020504883570076397
0.01789614124404417
0.02080273357407557
0.011667006076461975
0.021689410176610278
0.005201449595506403
0.03652122648208856
0.014725315314726492
0.002208504196915799
0.04381159398596305
0.010328018243509849
0.023222763444896242
0.033821664462161255
0.0018858952948580614
0.039015216641239504
0.09534851125099615
0.04689091774948039
0.005065852320389845
0.007242147124561892
0.04852563827868657
0.0763371483712841
0.0030797250465114884
0.050582963320720375
0.006143377199714037
0.04901389134223812
0.033175732340204066
0.050686978991261816
0.037215971245276744
0.0637048703764534
0.020915624027882492
0.061544633804740644
0.04081157831063116
0.02429034300898995
0.025864516088719557
0.012334448687482574
0.005560168921617924
0.00301144912341606
0.021461482084806076
0.035178192013246457
0.011449964045063425
0.019126789490024765
0.01359314830817063
0.022284226433429446
0.008265665511717793
0.010295429134050404
0.08686511878241558
0.009214551939284965
0.020826705758150064
0.02295677766562851
0.07556281602652545
0.06566000002523671
0.005669812381807168
0.019709899482509157
0.03450658366943632
0.06393884557677239
0.007170066160116787
0.05551143262269178
0.013491640712373952
0.06174427946618266
0.028150579520392353
0.027776806928016096
3.271435397309922E-4
0.0178031893257056
0.011981891780287439
0.0516510309493652
0.0050583791793739055
0.028950107081352445
0.026146239024609434
0.01491652634835193
0.03764450383062702
0.013087389491478273
6.625502608449746E-4
0.04522257868466261
0.01646791557357205
0.04522257868466261
6.625502608449746E-4
0.013087389491478273
0.03764450383062702
0.01491652634835193
0.026146239024609434
0.028950107081352445
0.0050583791793739055
0.0516510309493652
0.011981891780287439
0.0178031893257056
3.271435397309922E-4
0.027776806928016096
0.028150579520392353
0.06174427946618266
0.013491640712373952
0.05551143262269178
0.007170066160116787
0.06393884557677239
0.03450658366943632
0.019709899482509157
0.005669812381807168
0.06566000002523671
0.07556281602652545
0.02295677766562851
0.020826705758150064
0.009214551939284965
0.08686511878241558
0.010295429134050404
0.008265665511717793
0.022284226433429446
0.01359314830817063
0.019126789490024765
0.011449964045063425
0.035178192013246457
0.021461482084806076
0.00301144912341606
0.005560168921617924
0.012334448687482574
0.025864516088719557
0.02429034300898995
0.04081157831063116
0.061544633804740644
0.020915624027882492
0.0637048703764534
0.037215971245276744
0.050686978991261816
0.033175732340204066
0.04901389134223812
0.006143377199714037
0.050582963320720375
0.0030797250465114884
0.0763371483712841
0.04852563827868657
0.007242147124561892
0.005065852320389845
0.04689091774948039
0.09534851125099615
0.039015216641239504
0.0018858952948580614
0.033821664462161255
0.023222763444896242
0.010328018243509849
0.04381159398596305
0.002208504196915799
0.014725315314726492
0.03652122648208856
0.005201449595506403
0.021689410176610278
0.011667006076461975
0.02080273357407557
0.01789614124404417
0.020504883570076397
0.03574550760718659
0.03779489981020733
0.0021872186040729964
0.0011031411697406362
0.014832552655297013
0.05660063757307201
0.011879415977976522
0.056663270397767106
0.021143543389923594
0.058625064068615354
0.019827255873427367
0.008082379041776607
0.013965524382272667
0.03819430882545518
0.04895041807111793
0.04388090402641537
0.0022349194183897444
0.01969616063565009
0.035835366899302244
0.02657698556189362
0.0019227672838442178
8.78617003248784E-4
0.010933239211982594
0.009611844699794387
0.05486579980599893
0.055693910119077365
0.05931163395241376
0.01290647393439518
0.036063028343789647
0.014759875828958026
0.057555584841921234
0.006156605192611045
0.005170182082262645
0.004075274453520285
0.048095165623877834
0.03101653921009769
0.043829531546386365
0.07113801533769933
0.004650289090820164
0.0315073219092015
0.062214860891177934
0.00870653035423175
0.03602124764623665
0.04323196689949721
0.04231542513557176
0.01730639552914061
0.06382666169676314
0.007403031456528038
0.006228177540460745
0.06712879211158039
0.024273162043259633
0.06215811567519008
0.05109377701606596
0.05761505914284452
0.04200279616602615
8.89084153204326E-5
0.009997073808956817
0.0021780829950218635
0.014685427227679048
0.013343624895210794
0.0032097934456993163
0.07585692233925966
0.036018146134690454
0.0743476125268394
0.04876934308076771
0.0020268148203945696
0.014499655698645073
0.010150446773262012
0.029743449653998808
0.039868137930756505
0.02559275516934666
0.02123146299159986
0.0025926461340842356
0.01926125811957846
0.04369025655815906
0.03246349093732641
0.007346822820594505
0.013016555789567737
0.03334787471496161
0.08316041608142771
0.004116978893393014
0.020889007069281557
0.06211837659814686
0.029630256240629347
0.06017355460363488
0.012945066986355126
0.05768558141557388
0.005924109023956494
0.05633489438407684
0.03813163208243361
0.022892092896225215
0.0188863590598482
0.04312033029111243
0.01846621503560198
0.015092316997542394
0.05506094519842974
0.0028134303278926926
0.03231196366503119
0.07586159435741135
0.04607829450839408
0.007081836377929883
0.006649964798788118
0.10657530200688399
0.0036864152778184546
0.05071660821608201
0.026141497497312042
0.007140508022184199
0.00725702191829168
0.04429655583044995
0.03520205933121418
0.05495043446017927
0.0023924047883138195
0.017345916496243632
0.024346112574927616
0.0048954909697382564
0.021352482703875186
0.022207221837586544
0.04016825874091393
0.06353928636472941
0.04339415145549308
0.03882820145694673
0.025797075544432606
0.019624606534576542
0.01702373695676806
0.04396908709542654
0.007832054209490928
0.013483057844485951
0.013690236183772343
0.022884706137116087
0.004121916359644162
0.0181312510723524
0.005741144803487363
0.04102254490151074
0.06017909933584951
0.015243335212813194
0.004086706108522008
0.07350942270683052
0.004729156738385643
0.03528547001370262
0.04303789551885219
0.05844867200637604
0.06598725566050859
0.0133265133706222
0.058292004999943976
0.04895895724435638
9.79879306529653E-4
0.06187163739666607
0.0249640758041229
0.009841664645225243
0.03510798590529407
0.01760182292545099
0.026074120858165534
0.004487344486893856
0.001847646137907092
0.014483711117202074
0.015375579777698609
0.07822506626259138
0.13997728237536242
0.04454521201344859
0.09183517580013652
0.05623123285905667
0.005956636687025443
0.01663820132214667
0.06611306005914372
0.09946468597467947
0.02325818780425608
0.004296834824135174
0.03365117421322289
0.08991770862645036
0.02101509039873022
0.0414820307103226
0.05058071797122303
0.01446240464888525
0.01229971488571851
0.002813186502175221
0.015463039334917763
0.03602870172484667
0.039902203412052535
0.013244465431555828
0.027992467800863008
0.06409713543192225
0.028781310092500793
0.08095327480330018
0.16046125232936495
0.09422790166638052
0.2873211810161438
0.08937889201519539
0.0057265854886072425
3.585441279804231E-4
0.08042400298741247
0.036963182322510155
0.022387987758597468
0.03485952500234197
0.02039338724762542
0.14805241474251352
0.023013693159585263
0.018905515201143003
0.04427661369364503
0.11732653306974401
0.049786115922076296
0.07916161476581282
0.0056953558398562705
0.05972928011289862
0.1966072603863107
0.017537365722171724
0.011182965406982838
0.05347057916834648
0.010196222147705925
0.017280890865426547
0.0030417716936904774
0.0705704589475687
0.04395325423533794
0.06534552087002943
0.03955131619934791
0.045235391360951206
0.11188172710065876
0.017814778916038113
0.08771755034843752
0.025580333954623873
0.016195281894109206
8.551825784778406E-4
0.18416818287180364
0.07028455446681983
0.07724985401059256
0.0725789581861627
0.008107851516782618
0.0021166660178596835
0.03292225003613395
0.05977594166369011
0.12267680771362019
0.03749965698315565
0.06506667129554675
0.07129240556649756
0.0919845333929242
0.004116978893393014
0.07334285551012908
0.03692644340859643
0.09085611646032683
0.09091034321227116
0.005041393084702701
0.01564480165201325
0.044619372596359286
0.11268671118869546
0.03411836237767413
0.005070008294796348
0.01348018924200447
0.09054583466029492
0.03487548457155455
0.012738726323053791
0.1258928496789545
0.013106202728982988
0.04954311165290193
0.05998699864607963
0.02390472926566903
0.018019336095734882
0.005783993246979104
0.02575857126300893
0.03375313104492466
0.056163659582256616
0.022019674120117797
0.025904308012601376
0.005354770777173319
0.019607757585379016
0.026807650223750888
0.04076208217292189
0.02225339538375933
0.1000736265808083
0.014389202799998552
0.022952146296945246
0.03241266945006848
0.01329440531664555
0.056364864985783955
0.007965955000514406
0.0702496462000676
0.006454731653287247
0.04388105409559414
0.06441367835776804
0.13799207736464184
0.020067491056478072
0.03057264240005089
0.05444266711835024
0.015798853278217218
0.07631053250603383
0.01656599126726163
0.08928006669309049
0.029705682430212994
0.14783000414490008
0.006919587569346057
0.020763065824474056
0.05011948809527133
0.025476691163126834
0.00882639822422805
0.011554224721443783
0.043443446261277045
0.037851924662297136
0.009203027106042636
0.014308835751617295
0.023219995615117596
0.11832908127027526
0.04129687723849892
0.02703201834322812
0.06132913304587841
0.037834003691998484
0.08547635333858791
0.01587105460764482
0.054445517427915244
0.2746909595361403
0.07122993724025391
0.013579285507184076
0.00699652921899891
0.006600827519549154
0.015364774403831412
0.21589105254375934
0.24568937495999865
0.14232287298154628
0.16825158940060478
0.14612864066762954
0.0054071429074634934
0.006520501119734221
0.017191278519643943
0.022180292300850068
0.11184543236229257
0.07186075725160114
0.18426184927620998
0.07774097971834591
0.008854994547564993
0.02704846562593157
0.025810972315669495
0.0480464420763762
0.050486220411074985
0.00546958323025197
0.07212702791855576
0.031479045347875316
0.2555303960540427
0.12507261224225238
0.05976325976271649
0.131262396804412
0.08225888695316731
0.04889411320258575
0.11248093359774795
0.22380706246209442
0.18174531485165882
0.24016804444102133
0.3099641973738189
0.16522939491826424
0.08372232773763272
0.08071122458992214
0.11191291258887823
0.03386839157706862
0.025980511490603826
0.032929356681702146
0.4378089894510092
0.01765015876097395
0.014043932633769778
0.05695453541627018
0.06079884099458239
0.0962185034385978
0.06672320818915038
0.01704093541465728
0.08772780624664345
0.301092620662379
0.136706717114949
0.0509261666412633
0.15325385725641605
0.04291270651610051
0.14244247435812124
0.19411385801506378
0.06928867615045468
0.29488178390528036
0.9668375522615704
1.0
0.13133588037780403
0.061305461788374385
0.09638968535271195
0.06866121685870247
0.06180866368865264
0.07145026125743233
0.06294947477865943
0.20590738994851035
0.20371401622220076
0.03904230339618128
0.08953827811772766
0.013482836345198111
0.04999294410623541
0.04277752754329153
0.07158487744090064
0.10119112299560122
0.14540257272149387
