0.05109780429058511
0.051116926200195006
0.04611213849032703
4.6453906422609995E-4
0.06486468941016042
0.08680092237607083
0.07548823761955813
0.12493316614957788
0.2702754169526985
0.17756778040509408
0.026086899711893322
0.29576095997279195
0.05014786898123332
0.10091384540141278
0.2678077058324731
0.3244638925916114
0.11774118177332463
0.42175367810190056
0.18503099709002388
0.20947150908944154
0.6592962314553336
0.24463178413908285
0.4675355845427428
0.02827586027379619
0.2169419535889315
0.7653665182762706
0.22701160237157736
0.6307305268223733
0.7922846927354499
0.2014475211551707
0.1273630761693103
0.07310290875540962
0.07260728522102196
0.26885432428198097
0.3887291353694849
0.7777821381707198
1.0
0.8924150471936704
0.8831453460261045
0.23251855710681715
0.8307242483395564
0.1139770601682165
0.5541090345140266
0.50396480427229
0.18108189449280807
0.4670547855550723
0.25261802976268344
0.1971188547865453
0.9301428493886521
0.25211163655291635
0.16627116516589724
0.1873067782213713
0.09879077245328997
0.05255522588233812
0.023542561179707707
0.13792344587737765
0.021884679138282702
0.04748007170834253
0.1735288620781979
0.37284769502186155
0.40683963666310674
0.06385552581769162
0.2521626108639206
0.12546867899978031
0.15133383309944912
0.018107998164428412
0.14329339696594345
0.25097017343791767
0.03863717714414185
0.11326108406817079
0.18459381742037753
0.20768939884212465
0.007050058577725638
0.07127780620878359
0.19865806696641475
0.0770572862807199
0.12653069080020068
0.22304173804207278
0.25356860771718026
0.20876536409383928
0.22754970379102044
0.028462621856796447
0.11752070666730917
0.08514388566308694
0.09337441880624038
0.026154564891627596
0.034382503133211964
0.12374565840985971
0.13329070670131188
0.17766312853196561
0.2408249649151293
0.18367176475521757
0.009248848507211752
0.05120000262161927
0.05538090028931081
0.11458247194263503
0.24027879853191728
0.27470795887027555
0.02120935603065785
0.09978201806664318
0.14855113869195288
0.006331358997603372
0.04281494099415477
0.014111034058634179
0.12799272215194857
0.11463021589472984
0.020000207103994465
0.15788659778450242
0.005090785736508669
0.15091674905570807
0.24592699945313354
0.026704185800176552
0.012538540538855085
0.08616150562680282
0.22137028669829129
0.19547270465676125
0.07282870661629935
0.2732672972088025
0.003234737193819646
0.035893695517595046
0.1170869909883183
0.04295040632805465
0.0626736765017035
0.05424056251782206
0.1353750620082074
0.15874793326043024
0.02498112637971198
0.036795401966758956
0.20110934889269103
0.14815230110612057
0.014311399698706569
0.028266593207615293
0.08152591806186955
0.09028921887942469
0.037392231058625575
0.00542400799990786
0.11374315342751709
0.1085611002350997
0.0925898206551668
0.06709282627640208
0.05872201064555585
0.007098609739592653
0.04804609489733745
0.06270083563161365
0.030774987714696573
0.07906907428469331
0.025102960691335358
0.03299014292599972
0.02815187813332303
0.048228710494874164
0.006226542751032801
0.006684439630742132
0.006854505850472526
0.0018608689240035155
0.006013579144427649
0.010126485768978859
0.004677842582066914
0.009510827220317689
0.003830374193341276
0.018454090061828233
0.011278979526580732
0.03070486117023144
0.013083130183747693
0.04392549625362638
0.029501805180892612
0.017418623634416444
0.013204472584055469
0.006970326629729389
0.013484111733276478
0.005940437587257167
0.01708128047119488
0.004949409809699194
0.002958515915699862
0.0011796111153388443
0.006657222796183877
0.002660984200784199
0.019207475145713318
0.014020080487111949
0.020756699278416953
0.014637218419148517
0.0024851537842471927
0.024891550161079256
0.00830240860189364
0.011654863193039518
0.015472964429805362
0.017598551835214072
0.006169987073823536
0.01864884605119219
0.015087256278272081
0.001051977637530261
0.006407152062977819
0.008357341912893584
0.0056735964723906695
0.011998796265816887
0.01485692308118435
0.011075268915608913
0.019821469206204975
0.014661011667400574
0.022321241713085013
0.015512816332729527
0.013322342617601141
0.005275440070312343
0.010691786997646838
6.982197385275956E-4
0.01743204731112859
0.005714187541151629
0.006019258435268491
0.012793440381413699
0.004684292268793816
0.005062124498377094
0.0013878335458918833
0.0010884972697292375
0.015740447590284517
0.013165188712024326
0.007287536545892924
0.008909705345277897
0.018159774891141726
0.029799467542161506
0.011297458868530624
0.02296409633930353
0.01974170007332592
0.008295418626004407
0.0033015229326785814
0.0016683929085277137
0.023244604192901662
0.004978912044222354
0.012538030503979468
0.02330530245241327
0.010485935193784495
0.011049414588933049
0.029640528005131915
0.017635784434014246
0.003027372715065648
0.020723687611662236
0.006543150142209216
0.0051645043264562426
0.01780168032569665
0.0016212935595023635
0.006531695416790241
0.04185512905518408
0.011588322720169282
0.02778493432349016
0.030529207902881217
0.028786539465550078
0.006234293462870386
0.025162113608529522
0.008994972926910554
0.018107819124356706
0.0030022764030113443
0.012651947143651636
0.01616269540817125
0.01763646151321107
0.005133643871691494
0.0015338360352033693
0.015091443473506936
0.013067261079606998
0.019663129688184972
9.171120526738883E-4
0.010020781897138153
0.01847428366371674
0.02214922099266077
0.0019777050484170557
0.02035747697071296
0.01223812111321984
0.012491129475559557
9.502086021153193E-4
0.004718390558570106
0.0030969723748322576
0.00884793815999965
1.7403533462537869E-4
0.00463020390142026
0.005317956727119602
0.010680642272211606
0.014615355764008851
0.005564987943841353
0.007580186332498406
0.002452949064118695
8.644139126381763E-4
8.362232764938132E-4
0.001030925163902981
0.003987694347641319
0.0064896297461480195
0.010311101915726158
0.017054594986855232
0.004018327829168532
0.01376297548071291
0.010060502361373343
4.44138958627686E-4
0.012246038379194132
0.006721824962747297
0.015043741368654348
0.012229390239359414
0.010140332625000312
0.00751260066615783
0.005794303022783582
0.0064640321169187635
0.003227114047535579
0.022535613312973497
0.006477497456084518
0.0026594658997993576
0.006805724562147405
0.014002988381401373
0.011481044303170344
0.0135679102267642
0.006891964004972991
0.013464251451714196
0.014800521803950775
0.013900970963354384
0.013082638194579678
0.016006180671946965
0.01664965655940524
0.016191754881968133
0.014668247148645985
0.008837459307565371
0.01212004791413498
0.008648486256409736
0.00894157985341291
0.006515691292890936
0.0077845577230651036
0.01178032199943494
0.007368351944952106
0.004771812872027184
0.0104605090634639
0.009548143077455268
0.008273583825378038
0.005939541165318633
0.011622669842777683
0.007171104740026513
0.013897490648099971
0.007956569695865872
0.01036631798272669
0.011075814297560757
0.008995627709015682
0.006907018138493671
0.007550837737604105
0.009528019658544168
0.007446615697425445
0.008156271476169541
0.011623877025131176
0.00964295083740407
0.008236106361274578
0.010606996498731978
0.009660049474864277
0.009801379691513387
0.00924474742815165
0.009815275685374544
0.010088605023096548
0.006846958510636269
0.009058336801955565
0.008096124839482693
0.011218133295852051
0.007286143457815002
0.009316845485326415
0.009301807156480553
0.010936951300016283
0.008667814864595832
0.007861915019399611
0.009401628303766011
0.006941425810323597
0.008280812747221651
0.0064706288517559106
0.008397077315885392
0.006780540232466119
0.00887169140705507
0.00636178192674093
0.00890428448498197
0.009169551374671105
0.009156389483855675
0.00878236186119614
0.010027334018315565
0.009627404575695084
0.010717252710252912
0.010793040897697217
0.01012103832240321
0.007556924429470824
0.010566771082929392
0.010046131904448901
0.008683167408931245
0.0102714214174215
0.008253750436195228
0.008531565323581345
0.0095636125457228
0.009679142782713084
0.009675435565280362
0.009111258683818029
0.009619210051811215
0.008790606373290108
0.009180754535791907
0.009412829168304078
0.008820930764184179
0.009398506658847712
0.009606587162041928
0.008851782943492252
0.00926997697851974
0.009580823950925216
0.008853488977140337
0.009283892228353179
0.008479585560798423
0.008792169965594109
0.008945032474544992
0.009016422400236783
0.00866761160511316
0.009405094374677635
0.008814973452214905
0.008967549109132365
0.009145515986527035
0.009040388559185729
0.009557752609724848
0.009388779339780504
0.009018662466493764
0.009430852514071948
0.009033376342131826
0.009053620638622537
0.0094830966951344
0.00892399172457542
0.009269101088851473
0.009371043937524312
0.009060350197934785
0.009512906796383848
0.00942063105741086
0.009196310527137284
0.009497889076159213
0.009374907999178799
0.009036686571761715
0.009352390344721845
0.009173488345584405
0.009281206853588884
0.009264923023714837
0.009168998517921847
0.009173603186135934
0.009100873043407594
0.009124121966406818
0.009056033715885725
0.009177791035855897
0.009238031402689677
0.009311622728924853
0.00920629947111714
0.009150241905857127
0.009083244016627816
0.009137407396623456
0.009177726150539899
0.009155797812579145
0.009160754858471306
0.00916790884251033
0.009160263120144611
0.009380789029341058
0.009207438442437998
0.009221153856216626
0.009223288485002142
0.00918479564631929
0.009282478236102855
0.00932124823826674
0.009347544031353693
0.009125330793831732
0.009135555130477308
0.009189311447191711
0.009111845813868527
0.009235583846041841
0.009215994059175345
0.009265415354861754
0.009044417566940839
0.009352215212948697
0.00900220817383624
0.009352215212948697
0.009044417566940839
0.009265415354861754
0.009215994059175345
0.009235583846041841
0.009111845813868527
0.009189311447191711
0.009135555130477308
0.009125330793831732
0.009347544031353693
0.00932124823826674
0.009282478236102855
0.00918479564631929
0.009223288485002142
0.009221153856216626
0.009207438442437998
0.009380789029341058
0.009160263120144611
0.00916790884251033
0.009160754858471306
0.009155797812579145
0.009177726150539899
0.009137407396623456
0.009083244016627816
0.009150241905857127
0.00920629947111714
0.009311622728924853
0.009238031402689677
0.009177791035855897
0.009056033715885725
0.009124121966406818
0.009100873043407594
0.009173603186135934
0.009168998517921847
0.009264923023714837
0.009281206853588884
0.009173488345584405
0.009352390344721845
0.009036686571761715
0.009374907999178799
0.009497889076159213
0.009196310527137284
0.00942063105741086
0.009512906796383848
0.009060350197934785
0.009371043937524312
0.009269101088851473
0.00892399172457542
0.0094830966951344
0.009053620638622537
0.009033376342131826
0.009430852514071948
0.009018662466493764
0.009388779339780504
0.009557752609724848
0.009040388559185729
0.009145515986527035
0.008967549109132365
0.008814973452214905
0.009405094374677635
0.00866761160511316
0.009016422400236783
0.008945032474544992
0.008792169965594109
0.008479585560798423
0.009283892228353179
0.008853488977140337
0.009580823950925216
0.00926997697851974
0.008851782943492252
0.009606587162041928
0.009398506658847712
0.008820930764184179
0.009412829168304078
0.009180754535791907
0.008790606373290108
0.009619210051811215
0.009111258683818029
0.009675435565280362
0.009679142782713084
0.0095636125457228
0.008531565323581345
0.008253750436195228
0.0102714214174215
0.008683167408931245
0.010046131904448901
0.010566771082929392
0.007556924429470824
0.01012103832240321
0.010793040897697217
0.010717252710252912
0.009627404575695084
0.010027334018315565
0.00878236186119614
0.009156389483855675
0.009169551374671105
0.00890428448498197
0.00636178192674093
0.00887169140705507
0.006780540232466119
0.008397077315885392
0.0064706288517559106
0.008280812747221651
0.006941425810323597
0.009401628303766011
0.007861915019399611
0.008667814864595832
0.010936951300016283
0.009301807156480553
0.009316845485326415
0.007286143457815002
0.011218133295852051
0.008096124839482693
0.009058336801955565
0.006846958510636269
0.010088605023096548
0.009815275685374544
0.00924474742815165
0.009801379691513387
0.009660049474864277
0.010606996498731978
0.008236106361274578
0.00964295083740407
0.011623877025131176
0.008156271476169541
0.007446615697425445
0.009528019658544168
0.007550837737604105
0.006907018138493671
0.008995627709015682
0.011075814297560757
0.01036631798272669
0.007956569695865872
0.013897490648099971
0.007171104740026513
0.011622669842777683
0.005939541165318633
0.008273583825378038
0.009548143077455268
0.0104605090634639
0.004771812872027184
0.007368351944952106
0.01178032199943494
0.0077845577230651036
0.006515691292890936
0.00894157985341291
0.008648486256409736
0.01212004791413498
0.008837459307565371
0.014668247148645985
0.016191754881968133
0.01664965655940524
0.016006180671946965
0.013082638194579678
0.013900970963354384
0.014800521803950775
0.013464251451714196
0.006891964004972991
0.0135679102267642
0.011481044303170344
0.014002988381401373
0.006805724562147405
0.0026594658997993576
0.006477497456084518
0.022535613312973497
0.003227114047535579
0.0064640321169187635
0.005794303022783582
0.00751260066615783
0.010140332625000312
0.012229390239359414
0.015043741368654348
0.006721824962747297
0.012246038379194132
4.44138958627686E-4
0.010060502361373343
0.01376297548071291
0.004018327829168532
0.017054594986855232
0.010311101915726158
0.0064896297461480195
0.003987694347641319
0.001030925163902981
8.362232764938132E-4
8.644139126381763E-4
0.002452949064118695
0.007580186332498406
0.005564987943841353
0.014615355764008851
0.010680642272211606
0.005317956727119602
0.00463020390142026
1.7403533462537869E-4
0.00884793815999965
0.0030969723748322576
0.004718390558570106
9.502086021153193E-4
0.012491129475559557
0.01223812111321984
0.02035747697071296
0.0019777050484170557
0.02214922099266077
0.01847428366371674
0.010020781897138153
9.171120526738883E-4
0.019663129688184972
0.013067261079606998
0.015091443473506936
0.0015338360352033693
0.005133643871691494
0.01763646151321107
0.01616269540817125
0.012651947143651636
0.0030022764030113443
0.018107819124356706
0.008994972926910554
0.025162113608529522
0.006234293462870386
0.028786539465550078
0.030529207902881217
0.02778493432349016
0.011588322720169282
0.04185512905518408
0.006531695416790241
0.0016212935595023635
0.01780168032569665
0.0051645043264562426
0.006543150142209216
0.020723687611662236
0.003027372715065648
0.017635784434014246
0.029640528005131915
0.011049414588933049
0.010485935193784495
0.02330530245241327
0.012538030503979468
0.004978912044222354
0.023244604192901662
0.0016683929085277137
0.0033015229326785814
0.008295418626004407
0.01974170007332592
0.02296409633930353
0.011297458868530624
0.029799467542161506
0.018159774891141726
0.008909705345277897
0.007287536545892924
0.013165188712024326
0.015740447590284517
0.0010884972697292375
0.0013878335458918833
0.005062124498377094
0.004684292268793816
0.012793440381413699
0.006019258435268491
0.005714187541151629
0.01743204731112859
6.982197385275956E-4
0.010691786997646838
0.005275440070312343
0.013322342617601141
0.015512816332729527
0.022321241713085013
0.014661011667400574
0.019821469206204975
0.011075268915608913
0.01485692308118435
0.011998796265816887
0.0056735964723906695
0.008357341912893584
0.006407152062977819
0.001051977637530261
0.015087256278272081
0.01864884605119219
0.006169987073823536
0.017598551835214072
0.015472964429805362
0.011654863193039518
0.00830240860189364
0.024891550161079256
0.0024851537842471927
0.014637218419148517
0.020756699278416953
0.014020080487111949
0.019207475145713318
0.002660984200784199
0.006657222796183877
0.0011796111153388443
0.002958515915699862
0.004949409809699194
0.01708128047119488
0.005940437587257167
0.013484111733276478
0.006970326629729389
0.013204472584055469
0.017418623634416444
0.029501805180892612
0.04392549625362638
0.013083130183747693
0.03070486117023144
0.011278979526580732
0.018454090061828233
0.003830374193341276
0.009510827220317689
0.004677842582066914
0.010126485768978859
0.006013579144427649
0.0018608689240035155
0.006854505850472526
0.006684439630742132
0.006226542751032801
0.048228710494874164
0.02815187813332303
0.03299014292599972
0.025102960691335358
0.07906907428469331
0.030774987714696573
0.06270083563161365
0.04804609489733745
0.007098609739592653
0.05872201064555585
0.06709282627640208
0.0925898206551668
0.1085611002350997
0.11374315342751709
0.00542400799990786
0.037392231058625575
0.09028921887942469
0.08152591806186955
0.028266593207615293
0.014311399698706569
0.14815230110612057
0.20110934889269103
0.036795401966758956
0.02498112637971198
0.15874793326043024
0.1353750620082074
0.05424056251782206
0.0626736765017035
0.04295040632805465
0.1170869909883183
0.035893695517595046
0.003234737193819646
0.2732672972088025
0.07282870661629935
0.19547270465676125
0.22137028669829129
0.08616150562680282
0.012538540538855085
0.026704185800176552
0.24592699945313354
0.15091674905570807
0.005090785736508669
0.15788659778450242
0.020000207103994465
0.11463021589472984
0.12799272215194857
0.014111034058634179
0.04281494099415477
0.006331358997603372
0.14855113869195288
0.09978201806664318
0.02120935603065785
0.27470795887027555
0.24027879853191728
0.11458247194263503
0.05538090028931081
0.05120000262161927
0.009248848507211752
0.18367176475521757
0.2408249649151293
0.17766312853196561
0.13329070670131188
0.12374565840985971
0.034382503133211964
0.026154564891627596
0.09337441880624038
0.08514388566308694
0.11752070666730917
0.028462621856796447
0.22754970379102044
0.20876536409383928
0.25356860771718026
0.22304173804207278
0.12653069080020068
0.0770572862807199
0.19865806696641475
0.07127780620878359
0.007050058577725638
0.20768939884212465
0.18459381742037753
0.11326108406817079
0.03863717714414185
0.25097017343791767
0.14329339696594345
0.018107998164428412
0.15133383309944912
0.12546867899978031
0.2521626108639206
0.06385552581769162
0.40683963666310674
0.37284769502186155
0.1735288620781979
0.04748007170834253
0.021884679138282702
0.13792344587737765
0.023542561179707707
0.05255522588233812
0.09879077245328997
0.1873067782213713
0.16627116516589724
0.25211163655291635
0.9301428493886521
0.1971188547865453
0.25261802976268344
0.4670547855550723
0.18108189449280807
0.50396480427229
0.5541090345140266
0.1139770601682165
0.8307242483395564
0.23251855710681715
0.8831453460261045
0.8924150471936704
1.0
0.7777821381707198
0.3887291353694849
0.26885432428198097
0.07260728522102196
0.07310290875540962
0.1273630761693103
0.2014475211551707
0.7922846927354499
0.6307305268223733
0.22701160237157736
0.7653665182762706
0.2169419535889315
0.02827586027379619
0.4675355845427428
0.24463178413908285
0.6592962314553336
0.20947150908944154
0.18503099709002388
0.42175367810190056
0.11774118177332463
0.3244638925916114
0.2678077058324731
0.10091384540141278
0.05014786898123332
0.29576095997279195
0.026086899711893322
0.17756778040509408
0.2702754169526985
0.12493316614957788
0.07548823761955813
0.08680092237607083
0.06486468941016042
4.6453906422609995E-4
0.04611213849032703
0.051116926200195006
