-0.08161844662893945
0.02840732610510537
0.04852569431569468
0.006187729671976109
0.04061882147587733
0.03984232037197235
0.07655435001213501
0.03193548643671544
0.08913494739385724
0.08421156079775577
0.1564178888882849
0.025477647641535223
0.13628262853840437
0.01563502422937711
0.20770678744602405
0.0676751023780057
0.07966993310932931
0.2333984094833076
0.46841808281235353
0.17980153042662692
0.13589653733583462
0.015665069472954388
0.07684994093719363
0.030110589569787023
0.08334115952283803
0.04581815318260391
0.03931926853181457
0.09567847240637432
0.13934768857441626
0.04999298903362791
0.0595702668189958
0.138133728088625
0.06665071055171103
0.02262580358572237
0.028461100042833223
0.08739723126362098
0.036511680609635125
0.22346629855968048
0.003385282929635458
0.023389220395813388
0.08153381151610484
0.04569670742779301
0.04510039836202655
0.07486665763771472
0.08456257100769436
0.21735844438003948
1.0
0.28500313824883294
0.15009283077396424
0.11637532303432158
0.05792886782706981
0.005916504463599691
0.02506990367150686
0.006329652693057569
0.050025420892509484
0.15673488511693381
0.02816424492684645
0.03763770808424998
0.035795962233621914
0.08814996120434863
0.045659291186985904
0.04331739622438745
0.07379467676089854
0.06213621963510174
0.11170470492932391
0.08762041668617973
0.03162890486704703
0.012097549995539263
0.006959714292880428
0.007508343357418793
0.01663385772322829
0.1798127104695265
0.0821349845128167
0.3822469660776223
0.28771495895725047
0.03279651946378047
0.11652547476098145
0.0507673649423418
0.02884317518358697
0.08295622505789225
0.03906945647378629
0.020886490039302475
0.051534473784955424
0.06486370774382583
0.08610761217354361
0.015498183920996606
0.013679049403552915
0.05440758457710976
0.02390608472810845
0.021140241831243068
0.02892556370763283
0.03750412696239913
0.058587389160521766
0.009059791270514423
0.0011383420235477584
0.014534855454306305
0.03424933596387813
0.027548197004659623
0.010476994032013525
6.861942822899858E-4
0.00764377993350349
0.0026240183585835553
0.022426709879998848
0.08026307118701098
0.07567004650281883
0.0031241742913401993
0.08557743133689305
0.013842227226067377
0.04746929115006966
0.07702436042563254
0.029624561725106385
0.016373140364516953
0.004184788038941498
0.02899689181764282
0.029415116335516904
0.01820763496898252
0.018304807741046605
0.0596786128189462
0.004427947985906445
0.038744699961366674
0.02135662919684186
0.04631559687930099
0.023830161805443676
0.0011610862932836367
0.04514414530954143
0.07549994880393941
0.04828963627894319
0.04015923405760274
0.030409417911001217
0.07016399089543558
0.006770683863976704
0.012050277744447918
0.043955453092998815
0.08137326132625923
0.03885353847478702
0.05497967797244847
0.009253634005474017
0.02127761278621563
0.030292385290123534
0.036571796688716615
0.06173497101346559
0.03587664982245014
9.04703714387549E-4
0.02888078501448884
0.06328357975364932
0.03190909688362738
0.013070096247154049
0.014442899963934708
0.026073622871772187
0.008223169529710745
0.032449123059766626
0.018578020681473354
0.0022804829243490087
0.0036321459845426573
0.0734566019660455
0.05755919620207
0.042861963276554116
0.0026096060238413135
0.04441542720703277
0.050115862075015026
0.04866686301034245
0.0026512782721652643
0.02679941447776055
0.01045701741633266
0.018387754107675708
0.1358632511454216
0.11311890216100574
0.014931337322540584
0.017999801008871084
0.02925869167465249
0.010226503837156205
0.06353051487838642
0.003051250674870353
0.021174521440553193
0.005396627423710359
0.06462918568232114
0.014139040519949249
0.030516015792928616
0.018701256511128878
0.05932321085875724
0.02128230741472795
0.04136892999754785
0.04706625055370133
0.013241228636459094
0.026693258835175936
0.082719321633185
0.04429328922395665
8.473466110756695E-4
0.07145737349638791
0.01466613472252042
0.029663710959429015
0.04042778979821412
0.0468994131504063
0.10860264327024749
0.031390967460323264
0.011664469139651756
0.004648726995079686
0.011249760826845447
0.03896748679322295
0.011589184596240578
0.07127739706456622
0.08853112662608639
0.17998962888244857
0.08292520705667321
0.043333660814376784
0.0824526795946215
0.03718654713344314
0.044375850775454626
0.012110595174052234
0.06640680793399796
0.04717206583094181
0.06794332577268387
0.0012604912124939542
0.01951001076348174
0.01569082277826524
0.015919592005131523
0.014980236588088159
0.016420324771882613
0.02900455833067644
0.01215230689537955
0.03783094528026682
0.021455155169144143
0.005867252285982609
0.027341154006998564
0.006082733250750131
0.0016336831379012823
0.0034903444075624576
0.0032950597248494855
0.03273016297205721
0.010716145984802939
0.01253764787178431
0.01088245955052526
0.04564943497600353
0.010419115347130074
0.016283215894860592
0.05360564502604793
0.026542342673308097
0.010689088548222068
0.01579161397139629
0.04630481311508277
0.07100931668371702
0.00269808653190687
0.012513654609217233
0.030235816223733968
0.0030710179240797963
0.0015136009137537401
0.0070604004543095185
0.031350155189233266
0.025475104304671228
0.009491073949247673
0.031062494173213797
0.020361037887421635
0.01909583924854284
0.010295836338703105
0.01723150005171136
0.047926832811188036
0.015710801996891958
0.06370019828710415
0.058019602187085184
0.013177047088969282
0.008956117794465758
0.054487535789534546
0.007967595102060817
0.02649619257554287
0.036214002565220386
0.004446362143434486
0.027738357826030464
0.03557917931176693
0.018734111112373008
0.03971489938281156
0.01708536692512733
0.010030911442559144
0.007022513538291417
0.015996218028636065
0.04007003949833157
0.05838114470947259
0.029674191676958794
2.0277405517639884E-4
0.010306254701637386
0.04518144133060659
0.05378469666783745
0.029823573963722195
0.03219424284071193
0.008493709860522133
9.99008511183347E-4
0.01953679923872303
0.027837885562799414
0.024540350966455522
0.007972894532939534
0.004302504695088211
0.023976321807777777
0.00987840249930082
0.03058490103760946
0.0494043910396836
0.02933062575406614
0.02614042659983115
0.0884916799927924
6.868138528618981E-4
0.03746856133750582
0.010654198035896402
0.00916556547347782
0.01435491960219787
0.01070706198711452
0.004584318953568493
0.019758898052994443
0.01937072816933614
0.023980056497103462
0.015726491560108666
0.008161844662893944
0.02231436540839286
0.017854072027142134
0.013958319175357876
0.043827864938427975
0.04046304497704029
0.021558967000010143
0.015991788148476904
5.451058784750986E-5
0.016842415777741454
0.004349780357695746
0.02069308299702395
0.0065134224715541695
0.015414289989430277
0.06413578950850143
0.013780940924782402
0.03126036018593842
0.0021868986107692868
0.010643550577485925
0.020615484779905793
0.0250565649128558
0.02542609804595203
0.008022249244749688
0.004299556045172255
9.699669966381819E-4
0.003023211945978694
0.0010419302284951513
0.025449197251931885
0.008440077205041535
0.015344082867767448
0.007390126088136668
0.001517176382679872
0.0011396854767232404
0.01907927568369473
0.001406538901335937
0.05392453466893846
0.007446915814681136
0.016248527582093223
0.019804389581586056
0.012950550485900495
0.010833040021658498
0.0022761876573799953
0.006587999740190903
0.00736645209388553
0.026803664450697616
0.02819033611607461
0.015909634254794778
0.022245703152913535
0.009105769967858189
0.011219153186105632
0.03138283455897502
0.01626170025607516
0.01045493565335996
0.006775419524571631
0.03736732771831402
0.03550521362577372
0.005184753654803397
0.015163728525487032
0.024235797490877047
0.004305544124446718
0.014146591077933814
0.03712524590167752
0.04775547673744846
0.06644351203618182
0.003378039133279689
0.009313328672045386
0.023389603983765966
0.003287367805425091
0.025901362738153834
0.04451277939460154
0.01967292650300204
0.01094108357834456
0.05632841454330685
0.039707007653372844
0.04390613047064364
0.028992385026769433
0.016857524815182105
0.003644932810284505
0.016010266503726313
0.008297341833451032
0.009734986254866788
0.03157145962600216
0.0014565295413058149
0.04769139840890564
0.003138408473832661
0.028457127205732128
0.026721857564147494
0.0031765020893932253
0.010462065415409772
0.05370378887845019
0.01890072806604066
0.012680290663244066
0.04120157486128559
0.005019525476714702
0.0014850414370593536
0.005684582299123283
0.03548443295777427
0.03527198952373772
0.04519976745302257
0.008513484965653472
0.027108779277638856
0.014714289868615943
0.011231421709897679
0.01963291530858638
0.01356117398975271
0.031187053835387953
0.011761806824662692
0.004688044033674816
0.011178634928479921
0.0022742453640766775
0.01113716401635626
0.019951798818749433
0.021527590497669082
0.009341180805459474
0.023345884688849027
0.04790355772757513
0.006476320586304873
0.024418422233683432
0.009853994592912788
0.01611279741575348
0.03258332588893739
0.007954434335124747
0.04306177583102652
0.013639884265202178
0.005695113698572674
0.028741799457234197
0.004391746299393289
0.005049141586647365
0.033652488343748
0.05177740440644179
0.006563682026450918
0.01517801244457605
0.027241353909612066
0.039313995192525104
0.004919126623224852
0.056148006005360254
5.439531156925655E-6
0.01596809137583214
0.021792924101691237
0.00615794853096613
0.004256793354126003
0.05067366232385596
0.013505528280092457
0.0031793133547957284
0.021616994873995116
6.472633827968812E-4
0.008172412862888027
0.02584365165695525
0.031108677224141307
0.03340953769871138
0.0069408732512551904
0.0012309584919478764
0.004021056223318506
0.00903418883783596
0.04897106797736367
0.00903418883783596
0.004021056223318506
0.0012309584919478764
0.0069408732512551904
0.03340953769871138
0.031108677224141307
0.02584365165695525
0.008172412862888027
6.472633827968812E-4
0.021616994873995116
0.0031793133547957284
0.013505528280092457
0.05067366232385596
0.004256793354126003
0.00615794853096613
0.021792924101691237
0.01596809137583214
5.439531156925655E-6
0.056148006005360254
0.004919126623224852
0.039313995192525104
0.027241353909612066
0.01517801244457605
0.006563682026450918
0.05177740440644179
0.033652488343748
0.005049141586647365
0.004391746299393289
0.028741799457234197
0.005695113698572674
0.013639884265202178
0.04306177583102652
0.007954434335124747
0.03258332588893739
0.01611279741575348
0.009853994592912788
0.024418422233683432
0.006476320586304873
0.04790355772757513
0.023345884688849027
0.009341180805459474
0.021527590497669082
0.019951798818749433
0.01113716401635626
0.0022742453640766775
0.011178634928479921
0.004688044033674816
0.011761806824662692
0.031187053835387953
0.01356117398975271
0.01963291530858638
0.011231421709897679
0.014714289868615943
0.027108779277638856
0.008513484965653472
0.04519976745302257
0.03527198952373772
0.03548443295777427
0.005684582299123283
0.0014850414370593536
0.005019525476714702
0.04120157486128559
0.012680290663244066
0.01890072806604066
0.05370378887845019
0.010462065415409772
0.0031765020893932253
0.026721857564147494
0.028457127205732128
0.003138408473832661
0.04769139840890564
0.0014565295413058149
0.03157145962600216
0.009734986254866788
0.008297341833451032
0.016010266503726313
0.003644932810284505
0.016857524815182105
0.028992385026769433
0.04390613047064364
0.039707007653372844
0.05632841454330685
0.01094108357834456
0.01967292650300204
0.04451277939460154
0.025901362738153834
0.003287367805425091
0.023389603983765966
0.009313328672045386
0.003378039133279689
0.06644351203618182
0.04775547673744846
0.03712524590167752
0.014146591077933814
0.004305544124446718
0.024235797490877047
0.015163728525487032
0.005184753654803397
0.03550521362577372
0.03736732771831402
0.006775419524571631
0.01045493565335996
0.01626170025607516
0.03138283455897502
0.011219153186105632
0.009105769967858189
0.022245703152913535
0.015909634254794778
0.02819033611607461
0.026803664450697616
0.00736645209388553
0.006587999740190903
0.0022761876573799953
0.010833040021658498
0.012950550485900495
0.019804389581586056
0.016248527582093223
0.007446915814681136
0.05392453466893846
0.001406538901335937
0.01907927568369473
0.0011396854767232404
0.001517176382679872
0.007390126088136668
0.015344082867767448
0.008440077205041535
0.025449197251931885
0.0010419302284951513
0.003023211945978694
9.699669966381819E-4
0.004299556045172255
0.008022249244749688
0.02542609804595203
0.0250565649128558
0.020615484779905793
0.010643550577485925
0.0021868986107692868
0.03126036018593842
0.013780940924782402
0.06413578950850143
0.015414289989430277
0.0065134224715541695
0.02069308299702395
0.004349780357695746
0.016842415777741454
5.451058784750986E-5
0.015991788148476904
0.021558967000010143
0.04046304497704029
0.043827864938427975
0.013958319175357876
0.017854072027142134
0.02231436540839286
0.008161844662893944
0.015726491560108666
0.023980056497103462
0.01937072816933614
0.019758898052994443
0.004584318953568493
0.01070706198711452
0.01435491960219787
0.00916556547347782
0.010654198035896402
0.03746856133750582
6.868138528618981E-4
0.0884916799927924
0.02614042659983115
0.02933062575406614
0.0494043910396836
0.03058490103760946
0.00987840249930082
0.023976321807777777
0.004302504695088211
0.007972894532939534
0.024540350966455522
0.027837885562799414
0.01953679923872303
9.99008511183347E-4
0.008493709860522133
0.03219424284071193
0.029823573963722195
0.05378469666783745
0.04518144133060659
0.010306254701637386
2.0277405517639884E-4
0.029674191676958794
0.05838114470947259
0.04007003949833157
0.015996218028636065
0.007022513538291417
0.010030911442559144
0.01708536692512733
0.03971489938281156
0.018734111112373008
0.03557917931176693
0.027738357826030464
0.004446362143434486
0.036214002565220386
0.02649619257554287
0.007967595102060817
0.054487535789534546
0.008956117794465758
0.013177047088969282
0.058019602187085184
0.06370019828710415
0.015710801996891958
0.047926832811188036
0.01723150005171136
0.010295836338703105
0.01909583924854284
0.020361037887421635
0.031062494173213797
0.009491073949247673
0.025475104304671228
0.031350155189233266
0.0070604004543095185
0.0015136009137537401
0.0030710179240797963
0.030235816223733968
0.012513654609217233
0.00269808653190687
0.07100931668371702
0.04630481311508277
0.01579161397139629
0.010689088548222068
0.026542342673308097
0.05360564502604793
0.016283215894860592
0.010419115347130074
0.04564943497600353
0.01088245955052526
0.01253764787178431
0.010716145984802939
0.03273016297205721
0.0032950597248494855
0.0034903444075624576
0.0016336831379012823
0.006082733250750131
0.027341154006998564
0.005867252285982609
0.021455155169144143
0.03783094528026682
0.01215230689537955
0.02900455833067644
0.016420324771882613
0.014980236588088159
0.015919592005131523
0.01569082277826524
0.01951001076348174
0.0012604912124939542
0.06794332577268387
0.04717206583094181
0.06640680793399796
0.012110595174052234
0.044375850775454626
0.03718654713344314
0.0824526795946215
0.043333660814376784
0.08292520705667321
0.17998962888244857
0.08853112662608639
0.07127739706456622
0.011589184596240578
0.03896748679322295
0.011249760826845447
0.004648726995079686
0.011664469139651756
0.031390967460323264
0.10860264327024749
0.0468994131504063
0.04042778979821412
0.029663710959429015
0.01466613472252042
0.07145737349638791
8.473466110756695E-4
0.04429328922395665
0.082719321633185
0.026693258835175936
0.013241228636459094
0.04706625055370133
0.04136892999754785
0.02128230741472795
0.05932321085875724
0.018701256511128878
0.030516015792928616
0.014139040519949249
0.06462918568232114
0.005396627423710359
0.021174521440553193
0.003051250674870353
0.06353051487838642
0.010226503837156205
0.02925869167465249
0.017999801008871084
0.014931337322540584
0.11311890216100574
0.1358632511454216
0.018387754107675708
0.01045701741633266
0.02679941447776055
0.0026512782721652643
0.04866686301034245
0.050115862075015026
0.04441542720703277
0.0026096060238413135
0.042861963276554116
0.05755919620207
0.0734566019660455
0.0036321459845426573
0.0022804829243490087
0.018578020681473354
0.032449123059766626
0.008223169529710745
0.026073622871772187
0.014442899963934708
0.013070096247154049
0.03190909688362738
0.06328357975364932
0.02888078501448884
9.04703714387549E-4
0.03587664982245014
0.06173497101346559
0.036571796688716615
0.030292385290123534
0.02127761278621563
0.009253634005474017
0.05497967797244847
0.03885353847478702
0.08137326132625923
0.043955453092998815
0.012050277744447918
0.006770683863976704
0.07016399089543558
0.030409417911001217
0.04015923405760274
0.04828963627894319
0.07549994880393941
0.04514414530954143
0.0011610862932836367
0.023830161805443676
0.04631559687930099
0.02135662919684186
0.038744699961366674
0.004427947985906445
0.0596786128189462
0.018304807741046605
0.01820763496898252
0.029415116335516904
0.02899689181764282
0.004184788038941498
0.016373140364516953
0.029624561725106385
0.07702436042563254
0.04746929115006966
0.013842227226067377
0.08557743133689305
0.0031241742913401993
0.07567004650281883
0.08026307118701098
0.022426709879998848
0.0026240183585835553
0.00764377993350349
6.861942822899858E-4
0.010476994032013525
0.027548197004659623
0.03424933596387813
0.014534855454306305
0.0011383420235477584
0.009059791270514423
0.058587389160521766
0.03750412696239913
0.02892556370763283
0.021140241831243068
0.02390608472810845
0.05440758457710976
0.013679049403552915
0.015498183920996606
0.08610761217354361
0.06486370774382583
0.051534473784955424
0.020886490039302475
0.03906945647378629
0.08295622505789225
0.02884317518358697
0.0507673649423418
0.11652547476098145
0.03279651946378047
0.28771495895725047
0.3822469660776223
0.0821349845128167
0.1798127104695265
0.01663385772322829
0.007508343357418793
0.006959714292880428
0.012097549995539263
0.03162890486704703
0.08762041668617973
0.11170470492932391
0.06213621963510174
0.07379467676089854
0.04331739622438745
0.045659291186985904
0.08814996120434863
0.035795962233621914
0.03763770808424998
0.02816424492684645
0.15673488511693381
0.050025420892509484
0.006329652693057569
0.02506990367150686
0.005916504463599691
0.05792886782706981
0.11637532303432158
0.15009283077396424
0.28500313824883294
1.0
0.21735844438003948
0.08456257100769436
0.07486665763771472
0.04510039836202655
0.04569670742779301
0.08153381151610484
0.023389220395813388
0.003385282929635458
0.22346629855968048
0.036511680609635125
0.08739723126362098
0.028461100042833223
0.02262580358572237
0.06665071055171103
0.138133728088625
0.0595702668189958
0.04999298903362791
0.13934768857441626
0.09567847240637432
0.03931926853181457
0.04581815318260391
0.08334115952283803
0.030110589569787023
0.07684994093719363
0.015665069472954388
0.13589653733583462
0.17980153042662692
0.46841808281235353
0.2333984094833076
0.07966993310932931
0.0676751023780057
0.20770678744602405
0.01563502422937711
0.13628262853840437
0.025477647641535223
0.1564178888882849
0.08421156079775577
0.08913494739385724
0.03193548643671544
0.07655435001213501
0.03984232037197235
0.04061882147587733
0.006187729671976109
0.04852569431569468
0.02840732610510537
