-0.134106393785582
0.027013366591644643
0.011224585753616493
5.0190243953873174E-5
0.02895839724765889
0.12572955234477648
0.08323865823093518
0.006530135488048368
0.040071508728110015
0.13399967228148163
0.0012788382661818713
0.027325559667183984
0.07749625620087607
0.10169764241320021
0.02289361163550631
0.02114683077981044
0.2650503780162856
0.08258881040774654
0.29813471191205615
0.5480488903552382
0.1613670094920008
0.028957350937755002
0.0599699123524276
0.08533457609876728
0.036904275308480214
0.001987558396267149
0.09544856787136859
0.1780818576890684
0.09593006243330827
0.019291180217679043
0.09435247072471899
0.05826877427608506
0.050149277430614383
0.0393098968269184
0.07336461585285907
0.04498136604243235
0.0829502471059855
0.03927215361433037
0.019548670673871806
0.061095028652601316
0.002824061897073604
0.0363313182750152
8.243371478520411E-4
0.021891123653830204
0.06306329554134216
0.004679349199440599
1.0
0.09268898138033563
0.053444878050809524
0.058143516307993186
0.019677563199737895
0.0554022862876138
0.006354403307684695
0.10789343148683903
0.017527809736374154
0.16483731316006173
0.025644397547149766
0.0259230666802595
0.043901889681698364
0.04251314951418211
0.07205791087028784
0.029082535136399856
0.08790725318815454
0.01963957103952046
0.04586684961730155
0.03965307882549403
0.0443078989269264
0.038733626158509116
0.0018507125982026391
0.02957967801388627
0.06796751117846328
0.02432748727312885
0.005088901485091114
0.12788744376257477
0.3184310303589124
0.1601667178480463
0.05557159863452159
0.004474739307902073
0.07925598837407515
0.00408691779044681
0.0975137482807802
0.013034414213590837
0.2134734267715244
0.012524681211740678
0.025163009584251612
0.04364078835654009
0.008367872269336614
0.030301058932841813
0.033691301933288315
0.11400075002896996
0.044105684914428865
0.08610225437634428
0.017899380861552072
0.07492092355572494
0.022925427254993306
0.008336295908396804
0.04017544204198631
0.019096658435188967
0.004948735133321473
0.024381195465318636
0.001199413503225768
0.013028917587586319
0.029709048281505272
0.01293376406859096
0.07414927541652261
0.0190305011455197
0.034701753924834565
0.02058920833061477
0.008156020444408121
0.05692007519013392
0.036521189130705886
0.09444941223517068
0.05329734474483946
0.005123628646086886
0.011527052179571898
0.03136147613467659
0.02316375653180504
0.037206575327683775
0.09367330835036154
0.04772885707350457
0.030738721437069787
0.009795582657943978
0.036605096174860054
0.02447150964874686
0.021494797720603528
0.02348694734895792
0.018877581793737604
0.033538608721812205
0.02867141185594509
0.06456282689013182
0.006254275726917472
0.014593441153911577
0.026715488654255385
7.550735023207966E-4
0.0016420061114047063
0.04163853011279526
0.0565030928692936
0.05567781714306116
0.026802108158259678
0.01649626923286293
0.01764738675237867
0.10089318879773033
0.0027125697663048813
0.011017486053410717
0.008772680118383726
0.03144264955149027
0.02419016829322622
0.05730691387729916
0.004138177641028276
0.039561536418666964
0.05373098728758544
0.009335067440322432
0.005708540901008986
0.02310707131334428
0.021174693755618212
0.05522025593252485
0.04679554749913609
0.01567126125189848
0.005344653962423196
0.03872282265623749
0.034859591557530274
0.040947674588743155
0.041311050978887875
0.004392947479131517
0.07674355142824796
0.06390824629389043
0.12146874192863667
0.09234099174073908
0.017121753369811102
0.046530103546738595
0.05178944155686077
0.013918520840878832
0.058833465960137984
0.036578107971826604
0.0991395080272932
0.00796823761507483
0.012930539569250374
0.03743488643521392
4.232405063518148E-4
0.048643169498326505
0.05431377584222021
0.012147921045461368
0.042957994164658446
0.06866688308578767
0.08490538315994184
0.010921060102235917
0.07365388626107465
0.006939011975486128
0.024270624518395695
0.023470419862601094
0.0012713960923999821
0.0781519333055957
0.0747633352009911
0.20837781749956089
0.11169515029588156
0.004027430617405479
0.01228430547446464
0.020084558734519965
0.050279238341876066
0.11850133747406567
0.019705989234962026
0.02877579703623326
0.04546665152961172
0.07414233313666448
0.033464355502514344
0.017762859984455592
0.08600600540839287
0.01621828306935202
0.020519140598924176
0.0023371819226422636
0.02985741900071156
0.028675875847071337
0.02146066901225601
0.006249355316659791
0.017213020986497823
0.01334940381068314
0.028718151820162623
0.011123756453538202
0.05386210258159739
0.033629799681407814
0.01529357131511619
0.04710742146610355
0.07048103807457798
0.03226351985293906
0.0014051763416758273
0.001709341502987381
0.03233007449360555
0.054392898034560024
0.006544753332903959
0.042195601107253046
0.03318962743278512
0.021174693755618212
7.3112400634373E-4
0.021208046387334766
0.030991344240073042
0.041442098696939454
0.024976434211175187
0.0016084674105225642
0.06466850598443623
0.0390952817659515
0.001149075171158115
0.005265309701061126
0.015345175418184491
0.014883391796266807
0.047003057441026896
0.02914146144435594
0.021750350115019308
0.05382397432857153
0.01869096383927714
3.7484520271525946E-4
0.0315445483586401
0.0013277619165747352
0.020183593529211473
0.04673129649676738
0.006261392222763117
0.04671625974299725
0.013117024529022329
0.06500751440904873
0.04264762750024405
0.022595836521644055
0.005971311852993655
0.026085116202124094
0.0190030911887602
0.02980484602436981
0.011224718809947944
0.004807099625649671
0.023263632143336658
0.0337121895808321
0.05685260327379547
0.0035885810718461453
0.02066029649900155
0.007705610091838438
0.015773498709712327
0.003907354725634029
0.03367722404910873
0.007892375761192663
0.029001191210594458
0.018571794816428847
0.022605265004125012
0.05036132663214523
0.021127165318014663
2.5757141283180583E-5
0.03886800044895749
0.030069266376852095
0.04005396389394267
0.09061094043955882
0.037128809218683397
0.012997447837490373
0.03287739146021171
0.027421939296803234
0.03280098471143613
0.01657972862505469
0.03972522286082997
0.001326576167812728
0.028931255626232
0.03691778472296534
0.008247480464724372
0.008303485311533453
0.011219385910895448
0.0194337985745875
0.039068964162594526
0.03066324518507425
0.005712212678687697
0.008031914021808188
0.0014661724441627187
0.02050145144864978
0.02594104324461427
0.0049217948512015625
0.056465850014981896
0.007849863323997846
0.004971878537948576
0.011002812378891504
0.021121412872742044
0.0037997321501144674
0.01781140113373048
0.05386565447657187
0.025929932417123804
0.010930104276987228
5.825390843279021E-4
5.029890779757326E-6
0.02615489844333955
0.009373193370619452
3.6190609768314077E-4
0.013477674561390249
0.023521429107841486
0.029603705899243146
0.0026539235909552902
0.02375064042268984
0.03509744549202241
0.028398966554081844
0.03951925651677954
0.010988820833760767
0.036456245139623235
0.034211516709193125
0.0012361959746956157
0.005147552759499461
0.03489776460922459
0.041016091147787016
0.004335861863144455
0.01816248650860709
0.028009443563038795
0.020884686629390345
0.006387591028202886
0.012742608263655005
0.001006167790183031
0.006549796110196793
0.02630667106813801
0.059583205138360545
0.023289708808018547
0.05476216202485747
0.020413215912302867
0.01804047633086313
0.0085644017843801
0.01802134045900081
0.012663907020982097
0.05326797203368407
0.004754387345888655
0.059074817850022915
0.019800689235291206
0.04028839643908872
0.018328132302224298
0.003968370084103091
0.014088088631784346
0.0026074198380289454
0.03849635370939333
0.034458748079603425
0.012741096950378436
0.002233298309959458
0.009672184463923098
0.04178193759731009
0.012276307139887414
0.0034742399520271677
0.038069765628569265
0.0049391237434619146
0.03312075118428492
0.03586849352452081
0.05964785983309015
0.058328800746777
0.0125025049735672
0.025617928899447615
0.020483947465996005
0.0042055909934947035
0.0023657486256930195
0.016692615648451516
0.0234864834028826
0.016699954447716138
0.0067057654866059645
0.010398983106971548
0.037026132732365255
0.003651817434777577
0.011137471774274545
0.001093695322218378
0.017971298287803264
0.04246763087891913
0.01739726020901716
0.0037868400010472084
0.044998438716076034
0.005240859238030029
0.011055713623219743
0.0214428651845558
0.0017496496192931264
0.01250866774702807
0.020229087608417087
0.009261654789805337
0.013327117700069398
0.021619179767024536
0.04662957264128244
0.006024381602251119
0.046727774832300145
0.01196869813568093
0.014584922679961018
0.028658222383308066
0.022078850946346238
0.03182029992484495
0.007819382627562639
0.03192779501542726
0.004135178947658211
0.021359728307547968
0.0042917866388231226
0.008931446186884795
0.015436329823117743
0.014848437290572974
0.022080741992698806
0.02961948185691529
0.0025251284010710624
0.010650437874249427
0.010771872823673518
0.016330851320408887
0.00494199973061359
0.015050554451295177
0.034430659404072424
0.013572045057821912
0.00458977229105864
0.01845255485759457
0.004452646141160241
0.014509926618529357
0.019081519515178353
0.01562597010851415
0.010217519895373894
0.018380715444958694
0.0055250454398577025
0.03888456582267381
0.03248596360348443
0.02269654733152732
0.0068360773792931475
0.016138271725181088
0.033435874362321996
0.0012203053087586615
0.005230007503457749
0.02899383400949924
9.216162705807479E-4
0.002217015379382305
0.010923956334532687
0.03782027803229368
0.008114025073818342
0.031118000246876
0.036416245840289005
0.01780598426140535
0.023799524485652968
0.010683400373829586
0.022369472229380842
0.020253434103047193
0.021174693755618212
0.020253434103047193
0.022369472229380842
0.010683400373829586
0.023799524485652968
0.01780598426140535
0.036416245840289005
0.031118000246876
0.008114025073818342
0.03782027803229368
0.010923956334532687
0.002217015379382305
9.216162705807479E-4
0.02899383400949924
0.005230007503457749
0.0012203053087586615
0.033435874362321996
0.016138271725181088
0.0068360773792931475
0.02269654733152732
0.03248596360348443
0.03888456582267381
0.0055250454398577025
0.018380715444958694
0.010217519895373894
0.01562597010851415
0.019081519515178353
0.014509926618529357
0.004452646141160241
0.01845255485759457
0.00458977229105864
0.013572045057821912
0.034430659404072424
0.015050554451295177
0.00494199973061359
0.016330851320408887
0.010771872823673518
0.010650437874249427
0.0025251284010710624
0.02961948185691529
0.022080741992698806
0.014848437290572974
0.015436329823117743
0.008931446186884795
0.0042917866388231226
0.021359728307547968
0.004135178947658211
0.03192779501542726
0.007819382627562639
0.03182029992484495
0.022078850946346238
0.028658222383308066
0.014584922679961018
0.01196869813568093
0.046727774832300145
0.006024381602251119
0.04662957264128244
0.021619179767024536
0.013327117700069398
0.009261654789805337
0.020229087608417087
0.01250866774702807
0.0017496496192931264
0.0214428651845558
0.011055713623219743
0.005240859238030029
0.044998438716076034
0.0037868400010472084
0.01739726020901716
0.04246763087891913
0.017971298287803264
0.001093695322218378
0.011137471774274545
0.003651817434777577
0.037026132732365255
0.010398983106971548
0.0067057654866059645
0.016699954447716138
0.0234864834028826
0.016692615648451516
0.0023657486256930195
0.0042055909934947035
0.020483947465996005
0.025617928899447615
0.0125025049735672
0.058328800746777
0.05964785983309015
0.03586849352452081
0.03312075118428492
0.0049391237434619146
0.038069765628569265
0.0034742399520271677
0.012276307139887414
0.04178193759731009
0.009672184463923098
0.002233298309959458
0.012741096950378436
0.034458748079603425
0.03849635370939333
0.0026074198380289454
0.014088088631784346
0.003968370084103091
0.018328132302224298
0.04028839643908872
0.019800689235291206
0.059074817850022915
0.004754387345888655
0.05326797203368407
0.012663907020982097
0.01802134045900081
0.0085644017843801
0.01804047633086313
0.020413215912302867
0.05476216202485747
0.023289708808018547
0.059583205138360545
0.02630667106813801
0.006549796110196793
0.001006167790183031
0.012742608263655005
0.006387591028202886
0.020884686629390345
0.028009443563038795
0.01816248650860709
0.004335861863144455
0.041016091147787016
0.03489776460922459
0.005147552759499461
0.0012361959746956157
0.034211516709193125
0.036456245139623235
0.010988820833760767
0.03951925651677954
0.028398966554081844
0.03509744549202241
0.02375064042268984
0.0026539235909552902
0.029603705899243146
0.023521429107841486
0.013477674561390249
3.6190609768314077E-4
0.009373193370619452
0.02615489844333955
5.029890779757326E-6
5.825390843279021E-4
0.010930104276987228
0.025929932417123804
0.05386565447657187
0.01781140113373048
0.0037997321501144674
0.021121412872742044
0.011002812378891504
0.004971878537948576
0.007849863323997846
0.056465850014981896
0.0049217948512015625
0.02594104324461427
0.02050145144864978
0.0014661724441627187
0.008031914021808188
0.005712212678687697
0.03066324518507425
0.039068964162594526
0.0194337985745875
0.011219385910895448
0.008303485311533453
0.008247480464724372
0.03691778472296534
0.028931255626232
0.001326576167812728
0.03972522286082997
0.01657972862505469
0.03280098471143613
0.027421939296803234
0.03287739146021171
0.012997447837490373
0.037128809218683397
0.09061094043955882
0.04005396389394267
0.030069266376852095
0.03886800044895749
2.5757141283180583E-5
0.021127165318014663
0.05036132663214523
0.022605265004125012
0.018571794816428847
0.029001191210594458
0.007892375761192663
0.03367722404910873
0.003907354725634029
0.015773498709712327
0.007705610091838438
0.02066029649900155
0.0035885810718461453
0.05685260327379547
0.0337121895808321
0.023263632143336658
0.004807099625649671
0.011224718809947944
0.02980484602436981
0.0190030911887602
0.026085116202124094
0.005971311852993655
0.022595836521644055
0.04264762750024405
0.06500751440904873
0.013117024529022329
0.04671625974299725
0.006261392222763117
0.04673129649676738
0.020183593529211473
0.0013277619165747352
0.0315445483586401
3.7484520271525946E-4
0.01869096383927714
0.05382397432857153
0.021750350115019308
0.02914146144435594
0.047003057441026896
0.014883391796266807
0.015345175418184491
0.005265309701061126
0.001149075171158115
0.0390952817659515
0.06466850598443623
0.0016084674105225642
0.024976434211175187
0.041442098696939454
0.030991344240073042
0.021208046387334766
7.3112400634373E-4
0.021174693755618212
0.03318962743278512
0.042195601107253046
0.006544753332903959
0.054392898034560024
0.03233007449360555
0.001709341502987381
0.0014051763416758273
0.03226351985293906
0.07048103807457798
0.04710742146610355
0.01529357131511619
0.033629799681407814
0.05386210258159739
0.011123756453538202
0.028718151820162623
0.01334940381068314
0.017213020986497823
0.006249355316659791
0.02146066901225601
0.028675875847071337
0.02985741900071156
0.0023371819226422636
0.020519140598924176
0.01621828306935202
0.08600600540839287
0.017762859984455592
0.033464355502514344
0.07414233313666448
0.04546665152961172
0.02877579703623326
0.019705989234962026
0.11850133747406567
0.050279238341876066
0.020084558734519965
0.01228430547446464
0.004027430617405479
0.11169515029588156
0.20837781749956089
0.0747633352009911
0.0781519333055957
0.0012713960923999821
0.023470419862601094
0.024270624518395695
0.006939011975486128
0.07365388626107465
0.010921060102235917
0.08490538315994184
0.06866688308578767
0.042957994164658446
0.012147921045461368
0.05431377584222021
0.048643169498326505
4.232405063518148E-4
0.03743488643521392
0.012930539569250374
0.00796823761507483
0.0991395080272932
0.036578107971826604
0.058833465960137984
0.013918520840878832
0.05178944155686077
0.046530103546738595
0.017121753369811102
0.09234099174073908
0.12146874192863667
0.06390824629389043
0.07674355142824796
0.004392947479131517
0.041311050978887875
0.040947674588743155
0.034859591557530274
0.03872282265623749
0.005344653962423196
0.01567126125189848
0.04679554749913609
0.05522025593252485
0.021174693755618212
0.02310707131334428
0.005708540901008986
0.009335067440322432
0.05373098728758544
0.039561536418666964
0.004138177641028276
0.05730691387729916
0.02419016829322622
0.03144264955149027
0.008772680118383726
0.011017486053410717
0.0027125697663048813
0.10089318879773033
0.01764738675237867
0.01649626923286293
0.026802108158259678
0.05567781714306116
0.0565030928692936
0.04163853011279526
0.0016420061114047063
7.550735023207966E-4
0.026715488654255385
0.014593441153911577
0.006254275726917472
0.06456282689013182
0.02867141185594509
0.033538608721812205
0.018877581793737604
0.02348694734895792
0.021494797720603528
0.02447150964874686
0.036605096174860054
0.009795582657943978
0.030738721437069787
0.04772885707350457
0.09367330835036154
0.037206575327683775
0.02316375653180504
0.03136147613467659
0.011527052179571898
0.005123628646086886
0.05329734474483946
0.09444941223517068
0.036521189130705886
0.05692007519013392
0.008156020444408121
0.02058920833061477
0.034701753924834565
0.0190305011455197
0.07414927541652261
0.01293376406859096
0.029709048281505272
0.013028917587586319
0.001199413503225768
0.024381195465318636
0.004948735133321473
0.019096658435188967
0.04017544204198631
0.008336295908396804
0.022925427254993306
0.07492092355572494
0.017899380861552072
0.08610225437634428
0.044105684914428865
0.11400075002896996
0.033691301933288315
0.030301058932841813
0.008367872269336614
0.04364078835654009
0.025163009584251612
0.012524681211740678
0.2134734267715244
0.013034414213590837
0.0975137482807802
0.00408691779044681
0.07925598837407515
0.004474739307902073
0.05557159863452159
0.1601667178480463
0.3184310303589124
0.12788744376257477
0.005088901485091114
0.02432748727312885
0.06796751117846328
0.02957967801388627
0.0018507125982026391
0.038733626158509116
0.0443078989269264
0.03965307882549403
0.04586684961730155
0.01963957103952046
0.08790725318815454
0.029082535136399856
0.07205791087028784
0.04251314951418211
0.043901889681698364
0.0259230666802595
0.025644397547149766
0.16483731316006173
0.017527809736374154
0.10789343148683903
0.006354403307684695
0.0554022862876138
0.019677563199737895
0.058143516307993186
0.053444878050809524
0.09268898138033563
1.0
0.004679349199440599
0.06306329554134216
0.021891123653830204
8.243371478520411E-4
0.0363313182750152
0.002824061897073604
0.061095028652601316
0.019548670673871806
0.03927215361433037
0.0829502471059855
0.04498136604243235
0.07336461585285907
0.0393098968269184
0.050149277430614383
0.05826877427608506
0.09435247072471899
0.019291180217679043
0.09593006243330827
0.1780818576890684
0.09544856787136859
0.001987558396267149
0.036904275308480214
0.08533457609876728
0.0599699123524276
0.028957350937755002
0.1613670094920008
0.5480488903552382
0.29813471191205615
0.08258881040774654
0.2650503780162856
0.02114683077981044
0.02289361163550631
0.10169764241320021
0.07749625620087607
0.027325559667183984
0.0012788382661818713
0.13399967228148163
0.040071508728110015
0.006530135488048368
0.08323865823093518
0.12572955234477648
0.02895839724765889
5.0190243953873174E-5
0.011224585753616493
0.027013366591644643
