0.18599568751852327
0.15838060521849542
0.07946852653340102
0.039495465148702696
0.1815387736300395
0.3263504729529889
0.4531362131765817
0.5435347515339014
0.584184983868244
0.5685840649716676
0.4979798621047704
0.3811794475350219
0.23330939803708908
0.07371105433239605
0.07672647265187331
0.19841768418704647
0.27571821343477604
0.2989866099903396
0.26579549460499696
0.18114139139376195
0.05664546811584706
0.09112177310345825
0.24294018561963945
0.3795323378788483
0.48408579012210223
0.5443635494464012
0.5541294756453773
0.5137201220897616
0.4297192231896076
0.3138172296212424
0.18104782085288715
0.04767114455737739
0.07099022128391573
0.1624653362371339
0.2185522083664881
0.23607449903028058
0.21691561287039565
0.16737319463252673
0.09696985425613865
0.016923670114376593
0.06148378628861034
0.12840653383681547
0.17660136005655655
0.20212690699419916
0.20451673033159343
0.18644937897326924
0.15300993481699482
0.1106891860047121
0.06629228008596795
0.025926352997659673
0.005791237849764184
0.026209531188075945
0.034768324247976705
0.032791124733366483
0.02301680744265866
0.008973574095019074
0.005687499122683138
0.01778862808555924
0.02506446807303177
0.026393306297789222
0.021809911138816248
0.012327630932370262
3.73532328989038E-4
0.014320105615428222
0.027605461439825424
0.03867534251855735
0.04649892187963097
0.050612972228843665
0.051053346233822836
0.048208886473834214
0.0426444374821511
0.034940221051398455
0.025585113073221696
0.014944006579405308
0.0032985676197063983
0.009059035132423034
0.021714114137889786
0.03403957331306588
0.045164479771388766
0.054024348287905664
0.05949700027086162
0.06060623163401869
0.056756296158715136
0.04794767247763483
0.03492181388195771
0.01919080793034635
0.002926170574468137
0.011293609973119042
0.020849212702395897
0.0235075084031137
0.01783922140106047
0.003551190752819374
0.01833501634712115
0.04550549799219224
0.07459369679136571
0.10161728381849235
0.12255664992227104
0.13399103001664403
0.13369240712203798
0.12107740213866508
0.09743419379875717
0.06587312466405885
0.03099141763779131
0.0017121746786936387
0.026595329839563118
0.03869442004289001
0.03448817951400917
0.012484451757020362
0.02646472218701836
0.07917514296086145
0.14047612015389205
0.20384531979780518
0.2622436084296104
0.30902949758378195
0.33882029710424083
0.34817548296447687
0.33600582606722584
0.3036550025213561
0.25465165949406066
0.1941808054442577
0.1283655163396415
0.0634763388373262
0.005192116401179908
0.04197863215325678
0.07503948401524008
0.09257992130325506
0.09459952933744414
0.08214579126615563
0.05686077964267012
0.020545412016374994
0.025158097552263167
0.07889322393608748
0.13949676563889224
0.2057093402100355
0.2757598068178259
0.34693180930228223
0.41523814208215404
0.47532182296983755
0.520671075766924
0.5441828325118775
0.5390438484768799
0.4998309412759832
0.4236742328851454
0.31129076066080474
0.1676887989344553
0.002369672554860381
0.17108760874884094
0.33608970694345663
0.47467339679129705
0.5695671359805364
0.6064248705565926
0.5759362939397614
0.4755070824683197
0.31023667062585086
0.09299784375926168
0.15646686718524727
0.41338659872224437
0.6505638667839027
0.8414443556129443
0.9632826775534237
1.0
0.944351916076019
0.7991008266066638
0.577007594712371
0.29960685193743375
0.0051109877811623275
0.3058420516247562
0.5715540805774684
0.7750694427016442
0.8961968890802199
0.9240185421705737
0.8580471825596919
0.7081157061631751
0.49302558841116556
0.23814168441622297
0.02774524390223472
0.2758774040448787
0.48086625991912435
0.6234892243118838
0.6926121214356432
0.6860280983966921
0.610153658740137
0.47867578404814237
0.31037932761923126
0.12648271775321568
0.05214013784797267
0.2074782860330398
0.32632511016389093
0.40142299933464737
0.4317153831850213
0.4217410994683823
0.3803249016567786
0.31880801071173076
0.24911216571655886
0.18193430594201687
0.12532853654127474
0.08385563265443523
0.05838130614371945
0.04649892187963097
0.04345671618893023
0.043398016441326834
0.0406853469469099
0.03107982360222841
0.012583984490264913
0.014178290029775045
0.0460884963705055
0.07812471750506489
0.10429983744740008
0.11877605332993524
0.11696148808948183
0.09640354505900064
0.057332167387072634
0.0027670975278970594
0.06182399818919188
0.12925713614035705
0.19163322540985467
0.24144911131489522
0.27264567616080077
0.2814349403208755
0.26678717079535363
0.23051527332504826
0.17695761142406669
0.1123214305827834
0.04379772743225581
0.021412454716221566
0.07701439583436896
0.11834990503545337
0.14284870544366116
0.15015679820837555
0.14194988534771302
0.12148738828960377
0.09299784375926164
0.06100452425298695
0.02969918614534737
0.0024533544115684894
0.018475150410212724
0.032021312497191964
0.03819681953571312
0.03782928718022423
0.03222669226170378
0.02284163598282959
0.011000353726134535
0.002259944182648446
0.01622994168735282
0.030456866325074144
0.0446006073559796
0.058269545269818354
0.07089067900057204
0.08165859451350145
0.08958767683368427
0.09366601349872407
0.0930831206001901
0.08748250484801876
0.07717875683609488
0.06328009233097961
0.04767134267670403
0.03283713526028834
0.02153602222152356
0.016367830569952897
0.01930238499434292
0.031252644034478486
0.05177564601826451
0.07896946864178926
0.10960546638171893
0.13949676563889254
0.16406268442206529
0.1790115782130359
0.18103839393831228
0.16842314327478744
0.14142521852474765
0.10239547259070482
0.05556960695148216
0.006556339570631245
0.03841593408637004
0.07338808648338661
0.09356211509963737
0.096056854842335
0.08040438193605384
0.04870029014479374
0.0053725842877630865
0.04340717411954155
0.09058994003605228
0.12926629807002826
0.15368168442341276
0.16009369429778753
0.1473370482321389
0.11700512343513872
0.07321549288425763
0.021991543447103183
0.029647289482210123
0.07474757471591548
0.10747212139726123
0.12397510434648656
0.12296556209444719
0.10587145204241293
0.07657943879128706
0.04079285325731699
0.005110987781162266
0.024022750316109568
0.04133557438722804
0.043541059314276626
0.029826555278718133
0.001936489210675769
0.0361583367708339
0.07894781812272494
0.12031026029920468
0.1545258933828464
0.17720774681892645
0.18599568751852327
0.18089928937570793
0.1642342055801801
0.14016515849897992
0.11393520240156856
0.09091442494771704
0.07563266750907316
0.07096468004320537
0.07761143560850772
0.09397191105376371
0.11643346898717341
0.1400369370699023
0.1594066055975283
0.1697868538288654
0.16800447055340026
0.1531833048486161
0.1270750774988502
0.09393147945119021
0.05991844696857703
0.032151496192118226
0.017498340739487566
0.021340276612249243
0.04649892187963093
0.09251650287653242
0.1554280180283445
0.2280894743052568
0.30103926710982803
0.36378331096908945
0.40632259007379545
0.4206962478532364
0.40230210336611183
0.3507822306761951
0.27032084149480046
0.16928665622692737
0.059249582544960135
0.046503019454810245
0.13474669706842385
0.19414392026860042
0.21684694835021015
0.1996426163158572
0.14446596688266178
0.058200212314716865
0.048215686041570414
0.16124906217549034
0.26659863147929636
0.35112255000684617
0.4045943420395216
0.42103728472153445
0.3994503596243517
0.34382874807376296
0.26248546383637356
0.16678246816489176
0.06946426293119547
0.017158019414592305
0.08290653723362124
0.12107740213866529
0.12923682397094588
0.10937199312842215
0.06739378624482663
0.012084525935613138
0.04633601113471183
0.09780112613627047
0.1339022564252656
0.14908669414183143
0.14137922771000488
0.11253613639249145
0.06762874269156918
0.014140192607032986
0.0392699159072382
0.08413345489854644
0.11346176378282322
0.1227614505936001
0.11063478865079086
0.07889081934687206
0.032171333873471354
0.022829808750535776
0.0784165760545314
0.1270374170723275
0.16234980572464724
0.18004582110838405
0.17832767781390377
0.1579832747204257
0.12207783811379132
0.0753376583055152
0.023346229477731344
0.02830479566491785
0.07477019369890095
0.11249770283517486
0.13949676563889254
0.15531314197477142
0.16074633889717996
0.15739067451234015
0.1471078514833377
0.1315449112143343
0.11179593386659727
0.08827222343778608
0.06080052036641444
0.028920544410454843
0.007689124239390865
0.04875630534840581
0.09304042500675017
0.13813472475352906
0.18051158706173998
0.21583229882325589
0.23949183130639665
0.24732160554860544
0.2363374323876676
0.20540265399462757
0.15568164432642898
0.09078613142378925
0.016562333783071384
0.05947651558668827
0.12900927645284668
0.18394417904733734
0.21748690528383566
0.2250808474783103
0.2050747513292813
0.15901023172297846
0.09147686374298107
0.009547164078923224
0.07813239439982886
0.1624653362371338
0.23508174798919113
0.2893966980536419
0.3213978063959938
0.3300510088357332
0.3172724474753446
0.28748111631725703
0.24681081214844444
0.20211094985471104
0.15989585547260154
0.12540660062075704
0.10192778250862379
0.09045759473680362
0.0897703878098345
0.09684639795920695
0.10758395220846859
0.11766485124893664
0.123420928876463
0.12255249456176734
0.11457680102292188
0.10093209898627108
0.08472224207814527
0.07014825019568492
0.061726507438182296
0.06342953896209931
0.07789861028380962
0.10586558236314798
0.1458865683305185
0.19443783033844925
0.24636373195060562
0.29560752649362315
0.33610814175035214
0.3627178379725262
0.37199137503704655
0.3627178379725262
0.33610814175035214
0.29560752649362315
0.24636373195060562
0.19443783033844925
0.1458865683305185
0.10586558236314798
0.07789861028380962
0.06342953896209931
0.061726507438182296
0.07014825019568492
0.08472224207814527
0.10093209898627108
0.11457680102292188
0.12255249456176734
0.123420928876463
0.11766485124893664
0.10758395220846859
0.09684639795920695
0.0897703878098345
0.09045759473680362
0.10192778250862379
0.12540660062075704
0.15989585547260154
0.20211094985471104
0.24681081214844444
0.28748111631725703
0.3172724474753446
0.3300510088357332
0.3213978063959938
0.2893966980536419
0.23508174798919113
0.1624653362371338
0.07813239439982886
0.009547164078923224
0.09147686374298107
0.15901023172297846
0.2050747513292813
0.2250808474783103
0.21748690528383566
0.18394417904733734
0.12900927645284668
0.05947651558668827
0.016562333783071384
0.09078613142378925
0.15568164432642898
0.20540265399462757
0.2363374323876676
0.24732160554860544
0.23949183130639665
0.21583229882325589
0.18051158706173998
0.13813472475352906
0.09304042500675017
0.04875630534840581
0.007689124239390865
0.028920544410454843
0.06080052036641444
0.08827222343778608
0.11179593386659727
0.1315449112143343
0.1471078514833377
0.15739067451234015
0.16074633889717996
0.15531314197477142
0.13949676563889254
0.11249770283517486
0.07477019369890095
0.02830479566491785
0.023346229477731344
0.0753376583055152
0.12207783811379132
0.1579832747204257
0.17832767781390377
0.18004582110838405
0.16234980572464724
0.1270374170723275
0.0784165760545314
0.022829808750535776
0.032171333873471354
0.07889081934687206
0.11063478865079086
0.1227614505936001
0.11346176378282322
0.08413345489854644
0.0392699159072382
0.014140192607032986
0.06762874269156918
0.11253613639249145
0.14137922771000488
0.14908669414183143
0.1339022564252656
0.09780112613627047
0.04633601113471183
0.012084525935613138
0.06739378624482663
0.10937199312842215
0.12923682397094588
0.12107740213866529
0.08290653723362124
0.017158019414592305
0.06946426293119547
0.16678246816489176
0.26248546383637356
0.34382874807376296
0.3994503596243517
0.42103728472153445
0.4045943420395216
0.35112255000684617
0.26659863147929636
0.16124906217549034
0.048215686041570414
0.058200212314716865
0.14446596688266178
0.1996426163158572
0.21684694835021015
0.19414392026860042
0.13474669706842385
0.046503019454810245
0.059249582544960135
0.16928665622692737
0.27032084149480046
0.3507822306761951
0.40230210336611183
0.4206962478532364
0.40632259007379545
0.36378331096908945
0.30103926710982803
0.2280894743052568
0.1554280180283445
0.09251650287653242
0.04649892187963093
0.021340276612249243
0.017498340739487566
0.032151496192118226
0.05991844696857703
0.09393147945119021
0.1270750774988502
0.1531833048486161
0.16800447055340026
0.1697868538288654
0.1594066055975283
0.1400369370699023
0.11643346898717341
0.09397191105376371
0.07761143560850772
0.07096468004320537
0.07563266750907316
0.09091442494771704
0.11393520240156856
0.14016515849897992
0.1642342055801801
0.18089928937570793
0.18599568751852327
0.17720774681892645
0.1545258933828464
0.12031026029920468
0.07894781812272494
0.0361583367708339
0.001936489210675769
0.029826555278718133
0.043541059314276626
0.04133557438722804
0.024022750316109568
0.005110987781162266
0.04079285325731699
0.07657943879128706
0.10587145204241293
0.12296556209444719
0.12397510434648656
0.10747212139726123
0.07474757471591548
0.029647289482210123
0.021991543447103183
0.07321549288425763
0.11700512343513872
0.1473370482321389
0.16009369429778753
0.15368168442341276
0.12926629807002826
0.09058994003605228
0.04340717411954155
0.0053725842877630865
0.04870029014479374
0.08040438193605384
0.096056854842335
0.09356211509963737
0.07338808648338661
0.03841593408637004
0.006556339570631245
0.05556960695148216
0.10239547259070482
0.14142521852474765
0.16842314327478744
0.18103839393831228
0.1790115782130359
0.16406268442206529
0.13949676563889254
0.10960546638171893
0.07896946864178926
0.05177564601826451
0.031252644034478486
0.01930238499434292
0.016367830569952897
0.02153602222152356
0.03283713526028834
0.04767134267670403
0.06328009233097961
0.07717875683609488
0.08748250484801876
0.0930831206001901
0.09366601349872407
0.08958767683368427
0.08165859451350145
0.07089067900057204
0.058269545269818354
0.0446006073559796
0.030456866325074144
0.01622994168735282
0.002259944182648446
0.011000353726134535
0.02284163598282959
0.03222669226170378
0.03782928718022423
0.03819681953571312
0.032021312497191964
0.018475150410212724
0.0024533544115684894
0.02969918614534737
0.06100452425298695
0.09299784375926164
0.12148738828960377
0.14194988534771302
0.15015679820837555
0.14284870544366116
0.11834990503545337
0.07701439583436896
0.021412454716221566
0.04379772743225581
0.1123214305827834
0.17695761142406669
0.23051527332504826
0.26678717079535363
0.2814349403208755
0.27264567616080077
0.24144911131489522
0.19163322540985467
0.12925713614035705
0.06182399818919188
0.0027670975278970594
0.057332167387072634
0.09640354505900064
0.11696148808948183
0.11877605332993524
0.10429983744740008
0.07812471750506489
0.0460884963705055
0.014178290029775045
0.012583984490264913
0.03107982360222841
0.0406853469469099
0.043398016441326834
0.04345671618893023
0.04649892187963097
0.05838130614371945
0.08385563265443523
0.12532853654127474
0.18193430594201687
0.24911216571655886
0.31880801071173076
0.3803249016567786
0.4217410994683823
0.4317153831850213
0.40142299933464737
0.32632511016389093
0.2074782860330398
0.05214013784797267
0.12648271775321568
0.31037932761923126
0.47867578404814237
0.610153658740137
0.6860280983966921
0.6926121214356432
0.6234892243118838
0.48086625991912435
0.2758774040448787
0.02774524390223472
0.23814168441622297
0.49302558841116556
0.7081157061631751
0.8580471825596919
0.9240185421705737
0.8961968890802199
0.7750694427016442
0.5715540805774684
0.3058420516247562
0.0051109877811623275
0.29960685193743375
0.577007594712371
0.7991008266066638
0.944351916076019
1.0
0.9632826775534237
0.8414443556129443
0.6505638667839027
0.41338659872224437
0.15646686718524727
0.09299784375926168
0.31023667062585086
0.4755070824683197
0.5759362939397614
0.6064248705565926
0.5695671359805364
0.47467339679129705
0.33608970694345663
0.17108760874884094
0.002369672554860381
0.1676887989344553
0.31129076066080474
0.4236742328851454
0.4998309412759832
0.5390438484768799
0.5441828325118775
0.520671075766924
0.47532182296983755
0.41523814208215404
0.34693180930228223
0.2757598068178259
0.2057093402100355
0.13949676563889224
0.07889322393608748
0.025158097552263167
0.020545412016374994
0.05686077964267012
0.08214579126615563
0.09459952933744414
0.09257992130325506
0.07503948401524008
0.04197863215325678
0.005192116401179908
0.0634763388373262
0.1283655163396415
0.1941808054442577
0.25465165949406066
0.3036550025213561
0.33600582606722584
0.34817548296447687
0.33882029710424083
0.30902949758378195
0.2622436084296104
0.20384531979780518
0.14047612015389205
0.07917514296086145
0.02646472218701836
0.012484451757020362
0.03448817951400917
0.03869442004289001
0.026595329839563118
0.0017121746786936387
0.03099141763779131
0.06587312466405885
0.09743419379875717
0.12107740213866508
0.13369240712203798
0.13399103001664403
0.12255664992227104
0.10161728381849235
0.07459369679136571
0.04550549799219224
0.01833501634712115
0.003551190752819374
0.01783922140106047
0.0235075084031137
0.020849212702395897
0.011293609973119042
0.002926170574468137
0.01919080793034635
0.03492181388195771
0.04794767247763483
0.056756296158715136
0.06060623163401869
0.05949700027086162
0.054024348287905664
0.045164479771388766
0.03403957331306588
0.021714114137889786
0.009059035132423034
0.0032985676197063983
0.014944006579405308
0.025585113073221696
0.034940221051398455
0.0426444374821511
0.048208886473834214
0.051053346233822836
0.050612972228843665
0.04649892187963097
0.03867534251855735
0.027605461439825424
0.014320105615428222
3.73532328989038E-4
0.012327630932370262
0.021809911138816248
0.026393306297789222
0.02506446807303177
0.01778862808555924
0.005687499122683138
0.008973574095019074
0.02301680744265866
0.032791124733366483
0.034768324247976705
0.026209531188075945
0.005791237849764184
0.025926352997659673
0.06629228008596795
0.1106891860047121
0.15300993481699482
0.18644937897326924
0.20451673033159343
0.20212690699419916
0.17660136005655655
0.12840653383681547
0.06148378628861034
0.016923670114376593
0.09696985425613865
0.16737319463252673
0.21691561287039565
0.23607449903028058
0.2185522083664881
0.1624653362371339
0.07099022128391573
0.04767114455737739
0.18104782085288715
0.3138172296212424
0.4297192231896076
0.5137201220897616
0.5541294756453773
0.5443635494464012
0.48408579012210223
0.3795323378788483
0.24294018561963945
0.09112177310345825
0.05664546811584706
0.18114139139376195
0.26579549460499696
0.2989866099903396
0.27571821343477604
0.19841768418704647
0.07672647265187331
0.07371105433239605
0.23330939803708908
0.3811794475350219
0.4979798621047704
0.5685840649716676
0.584184983868244
0.5435347515339014
0.4531362131765817
0.3263504729529889
0.1815387736300395
0.039495465148702696
0.07946852653340102
0.15838060521849542
