-0.020369760316356917
0.03638189196762358
0.036612034000513625
0.14076194372958484
0.038419728707180606
0.1004201622032895
0.11780361717694735
0.01345809230559139
0.049938758970607795
0.2879783478438812
0.07148741538931583
0.16771357133280115
0.05837016119409477
0.007801423910770922
0.059296179001974356
0.004001800285069626
0.006563304643304249
0.09051606152641664
0.02085934871602451
0.04230472427695596
0.007747241125342865
0.030084269143281432
0.004397273933498291
0.03990529475565199
0.05692492197680792
0.026234641270314135
0.015899424118683322
0.0033050373960765325
0.1229597254299307
0.11397816315992564
0.015533298422706867
0.0685307351086172
0.014782714571878507
0.04227919517643551
0.1327783170124105
0.0326108960356221
0.0714555497831255
0.06395484054297865
0.008103953521581919
0.0016782661806242184
0.08936913846981061
0.09503177987745967
0.035461679390230746
0.014714631352783156
0.03386919906365749
0.058006488745986566
0.10701075364510619
0.04473159861775898
0.009094991890354329
0.2120107750845008
0.00275879011587788
0.1473654680461942
0.06122564802410338
0.0078020146932054075
0.09211182462365365
0.04067245041043606
0.11110980309682753
0.022402799049560926
0.04860072075279468
0.029840471665650948
0.05928383674862417
0.03193346114816313
0.055589381775107104
0.039644533312248084
0.04042822610908755
0.022390868346106874
0.11047884467957587
0.02121676673318085
0.07476798847782676
0.04160898360575778
0.10738330551613609
0.13560369245534745
0.07266253893272245
0.017900386653722483
0.12065000224580869
0.08958013376802308
0.044645374804524456
0.03255242939253879
0.042184739470068004
0.02002675503041764
0.00927209149616992
0.038493758176144116
0.058217520200541245
0.040897553784536765
0.03276938967408004
0.0886856463205203
0.04757016045917682
0.03341908022477535
0.08801591724921382
0.05480854032541575
0.0070875578891575345
0.16792898848884358
0.08723033326621916
0.043735085653932214
0.011344667981576918
0.009819417075900201
0.0021389818361858114
0.02951131509491881
0.03696899298191498
0.01813551314638523
0.10844559220977662
0.04074299707284451
0.10075254535153841
0.07183747517896036
0.030149447954472202
0.04768244519961239
0.08128020687592355
0.12282875030954948
0.021775538046877114
0.1272158343776266
0.1804408413223803
0.05654340899357812
0.009417811394407694
0.004036829212500779
0.013868237904059002
0.055832676240866345
0.09244848752385143
0.020959517911243813
0.06804466240382899
0.0589891136173298
0.03490127249744725
0.07267091464062089
0.03344034989732129
0.10312833008102963
0.11925360305050517
0.028069503952740087
0.07135014956142299
0.012088846752934819
0.009161149916782116
0.0332785646399699
0.08312576116872103
0.05897300742432139
0.11037641370133541
0.006524538781651149
0.04027944168728163
0.04127245151250816
0.18484101571546183
0.04053963855900219
0.14616007650146523
0.08281245848768767
0.03088484709874044
0.0960573035710795
0.010163441315715846
0.2701448156064127
0.48565318022741594
0.09514797779242379
0.2971600224903998
0.33835086593587926
0.08558588632815026
0.20484408381784988
0.11356109030456515
0.4122950139806679
0.2558402256881707
0.19022327658457389
0.1731429626890338
0.406303638310637
0.013732307459925958
0.6973351372774483
0.6454937459816421
0.3654195204040576
1.0
0.2082886542762131
0.05550741431649502
0.8743130526344625
0.5462234816104077
0.6237205121901556
0.13198262464366564
0.5199872990674305
0.06013101922940188
0.08317624188041516
0.1878994057696813
0.48855821776094505
0.17721919012483248
0.15738481982808028
0.004462264071149435
0.07930415346125609
0.05309355081464589
0.5917161676281565
0.08624592259156287
0.16389207485127877
0.31909753672118807
0.1497560348678411
0.20219112513523388
0.01810731023197546
0.014218965038195489
0.30072913740102425
0.5041746551324094
0.031400500700238344
0.15600449741320846
0.32797539230559175
0.45150508243443455
0.05182702880300538
0.2647733070244341
0.27617197691547574
0.18495839506455455
0.3142193228213754
0.28056223908356126
0.14053854422992984
0.5207419751711729
0.2107390782107232
0.3048252749804234
0.07525459929496876
0.13455351483306136
0.06654482762792678
0.17985298785623224
0.16846881586405812
0.13433412026011243
0.19134552156734227
0.13211717929439826
0.1115906992489642
0.21650776945478112
0.18198107293206872
0.0672037618576685
0.03552001624985307
0.0897119908886769
0.064578958556407
0.01083193159966283
0.19719288305722085
0.20394864624090353
0.3035931719489089
0.03519732553030754
0.19155171291277273
0.414742805398128
0.045306347390303425
0.13050476495642369
0.03846066957702372
0.12013323228300911
0.06720114723203735
0.2533727764176373
0.04423208545732336
0.11610498037924867
0.11203368173996305
0.0787181640317651
0.0936066450685357
0.01299479564958929
0.08976582792605346
0.025915081384111294
0.0258204712479815
0.053297152287571065
0.046833283478520775
0.03732950320494769
0.12418736386778077
0.09525210946796109
0.06410158761051857
0.02161886127184722
0.012599929133757019
0.06402079192184451
0.0437405824999157
0.10004970987365557
0.09250075436727455
0.10576947811575206
0.11753132810036959
0.07672752478651639
0.07456999895836082
0.06348153895345907
0.08911736804296082
0.04729151022169467
0.026116026182657674
0.03265192482726004
0.012444467103448065
0.05149720550979675
0.0641103534054935
0.025643939787077605
5.573800317967674E-4
0.012014536710853445
0.012149936888088268
0.009934392218947385
0.04956665337659279
0.027304234244621903
0.031241554507229593
0.1084942858126271
0.009054962704383274
0.015507777276239823
0.006521536345342768
0.017406722902510285
0.011321060067459001
0.08606176852768424
0.08622158408016871
0.03701954589482393
0.0011965845506609373
0.0030444983850603227
0.013932432849035302
0.09890196506381699
0.049806173241007855
0.10269044580286271
0.045740702293663546
0.035129726082549204
0.01036051095496162
0.011478102716330353
0.008124379214579527
0.013621582190856723
0.00544873559251417
0.06243723639198693
0.019248005034687835
0.06404026504952239
0.0738024776188821
0.06390893782739948
0.09679399405076118
0.015286935944259348
0.050757254277661576
0.05428889162736693
0.01248610111456689
0.051275704977530416
0.0472431415409877
0.023596384131530822
2.7225803330152977E-4
0.03705260640600142
0.0019523257688679125
0.010184880158178459
0.010884032708918332
0.006069931034725399
0.0039348768197514485
0.05393694350073681
0.004069613443612911
0.01988858429196168
0.028334092934624962
0.020477463575921524
0.020999402380779193
0.01662902164493707
0.009519120573280509
0.039907331605413376
0.05727820788713613
0.06023216355453278
0.0025138841351103228
0.062100103983913586
0.11604162887152018
0.009154055695030782
0.0522170071244825
0.06769639219809248
0.0890217226178861
0.07105241115093339
0.020729874549194015
0.08398431444250495
0.06854250726966846
0.007292309192502689
0.1289590454904785
0.048963519881327015
0.03353804668560583
0.059973337786021826
0.08647550768913133
0.033524291155282895
0.05307036823206371
0.043005160636912815
0.018243292756987682
0.035052730132014334
0.059809711205727284
0.03963899791891078
0.011808413803598216
0.040056428599741824
0.05350229981036609
0.06352269299717431
7.12982752617416E-4
0.09144221640404951
0.08816727865314807
0.03534582979862632
0.0981041631195231
0.0409155737314535
0.038185939723623157
0.0980449112017954
0.04398950666256534
0.03446617459051976
0.060620306586374316
0.1167304910566047
0.008699032790949208
0.037893387722632066
0.013035575816572205
0.03517261173592308
0.04765761239301888
0.03837048731250499
0.05526830651989069
0.10160194272380177
0.044910318884923014
0.1021965389156727
0.05176209801861162
0.09540554968055774
0.04539190343492281
0.10153647217969439
0.012556743801402028
0.03582336581182271
0.10539920334135962
0.06471852911123817
0.028904933015406895
0.01891170023596659
0.0053680446195266485
0.02561136080918051
0.07329195002525263
0.07671515276057898
0.03301359760801673
0.009907229928558522
0.03972291333800448
0.050731397913715004
0.025309520183908654
0.09151508366013243
0.004811134810166038
0.022586000180600762
0.09172689780186319
0.10167641306773714
0.029157818684387223
0.05449740975647111
0.09348988981404315
0.13129168929396132
0.08375438520871013
0.05101797406998998
0.11445932443373914
3.9047287829115855E-4
0.030015143272945098
0.005398610693305576
0.0541329404748258
0.007099496912460766
0.09905696623564553
0.02174397473834339
0.02596786826264745
0.0413930825364167
0.023416725234321863
0.01988490882358274
0.10966605391648927
0.1364672589906547
0.031355575739676254
0.0436021506956271
0.04567593594997088
0.022605755606183053
0.013249288171682541
0.05728030804848528
0.03202291445185474
0.08288665051201922
0.021967248113373996
0.11463778968672585
0.12462214277919893
0.04818268000782821
0.004867670079364852
0.02999550833599803
0.04355779750375966
0.052247061365512486
0.014142405979550245
0.1359482902511044
0.08933183563000333
0.10039506272695065
0.002024245006708197
0.10085641104184097
0.05946896656487954
0.03815424503498171
0.06371113614319823
0.08958152394778317
0.02457155540717653
0.019638205673507523
0.015334825435419247
0.0872439236575204
0.058201019199914106
0.07855869370317385
0.10503250990434355
0.17218949772245568
0.026535189199409056
0.07758124318009184
0.031374962029068997
0.0166433858038259
0.13076543062558466
0.004964199231273569
0.0022175925381692214
0.0013205059778868967
0.07162746518877204
0.01680674587155424
0.13475625027246727
0.16295808253085534
0.13475625027246727
0.01680674587155424
0.07162746518877204
0.0013205059778868967
0.0022175925381692214
0.004964199231273569
0.13076543062558466
0.0166433858038259
0.031374962029068997
0.07758124318009184
0.026535189199409056
0.17218949772245568
0.10503250990434355
0.07855869370317385
0.058201019199914106
0.0872439236575204
0.015334825435419247
0.019638205673507523
0.02457155540717653
0.08958152394778317
0.06371113614319823
0.03815424503498171
0.05946896656487954
0.10085641104184097
0.002024245006708197
0.10039506272695065
0.08933183563000333
0.1359482902511044
0.014142405979550245
0.052247061365512486
0.04355779750375966
0.02999550833599803
0.004867670079364852
0.04818268000782821
0.12462214277919893
0.11463778968672585
0.021967248113373996
0.08288665051201922
0.03202291445185474
0.05728030804848528
0.013249288171682541
0.022605755606183053
0.04567593594997088
0.0436021506956271
0.031355575739676254
0.1364672589906547
0.10966605391648927
0.01988490882358274
0.023416725234321863
0.0413930825364167
0.02596786826264745
0.02174397473834339
0.09905696623564553
0.007099496912460766
0.0541329404748258
0.005398610693305576
0.030015143272945098
3.9047287829115855E-4
0.11445932443373914
0.05101797406998998
0.08375438520871013
0.13129168929396132
0.09348988981404315
0.05449740975647111
0.029157818684387223
0.10167641306773714
0.09172689780186319
0.022586000180600762
0.004811134810166038
0.09151508366013243
0.025309520183908654
0.050731397913715004
0.03972291333800448
0.009907229928558522
0.03301359760801673
0.07671515276057898
0.07329195002525263
0.02561136080918051
0.0053680446195266485
0.01891170023596659
0.028904933015406895
0.06471852911123817
0.10539920334135962
0.03582336581182271
0.012556743801402028
0.10153647217969439
0.04539190343492281
0.09540554968055774
0.05176209801861162
0.1021965389156727
0.044910318884923014
0.10160194272380177
0.05526830651989069
0.03837048731250499
0.04765761239301888
0.03517261173592308
0.013035575816572205
0.037893387722632066
0.008699032790949208
0.1167304910566047
0.060620306586374316
0.03446617459051976
0.04398950666256534
0.0980449112017954
0.038185939723623157
0.0409155737314535
0.0981041631195231
0.03534582979862632
0.08816727865314807
0.09144221640404951
7.12982752617416E-4
0.06352269299717431
0.05350229981036609
0.040056428599741824
0.011808413803598216
0.03963899791891078
0.059809711205727284
0.035052730132014334
0.018243292756987682
0.043005160636912815
0.05307036823206371
0.033524291155282895
0.08647550768913133
0.059973337786021826
0.03353804668560583
0.048963519881327015
0.1289590454904785
0.007292309192502689
0.06854250726966846
0.08398431444250495
0.020729874549194015
0.07105241115093339
0.0890217226178861
0.06769639219809248
0.0522170071244825
0.009154055695030782
0.11604162887152018
0.062100103983913586
0.0025138841351103228
0.06023216355453278
0.05727820788713613
0.039907331605413376
0.009519120573280509
0.01662902164493707
0.020999402380779193
0.020477463575921524
0.028334092934624962
0.01988858429196168
0.004069613443612911
0.05393694350073681
0.0039348768197514485
0.006069931034725399
0.010884032708918332
0.010184880158178459
0.0019523257688679125
0.03705260640600142
2.7225803330152977E-4
0.023596384131530822
0.0472431415409877
0.051275704977530416
0.01248610111456689
0.05428889162736693
0.050757254277661576
0.015286935944259348
0.09679399405076118
0.06390893782739948
0.0738024776188821
0.06404026504952239
0.019248005034687835
0.06243723639198693
0.00544873559251417
0.013621582190856723
0.008124379214579527
0.011478102716330353
0.01036051095496162
0.035129726082549204
0.045740702293663546
0.10269044580286271
0.049806173241007855
0.09890196506381699
0.013932432849035302
0.0030444983850603227
0.0011965845506609373
0.03701954589482393
0.08622158408016871
0.08606176852768424
0.011321060067459001
0.017406722902510285
0.006521536345342768
0.015507777276239823
0.009054962704383274
0.1084942858126271
0.031241554507229593
0.027304234244621903
0.04956665337659279
0.009934392218947385
0.012149936888088268
0.012014536710853445
5.573800317967674E-4
0.025643939787077605
0.0641103534054935
0.05149720550979675
0.012444467103448065
0.03265192482726004
0.026116026182657674
0.04729151022169467
0.08911736804296082
0.06348153895345907
0.07456999895836082
0.07672752478651639
0.11753132810036959
0.10576947811575206
0.09250075436727455
0.10004970987365557
0.0437405824999157
0.06402079192184451
0.012599929133757019
0.02161886127184722
0.06410158761051857
0.09525210946796109
0.12418736386778077
0.03732950320494769
0.046833283478520775
0.053297152287571065
0.0258204712479815
0.025915081384111294
0.08976582792605346
0.01299479564958929
0.0936066450685357
0.0787181640317651
0.11203368173996305
0.11610498037924867
0.04423208545732336
0.2533727764176373
0.06720114723203735
0.12013323228300911
0.03846066957702372
0.13050476495642369
0.045306347390303425
0.414742805398128
0.19155171291277273
0.03519732553030754
0.3035931719489089
0.20394864624090353
0.19719288305722085
0.01083193159966283
0.064578958556407
0.0897119908886769
0.03552001624985307
0.0672037618576685
0.18198107293206872
0.21650776945478112
0.1115906992489642
0.13211717929439826
0.19134552156734227
0.13433412026011243
0.16846881586405812
0.17985298785623224
0.06654482762792678
0.13455351483306136
0.07525459929496876
0.3048252749804234
0.2107390782107232
0.5207419751711729
0.14053854422992984
0.28056223908356126
0.3142193228213754
0.18495839506455455
0.27617197691547574
0.2647733070244341
0.05182702880300538
0.45150508243443455
0.32797539230559175
0.15600449741320846
0.031400500700238344
0.5041746551324094
0.30072913740102425
0.014218965038195489
0.01810731023197546
0.20219112513523388
0.1497560348678411
0.31909753672118807
0.16389207485127877
0.08624592259156287
0.5917161676281565
0.05309355081464589
0.07930415346125609
0.004462264071149435
0.15738481982808028
0.17721919012483248
0.48855821776094505
0.1878994057696813
0.08317624188041516
0.06013101922940188
0.5199872990674305
0.13198262464366564
0.6237205121901556
0.5462234816104077
0.8743130526344625
0.05550741431649502
0.2082886542762131
1.0
0.3654195204040576
0.6454937459816421
0.6973351372774483
0.013732307459925958
0.406303638310637
0.1731429626890338
0.19022327658457389
0.2558402256881707
0.4122950139806679
0.11356109030456515
0.20484408381784988
0.08558588632815026
0.33835086593587926
0.2971600224903998
0.09514797779242379
0.48565318022741594
0.2701448156064127
0.010163441315715846
0.0960573035710795
0.03088484709874044
0.08281245848768767
0.14616007650146523
0.04053963855900219
0.18484101571546183
0.04127245151250816
0.04027944168728163
0.006524538781651149
0.11037641370133541
0.05897300742432139
0.08312576116872103
0.0332785646399699
0.009161149916782116
0.012088846752934819
0.07135014956142299
0.028069503952740087
0.11925360305050517
0.10312833008102963
0.03344034989732129
0.07267091464062089
0.03490127249744725
0.0589891136173298
0.06804466240382899
0.020959517911243813
0.09244848752385143
0.055832676240866345
0.013868237904059002
0.004036829212500779
0.009417811394407694
0.05654340899357812
0.1804408413223803
0.1272158343776266
0.021775538046877114
0.12282875030954948
0.08128020687592355
0.04768244519961239
0.030149447954472202
0.07183747517896036
0.10075254535153841
0.04074299707284451
0.10844559220977662
0.01813551314638523
0.03696899298191498
0.02951131509491881
0.0021389818361858114
0.009819417075900201
0.011344667981576918
0.043735085653932214
0.08723033326621916
0.16792898848884358
0.0070875578891575345
0.05480854032541575
0.08801591724921382
0.03341908022477535
0.04757016045917682
0.0886856463205203
0.03276938967408004
0.040897553784536765
0.058217520200541245
0.038493758176144116
0.00927209149616992
0.02002675503041764
0.042184739470068004
0.03255242939253879
0.044645374804524456
0.08958013376802308
0.12065000224580869
0.017900386653722483
0.07266253893272245
0.13560369245534745
0.10738330551613609
0.04160898360575778
0.07476798847782676
0.02121676673318085
0.11047884467957587
0.022390868346106874
0.04042822610908755
0.039644533312248084
0.055589381775107104
0.03193346114816313
0.05928383674862417
0.029840471665650948
0.04860072075279468
0.022402799049560926
0.11110980309682753
0.04067245041043606
0.09211182462365365
0.0078020146932054075
0.06122564802410338
0.1473654680461942
0.00275879011587788
0.2120107750845008
0.009094991890354329
0.04473159861775898
0.10701075364510619
0.058006488745986566
0.03386919906365749
0.014714631352783156
0.035461679390230746
0.09503177987745967
0.08936913846981061
0.0016782661806242184
0.008103953521581919
0.06395484054297865
0.0714555497831255
0.0326108960356221
0.1327783170124105
0.04227919517643551
0.014782714571878507
0.0685307351086172
0.015533298422706867
0.11397816315992564
0.1229597254299307
0.0033050373960765325
0.015899424118683322
0.026234641270314135
0.05692492197680792
0.03990529475565199
0.004397273933498291
0.030084269143281432
0.007747241125342865
0.04230472427695596
0.02085934871602451
0.09051606152641664
0.006563304643304249
0.004001800285069626
0.059296179001974356
0.007801423910770922
0.05837016119409477
0.16771357133280115
0.07148741538931583
0.2879783478438812
0.049938758970607795
0.01345809230559139
0.11780361717694735
0.1004201622032895
0.038419728707180606
0.14076194372958484
0.036612034000513625
0.03638189196762358
