-0.0808964297724938
0.05590339741347305
0.017665045248713575
0.15351466874038774
0.029568467171277056
0.03206961968464585
0.21492108112859232
0.06511697854086543
0.08747146173967045
4.105541534223795E-4
0.13914051323502652
0.1821555736994127
0.1386794554240158
0.10542281241270712
0.030630328315891065
0.013074166942571214
0.07787607441693974
0.02578202767491679
0.09838650317274612
0.006818349006716422
0.015028079182568543
0.07256952918749732
0.01993304234430971
0.03864914040891517
0.0962321376034463
0.15661575666772187
0.21333443358033136
0.005784237307793212
0.05783867278254588
0.18526955231013034
0.052953634968336896
0.06414292469751948
0.001978048280321466
0.05197399483718255
0.03309755625101465
0.004225745156119131
0.09008183532184873
0.03540915905283433
0.06828424649204039
0.013425832870960185
0.040614235086916736
0.055220628270645444
0.02832377709630954
0.022699487170860125
0.08677207298776256
0.11204703191016686
0.023186807892588993
0.1037143862440432
0.06221769663001966
0.11645794832919527
0.03789752697126359
0.015000036697478755
0.0036355215608927746
0.0391749866689978
0.029396705775055418
0.08434060528511232
0.012237330629591725
0.011574264397146051
0.07644501360462463
0.10957676648839569
0.10224227836946856
0.00532339906321127
0.01883075112427574
0.027628196951094204
5.773867709759401E-4
0.004853262045442603
0.06123477612857009
0.08617492194276012
0.01822516600481597
0.035369027376837156
0.06874877150980328
0.05455552138742321
0.06250476244812993
0.030898602954182754
0.06759253207855109
0.06332722914975318
0.038965588676860514
0.0023465102322682684
0.08804192801937459
0.06462495394664458
0.006964936969020779
0.022489166018538252
0.012433651107816409
0.13354081849219943
0.008140584066392943
0.06536422366697517
0.02604514649603242
0.024986308682990923
0.06197910592871221
0.09647563616146727
0.0373466908025832
0.03916873310920346
0.10533891027838979
0.04754543262594673
0.0537063427847334
0.03028956982711506
0.02133476620267025
0.07328859953880067
0.020504161670783783
0.03840656095487311
0.1120403798451822
0.049044720894284036
0.03528474008184487
0.1242648298163871
0.054830711372365885
0.13664472419738016
0.05090734839858912
0.08508539479826249
0.02746231989139366
0.0272188220467433
0.07348848305780799
0.06591294629847451
0.09085486657402932
0.05986172779237859
0.03893569127344643
0.09320298571881999
0.059171719529993894
0.011825840862986384
0.07728783088548029
0.07938791403902286
0.08607298009055482
0.05706992366931004
0.12626264766859435
0.15562359993476838
0.05431855363088984
0.008416692738103531
0.11776962584404013
0.08332039263338814
0.030416671516417016
0.17228451401120146
0.16883218636823125
0.0855351517541181
0.007394440619979413
0.12014182997875782
0.07418619147988303
0.15169970029257815
0.30937856522931373
0.1574307460681517
0.28316891876460465
0.16515166453855412
0.24729213137053133
0.017249452332863575
0.23112104874054495
0.19385537530855002
0.021625150446136533
0.12855517897808164
0.27659317413102225
0.18903111805030606
0.03660241028722047
0.24982742043366257
0.10794214397682361
0.17836171315920726
0.23304465384496567
0.0036369986284091756
0.7432359485347868
0.36254101469946426
0.5196515268676616
0.5733271830622797
0.17843148272746223
0.360600476554919
0.16719424151357037
0.7604743964994134
0.09990411457231069
0.5328369669911949
0.37168976411512045
0.5066991660979424
0.24490041840244628
0.3348528490007591
0.6525567377029051
0.6846604066789199
0.5031949706775821
0.4418603624562507
0.1951905774551775
0.37731536646609865
0.27741809847250515
0.6722571222832501
0.3131041102552517
0.01009333034416087
0.15288282859442884
0.13190946424517494
0.22311685191731095
1.0
0.13501907510077238
0.03137368910153532
0.02254439331432922
0.04119129746138541
0.004317555777208263
0.32182476316947767
0.3325365641818152
0.13947759535330756
0.08505158360433165
0.2480317678515401
0.3170837253756286
0.11622787549419952
0.13038648528752167
0.2858883561987354
0.1563612284850742
0.3087475362893
0.2939945281798657
0.08038536060772507
0.0029267397401716673
0.06686615588505675
0.18808877372666916
0.15098690225577022
0.142850210076299
0.1756137921990038
0.15706661747125494
0.06023166208518357
0.2681480298892279
0.246223573033446
0.023439149779793035
0.29026084570630023
0.08595456648297028
0.3629331334238757
0.09949063177269987
0.14349612406020992
0.18098011166697503
0.22046764424915996
0.40551364776316373
0.025398194914601595
0.13492903268161344
0.19650303506078323
0.020115991457242
0.1286525518807909
0.12055728967421017
0.10204422383606226
0.010806297588527311
0.3062302890701212
0.13073199518522677
0.0031897592438390188
0.10692554207646178
0.15168080582342588
0.04102313355675344
0.008311593375481563
0.009260331330239183
0.10347450809702043
0.03424755652859958
0.06404096394103324
0.11332456031528113
3.3104014364247346E-4
0.00772193206333062
0.35254231266696656
0.12234781372794697
0.17139942564465543
0.11679587276102943
0.11598025092788856
0.05557016063172628
0.026960681312954964
0.03992935466359898
0.12536992685159265
0.006597778295699538
0.017414124011047638
0.07880786726503979
0.05604938121103744
0.019612670991615226
0.022492627180657632
0.04169934888885688
0.011436703879381947
0.056262699857849166
0.03887382130381796
8.260208648634265E-4
0.09012896758776953
0.01673185667809343
0.0898922327362286
0.11021908421175426
0.057094266422176444
0.04965537804442472
0.03901175897914448
0.029708323831146823
0.0886692294908993
0.13470191884517743
0.09921350614257822
0.024827029175130206
0.04225204682338147
0.028984856860830202
0.052903456423219655
0.12142979027122129
0.011789423102952381
0.06150278311384236
0.0362589007049138
0.001041835959384737
0.02462228685161526
0.07449946623695501
0.002670545583155555
0.02788785065019427
0.04179422071870199
0.070405040831258
0.01003415043417538
0.04267378682652629
0.02726952009870124
0.039779906899815004
0.029392903430842745
0.014076175891065114
0.03366973469577808
0.05084638585147714
0.07396220551982176
0.025159987243003785
0.009993105916770419
0.0030744449685479055
0.0800106072581085
0.10403765648214029
0.011265061190457996
0.007180593965119689
0.038623126447418374
0.04128918408911216
0.014795278417551173
0.005972263610510473
0.0536042707160585
0.03539218802546604
0.03958021873041616
0.03949562910773329
0.08443424163745956
0.015304717333516812
0.029993460316033744
0.029854461736939925
0.044389761904485264
0.01230433787442925
0.029388463606754216
0.03661404069362355
0.06476611016492824
0.07821846174441144
0.06741197315233563
0.04824260316608153
0.05246236828881798
0.07713343770066922
0.13971624262746993
7.168436607984611E-4
0.05811390346817836
0.03986839338935374
0.10896525353329402
0.04175563894002244
0.10407843203369745
0.04998595748415251
0.10007457457592074
0.023155459184886474
0.0563318526214235
0.027390243063414726
0.03289049879767099
0.025170445451437845
0.08436360638185463
0.08092274973319111
0.032285555583878765
0.023467254841586738
0.02203786709330048
0.11885175460659343
0.007637026513443177
0.021300000137349354
0.02608394811191373
0.0869539243127584
0.07221834341460573
0.0748906969514825
0.08966187090374868
0.060169490665683084
0.03909497000982324
0.007199612132047435
0.06292509866547025
0.041416869243997886
0.0917630282002748
0.13084824379996288
3.571744969100438E-4
0.008209893698722036
0.05174862131528652
0.04112315201371126
0.031818913409848215
0.004719077221556897
0.0704544928700732
0.03220515066962261
0.018145029256988028
0.053325604657697964
0.009773095521853528
0.010725681642617653
0.17307134706837593
0.01948258809215558
0.05991532246948976
0.05654329301448235
0.0012245026524539703
0.0476172750780596
0.011825716942318317
0.01782655837241755
0.044355585033748854
0.025799244993867244
0.03384735338790729
0.09432355328580606
0.07075773086321466
0.07863559686185735
0.032682671396953446
0.009874781371054568
0.0803815728991523
0.00701239777136754
0.03609992660321114
0.037985061576866104
0.05522156361479067
0.07666080727247952
0.04778234658152626
0.06239319172137814
0.0020150967032503573
0.01649298761611654
0.054358863625825794
0.036115994296316095
0.06465875115760793
0.034115186518811104
2.0000685037179966E-4
0.06130136328503142
0.052373220863039416
0.007974370311848604
0.02261432585440224
0.009087902638321835
0.07738206329690399
0.013272663442072955
0.07633098887998778
0.017937426280430813
0.003146325028468515
0.005616013443793622
0.024874329284009077
0.1143551367546363
0.09583650328198105
0.16269160207624084
0.03119737210736354
0.0279963399083272
0.06755408298105557
0.0027768307954943953
0.0630463449360358
0.030381889452672506
0.17340820092804937
0.035253373713852024
0.006612333962617599
0.013717377508695007
0.08144453621882392
0.0879384517580437
0.02355021521493378
0.043105007051851475
0.054637169238977434
8.760060189751116E-5
0.005723548222663146
0.005822847927219609
0.09613887930312891
0.05957145703867081
0.03561398622571983
0.03120575120866278
0.07500652164038829
0.11082316009334464
0.08536222407492558
0.029399101418261835
0.04625737614046308
0.02738356969441489
0.010325841094798631
0.12305808373171388
0.07737740793455199
0.027410279476499048
0.022385954855408792
0.017331105523902834
0.07695701226744349
0.07240617953674544
0.022392485051190493
0.03421646862689788
0.02122791728740325
0.034427234685922604
0.011788106979916052
0.03882235144169925
0.01097003151702012
0.04462509607526931
0.04381453105132464
0.06067232232937035
0.04381453105132464
0.04462509607526931
0.01097003151702012
0.03882235144169925
0.011788106979916052
0.034427234685922604
0.02122791728740325
0.03421646862689788
0.022392485051190493
0.07240617953674544
0.07695701226744349
0.017331105523902834
0.022385954855408792
0.027410279476499048
0.07737740793455199
0.12305808373171388
0.010325841094798631
0.02738356969441489
0.04625737614046308
0.029399101418261835
0.08536222407492558
0.11082316009334464
0.07500652164038829
0.03120575120866278
0.03561398622571983
0.05957145703867081
0.09613887930312891
0.005822847927219609
0.005723548222663146
8.760060189751116E-5
0.054637169238977434
0.043105007051851475
0.02355021521493378
0.0879384517580437
0.08144453621882392
0.013717377508695007
0.006612333962617599
0.035253373713852024
0.17340820092804937
0.030381889452672506
0.0630463449360358
0.0027768307954943953
0.06755408298105557
0.0279963399083272
0.03119737210736354
0.16269160207624084
0.09583650328198105
0.1143551367546363
0.024874329284009077
0.005616013443793622
0.003146325028468515
0.017937426280430813
0.07633098887998778
0.013272663442072955
0.07738206329690399
0.009087902638321835
0.02261432585440224
0.007974370311848604
0.052373220863039416
0.06130136328503142
2.0000685037179966E-4
0.034115186518811104
0.06465875115760793
0.036115994296316095
0.054358863625825794
0.01649298761611654
0.0020150967032503573
0.06239319172137814
0.04778234658152626
0.07666080727247952
0.05522156361479067
0.037985061576866104
0.03609992660321114
0.00701239777136754
0.0803815728991523
0.009874781371054568
0.032682671396953446
0.07863559686185735
0.07075773086321466
0.09432355328580606
0.03384735338790729
0.025799244993867244
0.044355585033748854
0.01782655837241755
0.011825716942318317
0.0476172750780596
0.0012245026524539703
0.05654329301448235
0.05991532246948976
0.01948258809215558
0.17307134706837593
0.010725681642617653
0.009773095521853528
0.053325604657697964
0.018145029256988028
0.03220515066962261
0.0704544928700732
0.004719077221556897
0.031818913409848215
0.04112315201371126
0.05174862131528652
0.008209893698722036
3.571744969100438E-4
0.13084824379996288
0.0917630282002748
0.041416869243997886
0.06292509866547025
0.007199612132047435
0.03909497000982324
0.060169490665683084
0.08966187090374868
0.0748906969514825
0.07221834341460573
0.0869539243127584
0.02608394811191373
0.021300000137349354
0.007637026513443177
0.11885175460659343
0.02203786709330048
0.023467254841586738
0.032285555583878765
0.08092274973319111
0.08436360638185463
0.025170445451437845
0.03289049879767099
0.027390243063414726
0.0563318526214235
0.023155459184886474
0.10007457457592074
0.04998595748415251
0.10407843203369745
0.04175563894002244
0.10896525353329402
0.03986839338935374
0.05811390346817836
7.168436607984611E-4
0.13971624262746993
0.07713343770066922
0.05246236828881798
0.04824260316608153
0.06741197315233563
0.07821846174441144
0.06476611016492824
0.03661404069362355
0.029388463606754216
0.01230433787442925
0.044389761904485264
0.029854461736939925
0.029993460316033744
0.015304717333516812
0.08443424163745956
0.03949562910773329
0.03958021873041616
0.03539218802546604
0.0536042707160585
0.005972263610510473
0.014795278417551173
0.04128918408911216
0.038623126447418374
0.007180593965119689
0.011265061190457996
0.10403765648214029
0.0800106072581085
0.0030744449685479055
0.009993105916770419
0.025159987243003785
0.07396220551982176
0.05084638585147714
0.03366973469577808
0.014076175891065114
0.029392903430842745
0.039779906899815004
0.02726952009870124
0.04267378682652629
0.01003415043417538
0.070405040831258
0.04179422071870199
0.02788785065019427
0.002670545583155555
0.07449946623695501
0.02462228685161526
0.001041835959384737
0.0362589007049138
0.06150278311384236
0.011789423102952381
0.12142979027122129
0.052903456423219655
0.028984856860830202
0.04225204682338147
0.024827029175130206
0.09921350614257822
0.13470191884517743
0.0886692294908993
0.029708323831146823
0.03901175897914448
0.04965537804442472
0.057094266422176444
0.11021908421175426
0.0898922327362286
0.01673185667809343
0.09012896758776953
8.260208648634265E-4
0.03887382130381796
0.056262699857849166
0.011436703879381947
0.04169934888885688
0.022492627180657632
0.019612670991615226
0.05604938121103744
0.07880786726503979
0.017414124011047638
0.006597778295699538
0.12536992685159265
0.03992935466359898
0.026960681312954964
0.05557016063172628
0.11598025092788856
0.11679587276102943
0.17139942564465543
0.12234781372794697
0.35254231266696656
0.00772193206333062
3.3104014364247346E-4
0.11332456031528113
0.06404096394103324
0.03424755652859958
0.10347450809702043
0.009260331330239183
0.008311593375481563
0.04102313355675344
0.15168080582342588
0.10692554207646178
0.0031897592438390188
0.13073199518522677
0.3062302890701212
0.010806297588527311
0.10204422383606226
0.12055728967421017
0.1286525518807909
0.020115991457242
0.19650303506078323
0.13492903268161344
0.025398194914601595
0.40551364776316373
0.22046764424915996
0.18098011166697503
0.14349612406020992
0.09949063177269987
0.3629331334238757
0.08595456648297028
0.29026084570630023
0.023439149779793035
0.246223573033446
0.2681480298892279
0.06023166208518357
0.15706661747125494
0.1756137921990038
0.142850210076299
0.15098690225577022
0.18808877372666916
0.06686615588505675
0.0029267397401716673
0.08038536060772507
0.2939945281798657
0.3087475362893
0.1563612284850742
0.2858883561987354
0.13038648528752167
0.11622787549419952
0.3170837253756286
0.2480317678515401
0.08505158360433165
0.13947759535330756
0.3325365641818152
0.32182476316947767
0.004317555777208263
0.04119129746138541
0.02254439331432922
0.03137368910153532
0.13501907510077238
1.0
0.22311685191731095
0.13190946424517494
0.15288282859442884
0.01009333034416087
0.3131041102552517
0.6722571222832501
0.27741809847250515
0.37731536646609865
0.1951905774551775
0.4418603624562507
0.5031949706775821
0.6846604066789199
0.6525567377029051
0.3348528490007591
0.24490041840244628
0.5066991660979424
0.37168976411512045
0.5328369669911949
0.09990411457231069
0.7604743964994134
0.16719424151357037
0.360600476554919
0.17843148272746223
0.5733271830622797
0.5196515268676616
0.36254101469946426
0.7432359485347868
0.0036369986284091756
0.23304465384496567
0.17836171315920726
0.10794214397682361
0.24982742043366257
0.03660241028722047
0.18903111805030606
0.27659317413102225
0.12855517897808164
0.021625150446136533
0.19385537530855002
0.23112104874054495
0.017249452332863575
0.24729213137053133
0.16515166453855412
0.28316891876460465
0.1574307460681517
0.30937856522931373
0.15169970029257815
0.07418619147988303
0.12014182997875782
0.007394440619979413
0.0855351517541181
0.16883218636823125
0.17228451401120146
0.030416671516417016
0.08332039263338814
0.11776962584404013
0.008416692738103531
0.05431855363088984
0.15562359993476838
0.12626264766859435
0.05706992366931004
0.08607298009055482
0.07938791403902286
0.07728783088548029
0.011825840862986384
0.059171719529993894
0.09320298571881999
0.03893569127344643
0.05986172779237859
0.09085486657402932
0.06591294629847451
0.07348848305780799
0.0272188220467433
0.02746231989139366
0.08508539479826249
0.05090734839858912
0.13664472419738016
0.054830711372365885
0.1242648298163871
0.03528474008184487
0.049044720894284036
0.1120403798451822
0.03840656095487311
0.020504161670783783
0.07328859953880067
0.02133476620267025
0.03028956982711506
0.0537063427847334
0.04754543262594673
0.10533891027838979
0.03916873310920346
0.0373466908025832
0.09647563616146727
0.06197910592871221
0.024986308682990923
0.02604514649603242
0.06536422366697517
0.008140584066392943
0.13354081849219943
0.012433651107816409
0.022489166018538252
0.006964936969020779
0.06462495394664458
0.08804192801937459
0.0023465102322682684
0.038965588676860514
0.06332722914975318
0.06759253207855109
0.030898602954182754
0.06250476244812993
0.05455552138742321
0.06874877150980328
0.035369027376837156
0.01822516600481597
0.08617492194276012
0.06123477612857009
0.004853262045442603
5.773867709759401E-4
0.027628196951094204
0.01883075112427574
0.00532339906321127
0.10224227836946856
0.10957676648839569
0.07644501360462463
0.011574264397146051
0.012237330629591725
0.08434060528511232
0.029396705775055418
0.0391749866689978
0.0036355215608927746
0.015000036697478755
0.03789752697126359
0.11645794832919527
0.06221769663001966
0.1037143862440432
0.023186807892588993
0.11204703191016686
0.08677207298776256
0.022699487170860125
0.02832377709630954
0.055220628270645444
0.040614235086916736
0.013425832870960185
0.06828424649204039
0.03540915905283433
0.09008183532184873
0.004225745156119131
0.03309755625101465
0.05197399483718255
0.001978048280321466
0.06414292469751948
0.052953634968336896
0.18526955231013034
0.05783867278254588
0.005784237307793212
0.21333443358033136
0.15661575666772187
0.0962321376034463
0.03864914040891517
0.01993304234430971
0.07256952918749732
0.015028079182568543
0.006818349006716422
0.09838650317274612
0.02578202767491679
0.07787607441693974
0.013074166942571214
0.030630328315891065
0.10542281241270712
0.1386794554240158
0.1821555736994127
0.13914051323502652
4.105541534223795E-4
0.08747146173967045
0.06511697854086543
0.21492108112859232
0.03206961968464585
0.029568467171277056
0.15351466874038774
0.017665045248713575
0.05590339741347305
