0.1152097536843034
0.08476892298028572
0.12026829193068173
0.17077531320792042
0.07903617803770094
0.12796625024682248
0.020740440316064358
0.053547335386940995
0.011661439787352774
0.16535823181536355
0.006195511744063066
0.06385927079952375
0.12447730900695846
0.029582334268556425
0.018137989197310137
0.045083170895949466
0.008830448750644263
0.01599546934190358
0.01241699019091797
0.001918107152292593
0.07310620997638645
0.03723630392223738
0.029160129084406624
0.010588871469212906
0.07971497394614904
0.015882855122789957
0.06189247139137408
0.05932583014969103
0.05037734400966543
0.0012119041858751178
0.01068167287425359
0.015492397879906116
0.009504789295755977
0.013511403481264934
0.00408284292629135
0.05530764218956038
0.04860405207703393
0.013010906602334765
0.02988258832744496
0.05787973647910414
0.029908515121892007
0.013609616765842198
0.003421699624563019
0.03510315786018595
0.034222843982126175
0.06380209746936712
0.028062065982636764
0.021315024074847182
0.036046291857368955
0.038752958807454246
0.020105522801359615
0.06201948224485549
0.031189422107476095
0.00764702847454661
0.050345190816715124
0.019090851788537613
0.06243570427267859
0.04013333910395291
0.08084392557652666
0.04008003738523693
0.009607341082342015
0.03946980964314052
0.002852213319258875
0.03272235970471258
0.048805350384387276
0.09921148245271445
0.008377067035776965
0.020928033404079484
0.0029775067338649016
0.024604596180534413
0.009096999755477767
0.06456941492740288
0.06772622157312237
0.0062573861042308195
0.021321285219850567
0.02630899226614009
0.04173771634777363
0.030496699504668535
0.00463489432812257
0.06482025091187314
0.02970488329883082
0.01226887129400666
0.02532423437822619
0.0457652585814058
0.07907528178920116
0.03420743700597861
0.05342247791879488
0.022952437245845492
0.008544036156245653
0.085516444218388
0.05477189530815811
0.021904891376627243
0.081859820071922
0.002097714511069102
0.0038814584283170693
0.06403907354303914
0.04559996987096528
0.0020842189701298724
0.028093344095160528
0.04104278362417296
0.001998451227619602
0.023263017000727595
0.014625227992449367
0.09157193186315096
0.053459996939066744
0.07551778365990926
0.007051443573585349
0.06381652572279127
0.09089708545337269
0.041281610993531496
0.042420567942387376
0.055006251016174554
0.015931814303666008
0.027659548640262804
5.812896175559996E-4
0.004008764304651582
0.011460861170914268
0.07059775373536903
0.04018067179309168
0.012133175170966841
0.00885645142027079
0.013322709085134221
0.08203042815393409
0.08572293428821307
0.018521387309166384
0.0011843383754714728
0.025394969520740534
0.09901019272608148
0.10124339355596379
0.29918606932087893
0.010984366615071147
0.11684373606871501
0.29211076925213075
0.11267557551505826
0.05337890392979633
0.08803039364227293
0.07237573194070013
0.11990169737838037
0.10725577259695544
0.2784747989668464
0.0021320534306356795
0.0585192198187182
0.01786403691396031
0.06549653215403246
0.2718189511220015
0.1828970791611281
0.131403680491526
0.43662674364576765
0.09132567023460393
0.07648356221644567
0.15034499618975253
0.03641518204956428
0.11887600624771627
0.27957730654336604
0.10504418718274723
0.07443549016212062
0.3279549137554791
0.05942211975789243
0.005962564056848675
0.041422866538965444
0.19756857563905805
0.18076256197532503
0.31544543828472227
0.007478813241245029
0.42363874644643573
0.2960571871189329
0.8609764132233148
0.17880354001202314
0.4517814847068842
0.11084085774527866
0.22209246924806986
0.2919536136303168
1.0
0.2938986805436781
0.1969525387769795
0.624981109231453
0.06516487420367711
0.09651781263067229
0.13628541523595933
0.06377533855575991
0.05651953568941956
0.17659689248832044
0.03158078252201262
0.21255172652921106
0.07804677802107828
0.798765176200963
0.09008982617966885
0.07511495779395949
0.19358016718749774
0.20809997828809237
0.23313900481975164
0.046698362054541885
0.09040089829740454
0.05129181663787434
0.21630225125753746
0.10249078590230126
0.18667521917794605
0.12325920317345661
0.030621518274971483
0.063739019540688
0.08837232667233762
0.013080315264091136
0.068348441530311
0.16364036683144162
0.22650757827034687
0.14405706677709557
0.013336735515986521
0.008952636608224129
0.08321850404196894
0.17533576470777046
0.18121490042916483
0.0750170495916875
0.042291715049767
0.05268099820508348
0.1391145366887327
0.005160366437690328
0.005124780455357962
0.0795481584844577
0.10266535329849223
0.23937417535519157
0.055336930012393135
0.031415799185713335
0.016258257027951823
0.08344312569996296
0.014508594229553883
0.042479534500501744
0.134946400937438
0.2068816011613324
0.07119405202499153
0.007018228039393045
0.10928572248231672
0.04066226600622473
0.041371107621563735
0.024099210167510012
0.07967050185528594
0.1951862652853064
0.06879621786797012
0.12581003616103242
0.051652711682839435
0.007142385029525284
0.011680238703736846
0.02122364408410932
0.05438894980661053
0.05146425397102347
0.03970850680238143
0.022354377311143373
8.230799387794524E-4
0.08532976406315346
0.07547732098306961
0.0733258894506286
0.09427311493803141
0.09411101525646229
0.021710339006875527
0.07408679575077302
0.21230660495391288
0.0035670632456476794
0.05663216799683145
0.03077145889653122
0.07360609072913872
0.03447406712555615
0.06708336773816964
0.048772746887299406
0.011696457892673817
0.06091780282199667
0.06839503179984134
0.011963168651131948
0.029010863956666702
0.012433392290799207
0.04682882422984605
0.028175776874324016
0.001586639169176003
0.03715401061573376
0.05464014127010471
0.02359596879816023
0.009303748303803037
0.011160237582099997
0.03437361828413465
0.03967021297986711
0.01724547863374361
0.030407216484247518
0.017115023920725118
0.01722177274288503
0.03918664590265613
0.02799946822126736
0.02267313856332351
0.07392399056767877
0.020948819537960732
0.025466385110955017
0.016672576978866954
0.030713722680483824
0.016498944010115184
0.07344170841500706
0.02130666658825257
0.05782203281413734
0.053424776588540675
0.04022544220569284
0.01625585709615579
0.11266966719909609
0.015841950317045484
0.012895087801671427
0.0185873825735064
0.04257648489452251
0.011966278358682015
0.00390284934900352
0.004486644245260273
0.027528620426160624
0.04585465529181989
0.003990832079827904
0.06438192117652247
0.02063858966594096
0.02115972859265211
0.06311611430717659
0.021900822239133425
0.07838268996643649
0.042734762435559154
0.053601828784463026
0.035731316563388744
0.012094937514753028
0.03579237621750671
0.04126979096863285
0.04043842691376424
0.0017980373371118017
0.06656561297752944
0.005790145117215898
0.003396084328867503
0.07615654675174445
0.06377078654126808
0.008673730288235978
0.039493592631411625
0.04799106711026668
0.02563297340637984
0.008300510542848305
0.01946733792628268
0.07557717712219592
0.004239840673133296
0.032773788171241686
0.015246628443741424
0.016229947439193863
0.01592089552184547
0.01466292784043735
0.07247861943353524
0.0062526031822816835
0.05642577622870798
0.05607021680050076
0.03279239206182583
0.04458125056555932
0.04525819902564688
0.021954844038800252
0.04171119943457978
0.013514060787778014
0.013087355232639165
0.07719238662027737
0.01088614712134049
0.0035381056113120484
0.008425806809692633
0.08283456379219604
9.499806362716843E-4
0.01100709573237677
0.05211959678314151
0.03130802937807579
0.04139533818029306
0.008973682605281828
0.020910765803284423
0.09881501495450709
0.016297406609504017
0.025565502226536054
0.011836855882992525
0.028359499861969645
0.06037975094467753
0.02438689365203935
0.022843028484977924
0.004867202702715102
0.045839386032614636
0.028231113948781403
0.03853086976011027
0.037091197433881784
0.005079140713315399
0.037884815093171625
0.10423369777159533
5.012147438272818E-4
0.0488242273134724
0.007728901735706952
0.02447084581553282
0.02533419001760057
0.04051759782594007
0.03049669950466856
0.0119266925432078
0.021134918768405894
0.017711804783012815
0.052388086565954436
0.0796022516618377
0.03661769503032465
0.047903921353573985
0.0378963470827003
0.0342536873544002
0.08056218379890938
0.02917424817434833
0.008646031080268969
0.11058388308600058
0.05873699184576645
0.009365187355012575
0.03492682964998459
0.018470081427419793
0.025012053079582392
0.00756294743128357
0.01749921123474566
0.030646969489183492
0.025231784580942742
0.01824187999355407
0.031191928364445676
0.055290837846400535
0.009240066215563676
0.03499371057923204
0.013684634238357533
0.013732065545043255
0.0010666668132212132
0.026102636793316425
0.03967309724725903
8.88575770479069E-4
0.05465569721951727
0.017290622697059777
0.055334810845220496
0.07224540515760748
0.012884795259812802
0.0013469839341728631
0.03562193955831651
0.04382754773915225
0.03413922156612656
0.016187526198585697
0.004521641511411562
0.02487786968581816
0.013620846281052966
0.022796797874164994
0.0017230014194980809
0.014077751156218704
0.00237948371684651
0.056135058608066564
0.04031936254074194
0.011749333316357014
0.0023258871672345487
0.024620604895823992
0.06609532192051039
0.038907408060342506
0.0035002271452511968
0.04263628196929967
0.009248958263093205
0.016540216689046917
0.00853646695595398
0.0014057596092188034
0.11487368007121218
0.06008076713329965
0.04380490882744898
0.08129331084603329
0.019767468687509483
0.026736923387617288
0.0243726565507159
0.028952053590423573
0.030718616755693946
0.0036979564707367066
0.03143740350681659
0.03817831490113221
0.02897977540392202
0.006777044334370788
0.02897977540392202
0.03817831490113221
0.03143740350681659
0.0036979564707367066
0.030718616755693946
0.028952053590423573
0.0243726565507159
0.026736923387617288
0.019767468687509483
0.08129331084603329
0.04380490882744898
0.06008076713329965
0.11487368007121218
0.0014057596092188034
0.00853646695595398
0.016540216689046917
0.009248958263093205
0.04263628196929967
0.0035002271452511968
0.038907408060342506
0.06609532192051039
0.024620604895823992
0.0023258871672345487
0.011749333316357014
0.04031936254074194
0.056135058608066564
0.00237948371684651
0.014077751156218704
0.0017230014194980809
0.022796797874164994
0.013620846281052966
0.02487786968581816
0.004521641511411562
0.016187526198585697
0.03413922156612656
0.04382754773915225
0.03562193955831651
0.0013469839341728631
0.012884795259812802
0.07224540515760748
0.055334810845220496
0.017290622697059777
0.05465569721951727
8.88575770479069E-4
0.03967309724725903
0.026102636793316425
0.0010666668132212132
0.013732065545043255
0.013684634238357533
0.03499371057923204
0.009240066215563676
0.055290837846400535
0.031191928364445676
0.01824187999355407
0.025231784580942742
0.030646969489183492
0.01749921123474566
0.00756294743128357
0.025012053079582392
0.018470081427419793
0.03492682964998459
0.009365187355012575
0.05873699184576645
0.11058388308600058
0.008646031080268969
0.02917424817434833
0.08056218379890938
0.0342536873544002
0.0378963470827003
0.047903921353573985
0.03661769503032465
0.0796022516618377
0.052388086565954436
0.017711804783012815
0.021134918768405894
0.0119266925432078
0.03049669950466856
0.04051759782594007
0.02533419001760057
0.02447084581553282
0.007728901735706952
0.0488242273134724
5.012147438272818E-4
0.10423369777159533
0.037884815093171625
0.005079140713315399
0.037091197433881784
0.03853086976011027
0.028231113948781403
0.045839386032614636
0.004867202702715102
0.022843028484977924
0.02438689365203935
0.06037975094467753
0.028359499861969645
0.011836855882992525
0.025565502226536054
0.016297406609504017
0.09881501495450709
0.020910765803284423
0.008973682605281828
0.04139533818029306
0.03130802937807579
0.05211959678314151
0.01100709573237677
9.499806362716843E-4
0.08283456379219604
0.008425806809692633
0.0035381056113120484
0.01088614712134049
0.07719238662027737
0.013087355232639165
0.013514060787778014
0.04171119943457978
0.021954844038800252
0.04525819902564688
0.04458125056555932
0.03279239206182583
0.05607021680050076
0.05642577622870798
0.0062526031822816835
0.07247861943353524
0.01466292784043735
0.01592089552184547
0.016229947439193863
0.015246628443741424
0.032773788171241686
0.004239840673133296
0.07557717712219592
0.01946733792628268
0.008300510542848305
0.02563297340637984
0.04799106711026668
0.039493592631411625
0.008673730288235978
0.06377078654126808
0.07615654675174445
0.003396084328867503
0.005790145117215898
0.06656561297752944
0.0017980373371118017
0.04043842691376424
0.04126979096863285
0.03579237621750671
0.012094937514753028
0.035731316563388744
0.053601828784463026
0.042734762435559154
0.07838268996643649
0.021900822239133425
0.06311611430717659
0.02115972859265211
0.02063858966594096
0.06438192117652247
0.003990832079827904
0.04585465529181989
0.027528620426160624
0.004486644245260273
0.00390284934900352
0.011966278358682015
0.04257648489452251
0.0185873825735064
0.012895087801671427
0.015841950317045484
0.11266966719909609
0.01625585709615579
0.04022544220569284
0.053424776588540675
0.05782203281413734
0.02130666658825257
0.07344170841500706
0.016498944010115184
0.030713722680483824
0.016672576978866954
0.025466385110955017
0.020948819537960732
0.07392399056767877
0.02267313856332351
0.02799946822126736
0.03918664590265613
0.01722177274288503
0.017115023920725118
0.030407216484247518
0.01724547863374361
0.03967021297986711
0.03437361828413465
0.011160237582099997
0.009303748303803037
0.02359596879816023
0.05464014127010471
0.03715401061573376
0.001586639169176003
0.028175776874324016
0.04682882422984605
0.012433392290799207
0.029010863956666702
0.011963168651131948
0.06839503179984134
0.06091780282199667
0.011696457892673817
0.048772746887299406
0.06708336773816964
0.03447406712555615
0.07360609072913872
0.03077145889653122
0.05663216799683145
0.0035670632456476794
0.21230660495391288
0.07408679575077302
0.021710339006875527
0.09411101525646229
0.09427311493803141
0.0733258894506286
0.07547732098306961
0.08532976406315346
8.230799387794524E-4
0.022354377311143373
0.03970850680238143
0.05146425397102347
0.05438894980661053
0.02122364408410932
0.011680238703736846
0.007142385029525284
0.051652711682839435
0.12581003616103242
0.06879621786797012
0.1951862652853064
0.07967050185528594
0.024099210167510012
0.041371107621563735
0.04066226600622473
0.10928572248231672
0.007018228039393045
0.07119405202499153
0.2068816011613324
0.134946400937438
0.042479534500501744
0.014508594229553883
0.08344312569996296
0.016258257027951823
0.031415799185713335
0.055336930012393135
0.23937417535519157
0.10266535329849223
0.0795481584844577
0.005124780455357962
0.005160366437690328
0.1391145366887327
0.05268099820508348
0.042291715049767
0.0750170495916875
0.18121490042916483
0.17533576470777046
0.08321850404196894
0.008952636608224129
0.013336735515986521
0.14405706677709557
0.22650757827034687
0.16364036683144162
0.068348441530311
0.013080315264091136
0.08837232667233762
0.063739019540688
0.030621518274971483
0.12325920317345661
0.18667521917794605
0.10249078590230126
0.21630225125753746
0.05129181663787434
0.09040089829740454
0.046698362054541885
0.23313900481975164
0.20809997828809237
0.19358016718749774
0.07511495779395949
0.09008982617966885
0.798765176200963
0.07804677802107828
0.21255172652921106
0.03158078252201262
0.17659689248832044
0.05651953568941956
0.06377533855575991
0.13628541523595933
0.09651781263067229
0.06516487420367711
0.624981109231453
0.1969525387769795
0.2938986805436781
1.0
0.2919536136303168
0.22209246924806986
0.11084085774527866
0.4517814847068842
0.17880354001202314
0.8609764132233148
0.2960571871189329
0.42363874644643573
0.007478813241245029
0.31544543828472227
0.18076256197532503
0.19756857563905805
0.041422866538965444
0.005962564056848675
0.05942211975789243
0.3279549137554791
0.07443549016212062
0.10504418718274723
0.27957730654336604
0.11887600624771627
0.03641518204956428
0.15034499618975253
0.07648356221644567
0.09132567023460393
0.43662674364576765
0.131403680491526
0.1828970791611281
0.2718189511220015
0.06549653215403246
0.01786403691396031
0.0585192198187182
0.0021320534306356795
0.2784747989668464
0.10725577259695544
0.11990169737838037
0.07237573194070013
0.08803039364227293
0.05337890392979633
0.11267557551505826
0.29211076925213075
0.11684373606871501
0.010984366615071147
0.29918606932087893
0.10124339355596379
0.09901019272608148
0.025394969520740534
0.0011843383754714728
0.018521387309166384
0.08572293428821307
0.08203042815393409
0.013322709085134221
0.00885645142027079
0.012133175170966841
0.04018067179309168
0.07059775373536903
0.011460861170914268
0.004008764304651582
5.812896175559996E-4
0.027659548640262804
0.015931814303666008
0.055006251016174554
0.042420567942387376
0.041281610993531496
0.09089708545337269
0.06381652572279127
0.007051443573585349
0.07551778365990926
0.053459996939066744
0.09157193186315096
0.014625227992449367
0.023263017000727595
0.001998451227619602
0.04104278362417296
0.028093344095160528
0.0020842189701298724
0.04559996987096528
0.06403907354303914
0.0038814584283170693
0.002097714511069102
0.081859820071922
0.021904891376627243
0.05477189530815811
0.085516444218388
0.008544036156245653
0.022952437245845492
0.05342247791879488
0.03420743700597861
0.07907528178920116
0.0457652585814058
0.02532423437822619
0.01226887129400666
0.02970488329883082
0.06482025091187314
0.00463489432812257
0.030496699504668535
0.04173771634777363
0.02630899226614009
0.021321285219850567
0.0062573861042308195
0.06772622157312237
0.06456941492740288
0.009096999755477767
0.024604596180534413
0.0029775067338649016
0.020928033404079484
0.008377067035776965
0.09921148245271445
0.048805350384387276
0.03272235970471258
0.002852213319258875
0.03946980964314052
0.009607341082342015
0.04008003738523693
0.08084392557652666
0.04013333910395291
0.06243570427267859
0.019090851788537613
0.050345190816715124
0.00764702847454661
0.031189422107476095
0.06201948224485549
0.020105522801359615
0.038752958807454246
0.036046291857368955
0.021315024074847182
0.028062065982636764
0.06380209746936712
0.034222843982126175
0.03510315786018595
0.003421699624563019
0.013609616765842198
0.029908515121892007
0.05787973647910414
0.02988258832744496
0.013010906602334765
0.04860405207703393
0.05530764218956038
0.00408284292629135
0.013511403481264934
0.009504789295755977
0.015492397879906116
0.01068167287425359
0.0012119041858751178
0.05037734400966543
0.05932583014969103
0.06189247139137408
0.015882855122789957
0.07971497394614904
0.010588871469212906
0.029160129084406624
0.03723630392223738
0.07310620997638645
0.001918107152292593
0.01241699019091797
0.01599546934190358
0.008830448750644263
0.045083170895949466
0.018137989197310137
0.029582334268556425
0.12447730900695846
0.06385927079952375
0.006195511744063066
0.16535823181536355
0.011661439787352774
0.053547335386940995
0.020740440316064358
0.12796625024682248
0.07903617803770094
0.17077531320792042
0.12026829193068173
0.08476892298028572
