-0.04324873086452418
0.041106738199769816
0.06443911650639454
0.059011030076251206
0.0201878836763875
0.0975028615782077
0.08894365967745552
0.15436770735517083
0.15799674437001557
0.054375685097790005
0.16755014881085198
0.007880832346541711
0.13109089232723123
0.006958179628875497
0.012653639907462927
0.0204592786336834
0.2072794031307585
0.021484650598570767
0.13304690345319015
0.01910047369994582
0.07535584722529753
0.04086554688782689
0.016074576263664833
0.11488710888229915
0.055089759000327025
0.01772283077530604
0.004222521161342489
0.1513496187300503
0.03573389901751834
0.08649370251270487
0.00491847814041383
0.033904369790067425
0.06111408626435322
0.12863734276927413
0.10049283837441338
0.004647484540448557
0.060209876226633256
0.2228434299610989
0.04630943424169622
0.04583126991137586
0.048091182796165546
0.031794491133970634
0.032435013128555956
0.004182952456243668
0.004282077039730622
0.019733332701485546
0.03537498038017999
0.05419325723144439
0.07635701323727105
0.0833501285997923
0.12620480871616727
0.019795620078542752
0.10603543856744838
0.06639907084897238
0.048018967824040616
0.041532462177977084
0.052267173918244036
0.06238660885448286
0.024683563364928385
0.0014125289077888286
0.02313120893386206
0.0896516278636469
0.07481619427413554
0.010109807226721413
0.07580407975058574
0.0773774196781853
0.008701997495275839
0.05968325777242584
0.04927408707647474
0.013136347026168504
0.06914739617159628
0.07693370614501667
0.019324109947785276
0.009045858288959806
0.07634168744618824
0.02078052204592586
0.01464628546262169
0.07174297238465774
0.08775424793859465
0.007448926155450076
0.12712658219708592
0.08028248849791884
0.048314424376672147
0.02320526720948896
0.0035591294362286754
0.03459027139963635
0.00580874668969414
0.04519679940558855
0.06873977733771704
0.12261069439819493
0.009595969433950071
0.007251367271525073
0.07093718876936057
0.0376056702849371
0.028898532452705794
0.005332991386017036
0.06765984117592566
0.0035819648463012873
0.009362780339785283
0.03856649755440128
0.009224250488224114
0.05071081275350523
0.04550703872752457
0.017297154068870287
0.017279691686418113
0.01784232068752634
0.011167060072312393
0.09289682216077652
0.028562245428393477
0.12103710583520418
0.08451783832842566
0.1200865501031857
0.04045883698307203
0.045715840426187454
0.008693741787089766
0.043665330530736506
0.003506089956820579
0.011007626111172777
0.007612482214774951
0.015825991031886394
0.05097523061653621
0.006504469714683598
0.07021673990532318
0.01566961691252724
0.06923048616489555
0.035227740397705404
0.05607130242176923
0.06867371005905033
9.597225111878192E-4
0.01761015953929923
0.06918383102774738
0.05925935531950748
0.035836799110645585
0.1021891131592343
0.030421810363078904
0.014436316786811478
0.0144872423501611
0.023143114009644097
0.09245638432167935
0.053493646112519506
0.07016532242822766
0.07028322945559747
0.1358023893217504
0.1265939126163039
0.005163876996401766
0.04918996540345491
0.23583230386911924
0.008857708984627012
0.045811798172955234
0.039648147663410835
0.4296680474380777
0.13049210836877276
0.2818608067299395
0.3780854688567941
0.19894416197681122
0.24466726264556593
0.2973485127260862
0.49287136824531663
0.016323411652451245
0.08332704567700122
0.20904501806242365
0.34693341495504754
0.14726099692114702
0.08053459881590068
1.0
0.3464901809833252
0.49821942698771654
0.5586449915680632
0.2077803024524728
0.19089990671171603
0.37716175108289995
0.0026329338702486796
0.2697062604089914
0.264724780617384
0.12111902503689102
0.3942077336703798
0.36782420352536166
0.1279420174499944
0.32264394073162933
0.30307941007769046
0.23464336853418521
0.04243070000490534
0.6187587576510513
0.23263728901394212
0.056996833937957105
0.1320270849076163
0.22483826871208243
0.1693864077582778
0.571021111349342
0.052820627527015745
0.31712983314928533
0.016315069482236263
0.21214364508987008
0.1720596307175355
0.19637832905295272
0.0922166822359826
0.08346247933640032
0.177716973115325
0.061446719673348256
0.105325006747341
0.2557054391552355
0.03383562607523938
0.43368035937610805
0.04664098691366759
0.08776623590528979
0.2622415669944218
0.018032385876292082
0.13012547768473773
0.0249616558502163
0.09460107202856935
0.19973196272032775
0.1543180695095703
0.11190567177300247
0.1639951335797185
0.4943647313541497
0.31997049400315203
0.07950523356032485
0.3578581472743158
0.05940404515160152
0.00437529574385658
0.5218871673401433
0.40620922289511946
0.016661091451435905
0.08216530391413375
0.17749879470152183
0.21377350809419896
0.10493474539573022
0.2473664187549608
0.2764319762655654
0.011255298317897665
0.33864600431414593
0.17299492345809672
0.2309245229909139
0.1871735131066301
0.15598200272186938
0.02665757388036829
0.005721093378550455
0.197771625790518
0.21559792544687686
0.05048038816485254
0.3675387214361385
0.003943008006550627
0.055499674900394036
0.0861728976609477
0.19743502091598342
0.0641336780662691
0.09035582402155137
0.02477648281606033
0.04572880264682587
0.020082937640595384
0.06057283127257422
0.024358363396053948
0.11205668911001766
0.17148252135577155
0.1462116145024181
0.06007791528813221
0.12508973544399268
0.17368853756064354
0.03377796487624662
0.0129231907555974
0.057472950420303044
0.003979446606037805
0.22376118223023705
0.09415151270309258
0.07394596504001286
0.043354176444900236
0.008805543734633488
0.09033185488897728
0.09984184919056863
0.0214880012749683
0.10921568020180374
0.07846186281490164
7.751162847053701E-4
0.016759286776725425
0.07349031138167278
0.03806663910452618
0.07782509534920176
0.04876938083824735
0.004100035601345913
0.012417573283094556
0.028852912743816586
0.05733146890934635
0.011250917595192289
0.10475954721445582
0.0336247526486314
0.008083074559222147
0.07214437304293257
0.04151931094333554
0.005955933388258478
0.12928609894409637
0.01919473011592179
0.009648135349424576
0.1087217339673484
0.03774216842520757
0.022671822243820604
0.1374869048791675
0.10691372148870769
0.04088930978006758
0.01679319805571412
0.07202462691079822
0.0869385876290664
0.07035489802311726
0.042598424841152636
0.08919764418151944
0.03875550996862617
0.0074263920039377125
0.10844210961820101
0.010628388822842665
0.034598984691619344
0.04994596905288697
0.05198686522590532
0.03556110968069996
0.010635428839509409
0.06268695965713003
0.012083842046150296
0.07521228543056514
0.0441600637885086
0.04904904059909665
0.036377160291845394
0.005547726483518736
0.01013172522836795
0.10677080554977755
0.061482930293368515
0.03506283825028352
0.09782641808616173
3.929116289577099E-4
0.03992749355200415
0.04801457238769881
0.07508560640537676
0.008354628331620168
0.037973109992686264
0.025120525529624727
0.013051104609376345
0.07711664320009459
0.08187291630025992
0.04803361846645487
0.06571926562987902
0.047982591760126855
0.07759204616708053
0.004694662468555133
0.046840319854058766
0.01624582495988586
0.010896667096613055
0.03893812262912162
0.03134192431067623
0.030455630202445672
0.05019868822251598
0.0015946510828068554
0.0034608290781103735
0.0116873683797002
0.05352936024784727
0.038522689886718274
0.0684265798275471
0.022964971912908617
0.06925657955576807
0.027652175922673505
0.04771752411803568
0.0445645360827173
0.013838759121633995
0.03307578672945098
0.023816415830228345
0.012722809412693275
0.0036407781207430964
0.039776658646067685
0.011216714345387877
0.07036003161724148
0.07816082417099078
0.057639177314619275
0.06397198778224947
0.05030383173769201
0.01690139753503749
0.05845844791325656
0.05957862626745513
0.047440972738355354
0.10988668578676838
0.02657747813303772
0.02574057591640007
0.041787595038499534
0.08632386546284672
0.03993199993549726
0.005651921372857791
0.020607810447396464
0.007107507681356428
0.05306267301612465
0.03538224459931993
0.0630932262117529
0.0760735884789469
0.048798977461462605
0.02645631690396033
0.06567685203958783
0.047732612989075336
0.049245545357574555
0.09638627636961856
0.09292718923255197
0.04857519205907913
0.07595865037212077
0.032938047702271364
0.05385693977885935
0.04276821884528244
0.03960062582230226
0.031244623147209594
0.0357967223822229
0.028504259804019574
0.0736081623448986
0.025958057741892866
0.05766305239162569
0.02002925403504701
0.021914383399053057
0.003975021967657736
0.07438685310684683
0.03320325805726683
0.10197225290064157
0.11262736339109017
0.018618916530525456
0.06524291920886434
0.0025877766535866275
0.017888593123953273
0.06596069413877122
0.014839391000022004
0.034899615624954944
0.10593350873749202
0.09855613492750132
0.019605928286362945
0.01144266364557197
0.012346681273590975
0.10696693500059365
0.05029754159756584
0.0774641217372396
0.057276509412678096
0.07044364722059049
0.037807110906005754
0.037019791865669914
0.02719300166194887
0.17282432920177324
0.04263500288122844
0.0760120351799502
0.0252352891468734
0.01302235153523407
0.08221089275179284
0.027783121640489673
0.04763349665521845
0.04605664842203695
0.013439652366386803
0.10689601819759245
0.04371045494351455
0.08714487326930717
0.020106465174177992
0.028477551364427256
0.04307915259207152
0.00947790735391934
0.03927640616982623
0.06945998567406345
0.0066605440043427935
0.021405843749023854
0.025641981836151788
0.07320134047458761
0.08796911799267748
0.014535348560486716
0.00901351128755451
0.07782758373503197
0.01660147807710051
0.008635231796001622
0.09514720790195319
0.008635231796001622
0.01660147807710051
0.07782758373503197
0.00901351128755451
0.014535348560486716
0.08796911799267748
0.07320134047458761
0.025641981836151788
0.021405843749023854
0.0066605440043427935
0.06945998567406345
0.03927640616982623
0.00947790735391934
0.04307915259207152
0.028477551364427256
0.020106465174177992
0.08714487326930717
0.04371045494351455
0.10689601819759245
0.013439652366386803
0.04605664842203695
0.04763349665521845
0.027783121640489673
0.08221089275179284
0.01302235153523407
0.0252352891468734
0.0760120351799502
0.04263500288122844
0.17282432920177324
0.02719300166194887
0.037019791865669914
0.037807110906005754
0.07044364722059049
0.057276509412678096
0.0774641217372396
0.05029754159756584
0.10696693500059365
0.012346681273590975
0.01144266364557197
0.019605928286362945
0.09855613492750132
0.10593350873749202
0.034899615624954944
0.014839391000022004
0.06596069413877122
0.017888593123953273
0.0025877766535866275
0.06524291920886434
0.018618916530525456
0.11262736339109017
0.10197225290064157
0.03320325805726683
0.07438685310684683
0.003975021967657736
0.021914383399053057
0.02002925403504701
0.05766305239162569
0.025958057741892866
0.0736081623448986
0.028504259804019574
0.0357967223822229
0.031244623147209594
0.03960062582230226
0.04276821884528244
0.05385693977885935
0.032938047702271364
0.07595865037212077
0.04857519205907913
0.09292718923255197
0.09638627636961856
0.049245545357574555
0.047732612989075336
0.06567685203958783
0.02645631690396033
0.048798977461462605
0.0760735884789469
0.0630932262117529
0.03538224459931993
0.05306267301612465
0.007107507681356428
0.020607810447396464
0.005651921372857791
0.03993199993549726
0.08632386546284672
0.041787595038499534
0.02574057591640007
0.02657747813303772
0.10988668578676838
0.047440972738355354
0.05957862626745513
0.05845844791325656
0.01690139753503749
0.05030383173769201
0.06397198778224947
0.057639177314619275
0.07816082417099078
0.07036003161724148
0.011216714345387877
0.039776658646067685
0.0036407781207430964
0.012722809412693275
0.023816415830228345
0.03307578672945098
0.013838759121633995
0.0445645360827173
0.04771752411803568
0.027652175922673505
0.06925657955576807
0.022964971912908617
0.0684265798275471
0.038522689886718274
0.05352936024784727
0.0116873683797002
0.0034608290781103735
0.0015946510828068554
0.05019868822251598
0.030455630202445672
0.03134192431067623
0.03893812262912162
0.010896667096613055
0.01624582495988586
0.046840319854058766
0.004694662468555133
0.07759204616708053
0.047982591760126855
0.06571926562987902
0.04803361846645487
0.08187291630025992
0.07711664320009459
0.013051104609376345
0.025120525529624727
0.037973109992686264
0.008354628331620168
0.07508560640537676
0.04801457238769881
0.03992749355200415
3.929116289577099E-4
0.09782641808616173
0.03506283825028352
0.061482930293368515
0.10677080554977755
0.01013172522836795
0.005547726483518736
0.036377160291845394
0.04904904059909665
0.0441600637885086
0.07521228543056514
0.012083842046150296
0.06268695965713003
0.010635428839509409
0.03556110968069996
0.05198686522590532
0.04994596905288697
0.034598984691619344
0.010628388822842665
0.10844210961820101
0.0074263920039377125
0.03875550996862617
0.08919764418151944
0.042598424841152636
0.07035489802311726
0.0869385876290664
0.07202462691079822
0.01679319805571412
0.04088930978006758
0.10691372148870769
0.1374869048791675
0.022671822243820604
0.03774216842520757
0.1087217339673484
0.009648135349424576
0.01919473011592179
0.12928609894409637
0.005955933388258478
0.04151931094333554
0.07214437304293257
0.008083074559222147
0.0336247526486314
0.10475954721445582
0.011250917595192289
0.05733146890934635
0.028852912743816586
0.012417573283094556
0.004100035601345913
0.04876938083824735
0.07782509534920176
0.03806663910452618
0.07349031138167278
0.016759286776725425
7.751162847053701E-4
0.07846186281490164
0.10921568020180374
0.0214880012749683
0.09984184919056863
0.09033185488897728
0.008805543734633488
0.043354176444900236
0.07394596504001286
0.09415151270309258
0.22376118223023705
0.003979446606037805
0.057472950420303044
0.0129231907555974
0.03377796487624662
0.17368853756064354
0.12508973544399268
0.06007791528813221
0.1462116145024181
0.17148252135577155
0.11205668911001766
0.024358363396053948
0.06057283127257422
0.020082937640595384
0.04572880264682587
0.02477648281606033
0.09035582402155137
0.0641336780662691
0.19743502091598342
0.0861728976609477
0.055499674900394036
0.003943008006550627
0.3675387214361385
0.05048038816485254
0.21559792544687686
0.197771625790518
0.005721093378550455
0.02665757388036829
0.15598200272186938
0.1871735131066301
0.2309245229909139
0.17299492345809672
0.33864600431414593
0.011255298317897665
0.2764319762655654
0.2473664187549608
0.10493474539573022
0.21377350809419896
0.17749879470152183
0.08216530391413375
0.016661091451435905
0.40620922289511946
0.5218871673401433
0.00437529574385658
0.05940404515160152
0.3578581472743158
0.07950523356032485
0.31997049400315203
0.4943647313541497
0.1639951335797185
0.11190567177300247
0.1543180695095703
0.19973196272032775
0.09460107202856935
0.0249616558502163
0.13012547768473773
0.018032385876292082
0.2622415669944218
0.08776623590528979
0.04664098691366759
0.43368035937610805
0.03383562607523938
0.2557054391552355
0.105325006747341
0.061446719673348256
0.177716973115325
0.08346247933640032
0.0922166822359826
0.19637832905295272
0.1720596307175355
0.21214364508987008
0.016315069482236263
0.31712983314928533
0.052820627527015745
0.571021111349342
0.1693864077582778
0.22483826871208243
0.1320270849076163
0.056996833937957105
0.23263728901394212
0.6187587576510513
0.04243070000490534
0.23464336853418521
0.30307941007769046
0.32264394073162933
0.1279420174499944
0.36782420352536166
0.3942077336703798
0.12111902503689102
0.264724780617384
0.2697062604089914
0.0026329338702486796
0.37716175108289995
0.19089990671171603
0.2077803024524728
0.5586449915680632
0.49821942698771654
0.3464901809833252
1.0
0.08053459881590068
0.14726099692114702
0.34693341495504754
0.20904501806242365
0.08332704567700122
0.016323411652451245
0.49287136824531663
0.2973485127260862
0.24466726264556593
0.19894416197681122
0.3780854688567941
0.2818608067299395
0.13049210836877276
0.4296680474380777
0.039648147663410835
0.045811798172955234
0.008857708984627012
0.23583230386911924
0.04918996540345491
0.005163876996401766
0.1265939126163039
0.1358023893217504
0.07028322945559747
0.07016532242822766
0.053493646112519506
0.09245638432167935
0.023143114009644097
0.0144872423501611
0.014436316786811478
0.030421810363078904
0.1021891131592343
0.035836799110645585
0.05925935531950748
0.06918383102774738
0.01761015953929923
9.597225111878192E-4
0.06867371005905033
0.05607130242176923
0.035227740397705404
0.06923048616489555
0.01566961691252724
0.07021673990532318
0.006504469714683598
0.05097523061653621
0.015825991031886394
0.007612482214774951
0.011007626111172777
0.003506089956820579
0.043665330530736506
0.008693741787089766
0.045715840426187454
0.04045883698307203
0.1200865501031857
0.08451783832842566
0.12103710583520418
0.028562245428393477
0.09289682216077652
0.011167060072312393
0.01784232068752634
0.017279691686418113
0.017297154068870287
0.04550703872752457
0.05071081275350523
0.009224250488224114
0.03856649755440128
0.009362780339785283
0.0035819648463012873
0.06765984117592566
0.005332991386017036
0.028898532452705794
0.0376056702849371
0.07093718876936057
0.007251367271525073
0.009595969433950071
0.12261069439819493
0.06873977733771704
0.04519679940558855
0.00580874668969414
0.03459027139963635
0.0035591294362286754
0.02320526720948896
0.048314424376672147
0.08028248849791884
0.12712658219708592
0.007448926155450076
0.08775424793859465
0.07174297238465774
0.01464628546262169
0.02078052204592586
0.07634168744618824
0.009045858288959806
0.019324109947785276
0.07693370614501667
0.06914739617159628
0.013136347026168504
0.04927408707647474
0.05968325777242584
0.008701997495275839
0.0773774196781853
0.07580407975058574
0.010109807226721413
0.07481619427413554
0.0896516278636469
0.02313120893386206
0.0014125289077888286
0.024683563364928385
0.06238660885448286
0.052267173918244036
0.041532462177977084
0.048018967824040616
0.06639907084897238
0.10603543856744838
0.019795620078542752
0.12620480871616727
0.0833501285997923
0.07635701323727105
0.05419325723144439
0.03537498038017999
0.019733332701485546
0.004282077039730622
0.004182952456243668
0.032435013128555956
0.031794491133970634
0.048091182796165546
0.04583126991137586
0.04630943424169622
0.2228434299610989
0.060209876226633256
0.004647484540448557
0.10049283837441338
0.12863734276927413
0.06111408626435322
0.033904369790067425
0.00491847814041383
0.08649370251270487
0.03573389901751834
0.1513496187300503
0.004222521161342489
0.01772283077530604
0.055089759000327025
0.11488710888229915
0.016074576263664833
0.04086554688782689
0.07535584722529753
0.01910047369994582
0.13304690345319015
0.021484650598570767
0.2072794031307585
0.0204592786336834
0.012653639907462927
0.006958179628875497
0.13109089232723123
0.007880832346541711
0.16755014881085198
0.054375685097790005
0.15799674437001557
0.15436770735517083
0.08894365967745552
0.0975028615782077
0.0201878836763875
0.059011030076251206
0.06443911650639454
0.041106738199769816
