0.01972941847560598
0.017844507505577468
0.01000876057786106
0.013087171902973843
0.06629433771123265
0.06463520356666275
0.07218740337354507
0.08394756072602004
0.027006746631546837
0.09028367392843005
0.010792249717409498
0.06364802964611857
0.3154625777286143
0.14488581466718273
0.20771473306689575
0.2856553543014583
0.2325982522301361
0.1435853573487461
0.2136671394136915
0.126734851454564
0.14609447717779003
0.13848644870057675
0.28415875330825763
0.17600383170687103
0.5224924320166361
0.11988837464930573
0.4880170039618446
0.84980125487046
0.22820563558776624
0.45751932168320913
0.21787996301769624
0.46761496878695935
0.39320439540401325
0.480469445767607
0.005662560859114546
0.37864742119782185
0.5420435486465244
0.6732170377190291
0.8795826491665255
1.0
0.11272841509258517
0.036124994218664545
0.41959500340087635
0.31664807950102225
0.3262777289781861
0.20815754681740886
0.3007838736849042
0.057711836392065556
0.008287102862051804
0.16659862824700478
0.3975543236993957
0.1643394154101085
0.20980488870204284
0.08642295387211603
0.13808165052429042
0.34366236051396054
0.026411784307866018
0.12236792505142999
0.22751439728091113
0.1045205623356224
0.19833127249993301
0.0620263421619366
0.11686280538551673
0.0295589323756147
0.2887709966205955
0.0052125379756948875
0.22709369629803594
0.09612534717539775
0.1817777009711172
0.17534933064165295
0.11867094906271869
0.1365581107406371
0.3353648973107728
0.20895505160991518
0.11607220530321086
0.1304045099909808
0.16946285338058187
0.10438975750350442
0.0730255786092473
0.0739567315368144
0.017257876525715518
0.12127261869090358
0.1695088297491689
0.2056684874373277
0.08182515888620207
0.15780510083125396
0.08635163159710547
0.190012773830777
0.08322289572366179
0.15176750803438346
0.014344621948438326
0.019342058074819674
0.03942168053773146
5.990622517434517E-4
0.03048511787055716
0.020387442973053085
0.016123084560554963
0.14298357426563524
0.048385246736802015
0.02961245901045499
0.07076542445921702
0.16590125640201717
0.07198004041707462
0.22872992676097467
0.04755589642227662
0.06735391213395966
0.20733875806491667
0.028315617092850943
0.0013532127844782965
0.006022496102149749
0.016259612471918865
0.03248970463196217
0.04160920070097803
0.06638109111341095
0.45987774729787473
0.1895802340616212
0.10645290797892981
0.07513736351276769
0.2593672511145256
0.16769990303503707
0.34976916655544726
5.031921226286977E-4
0.007318161810143809
0.0438095135705782
0.029785705477959695
0.024154609238434422
0.21412693355919749
0.06168269714052071
0.027069068995922273
0.04758635634409766
1.18480099670421E-4
0.011909527530783072
0.05745079333646373
0.13558132796378583
0.05407101256952849
0.13060942564622371
0.10893096531973472
0.057955896313121084
0.049678593872995884
0.0062199947956553415
0.08566796639879305
0.035138923470894166
0.0864407090617903
0.0538501347946929
0.05355794170895168
0.0023308577480107093
0.023293930417791396
0.03079235350197054
0.010779634298342637
0.028997985231429563
0.03636151365687686
0.012004098846289411
0.05495077273324785
0.01271426068824922
0.006537673575495784
0.008687585827667597
0.004280173873772907
0.010207178638582299
1.770151476974243E-4
0.003047708429060087
0.0016877179950647875
0.00851829558224597
0.009558109073642532
0.0029181541492419617
0.020640209132202554
0.02507965912332855
0.011176131328409153
0.023552426185870567
0.011944892596205717
0.002194451095315232
0.012527420848514036
0.021722074880398685
0.007138592893085837
0.010251561418716073
0.00737693451297072
0.0063695074247059535
0.003706204493899864
0.003115205252766476
0.006697002813288366
0.0057142633225535245
0.007446339943491943
0.0010846542179642393
0.013907102609108704
0.0065344745237873696
0.008231265936793996
0.007742594515297708
8.379389842219383E-4
0.0060122729078561565
4.987906029667965E-4
0.004026612120041323
0.012783122901719114
0.0021112125267472312
0.005210403896317623
0.0012734304753915634
0.014764262218723134
0.01197655821697092
0.0014705959301700845
1.1830656659516967E-4
0.011495856437853402
0.005449305907014487
0.009372877336693433
0.011277431645175136
0.0016858609447098943
0.00787090210169737
0.011229082960299949
0.0034399290550196507
0.02134259130458149
0.0031169301408168907
0.008691284730119713
0.015675280671243616
0.005321872183153557
0.011457604606681276
0.012311814775642249
0.015299138592016905
4.394574964859022E-4
0.002415164665674959
0.002814485838155245
0.002264127764883039
0.00807647588571947
0.005226513981388964
0.02289620757730062
0.004880496267053961
0.0024191035747324285
0.013936009737992383
0.005815628413667933
0.017164677490906464
0.014331317685830203
0.0017756446869601503
0.004560691462098727
0.01630172641360382
0.005426883414079688
0.005577392145267177
0.011627700993891162
0.006817698845881791
0.012245211752414891
0.011665310582161602
0.005900930649965571
0.001909187951739196
0.004650490992056341
0.0034900230481335255
0.022900472479790844
0.005948644885265003
0.00339771056842426
0.0029774697841672766
7.425458059548154E-4
0.0049739595767048185
5.311541379263184E-4
0.01583957519415316
9.723366269671519E-4
0.01645265129985348
0.02353697437950629
0.017056066672200387
0.001930036758689705
0.0018868605590160235
0.0030347842836001993
0.002777237353818373
0.00461375284961152
0.014372177904901036
0.00300913932059887
0.003595406755583982
0.009545023211457657
0.0013962858656515627
8.946090292240384E-4
0.0025147810513642256
0.0015046481192210125
0.008023495045412438
0.004856761708818695
0.005333594487661845
0.0015470149911837915
8.033601788478772E-4
0.0017803232780258217
0.002063132815698226
0.0017339143759789928
0.010421478323502641
0.009958137408030225
0.008516295066753889
0.003592511945233935
0.005292299555048222
9.626441384365785E-4
0.004340785575161123
0.0019857460263042826
0.004331571939715573
0.005901310721868437
0.0010997942247666056
0.0034476595467718848
7.140091893511938E-4
0.0014340766973868215
0.00378852524955759
0.005657523487321401
7.861458862277796E-4
0.004892002107443059
0.002930335704301223
0.0016414205087829556
0.003991229153256685
0.0044294908030435756
0.005653115061141118
6.415111054305528E-4
0.0029556228897734045
0.004721791179590242
0.007764805379517619
3.983137402796125E-4
0.0012955531748577794
0.003418947596524438
0.004403137636691015
0.0027238803649237173
0.009885259624851761
0.0052272823166084805
0.005439290346979323
0.0020136810597521115
1.9407846402349786E-4
0.0026922224392285435
0.004405742829003865
0.0018800248773441915
8.543721716502964E-4
0.0010192536454602466
0.003440124684432521
5.093786178809636E-4
1.7063548884073995E-4
9.006458261668879E-4
2.1278753881729946E-5
3.315842789585744E-5
2.380716840619493E-4
0.002987296258265286
4.025520940318209E-5
5.8678960152505E-4
3.2908495023251225E-4
0.001789259328011701
0.001925525178161893
5.617573151933655E-4
1.8872684402148842E-4
0.0025589195733441384
0.0011292059487250606
0.0014197771586237089
0.0021801929100188425
0.002862031536797613
4.5191541598298585E-4
5.894846050859584E-4
0.003918438809659773
0.0011233402482273744
5.25876915119325E-4
0.0010044281955759414
2.0278857159974534E-5
8.225925080223077E-4
0.0024234587961479708
0.0010702553870762237
3.005743685572052E-4
0.0016205734559420466
0.0017032464251539893
8.741863993225439E-4
0.002544813928193384
7.602158758880489E-4
4.173809657758367E-4
0.001101811440486503
0.001720345107286292
9.71020018326793E-4
0.001266615920420145
0.0028585609598827865
0.0015551040043120332
0.001856660245824903
0.002465647337796909
8.573312840865416E-4
3.188963843543613E-4
0.0019274695119909486
1.4097246482779516E-4
2.182098793110613E-4
0.0010807511480671913
6.797226188627573E-4
0.001177978693095881
2.548609481813799E-4
6.946947181899569E-4
6.51408510482304E-4
7.312466040505695E-4
6.0867784514218506E-5
0.00102990786697985
3.104743455815158E-4
1.4003943318106922E-5
8.660248270811998E-4
4.647934301763795E-5
7.641997361086499E-4
5.70458809221349E-4
7.5952679639028E-4
6.457358307586634E-5
2.5173179413728956E-4
3.1203626897640925E-4
0.0010738298755079904
8.961444328023638E-5
0.0010934097114293432
1.3358049966008152E-4
0.0010965398576907519
4.588065087865097E-4
1.61597944287261E-4
5.234953634083313E-4
0.0012481670451435106
0.001021852416286204
3.015145446673209E-4
8.034438789945524E-4
4.923175746472419E-4
5.42590924168449E-4
2.8481259948419206E-4
8.415174574199633E-4
1.502813950041355E-4
2.006428771919789E-4
3.1118357002532266E-4
4.30588392794174E-5
3.8770411329211397E-4
6.290345261253527E-4
1.4251293561402497E-4
4.461498721633028E-4
7.036733417553641E-4
2.549322996468483E-4
7.40169497601857E-4
2.9400395088898944E-5
3.7960341484484424E-4
5.189247048514121E-4
2.4705948445813577E-4
3.7631332309502705E-4
3.158981412612695E-5
1.681429060351119E-4
2.1494097285039472E-4
1.28570261583675E-4
4.089345543675711E-4
6.631651393495472E-4
4.942559708348041E-4
4.1663607083557315E-4
4.128257695882477E-4
1.819858672883749E-4
4.115325393188869E-4
5.837427423553885E-4
3.736668162605024E-4
3.605990395913756E-4
4.493182675739578E-4
1.716166540402494E-4
7.602573670561404E-5
7.502030136330633E-4
2.338919955408354E-4
3.54606763243043E-4
2.5377078842760045E-4
7.478425209242268E-4
9.569537231710644E-5
3.6356245323992687E-4
3.0471841637130423E-4
2.2261213609405794E-4
2.9567852900813706E-4
6.336481640741123E-4
2.225639737214118E-4
2.2126481426667187E-4
5.545155696370339E-4
2.060096097695361E-5
9.112433242242602E-4
2.239378400937453E-4
5.078151971671888E-4
1.0279130011427623E-4
1.5674592542164114E-4
2.3550051676511768E-4
1.536775472209574E-4
2.544461229100869E-4
6.472242950527307E-5
1.5513032219390753E-4
3.174108635508894E-4
1.3512045746420459E-4
4.2932413351850926E-4
1.084495579367944E-4
2.715947479434452E-4
1.084495579367944E-4
4.2932413351850926E-4
1.3512045746420459E-4
3.174108635508894E-4
1.5513032219390753E-4
6.472242950527307E-5
2.544461229100869E-4
1.536775472209574E-4
2.3550051676511768E-4
1.5674592542164114E-4
1.0279130011427623E-4
5.078151971671888E-4
2.239378400937453E-4
9.112433242242602E-4
2.060096097695361E-5
5.545155696370339E-4
2.2126481426667187E-4
2.225639737214118E-4
6.336481640741123E-4
2.9567852900813706E-4
2.2261213609405794E-4
3.0471841637130423E-4
3.6356245323992687E-4
9.569537231710644E-5
7.478425209242268E-4
2.5377078842760045E-4
3.54606763243043E-4
2.338919955408354E-4
7.502030136330633E-4
7.602573670561404E-5
1.716166540402494E-4
4.493182675739578E-4
3.605990395913756E-4
3.736668162605024E-4
5.837427423553885E-4
4.115325393188869E-4
1.819858672883749E-4
4.128257695882477E-4
4.1663607083557315E-4
4.942559708348041E-4
6.631651393495472E-4
4.089345543675711E-4
1.28570261583675E-4
2.1494097285039472E-4
1.681429060351119E-4
3.158981412612695E-5
3.7631332309502705E-4
2.4705948445813577E-4
5.189247048514121E-4
3.7960341484484424E-4
2.9400395088898944E-5
7.40169497601857E-4
2.549322996468483E-4
7.036733417553641E-4
4.461498721633028E-4
1.4251293561402497E-4
6.290345261253527E-4
3.8770411329211397E-4
4.30588392794174E-5
3.1118357002532266E-4
2.006428771919789E-4
1.502813950041355E-4
8.415174574199633E-4
2.8481259948419206E-4
5.42590924168449E-4
4.923175746472419E-4
8.034438789945524E-4
3.015145446673209E-4
0.001021852416286204
0.0012481670451435106
5.234953634083313E-4
1.61597944287261E-4
4.588065087865097E-4
0.0010965398576907519
1.3358049966008152E-4
0.0010934097114293432
8.961444328023638E-5
0.0010738298755079904
3.1203626897640925E-4
2.5173179413728956E-4
6.457358307586634E-5
7.5952679639028E-4
5.70458809221349E-4
7.641997361086499E-4
4.647934301763795E-5
8.660248270811998E-4
1.4003943318106922E-5
3.104743455815158E-4
0.00102990786697985
6.0867784514218506E-5
7.312466040505695E-4
6.51408510482304E-4
6.946947181899569E-4
2.548609481813799E-4
0.001177978693095881
6.797226188627573E-4
0.0010807511480671913
2.182098793110613E-4
1.4097246482779516E-4
0.0019274695119909486
3.188963843543613E-4
8.573312840865416E-4
0.002465647337796909
0.001856660245824903
0.0015551040043120332
0.0028585609598827865
0.001266615920420145
9.71020018326793E-4
0.001720345107286292
0.001101811440486503
4.173809657758367E-4
7.602158758880489E-4
0.002544813928193384
8.741863993225439E-4
0.0017032464251539893
0.0016205734559420466
3.005743685572052E-4
0.0010702553870762237
0.0024234587961479708
8.225925080223077E-4
2.0278857159974534E-5
0.0010044281955759414
5.25876915119325E-4
0.0011233402482273744
0.003918438809659773
5.894846050859584E-4
4.5191541598298585E-4
0.002862031536797613
0.0021801929100188425
0.0014197771586237089
0.0011292059487250606
0.0025589195733441384
1.8872684402148842E-4
5.617573151933655E-4
0.001925525178161893
0.001789259328011701
3.2908495023251225E-4
5.8678960152505E-4
4.025520940318209E-5
0.002987296258265286
2.380716840619493E-4
3.315842789585744E-5
2.1278753881729946E-5
9.006458261668879E-4
1.7063548884073995E-4
5.093786178809636E-4
0.003440124684432521
0.0010192536454602466
8.543721716502964E-4
0.0018800248773441915
0.004405742829003865
0.0026922224392285435
1.9407846402349786E-4
0.0020136810597521115
0.005439290346979323
0.0052272823166084805
0.009885259624851761
0.0027238803649237173
0.004403137636691015
0.003418947596524438
0.0012955531748577794
3.983137402796125E-4
0.007764805379517619
0.004721791179590242
0.0029556228897734045
6.415111054305528E-4
0.005653115061141118
0.0044294908030435756
0.003991229153256685
0.0016414205087829556
0.002930335704301223
0.004892002107443059
7.861458862277796E-4
0.005657523487321401
0.00378852524955759
0.0014340766973868215
7.140091893511938E-4
0.0034476595467718848
0.0010997942247666056
0.005901310721868437
0.004331571939715573
0.0019857460263042826
0.004340785575161123
9.626441384365785E-4
0.005292299555048222
0.003592511945233935
0.008516295066753889
0.009958137408030225
0.010421478323502641
0.0017339143759789928
0.002063132815698226
0.0017803232780258217
8.033601788478772E-4
0.0015470149911837915
0.005333594487661845
0.004856761708818695
0.008023495045412438
0.0015046481192210125
0.0025147810513642256
8.946090292240384E-4
0.0013962858656515627
0.009545023211457657
0.003595406755583982
0.00300913932059887
0.014372177904901036
0.00461375284961152
0.002777237353818373
0.0030347842836001993
0.0018868605590160235
0.001930036758689705
0.017056066672200387
0.02353697437950629
0.01645265129985348
9.723366269671519E-4
0.01583957519415316
5.311541379263184E-4
0.0049739595767048185
7.425458059548154E-4
0.0029774697841672766
0.00339771056842426
0.005948644885265003
0.022900472479790844
0.0034900230481335255
0.004650490992056341
0.001909187951739196
0.005900930649965571
0.011665310582161602
0.012245211752414891
0.006817698845881791
0.011627700993891162
0.005577392145267177
0.005426883414079688
0.01630172641360382
0.004560691462098727
0.0017756446869601503
0.014331317685830203
0.017164677490906464
0.005815628413667933
0.013936009737992383
0.0024191035747324285
0.004880496267053961
0.02289620757730062
0.005226513981388964
0.00807647588571947
0.002264127764883039
0.002814485838155245
0.002415164665674959
4.394574964859022E-4
0.015299138592016905
0.012311814775642249
0.011457604606681276
0.005321872183153557
0.015675280671243616
0.008691284730119713
0.0031169301408168907
0.02134259130458149
0.0034399290550196507
0.011229082960299949
0.00787090210169737
0.0016858609447098943
0.011277431645175136
0.009372877336693433
0.005449305907014487
0.011495856437853402
1.1830656659516967E-4
0.0014705959301700845
0.01197655821697092
0.014764262218723134
0.0012734304753915634
0.005210403896317623
0.0021112125267472312
0.012783122901719114
0.004026612120041323
4.987906029667965E-4
0.0060122729078561565
8.379389842219383E-4
0.007742594515297708
0.008231265936793996
0.0065344745237873696
0.013907102609108704
0.0010846542179642393
0.007446339943491943
0.0057142633225535245
0.006697002813288366
0.003115205252766476
0.003706204493899864
0.0063695074247059535
0.00737693451297072
0.010251561418716073
0.007138592893085837
0.021722074880398685
0.012527420848514036
0.002194451095315232
0.011944892596205717
0.023552426185870567
0.011176131328409153
0.02507965912332855
0.020640209132202554
0.0029181541492419617
0.009558109073642532
0.00851829558224597
0.0016877179950647875
0.003047708429060087
1.770151476974243E-4
0.010207178638582299
0.004280173873772907
0.008687585827667597
0.006537673575495784
0.01271426068824922
0.05495077273324785
0.012004098846289411
0.03636151365687686
0.028997985231429563
0.010779634298342637
0.03079235350197054
0.023293930417791396
0.0023308577480107093
0.05355794170895168
0.0538501347946929
0.0864407090617903
0.035138923470894166
0.08566796639879305
0.0062199947956553415
0.049678593872995884
0.057955896313121084
0.10893096531973472
0.13060942564622371
0.05407101256952849
0.13558132796378583
0.05745079333646373
0.011909527530783072
1.18480099670421E-4
0.04758635634409766
0.027069068995922273
0.06168269714052071
0.21412693355919749
0.024154609238434422
0.029785705477959695
0.0438095135705782
0.007318161810143809
5.031921226286977E-4
0.34976916655544726
0.16769990303503707
0.2593672511145256
0.07513736351276769
0.10645290797892981
0.1895802340616212
0.45987774729787473
0.06638109111341095
0.04160920070097803
0.03248970463196217
0.016259612471918865
0.006022496102149749
0.0013532127844782965
0.028315617092850943
0.20733875806491667
0.06735391213395966
0.04755589642227662
0.22872992676097467
0.07198004041707462
0.16590125640201717
0.07076542445921702
0.02961245901045499
0.048385246736802015
0.14298357426563524
0.016123084560554963
0.020387442973053085
0.03048511787055716
5.990622517434517E-4
0.03942168053773146
0.019342058074819674
0.014344621948438326
0.15176750803438346
0.08322289572366179
0.190012773830777
0.08635163159710547
0.15780510083125396
0.08182515888620207
0.2056684874373277
0.1695088297491689
0.12127261869090358
0.017257876525715518
0.0739567315368144
0.0730255786092473
0.10438975750350442
0.16946285338058187
0.1304045099909808
0.11607220530321086
0.20895505160991518
0.3353648973107728
0.1365581107406371
0.11867094906271869
0.17534933064165295
0.1817777009711172
0.09612534717539775
0.22709369629803594
0.0052125379756948875
0.2887709966205955
0.0295589323756147
0.11686280538551673
0.0620263421619366
0.19833127249993301
0.1045205623356224
0.22751439728091113
0.12236792505142999
0.026411784307866018
0.34366236051396054
0.13808165052429042
0.08642295387211603
0.20980488870204284
0.1643394154101085
0.3975543236993957
0.16659862824700478
0.008287102862051804
0.057711836392065556
0.3007838736849042
0.20815754681740886
0.3262777289781861
0.31664807950102225
0.41959500340087635
0.036124994218664545
0.11272841509258517
1.0
0.8795826491665255
0.6732170377190291
0.5420435486465244
0.37864742119782185
0.005662560859114546
0.480469445767607
0.39320439540401325
0.46761496878695935
0.21787996301769624
0.45751932168320913
0.22820563558776624
0.84980125487046
0.4880170039618446
0.11988837464930573
0.5224924320166361
0.17600383170687103
0.28415875330825763
0.13848644870057675
0.14609447717779003
0.126734851454564
0.2136671394136915
0.1435853573487461
0.2325982522301361
0.2856553543014583
0.20771473306689575
0.14488581466718273
0.3154625777286143
0.06364802964611857
0.010792249717409498
0.09028367392843005
0.027006746631546837
0.08394756072602004
0.07218740337354507
0.06463520356666275
0.06629433771123265
0.013087171902973843
0.01000876057786106
0.017844507505577468
