0.10641915794293487
0.04542675858798024
0.013074321967038526
0.024546312548294053
0.07323014998889688
0.08597374259758558
0.1557176930672495
0.16100830538487576
0.0085875617253625
0.006959750434909557
0.049476132129188
0.14055336759747883
0.04372479161137457
0.17459589471082976
0.0808522315027174
0.03156445578661022
0.01563521431523848
0.03674776730747512
0.11020621966660377
0.0021287574606107178
0.07409190479152655
0.025717694904689906
0.011998163941415504
0.015188797059343735
0.12262381858006553
0.0331001796396797
0.04055492474288634
0.08471077828116837
0.01091925162091533
0.007567326502901529
0.090181873859617
0.07552388057492967
0.016524358575234172
0.028643080268834543
0.06412570789881497
0.04572763089958863
0.11212662507702777
0.023724208898112557
0.028660693731952524
0.1157328084525012
0.0037966508487746746
0.01746086620649648
0.044153851758800156
0.003554226257244579
0.13788169602944103
0.06779212563122118
0.06431530940115193
6.588043202911009E-5
0.10143549045997027
0.037192827517680806
0.06075365432208469
0.03524816590782308
0.046956750805634766
0.001206126715664762
0.008125294682733866
0.0702656530097652
0.07253836721709976
0.028639041230842172
0.018583996393961744
0.029793776558144094
0.07764462772518209
0.006255487336648337
0.0430817517550161
0.06807467574467162
0.08559730649942482
0.029748453512900036
0.005034545796899436
0.04110925149125644
0.028156884066287025
0.033220645169828325
0.004000810376204698
0.005730529909230197
0.06402039826171183
0.0010370781450479637
0.027636314367041784
0.07817969446847199
8.592646073773715E-5
0.04283483750925985
0.02662234205929205
0.00419456265165929
0.11258948983173445
0.0805060213224298
0.03455638754810748
3.182985311029588E-4
0.06265914922518792
0.035305864766507794
0.04693646720140774
0.04276306731267934
0.037857856273484494
0.07835193552328307
0.1365379280459141
0.02883108826259161
0.00675573367826392
8.545233325876801E-4
0.0434380089175028
0.013181960488718886
0.043672724994032734
0.024204114596141097
0.04252927146885718
0.015476734191131887
0.03764777536170199
7.623093875273232E-4
0.032074779844318904
0.06313016927385448
0.08628429437487177
0.01615367899278486
0.053339811679265055
0.02719210660037283
0.02261513097467704
0.00834111002824484
0.09952165481694998
0.01819132902845942
0.007775004403757987
0.025862842058021134
0.008262050298706778
0.018738283184636665
0.0735758370076727
0.03234585508784896
0.03433787696479441
0.031410075335393806
0.012979701499579952
0.005557279671356599
0.017362827377374653
0.010859042786346822
0.07144786208546755
0.14754727357939798
0.06739653708330658
0.012655935068999232
0.08771281818238423
0.054842667416509866
0.02042952715371951
0.08165221864001213
0.03039082387393087
0.05663258933368247
0.09245037015002631
0.04961051210393884
0.32122906998141265
0.1420391431272456
0.06935629699341725
0.028752571202476557
0.18108798685139915
0.04539387101236112
0.04798080405212054
0.12300486495612911
0.00286492959650243
0.12687369540376509
0.05788263757152463
0.08338568671264596
0.06574557075948634
0.14123645472787708
0.10492255179108087
0.23805389335757834
0.03058987610019977
0.34546748316981873
0.2305748422096922
0.035728117821498394
0.006037344791564957
0.1162274438691788
0.011259293678290887
0.20745327972069105
0.02652654802346006
0.2916074496034967
0.10221077577562873
0.011493816413522194
0.025602530271197098
0.07526015139833471
0.12627472075003207
0.3661131287491936
0.35882980930731073
0.5636845785272359
0.5484178288682625
0.11403023109644445
0.13146491524299977
1.0
0.5115973317611837
0.13538564458479813
0.09879917764858083
0.2690637928118796
0.10485328875583803
0.20180691712053336
0.1623741277749204
0.21543056713187933
0.1136993793199284
0.004038310289299767
0.551888183968669
0.11454865294785303
0.39218377576728464
0.007104862952628827
0.2435545186364451
0.21189615916272028
0.34645025982615246
0.30448937960542827
0.2337146115410831
0.08454174909766328
0.22801839198472648
0.2286092733520594
0.5537160927429692
0.17918766587042867
0.3173190706118882
0.2759764906639301
0.1847532724559492
0.18999400909206962
0.04629704890568461
0.3812439084122075
0.27250372000320794
0.05128873892442817
0.44743508641951035
0.1247611151759692
0.2609121903832487
0.22724160816792952
0.12897584207304433
0.22448135570998912
0.14025297265921485
0.08101359295660739
0.47522114079465266
0.013237751962196356
0.1568263380212543
0.023030178118400465
0.10931495958164097
0.21652491595675677
0.1194360356785262
0.42724709752813306
0.09805284359062459
0.07569487076499211
0.2986826482852321
0.03847245638614165
0.07673894206973847
0.18288663312642214
0.31450002075919564
0.23719672936436964
0.034019044085806104
0.017736526323822478
0.09570742395186733
0.09818810225695848
0.15486473851450513
0.1255883501980437
0.004882734393508895
0.11710903849698076
0.03000978199836113
0.02764044397380177
0.1662883773801653
0.10838986648452012
0.24028495789345106
0.20498849862333918
0.07105972488323115
0.10123136203091823
0.0780705106766035
0.1428218399215525
0.10766627322916876
0.01635417660062862
0.16169911679578997
0.05290033100039083
0.05444596743877838
0.18375874646847448
0.05829625456881688
0.09006493390172565
0.08060270768078542
0.005628130294762499
0.07131071132953659
0.04822812212870101
0.0063790363006234075
0.011425597800774437
0.04173013778342542
0.008268972404175458
0.04760761660241116
0.022699554241522736
0.008517209772510527
0.0739694208732741
0.10388468311610709
0.056926289605972825
0.07806476940907653
0.008032325037929184
0.11697036948438126
0.015497914045405771
0.08873676194452655
0.03511638334942895
0.0552707689688268
0.04917756359942973
0.03549842275881806
0.05001310098946459
0.03712389192772738
0.09133048168207153
0.10356933731977455
0.005507705720026236
0.02793541501097995
0.006120022205734071
0.011165213446886812
0.031613955524289965
0.04341809194429161
0.015639404032422824
0.02803860009832288
0.06728715043207545
0.07275410468011206
0.0195777197267673
0.034105632615558164
0.059380425703268735
0.01776539165794963
0.00409918429773283
0.001626171018885473
0.06372223550023084
0.03345325379817768
0.036702822703104244
0.004871766776305077
0.06280398140761405
0.04938182996606728
0.0029337647962274518
0.047187105273590546
0.09271137101991267
0.13302394742866858
0.06466718459046018
0.017449291448610384
0.010876896803485192
0.04353726972533781
0.016510692931056486
0.031382784155276636
0.04580767214554403
0.08677775065860747
0.039082508862382855
0.024309267984199693
0.018684916099631285
0.05135133755621015
0.05724185438876557
0.022439088580156474
0.021636868046339842
0.04414885323598864
0.08018334742767032
0.07281101679773189
0.05806140453891197
0.057616479173836645
0.0018797925843759132
0.025266800484761046
0.06563217905693541
0.0370717506166486
0.0024076643255529348
0.028497238467661917
0.03079156530002733
0.028088432956222934
0.01840006900892935
0.021665858309693354
0.005429946418645261
0.057344028889136756
0.07900125025479839
0.05920980158763955
0.09101209491492492
0.05649702328530532
0.07803604615791995
0.0652255447295349
0.034107359012578636
0.020985477576097294
0.13147690931867323
0.0975281657455312
0.03445395463000773
0.10931593208964707
0.027660053398199075
0.032174963954399255
0.019881954094820745
0.04273166524344026
0.045940277635445115
0.04058548114839086
0.04114988279697503
0.03288264235103078
0.006023188901340723
0.0934882421622647
0.08928767885631675
0.11078191419713856
3.1729781250020353E-4
0.06459030032547795
0.07962449384317853
0.08266251482504249
0.06946360207986024
0.04826800669063587
0.0018285254610975923
0.03671480470943742
0.013518239867407201
0.036810278240926995
0.03528785813335742
0.003353362508906731
0.05606982470233512
0.03829852632479141
3.107431554197994E-4
0.01547174464403679
0.015298481234038494
0.05322763774277084
0.007395554082064786
0.04623452882413729
0.03396657434734861
0.033277225792543746
0.048025926287778166
0.04190688273631701
0.04030232534437198
0.041015373664233044
0.07456181461799637
0.011790659946373381
0.0605757315994242
0.0013288790289336509
0.020541478890428854
0.14684607576687764
0.022579718219483128
0.013585268391811414
0.014289037275081188
0.017533347528705702
0.05076513038879119
0.045887099816817066
0.008270674014664461
0.10158597239271086
0.037211131246770356
0.06427693347444675
0.05307925077238167
0.08794261076133002
0.029193833578433716
0.037078789681372154
0.03258281474697514
0.011418122792154267
0.002756408618672152
0.03605274750955155
0.037440093041457324
0.004591751686675099
0.0020751085149669315
0.03201420005676
0.00246020844239941
0.01446580558794883
0.02760346307263586
0.015379715056674905
0.01642277018098091
0.0277416663030517
0.009282542754265186
0.02569224227111128
0.056828340354072124
0.053295805511618305
0.07853278710927353
0.010963098362721723
0.0026375899744181955
0.009652309765131865
0.003802162191839003
0.06382623384938113
0.03314234179059388
0.016460102565877696
0.024781534603585745
0.06814183501493891
0.07524826643230245
0.04464961316068751
0.04050262447284849
0.043648534509334994
0.04095384028722948
0.06764778302727885
0.10542560165921284
0.030742842958112745
0.004131618762640172
0.052026637461877065
0.03190151207511799
0.05026545087896126
0.0708670049886562
0.04582112967796668
0.00419021459421099
0.07552454474235314
0.02237780317263336
0.0614715307698206
0.040470661777772095
0.1015144464898535
0.009940580880334561
0.055751432951039875
0.049566595734785904
0.035473052647644956
0.049566595734785904
0.055751432951039875
0.009940580880334561
0.1015144464898535
0.040470661777772095
0.0614715307698206
0.02237780317263336
0.07552454474235314
0.00419021459421099
0.04582112967796668
0.0708670049886562
0.05026545087896126
0.03190151207511799
0.052026637461877065
0.004131618762640172
0.030742842958112745
0.10542560165921284
0.06764778302727885
0.04095384028722948
0.043648534509334994
0.04050262447284849
0.04464961316068751
0.07524826643230245
0.06814183501493891
0.024781534603585745
0.016460102565877696
0.03314234179059388
0.06382623384938113
0.003802162191839003
0.009652309765131865
0.0026375899744181955
0.010963098362721723
0.07853278710927353
0.053295805511618305
0.056828340354072124
0.02569224227111128
0.009282542754265186
0.0277416663030517
0.01642277018098091
0.015379715056674905
0.02760346307263586
0.01446580558794883
0.00246020844239941
0.03201420005676
0.0020751085149669315
0.004591751686675099
0.037440093041457324
0.03605274750955155
0.002756408618672152
0.011418122792154267
0.03258281474697514
0.037078789681372154
0.029193833578433716
0.08794261076133002
0.05307925077238167
0.06427693347444675
0.037211131246770356
0.10158597239271086
0.008270674014664461
0.045887099816817066
0.05076513038879119
0.017533347528705702
0.014289037275081188
0.013585268391811414
0.022579718219483128
0.14684607576687764
0.020541478890428854
0.0013288790289336509
0.0605757315994242
0.011790659946373381
0.07456181461799637
0.041015373664233044
0.04030232534437198
0.04190688273631701
0.048025926287778166
0.033277225792543746
0.03396657434734861
0.04623452882413729
0.007395554082064786
0.05322763774277084
0.015298481234038494
0.01547174464403679
3.107431554197994E-4
0.03829852632479141
0.05606982470233512
0.003353362508906731
0.03528785813335742
0.036810278240926995
0.013518239867407201
0.03671480470943742
0.0018285254610975923
0.04826800669063587
0.06946360207986024
0.08266251482504249
0.07962449384317853
0.06459030032547795
3.1729781250020353E-4
0.11078191419713856
0.08928767885631675
0.0934882421622647
0.006023188901340723
0.03288264235103078
0.04114988279697503
0.04058548114839086
0.045940277635445115
0.04273166524344026
0.019881954094820745
0.032174963954399255
0.027660053398199075
0.10931593208964707
0.03445395463000773
0.0975281657455312
0.13147690931867323
0.020985477576097294
0.034107359012578636
0.0652255447295349
0.07803604615791995
0.05649702328530532
0.09101209491492492
0.05920980158763955
0.07900125025479839
0.057344028889136756
0.005429946418645261
0.021665858309693354
0.01840006900892935
0.028088432956222934
0.03079156530002733
0.028497238467661917
0.0024076643255529348
0.0370717506166486
0.06563217905693541
0.025266800484761046
0.0018797925843759132
0.057616479173836645
0.05806140453891197
0.07281101679773189
0.08018334742767032
0.04414885323598864
0.021636868046339842
0.022439088580156474
0.05724185438876557
0.05135133755621015
0.018684916099631285
0.024309267984199693
0.039082508862382855
0.08677775065860747
0.04580767214554403
0.031382784155276636
0.016510692931056486
0.04353726972533781
0.010876896803485192
0.017449291448610384
0.06466718459046018
0.13302394742866858
0.09271137101991267
0.047187105273590546
0.0029337647962274518
0.04938182996606728
0.06280398140761405
0.004871766776305077
0.036702822703104244
0.03345325379817768
0.06372223550023084
0.001626171018885473
0.00409918429773283
0.01776539165794963
0.059380425703268735
0.034105632615558164
0.0195777197267673
0.07275410468011206
0.06728715043207545
0.02803860009832288
0.015639404032422824
0.04341809194429161
0.031613955524289965
0.011165213446886812
0.006120022205734071
0.02793541501097995
0.005507705720026236
0.10356933731977455
0.09133048168207153
0.03712389192772738
0.05001310098946459
0.03549842275881806
0.04917756359942973
0.0552707689688268
0.03511638334942895
0.08873676194452655
0.015497914045405771
0.11697036948438126
0.008032325037929184
0.07806476940907653
0.056926289605972825
0.10388468311610709
0.0739694208732741
0.008517209772510527
0.022699554241522736
0.04760761660241116
0.008268972404175458
0.04173013778342542
0.011425597800774437
0.0063790363006234075
0.04822812212870101
0.07131071132953659
0.005628130294762499
0.08060270768078542
0.09006493390172565
0.05829625456881688
0.18375874646847448
0.05444596743877838
0.05290033100039083
0.16169911679578997
0.01635417660062862
0.10766627322916876
0.1428218399215525
0.0780705106766035
0.10123136203091823
0.07105972488323115
0.20498849862333918
0.24028495789345106
0.10838986648452012
0.1662883773801653
0.02764044397380177
0.03000978199836113
0.11710903849698076
0.004882734393508895
0.1255883501980437
0.15486473851450513
0.09818810225695848
0.09570742395186733
0.017736526323822478
0.034019044085806104
0.23719672936436964
0.31450002075919564
0.18288663312642214
0.07673894206973847
0.03847245638614165
0.2986826482852321
0.07569487076499211
0.09805284359062459
0.42724709752813306
0.1194360356785262
0.21652491595675677
0.10931495958164097
0.023030178118400465
0.1568263380212543
0.013237751962196356
0.47522114079465266
0.08101359295660739
0.14025297265921485
0.22448135570998912
0.12897584207304433
0.22724160816792952
0.2609121903832487
0.1247611151759692
0.44743508641951035
0.05128873892442817
0.27250372000320794
0.3812439084122075
0.04629704890568461
0.18999400909206962
0.1847532724559492
0.2759764906639301
0.3173190706118882
0.17918766587042867
0.5537160927429692
0.2286092733520594
0.22801839198472648
0.08454174909766328
0.2337146115410831
0.30448937960542827
0.34645025982615246
0.21189615916272028
0.2435545186364451
0.007104862952628827
0.39218377576728464
0.11454865294785303
0.551888183968669
0.004038310289299767
0.1136993793199284
0.21543056713187933
0.1623741277749204
0.20180691712053336
0.10485328875583803
0.2690637928118796
0.09879917764858083
0.13538564458479813
0.5115973317611837
1.0
0.13146491524299977
0.11403023109644445
0.5484178288682625
0.5636845785272359
0.35882980930731073
0.3661131287491936
0.12627472075003207
0.07526015139833471
0.025602530271197098
0.011493816413522194
0.10221077577562873
0.2916074496034967
0.02652654802346006
0.20745327972069105
0.011259293678290887
0.1162274438691788
0.006037344791564957
0.035728117821498394
0.2305748422096922
0.34546748316981873
0.03058987610019977
0.23805389335757834
0.10492255179108087
0.14123645472787708
0.06574557075948634
0.08338568671264596
0.05788263757152463
0.12687369540376509
0.00286492959650243
0.12300486495612911
0.04798080405212054
0.04539387101236112
0.18108798685139915
0.028752571202476557
0.06935629699341725
0.1420391431272456
0.32122906998141265
0.04961051210393884
0.09245037015002631
0.05663258933368247
0.03039082387393087
0.08165221864001213
0.02042952715371951
0.054842667416509866
0.08771281818238423
0.012655935068999232
0.06739653708330658
0.14754727357939798
0.07144786208546755
0.010859042786346822
0.017362827377374653
0.005557279671356599
0.012979701499579952
0.031410075335393806
0.03433787696479441
0.03234585508784896
0.0735758370076727
0.018738283184636665
0.008262050298706778
0.025862842058021134
0.007775004403757987
0.01819132902845942
0.09952165481694998
0.00834111002824484
0.02261513097467704
0.02719210660037283
0.053339811679265055
0.01615367899278486
0.08628429437487177
0.06313016927385448
0.032074779844318904
7.623093875273232E-4
0.03764777536170199
0.015476734191131887
0.04252927146885718
0.024204114596141097
0.043672724994032734
0.013181960488718886
0.0434380089175028
8.545233325876801E-4
0.00675573367826392
0.02883108826259161
0.1365379280459141
0.07835193552328307
0.037857856273484494
0.04276306731267934
0.04693646720140774
0.035305864766507794
0.06265914922518792
3.182985311029588E-4
0.03455638754810748
0.0805060213224298
0.11258948983173445
0.00419456265165929
0.02662234205929205
0.04283483750925985
8.592646073773715E-5
0.07817969446847199
0.027636314367041784
0.0010370781450479637
0.06402039826171183
0.005730529909230197
0.004000810376204698
0.033220645169828325
0.028156884066287025
0.04110925149125644
0.005034545796899436
0.029748453512900036
0.08559730649942482
0.06807467574467162
0.0430817517550161
0.006255487336648337
0.07764462772518209
0.029793776558144094
0.018583996393961744
0.028639041230842172
0.07253836721709976
0.0702656530097652
0.008125294682733866
0.001206126715664762
0.046956750805634766
0.03524816590782308
0.06075365432208469
0.037192827517680806
0.10143549045997027
6.588043202911009E-5
0.06431530940115193
0.06779212563122118
0.13788169602944103
0.003554226257244579
0.044153851758800156
0.01746086620649648
0.0037966508487746746
0.1157328084525012
0.028660693731952524
0.023724208898112557
0.11212662507702777
0.04572763089958863
0.06412570789881497
0.028643080268834543
0.016524358575234172
0.07552388057492967
0.090181873859617
0.007567326502901529
0.01091925162091533
0.08471077828116837
0.04055492474288634
0.0331001796396797
0.12262381858006553
0.015188797059343735
0.011998163941415504
0.025717694904689906
0.07409190479152655
0.0021287574606107178
0.11020621966660377
0.03674776730747512
0.01563521431523848
0.03156445578661022
0.0808522315027174
0.17459589471082976
0.04372479161137457
0.14055336759747883
0.049476132129188
0.006959750434909557
0.0085875617253625
0.16100830538487576
0.1557176930672495
0.08597374259758558
0.07323014998889688
0.024546312548294053
0.013074321967038526
0.04542675858798024
