0.013686885485687965
0.11190592953466803
0.10598990159481542
0.0072102067991988966
0.1971368244244952
0.042865985627074006
0.11957364751290585
0.24800248486858115
0.10860994660430338
0.1463652748378799
0.2103406162562037
0.19015114039576952
0.0513938885672412
0.11028926754372365
0.12435480782325967
0.15201213201294467
0.2850459062467327
0.08157389377741736
0.3214150760716863
0.049738628215060705
0.06212240855368786
0.08168023792855578
0.0904701461765889
0.19590553321687795
0.07865698492912941
0.0468425563651995
0.0885234638933062
0.0705594897891815
0.1839960654483772
0.0655839926716893
0.020868147466044405
0.07789020359007585
0.01635239753140069
0.030332903220757063
0.08371580039602061
0.12531431435018858
0.08100791685695853
0.013963279227816875
0.023269445496024322
0.07009249555634792
0.04996734492082031
0.004849779460101071
0.0034203113370689818
0.05505235337229765
0.10068077430160184
0.011788047651707009
0.0562996058829988
0.06620654323433389
0.06462852597184919
0.1368939415678568
0.09855232631561392
0.05207633661540579
0.10351119552288517
0.06255215735008607
0.09780429694401385
0.050223970906591926
0.05457113492961287
0.15002386049650313
0.11178457453469728
0.012099336271614554
0.016461157078364104
0.12485376304155893
0.08296237188764463
0.004839098028067988
0.19221086772345902
0.015202906257712251
0.07999730377327802
0.17897628874172467
0.07684409056267917
0.03383510062083659
0.14336482827646155
0.13093718994452463
0.1605849168862874
0.10441842889171797
5.724670118689398E-4
0.08078154809611073
0.05890221037406785
0.027865108054106677
0.009086332390750428
0.07410663493543912
0.12624313622767674
0.12875449322694327
0.03440874802810117
0.06729593388089196
0.01725633092694615
0.016141413440438044
0.06978468951490958
0.14840369742297665
0.08132086821905841
0.023725430247283297
0.21920392180073134
0.32900459084272926
0.05266797836263779
0.03279466485705922
0.08756919494381168
0.006935746570682167
0.019866989994983247
0.007443830208958029
0.029666314679971367
0.03565968107373104
0.06873195409238783
0.10054828558974872
0.06908707603628546
0.09981194427327605
0.08315572668103587
0.02290074873813016
0.021690228627328945
0.12635205122045615
0.12918082911443354
0.050940515567430567
0.07521744146003317
0.01187538733217509
0.09156436182547342
0.07790345550897813
0.059422270837889944
0.010493522910166971
0.037039110525846804
0.05676673289830167
0.04602721247497559
0.0016527758577432636
0.07865994055962638
0.12822807317026313
0.07948596759084971
0.02074969927623465
0.03435097118136202
0.14861058994961424
0.07823018426730109
0.1642196883325554
0.09710929767363669
0.11760858510003042
0.006357370535139012
0.09079006279778276
0.061054066501601244
0.017211804356869923
0.19277454720837042
0.126561089768881
0.07581697433657722
0.13597700839931476
0.17358311952966962
0.0702307134904852
0.08394677074741061
0.18904880507215072
0.14522320710282155
0.3162600140719387
0.05599378882973161
0.4113575497701987
0.22510349449847242
0.5058863068026508
0.3974462842781799
0.28063837377282813
0.022198678516400203
0.31636416784646615
0.013506155859055064
0.054969722482953585
0.9922991977123775
0.03807591626117971
0.09565254407437293
0.07281357310812772
0.9234486529856076
0.03140946299394801
0.13894423764521366
0.24113028592713204
0.6147086853185781
0.2619925727636852
0.705654235681115
0.33529831246519903
0.10004648037308445
0.7794597202731938
0.4087214244593955
0.042291987150012415
0.22369710432531928
0.44520991926869635
0.5344402693961008
1.0
0.8015593557682865
0.07169548393493202
0.12466755648354594
0.3079821454645469
0.022777282993859074
0.5911689428563012
0.7500538662831491
0.0684382594279819
0.44305208395859563
0.28604566721744307
0.2559046765605415
0.3269865116993736
0.44997204592639195
0.4388357788973839
0.4670829908324199
0.5245622302464081
0.45856464074177883
0.5909376693704724
0.045934665278632665
0.12241190226024491
0.3139056105165736
0.21964016870296635
0.10588435844086722
0.424556387322634
0.0823366003905205
0.2265197709152132
0.012037345993047855
0.4547021620811268
0.1517322379651312
0.33275238265412543
0.10208315305890453
0.24853260099664853
0.050709145356231805
0.1378473731798472
0.24014607150108447
0.04609526050033915
0.2152109077895289
0.46873882462571953
0.3117746800022786
0.252812549610539
0.465189096132701
0.036342937481764696
0.2861080297758182
0.28664469945054916
0.28462676961832434
0.09722126198965604
0.36741045583772286
0.18484835281404294
0.09414509837714344
0.26853015665606894
0.15317867345913966
0.0811236615539667
0.031022904791120437
0.21577931009669074
0.3657342849788581
0.258210257425827
0.10800481404435285
0.2737377097137593
0.10492886179265795
0.4663660243854525
0.019536495414396778
0.1568902541231499
0.30352090495758033
0.08458619587217704
0.19373885760639148
0.342721794624382
0.458344086061232
0.251503266404675
0.14800603431686501
0.16186555599960237
0.050338998017160845
0.1671533512972732
0.21164502293980444
0.02868216049138279
0.06598569723198554
0.06000243763362272
0.15828548318978913
0.23531335746143694
0.5786149413386074
0.16407595019184534
0.08619075001658125
0.11860179418255641
0.04661702946398421
0.18492525931044956
0.2987103495365698
0.20407026986607185
0.05393283929160245
0.20954271852011708
0.024194156022248496
0.027505293416348824
0.08270815930235341
0.02914185120515312
0.03481419527992865
0.006649646056292909
0.10555272689843043
0.03526953690260914
0.016116372088717773
0.07069456226381822
0.15363878589071173
0.08007056386404056
0.04042561117255276
0.08200320635767161
0.06739727590797343
0.07574659910339604
0.038060464162254365
0.09186443384931749
0.06269227565653736
0.18647914993890077
0.011520119116167807
0.0611204649539292
0.12005092678401695
0.14143385144460624
0.0648233618815834
0.036466002900921266
0.04388503748319138
0.02268586161752424
0.1399202233116291
0.1152325343493205
0.020917630148991343
0.042206273141300814
0.061598981143401364
0.14264881618855757
0.011755118766995238
0.004799743740381167
0.03659958508335155
0.011968302144191357
0.03175347853283681
0.08221784097441756
0.028154817181325183
0.0707870585509177
0.03636418018520488
0.18928843043993349
0.08112039884222802
0.10049672892433736
0.04790409919990788
0.036534898662644255
0.08105541741910503
0.031888900689727634
0.04643101142902599
0.053918484980128425
0.06056450347291087
0.00762405718972048
0.051447641185310644
0.07677629216841252
0.0055230569387443255
0.0303759665074404
0.14421061391267967
0.013671584399750877
0.07246175590698752
0.010855160698265597
0.08298135332855029
0.20184584060481048
0.01884572978438077
0.14100752556212373
0.047624721549817076
0.030440027220624548
0.07293857355404153
0.061346659942719164
0.1253570272570097
0.058853881032231735
0.05057115802540869
0.1154885504101636
0.06860190162885506
0.08125839092713814
0.05415992547202603
0.02440186768676396
0.06014426729505367
0.06879588121798111
0.04426898681503328
0.08291349121697718
0.10862801979655176
0.017832781493647473
0.04700450231486557
0.007346854264724356
0.008716673899976015
0.15263989513682322
0.012561435353223368
0.06418900706279958
0.05797985527207796
0.017432740531717984
0.05606228442791852
0.012899272552809928
0.014966983507144021
0.08513461247014341
0.055507437728572875
0.05887406014863242
0.003290583789830268
0.1606221189557628
0.008769443384844216
0.10346542284537406
0.05003725330814443
0.07614137675377611
0.022177857379650848
0.0745093466031616
0.07400434542459926
0.09678460757154748
0.05360508725443602
0.13479435540426513
0.045969135872918204
0.006213235145021323
0.0027191097656940754
0.02304531413651856
0.17839285427153137
0.05593615924598022
0.030674217185291047
0.0921642866905664
0.07033721986353805
0.08313705366037354
0.04530287143484798
0.08329021983211386
0.008383672378747594
0.12269063228846104
0.048212236250612814
0.0028495692279232663
0.09437015262769641
0.02547807131380086
0.005673174599660104
0.03727658710307152
0.06417894815617395
0.03151234999572611
4.021149072970728E-4
0.04350009087283095
0.02849753554359596
0.0279934340047477
0.09261630702652013
0.04830861944756615
0.10303795763916224
0.06235135387813318
0.001955634697988798
0.22360114143437965
0.08406030777061214
0.003044808902039821
0.049741326066292293
0.06246761556707556
0.05598777668053066
0.015853232054545807
0.10279565706533064
0.010039314908845522
0.10826437053552247
2.330200457203511E-4
0.0624027125530228
0.07477401055808583
0.006621135237500269
0.018046928391962924
0.028870925196504322
0.04388637592575293
0.022051688640905617
0.010537575359154089
0.03508591922484015
0.0013468506745908607
0.02853143130232774
0.11421751560903966
0.11544058550819897
0.07352117672112499
0.018084613341492764
0.031778298500579116
0.003406349065863953
0.026886119692721526
0.0306133529256127
0.04232865223151593
0.04793679719526849
0.10252958160298806
0.04836210856902229
0.09149980971163363
0.06319072202181451
0.028913153259564867
0.07348702806725269
0.06600875437249693
0.10946355898975779
0.034860760767890304
0.08864238548062715
0.06327026888423537
0.19915033414880023
0.25296792249541594
0.06921555523356003
0.05314232060835947
0.06370380224777657
0.03955794456801706
0.019454842580387485
0.022406690025989304
0.15866364566154667
0.06948223524931717
0.045280446489305265
0.11402053076870657
0.09248260282715563
0.015744005793698796
0.08799277956532471
0.009515209097596488
0.1505557403425676
0.009515209097596488
0.08799277956532471
0.015744005793698796
0.09248260282715563
0.11402053076870657
0.045280446489305265
0.06948223524931717
0.15866364566154667
0.022406690025989304
0.019454842580387485
0.03955794456801706
0.06370380224777657
0.05314232060835947
0.06921555523356003
0.25296792249541594
0.19915033414880023
0.06327026888423537
0.08864238548062715
0.034860760767890304
0.10946355898975779
0.06600875437249693
0.07348702806725269
0.028913153259564867
0.06319072202181451
0.09149980971163363
0.04836210856902229
0.10252958160298806
0.04793679719526849
0.04232865223151593
0.0306133529256127
0.026886119692721526
0.003406349065863953
0.031778298500579116
0.018084613341492764
0.07352117672112499
0.11544058550819897
0.11421751560903966
0.02853143130232774
0.0013468506745908607
0.03508591922484015
0.010537575359154089
0.022051688640905617
0.04388637592575293
0.028870925196504322
0.018046928391962924
0.006621135237500269
0.07477401055808583
0.0624027125530228
2.330200457203511E-4
0.10826437053552247
0.010039314908845522
0.10279565706533064
0.015853232054545807
0.05598777668053066
0.06246761556707556
0.049741326066292293
0.003044808902039821
0.08406030777061214
0.22360114143437965
0.001955634697988798
0.06235135387813318
0.10303795763916224
0.04830861944756615
0.09261630702652013
0.0279934340047477
0.02849753554359596
0.04350009087283095
4.021149072970728E-4
0.03151234999572611
0.06417894815617395
0.03727658710307152
0.005673174599660104
0.02547807131380086
0.09437015262769641
0.0028495692279232663
0.048212236250612814
0.12269063228846104
0.008383672378747594
0.08329021983211386
0.04530287143484798
0.08313705366037354
0.07033721986353805
0.0921642866905664
0.030674217185291047
0.05593615924598022
0.17839285427153137
0.02304531413651856
0.0027191097656940754
0.006213235145021323
0.045969135872918204
0.13479435540426513
0.05360508725443602
0.09678460757154748
0.07400434542459926
0.0745093466031616
0.022177857379650848
0.07614137675377611
0.05003725330814443
0.10346542284537406
0.008769443384844216
0.1606221189557628
0.003290583789830268
0.05887406014863242
0.055507437728572875
0.08513461247014341
0.014966983507144021
0.012899272552809928
0.05606228442791852
0.017432740531717984
0.05797985527207796
0.06418900706279958
0.012561435353223368
0.15263989513682322
0.008716673899976015
0.007346854264724356
0.04700450231486557
0.017832781493647473
0.10862801979655176
0.08291349121697718
0.04426898681503328
0.06879588121798111
0.06014426729505367
0.02440186768676396
0.05415992547202603
0.08125839092713814
0.06860190162885506
0.1154885504101636
0.05057115802540869
0.058853881032231735
0.1253570272570097
0.061346659942719164
0.07293857355404153
0.030440027220624548
0.047624721549817076
0.14100752556212373
0.01884572978438077
0.20184584060481048
0.08298135332855029
0.010855160698265597
0.07246175590698752
0.013671584399750877
0.14421061391267967
0.0303759665074404
0.0055230569387443255
0.07677629216841252
0.051447641185310644
0.00762405718972048
0.06056450347291087
0.053918484980128425
0.04643101142902599
0.031888900689727634
0.08105541741910503
0.036534898662644255
0.04790409919990788
0.10049672892433736
0.08112039884222802
0.18928843043993349
0.03636418018520488
0.0707870585509177
0.028154817181325183
0.08221784097441756
0.03175347853283681
0.011968302144191357
0.03659958508335155
0.004799743740381167
0.011755118766995238
0.14264881618855757
0.061598981143401364
0.042206273141300814
0.020917630148991343
0.1152325343493205
0.1399202233116291
0.02268586161752424
0.04388503748319138
0.036466002900921266
0.0648233618815834
0.14143385144460624
0.12005092678401695
0.0611204649539292
0.011520119116167807
0.18647914993890077
0.06269227565653736
0.09186443384931749
0.038060464162254365
0.07574659910339604
0.06739727590797343
0.08200320635767161
0.04042561117255276
0.08007056386404056
0.15363878589071173
0.07069456226381822
0.016116372088717773
0.03526953690260914
0.10555272689843043
0.006649646056292909
0.03481419527992865
0.02914185120515312
0.08270815930235341
0.027505293416348824
0.024194156022248496
0.20954271852011708
0.05393283929160245
0.20407026986607185
0.2987103495365698
0.18492525931044956
0.04661702946398421
0.11860179418255641
0.08619075001658125
0.16407595019184534
0.5786149413386074
0.23531335746143694
0.15828548318978913
0.06000243763362272
0.06598569723198554
0.02868216049138279
0.21164502293980444
0.1671533512972732
0.050338998017160845
0.16186555599960237
0.14800603431686501
0.251503266404675
0.458344086061232
0.342721794624382
0.19373885760639148
0.08458619587217704
0.30352090495758033
0.1568902541231499
0.019536495414396778
0.4663660243854525
0.10492886179265795
0.2737377097137593
0.10800481404435285
0.258210257425827
0.3657342849788581
0.21577931009669074
0.031022904791120437
0.0811236615539667
0.15317867345913966
0.26853015665606894
0.09414509837714344
0.18484835281404294
0.36741045583772286
0.09722126198965604
0.28462676961832434
0.28664469945054916
0.2861080297758182
0.036342937481764696
0.465189096132701
0.252812549610539
0.3117746800022786
0.46873882462571953
0.2152109077895289
0.04609526050033915
0.24014607150108447
0.1378473731798472
0.050709145356231805
0.24853260099664853
0.10208315305890453
0.33275238265412543
0.1517322379651312
0.4547021620811268
0.012037345993047855
0.2265197709152132
0.0823366003905205
0.424556387322634
0.10588435844086722
0.21964016870296635
0.3139056105165736
0.12241190226024491
0.045934665278632665
0.5909376693704724
0.45856464074177883
0.5245622302464081
0.4670829908324199
0.4388357788973839
0.44997204592639195
0.3269865116993736
0.2559046765605415
0.28604566721744307
0.44305208395859563
0.0684382594279819
0.7500538662831491
0.5911689428563012
0.022777282993859074
0.3079821454645469
0.12466755648354594
0.07169548393493202
0.8015593557682865
1.0
0.5344402693961008
0.44520991926869635
0.22369710432531928
0.042291987150012415
0.4087214244593955
0.7794597202731938
0.10004648037308445
0.33529831246519903
0.705654235681115
0.2619925727636852
0.6147086853185781
0.24113028592713204
0.13894423764521366
0.03140946299394801
0.9234486529856076
0.07281357310812772
0.09565254407437293
0.03807591626117971
0.9922991977123775
0.054969722482953585
0.013506155859055064
0.31636416784646615
0.022198678516400203
0.28063837377282813
0.3974462842781799
0.5058863068026508
0.22510349449847242
0.4113575497701987
0.05599378882973161
0.3162600140719387
0.14522320710282155
0.18904880507215072
0.08394677074741061
0.0702307134904852
0.17358311952966962
0.13597700839931476
0.07581697433657722
0.126561089768881
0.19277454720837042
0.017211804356869923
0.061054066501601244
0.09079006279778276
0.006357370535139012
0.11760858510003042
0.09710929767363669
0.1642196883325554
0.07823018426730109
0.14861058994961424
0.03435097118136202
0.02074969927623465
0.07948596759084971
0.12822807317026313
0.07865994055962638
0.0016527758577432636
0.04602721247497559
0.05676673289830167
0.037039110525846804
0.010493522910166971
0.059422270837889944
0.07790345550897813
0.09156436182547342
0.01187538733217509
0.07521744146003317
0.050940515567430567
0.12918082911443354
0.12635205122045615
0.021690228627328945
0.02290074873813016
0.08315572668103587
0.09981194427327605
0.06908707603628546
0.10054828558974872
0.06873195409238783
0.03565968107373104
0.029666314679971367
0.007443830208958029
0.019866989994983247
0.006935746570682167
0.08756919494381168
0.03279466485705922
0.05266797836263779
0.32900459084272926
0.21920392180073134
0.023725430247283297
0.08132086821905841
0.14840369742297665
0.06978468951490958
0.016141413440438044
0.01725633092694615
0.06729593388089196
0.03440874802810117
0.12875449322694327
0.12624313622767674
0.07410663493543912
0.009086332390750428
0.027865108054106677
0.05890221037406785
0.08078154809611073
5.724670118689398E-4
0.10441842889171797
0.1605849168862874
0.13093718994452463
0.14336482827646155
0.03383510062083659
0.07684409056267917
0.17897628874172467
0.07999730377327802
0.015202906257712251
0.19221086772345902
0.004839098028067988
0.08296237188764463
0.12485376304155893
0.016461157078364104
0.012099336271614554
0.11178457453469728
0.15002386049650313
0.05457113492961287
0.050223970906591926
0.09780429694401385
0.06255215735008607
0.10351119552288517
0.05207633661540579
0.09855232631561392
0.1368939415678568
0.06462852597184919
0.06620654323433389
0.0562996058829988
0.011788047651707009
0.10068077430160184
0.05505235337229765
0.0034203113370689818
0.004849779460101071
0.04996734492082031
0.07009249555634792
0.023269445496024322
0.013963279227816875
0.08100791685695853
0.12531431435018858
0.08371580039602061
0.030332903220757063
0.01635239753140069
0.07789020359007585
0.020868147466044405
0.0655839926716893
0.1839960654483772
0.0705594897891815
0.0885234638933062
0.0468425563651995
0.07865698492912941
0.19590553321687795
0.0904701461765889
0.08168023792855578
0.06212240855368786
0.049738628215060705
0.3214150760716863
0.08157389377741736
0.2850459062467327
0.15201213201294467
0.12435480782325967
0.11028926754372365
0.0513938885672412
0.19015114039576952
0.2103406162562037
0.1463652748378799
0.10860994660430338
0.24800248486858115
0.11957364751290585
0.042865985627074006
0.1971368244244952
0.0072102067991988966
0.10598990159481542
0.11190592953466803
