0.11098902292707741
0.06342652864693173
0.23972628309822094
0.10443957899863475
0.16861110038889016
0.08394247572114522
0.0511373894697637
0.151909250899844
0.05882921017891981
0.2731917854786145
0.015471999313569023
0.22668668979055967
0.006489584480265165
0.10909968059482254
0.20044460156245072
0.00125103439111475
0.11099053270556933
0.006782553453173478
0.09704939761319925
0.09169295321748908
0.19609283908453942
0.2964877516382949
0.027052615139876363
0.10078548554247051
0.11207459218207806
0.03309262771475075
0.13951924013534353
0.033873782568720104
0.06931779208369145
0.09622034398331188
0.22052909081758787
0.07369767600024127
0.17441728628682765
0.043690749139003913
0.27866277807527595
0.05605545249479204
0.01861568213142165
0.09455081003301244
0.09172560338986732
0.03815728934522646
0.09668878225497538
0.002979678557448914
0.04019404866803575
0.06457633092185501
0.021375319677908747
0.08379972741627906
0.15541065826765132
0.04771066043518475
0.0359251977595617
0.04241815771025077
0.05616029389474424
0.13781049621196462
0.04029291318873152
0.13591967569586796
0.12009103160077253
0.03360157901852667
0.00795847504442452
0.110331013120504
0.03034777201430662
0.08465740987239699
0.0684576972402085
0.01959171866066377
0.15861321244961182
0.09319371430928065
0.05428163831428588
0.07710017596664423
0.05899682679782377
0.1292367997316211
0.11912336787916558
3.826949218066339E-4
0.15424965952463568
0.15591771003165916
0.15481667775978838
0.0813400427678544
0.04793168659021059
0.28424489185685275
0.06518290606155135
0.08572005211714386
0.024977743940427958
0.07826218991117057
0.11927347491372908
0.03079798051331463
0.03669978142799545
0.11783810227959267
0.1687496150447458
0.10582436213445023
0.09933925838599537
0.0896048391684348
0.13540505543673953
0.0033622380085997893
0.16633243606739018
0.21636436339154458
0.0789352606128694
0.06167264761262842
0.15325826652716495
0.07373848512769662
0.035378228266215325
0.048638115241764
0.23106419014636984
0.023117375368447015
0.09829419174739186
0.05334749877593068
0.14148268844881362
0.10243680886616548
0.031052239245334953
0.11559820943645793
0.035834757615285644
0.05601294665512348
0.15602204161271407
0.003176502292597723
0.001141529170111586
0.010632811040539616
0.02466751260436917
0.029681207997730677
0.11035009379410848
0.01997924241058735
0.010278298747485466
0.031437965973609906
0.06567768365112608
0.12353200612702145
0.13759572932949143
0.03139742597275448
0.15104131757068598
0.02509701959814695
0.0015656754964888026
0.006851951178196936
0.0908302194093472
0.189431689127081
0.1726937866389679
0.07083425064598316
0.12992299580890798
0.11645967494697472
0.10723562197859078
0.014303587439056577
0.2420092656047787
0.5086549434546616
0.04353206810160661
0.011934213164135322
0.010519241026744036
0.19744351926473327
0.12457853464992479
0.10439353173406726
0.1899177980719793
0.07364821935166534
0.02241456691683127
0.21836167339613852
0.546369115226324
0.2113617920090155
0.15918099244135728
0.24808172482172847
0.47018432505572216
0.3810373875202615
0.14290101677576578
0.047499424021110626
0.4624542621961559
0.33257431078245026
0.4892837009751858
0.2848229225411205
0.47593754203268457
0.1281468764575393
0.22179904863163272
0.749847576158084
0.043609220715627506
0.056774752023009974
0.022253834117664822
0.35582789319462105
0.2081827436186699
0.06552877985514345
0.39985840660586547
0.4591875731180058
0.3936427502291713
0.19590784693287266
0.18384182713821762
0.5282206989062787
0.18209245059727727
0.5170480241888489
0.541040088895993
0.44556652379403233
0.580453822649975
0.03557533618916139
0.16760592953247733
0.03862278471176896
1.0
0.32913163115989197
0.7764247003409676
0.4579010603645339
0.5238235627866962
0.13848381610500057
0.21618814159002037
0.13934660467837418
0.2903399833680043
0.197981891679351
0.014515285866994937
0.17117538862268722
0.5747865728657038
0.06501284001416899
0.02059215178454843
0.2320697509662054
0.11214498982757458
0.27429479690951497
0.0843769655313819
0.03562553095053832
0.27265869752754207
0.2227245315425894
0.019193074980077832
0.11579696440690729
0.5368573306276689
0.22364222241407516
0.7099672376222209
0.14220403702248263
0.3994335146824276
0.2529139232985661
0.6561885356198681
0.330314933031475
0.0438374994910279
0.4441019844081837
0.2589216517292235
0.240564509590539
0.13545300773927202
0.1334928989118031
0.3504922423770176
0.4531617879972761
0.13262732586160877
0.487380103870568
0.5855244480958182
0.14462892250333953
0.25250757196958884
0.5774961447851423
0.12722904278632186
0.016020443196379453
0.005883744234556719
0.14798536390276987
0.021232046296222582
0.24402540463085476
0.20575304141466136
0.38618667438784565
0.0829791854483701
0.30214838709425224
0.1656370537990015
0.0504757103629741
0.513577925557866
0.07619841612535753
0.07259630537736901
0.10012287999801103
0.10903048640264698
0.23435380434464873
0.19874093907891385
0.046835888162611646
0.17569131732612778
0.23840183417993957
0.19780748272963544
0.2065130143874847
0.11828039051064439
0.107067981048686
0.08174544771699156
0.13406251283852244
0.09036347133532638
0.11925429688281751
0.030124549193735164
0.0023747398099151725
0.01648838922395439
0.054812631890995035
0.0021281038530770687
0.07381069629009258
0.191834711103342
0.07671247118709978
0.07992671461842824
0.008545210158829461
0.10667512997492914
0.046736524798383916
0.006877858355499462
0.10587305657169933
0.1893491004457955
0.031034410948587235
0.027326753023139368
0.1256035601519046
0.06243133975747056
4.5537737033883157E-4
0.012139094824078545
0.022579203629274965
0.022534495874621734
0.014253342629904677
0.02168719093654729
0.07314547839713917
0.09486264784004438
0.3587323381224266
0.036100345354853375
0.0019670265257226093
0.02588779465620384
0.006833193899346779
0.08310719404389376
0.008140849129467415
0.07085475399746198
0.09628438491566634
0.01898477654712772
0.06934687452952648
0.006198931349748865
0.03878863321782676
0.15417025905997597
0.028009335031258898
0.06223408757732008
0.03145241036797751
0.13839585099416762
0.017147590832335365
0.07005680402693118
0.047513116453151295
0.1011895025007987
0.24055113177576506
0.0
0.008179614767739733
0.04557937811718353
0.2326857767694539
0.145302004227207
0.07004741760684668
0.06254443788630204
0.10252020875520057
0.06017054098806967
0.30430611894660015
0.07978574092516867
0.10430887960226276
0.12576339956744276
0.013731791689259415
0.02305751125145015
0.040172328078187915
0.09993169067459769
0.017521328055086063
0.11557158648146837
0.01287344391098469
0.007293121235921375
0.009692537935571947
0.06015279369832096
0.032916388556745585
0.05266515651305669
0.23667796570683988
0.018512642448540922
0.09126000554376146
0.03264756564008922
0.036058735141872925
0.06052525927171587
0.11716233609846508
0.19637765173202412
0.0723641159405006
0.13071263106709075
0.04366849090043088
0.07894745722288371
0.11370232012973974
0.1267649237067003
0.006313735818010414
0.04856361787797582
0.04630731375734685
0.1503771275078025
0.1109105420034366
0.10241993019519581
0.014567266881178206
0.1185906397628256
0.056493488396681196
0.050949001460617406
0.07491387255955319
0.051969872089370886
0.21051887970984595
0.12305847947919954
0.135703276593896
0.005186232748891327
0.0396052539851624
0.002509043307705351
0.10454894239856634
0.08467320617556075
0.14811838642603817
0.04021495434827828
0.17506887920200132
0.19634490715951494
0.22554114525895244
0.24227708632581138
0.027403964292988327
0.1135971329157499
0.10404907913560504
0.04713733639029344
0.03082674027645164
0.10106755709259871
0.06085049983679783
0.026602137071732878
0.12227694795099134
0.03632049409011618
0.04209165092137107
0.08734429412094576
0.11775982324916473
0.09981811640738854
0.09045543819115624
0.11059695914362942
0.11381309674500872
0.0847336820240782
0.008818591726277332
0.31847485890353794
0.04937025959573889
0.14898953212267174
0.11561949076286822
0.144885758626377
0.09257516053324066
0.13126551646796814
0.10335101237295152
0.08486626356331735
0.036455321269462035
0.1211760122038736
0.0906440670444155
0.005879445267825509
0.021376394147799148
0.08971793943814786
0.13611606286523284
0.10113211603030633
0.1246290167178568
0.08269063832707715
0.16358271089196233
0.034958079051306115
0.12754129802116673
0.05939262311105136
0.08951804384997498
0.050320631014411706
0.03487576242726017
0.08858913795705403
0.14059630421307387
0.034723622837403684
0.18122959974862884
0.09654339656188796
0.11736824171429638
0.14338200539418408
0.22076635332806638
0.059358895727165996
0.013813935197574644
0.2727382519250047
0.0940701541724438
0.17399477264297827
0.2627360336395628
0.01526400582953355
0.043191328756014204
0.06297830282990587
0.09011095844814619
0.20231696278293207
0.2273285347972773
0.14223544690311665
0.13851888804820942
0.025901819435051297
0.17955881607278631
0.020642772443974253
0.16228188485665385
0.08928688079344807
0.001885007306219975
0.06523793020045353
0.1597617332203299
0.023169614990020515
0.11909799680145276
0.04701068464366275
0.08832713239531192
0.04547996067085168
0.07772513149698987
0.06529120625623006
0.06547411813627069
0.03895058113455627
0.06198417284595412
0.13310347907203485
0.04514711036021208
0.001911374967356054
0.022111373076545433
0.03699634097569247
0.022111373076545433
0.001911374967356054
0.04514711036021208
0.13310347907203485
0.06198417284595412
0.03895058113455627
0.06547411813627069
0.06529120625623006
0.07772513149698987
0.04547996067085168
0.08832713239531192
0.04701068464366275
0.11909799680145276
0.023169614990020515
0.1597617332203299
0.06523793020045353
0.001885007306219975
0.08928688079344807
0.16228188485665385
0.020642772443974253
0.17955881607278631
0.025901819435051297
0.13851888804820942
0.14223544690311665
0.2273285347972773
0.20231696278293207
0.09011095844814619
0.06297830282990587
0.043191328756014204
0.01526400582953355
0.2627360336395628
0.17399477264297827
0.0940701541724438
0.2727382519250047
0.013813935197574644
0.059358895727165996
0.22076635332806638
0.14338200539418408
0.11736824171429638
0.09654339656188796
0.18122959974862884
0.034723622837403684
0.14059630421307387
0.08858913795705403
0.03487576242726017
0.050320631014411706
0.08951804384997498
0.05939262311105136
0.12754129802116673
0.034958079051306115
0.16358271089196233
0.08269063832707715
0.1246290167178568
0.10113211603030633
0.13611606286523284
0.08971793943814786
0.021376394147799148
0.005879445267825509
0.0906440670444155
0.1211760122038736
0.036455321269462035
0.08486626356331735
0.10335101237295152
0.13126551646796814
0.09257516053324066
0.144885758626377
0.11561949076286822
0.14898953212267174
0.04937025959573889
0.31847485890353794
0.008818591726277332
0.0847336820240782
0.11381309674500872
0.11059695914362942
0.09045543819115624
0.09981811640738854
0.11775982324916473
0.08734429412094576
0.04209165092137107
0.03632049409011618
0.12227694795099134
0.026602137071732878
0.06085049983679783
0.10106755709259871
0.03082674027645164
0.04713733639029344
0.10404907913560504
0.1135971329157499
0.027403964292988327
0.24227708632581138
0.22554114525895244
0.19634490715951494
0.17506887920200132
0.04021495434827828
0.14811838642603817
0.08467320617556075
0.10454894239856634
0.002509043307705351
0.0396052539851624
0.005186232748891327
0.135703276593896
0.12305847947919954
0.21051887970984595
0.051969872089370886
0.07491387255955319
0.050949001460617406
0.056493488396681196
0.1185906397628256
0.014567266881178206
0.10241993019519581
0.1109105420034366
0.1503771275078025
0.04630731375734685
0.04856361787797582
0.006313735818010414
0.1267649237067003
0.11370232012973974
0.07894745722288371
0.04366849090043088
0.13071263106709075
0.0723641159405006
0.19637765173202412
0.11716233609846508
0.06052525927171587
0.036058735141872925
0.03264756564008922
0.09126000554376146
0.018512642448540922
0.23667796570683988
0.05266515651305669
0.032916388556745585
0.06015279369832096
0.009692537935571947
0.007293121235921375
0.01287344391098469
0.11557158648146837
0.017521328055086063
0.09993169067459769
0.040172328078187915
0.02305751125145015
0.013731791689259415
0.12576339956744276
0.10430887960226276
0.07978574092516867
0.30430611894660015
0.06017054098806967
0.10252020875520057
0.06254443788630204
0.07004741760684668
0.145302004227207
0.2326857767694539
0.04557937811718353
0.008179614767739733
0.0
0.24055113177576506
0.1011895025007987
0.047513116453151295
0.07005680402693118
0.017147590832335365
0.13839585099416762
0.03145241036797751
0.06223408757732008
0.028009335031258898
0.15417025905997597
0.03878863321782676
0.006198931349748865
0.06934687452952648
0.01898477654712772
0.09628438491566634
0.07085475399746198
0.008140849129467415
0.08310719404389376
0.006833193899346779
0.02588779465620384
0.0019670265257226093
0.036100345354853375
0.3587323381224266
0.09486264784004438
0.07314547839713917
0.02168719093654729
0.014253342629904677
0.022534495874621734
0.022579203629274965
0.012139094824078545
4.5537737033883157E-4
0.06243133975747056
0.1256035601519046
0.027326753023139368
0.031034410948587235
0.1893491004457955
0.10587305657169933
0.006877858355499462
0.046736524798383916
0.10667512997492914
0.008545210158829461
0.07992671461842824
0.07671247118709978
0.191834711103342
0.07381069629009258
0.0021281038530770687
0.054812631890995035
0.01648838922395439
0.0023747398099151725
0.030124549193735164
0.11925429688281751
0.09036347133532638
0.13406251283852244
0.08174544771699156
0.107067981048686
0.11828039051064439
0.2065130143874847
0.19780748272963544
0.23840183417993957
0.17569131732612778
0.046835888162611646
0.19874093907891385
0.23435380434464873
0.10903048640264698
0.10012287999801103
0.07259630537736901
0.07619841612535753
0.513577925557866
0.0504757103629741
0.1656370537990015
0.30214838709425224
0.0829791854483701
0.38618667438784565
0.20575304141466136
0.24402540463085476
0.021232046296222582
0.14798536390276987
0.005883744234556719
0.016020443196379453
0.12722904278632186
0.5774961447851423
0.25250757196958884
0.14462892250333953
0.5855244480958182
0.487380103870568
0.13262732586160877
0.4531617879972761
0.3504922423770176
0.1334928989118031
0.13545300773927202
0.240564509590539
0.2589216517292235
0.4441019844081837
0.0438374994910279
0.330314933031475
0.6561885356198681
0.2529139232985661
0.3994335146824276
0.14220403702248263
0.7099672376222209
0.22364222241407516
0.5368573306276689
0.11579696440690729
0.019193074980077832
0.2227245315425894
0.27265869752754207
0.03562553095053832
0.0843769655313819
0.27429479690951497
0.11214498982757458
0.2320697509662054
0.02059215178454843
0.06501284001416899
0.5747865728657038
0.17117538862268722
0.014515285866994937
0.197981891679351
0.2903399833680043
0.13934660467837418
0.21618814159002037
0.13848381610500057
0.5238235627866962
0.4579010603645339
0.7764247003409676
0.32913163115989197
1.0
0.03862278471176896
0.16760592953247733
0.03557533618916139
0.580453822649975
0.44556652379403233
0.541040088895993
0.5170480241888489
0.18209245059727727
0.5282206989062787
0.18384182713821762
0.19590784693287266
0.3936427502291713
0.4591875731180058
0.39985840660586547
0.06552877985514345
0.2081827436186699
0.35582789319462105
0.022253834117664822
0.056774752023009974
0.043609220715627506
0.749847576158084
0.22179904863163272
0.1281468764575393
0.47593754203268457
0.2848229225411205
0.4892837009751858
0.33257431078245026
0.4624542621961559
0.047499424021110626
0.14290101677576578
0.3810373875202615
0.47018432505572216
0.24808172482172847
0.15918099244135728
0.2113617920090155
0.546369115226324
0.21836167339613852
0.02241456691683127
0.07364821935166534
0.1899177980719793
0.10439353173406726
0.12457853464992479
0.19744351926473327
0.010519241026744036
0.011934213164135322
0.04353206810160661
0.5086549434546616
0.2420092656047787
0.014303587439056577
0.10723562197859078
0.11645967494697472
0.12992299580890798
0.07083425064598316
0.1726937866389679
0.189431689127081
0.0908302194093472
0.006851951178196936
0.0015656754964888026
0.02509701959814695
0.15104131757068598
0.03139742597275448
0.13759572932949143
0.12353200612702145
0.06567768365112608
0.031437965973609906
0.010278298747485466
0.01997924241058735
0.11035009379410848
0.029681207997730677
0.02466751260436917
0.010632811040539616
0.001141529170111586
0.003176502292597723
0.15602204161271407
0.05601294665512348
0.035834757615285644
0.11559820943645793
0.031052239245334953
0.10243680886616548
0.14148268844881362
0.05334749877593068
0.09829419174739186
0.023117375368447015
0.23106419014636984
0.048638115241764
0.035378228266215325
0.07373848512769662
0.15325826652716495
0.06167264761262842
0.0789352606128694
0.21636436339154458
0.16633243606739018
0.0033622380085997893
0.13540505543673953
0.0896048391684348
0.09933925838599537
0.10582436213445023
0.1687496150447458
0.11783810227959267
0.03669978142799545
0.03079798051331463
0.11927347491372908
0.07826218991117057
0.024977743940427958
0.08572005211714386
0.06518290606155135
0.28424489185685275
0.04793168659021059
0.0813400427678544
0.15481667775978838
0.15591771003165916
0.15424965952463568
3.826949218066339E-4
0.11912336787916558
0.1292367997316211
0.05899682679782377
0.07710017596664423
0.05428163831428588
0.09319371430928065
0.15861321244961182
0.01959171866066377
0.0684576972402085
0.08465740987239699
0.03034777201430662
0.110331013120504
0.00795847504442452
0.03360157901852667
0.12009103160077253
0.13591967569586796
0.04029291318873152
0.13781049621196462
0.05616029389474424
0.04241815771025077
0.0359251977595617
0.04771066043518475
0.15541065826765132
0.08379972741627906
0.021375319677908747
0.06457633092185501
0.04019404866803575
0.002979678557448914
0.09668878225497538
0.03815728934522646
0.09172560338986732
0.09455081003301244
0.01861568213142165
0.05605545249479204
0.27866277807527595
0.043690749139003913
0.17441728628682765
0.07369767600024127
0.22052909081758787
0.09622034398331188
0.06931779208369145
0.033873782568720104
0.13951924013534353
0.03309262771475075
0.11207459218207806
0.10078548554247051
0.027052615139876363
0.2964877516382949
0.19609283908453942
0.09169295321748908
0.09704939761319925
0.006782553453173478
0.11099053270556933
0.00125103439111475
0.20044460156245072
0.10909968059482254
0.006489584480265165
0.22668668979055967
0.015471999313569023
0.2731917854786145
0.05882921017891981
0.151909250899844
0.0511373894697637
0.08394247572114522
0.16861110038889016
0.10443957899863475
0.23972628309822094
0.06342652864693173
