0.23358971177565443
0.23080493370542174
0.2226513933456279
0.20969001127863648
0.19272986703008682
0.1726788069510025
0.15039933227772886
0.12660800004082204
0.10183985818252066
0.07647660831251507
0.050816494205910334
0.025152793403639673
1.6984127168832538E-4
0.024737235925997858
0.048080736157256915
0.06970184473285328
0.08907524133897667
0.10560713691104866
0.11854882006118422
0.1268956175658593
0.12932771520116568
0.12425914214594552
0.11004626258983197
0.0853663631755392
0.04971851026523976
0.003938823308176154
0.04941938628476544
0.1059955634616527
0.15993612184153827
0.20464277388259763
0.2338732941592259
0.24300148974833188
0.23016325207350974
0.19699479692466842
0.1487224615646249
0.09348719685640598
0.040957953023740806
4.6770959175906906E-4
0.02095158934659789
0.020194153547067977
0.0010380695417269406
0.036360921688736586
0.07588771331329598
0.10826479557935152
0.12314943890043846
0.11358643700855126
0.07773272358684649
0.0195040238103647
0.052049287590828656
0.12454007199136989
0.18484062063598727
0.22190311091789797
0.2291626012795185
0.20596462999591428
0.15767847773851876
0.09446126858875208
0.02895505405839625
0.026548028879698014
0.06281087040999861
0.07559693695582295
0.06640985618260292
0.041871404714564096
0.011909354686675103
0.012790069212632003
0.023440051841829113
0.015279872738953443
0.011331148969383632
0.05109412004876866
0.09515307356336399
0.1333172825156934
0.15656651341350092
0.1592287361725334
0.1403168184451668
0.10373002574761991
0.05730955909829127
0.011012482209329367
0.025332561563961478
0.04414746651515119
0.04162256235008038
0.018320212636713577
0.021209758041933216
0.06963929644972591
0.11855348012614013
0.16020136781589878
0.1889144427611064
0.20192421839189423
0.19948552305825565
0.18438696798063206
0.16105861143777603
0.13454013078039698
0.10954694566277502
0.08978678663588556
0.07757131977664046
0.07367622406004629
0.07735839596414588
0.08645105333110308
0.09751415167975863
0.10608837235127591
0.10714844875946519
0.09584481764619544
0.06854948819570283
0.024096181030895857
0.03503619913950561
0.1019521608175191
0.16535378805088394
0.2106149189532719
0.2219753021208915
0.18562373741940766
0.09314196578265141
0.05543745942235219
0.24976902359184705
0.4691995554332525
0.6849773552383825
0.8645266285227997
0.9771374628105859
1.0
0.9232973433807707
0.753142751351852
0.5115159514973511
0.23295999136561615
0.04148224350524259
0.2719487113474871
0.4274676328368336
0.4920041438829575
0.4674403143121899
0.37271897737730714
0.2392314337239089
0.10340246237315077
0.0018847794114310644
0.055050622034580526
0.0509177431099418
0.0018656599217024177
0.06534469485348568
0.11644009057436654
0.11865375507736027
0.049777482437831526
0.09495677796307954
0.29993474901376416
0.5310544859900483
0.7422404179200549
0.8852580139174367
0.9206835255808055
0.8275336643371685
0.6092824216199398
0.2947484812298366
0.06653758356229073
0.41363592320091713
0.6862478466696078
0.8369396090088831
0.8408866187077852
0.7010039769484476
0.44733086642720726
0.1307945081451569
0.1872910869387255
0.447713614236671
0.6051507779905746
0.6367622674955952
0.5458308702952145
0.35981477955129926
0.12340687418241478
0.11173206238982662
0.2982272161634482
0.4027590484430986
0.41229670989166406
0.3356051411364514
0.19992780315475225
0.04381620514458044
0.09211651272536797
0.1743684202120985
0.18362486273138137
0.11828769275221605
0.0061238033708297356
0.16132928652792528
0.31321383286790294
0.42963472552114373
0.4873259385554773
0.4764312477962187
0.40182076717184545
0.28111852184417085
0.1401051952403979
0.006695729997833193
0.09508130259492674
0.14978569121473534
0.15302879966868999
0.1113487828300889
0.039750017225551874
0.04234793152328238
0.11572388001424715
0.1654759286483741
0.1838045958948485
0.17098988252269748
0.1345355001266819
0.08685354000476589
0.042136175560764315
0.013161055326018833
0.008702561087958588
0.0320109557995553
0.0805405169606163
0.14682819654692383
0.22020746251513085
0.2889251568113659
0.3422206563135746
0.37200814353528094
0.3739388089829597
0.34776939977789073
0.2970918052536066
0.2285641609543494
0.15082227455789868
0.07324957936268228
0.004760227192834639
0.0472805599012253
0.07790165398443086
0.08506048980106691
0.06981063371110267
0.03607333154431404
0.009975781106119557
0.06084015804528467
0.10883276793645655
0.14723097507522892
0.1712600293721796
0.17872465352757852
0.1701660110443106
0.14851349435702912
0.11830805886134331
0.08467028962249541
0.05224628000893733
0.024369699989053962
0.002624637307498934
0.013107810078508409
0.024160738779797547
0.032307151288940975
0.03893161862927574
0.04439249089082082
0.04776579993277954
0.047055000266772284
0.03981823916904041
0.024042730904635202
9.82129536642222E-4
0.034052518409348836
0.07189817874521147
0.10957299549806221
0.1413270604497478
0.16176749744807434
0.16703110446133093
0.155678483269783
0.12908146995695818
0.09119791588162994
0.04777866138835069
0.005191660669217005
0.030858765872199243
0.05641753017081515
0.06992314189636914
0.07227963207443056
0.06636977114137016
0.056160098861694124
0.04564164634434655
0.0378772826765201
0.034382707528762636
0.0349676354393758
0.03803573597192252
0.041221825115642576
0.04216457768733328
0.03919244605693895
0.03174212404203626
0.020418024917958418
0.006710423644880832
0.007512819462869254
0.020567994303850968
0.031393976809072306
0.03973982639407815
0.04605958625320916
0.05116740165006382
0.055781654084548736
0.06012035356566245
0.06369197396984964
0.06536233391789932
0.06368876516545643
0.05742511224645224
0.04604199156483627
0.030094578706484475
0.011309329176865559
0.007659559895751538
0.02375666177939018
0.03420249972781813
0.03714096606617469
0.03208011151523318
0.020004324740382076
0.00312662468874786
0.015649931134497086
0.033412153850949956
0.04787123377458974
0.05778245511385582
0.06304743211717304
0.06449248209990589
0.06341376890238809
0.06104820395436298
0.05814769967968582
0.0547969713098196
0.05053246140769362
0.04471710328505665
0.03703454661231949
0.027916635756698307
0.01872725532330473
0.011594494247575129
0.008893332018693202
0.012500745184735453
0.023037357814536457
0.03934350928655427
0.05839742794391361
0.0757747319691808
0.0865981584297413
0.08677503586280351
0.07421176689825652
0.049664542741893414
0.01694896251028505
0.017621919182151412
0.04650557599617517
0.06264357151324904
0.06121973915852239
0.0410177360733015
0.005002903482786422
0.04007354136741297
0.08501366520464164
0.1201800878540326
0.13771316589594196
0.1334250921502235
0.10789521308011579
0.06647072522423064
0.018137637572070545
0.0264954570402856
0.05763381031898873
0.06857316767665943
0.057266102437032666
0.02679448224901402
0.015371090391876934
0.059147753549482845
0.09422189237537414
0.11245762953009264
0.10975098082718107
0.08688967600740805
0.04922838987998034
0.005283574444119835
0.0353835836270923
0.06445987866036176
0.07678238303265739
0.0713974004736243
0.05154776938652361
0.023636443483757957
0.004529979417682091
0.025744205911896873
0.035131611796771454
0.03119018077924069
0.015911814625909626
0.005990787115385234
0.028494980686720822
0.04590578879641614
0.05427186418154446
0.05221681636489526
0.041003579802933565
0.023872472723403624
0.004895593739078766
0.012284714738755484
0.02545064120945379
0.03425090107815262
0.03998208675680598
0.04480807458236658
0.050690432969207534
0.05839353285552609
0.06690833336518658
0.0735135269786475
0.07449750466393845
0.06635586055639942
0.0471182407189156
0.0173940903881066
0.019218518979156194
0.0565545458811121
0.08710005356231607
0.10374172926291755
0.10161369215322391
0.07954986474682953
0.0407247791559352
0.007742714492690699
0.05618736293203614
0.09449893658520557
0.11443482051747308
0.11157900800195177
0.08645430104091312
0.04449451447749414
0.005137765255601803
0.05161580761571112
0.08490320376262252
0.09800824284083073
0.08849929147480566
0.05892846114364495
0.01608394148633866
0.03071917798406587
0.07186818595230014
0.0996453381363279
0.10985513518296565
0.10251887040660418
0.08151822018256286
0.05333970966364947
0.02529180383405118
0.003680217523392033
0.007591414259079898
0.0076692326973337105
0.0014602785652178894
0.015904537693808958
0.03120236288286081
0.04365282222940064
0.05125353434850752
0.05400410937115055
0.05353285139403863
0.05221191218598067
0.052077414469817965
0.05392326302809905
0.05687626909913402
0.05860477676393343
0.056109725902754724
0.04685672520739883
0.02988765363805547
0.006538038328144898
0.019511560566200487
0.04293256930295046
0.05805256996177469
0.06043192357393066
0.04827268240719419
0.02323643764468836
0.009612668597044273
0.04279555765741539
0.06813638884134966
0.07879792261733787
0.07111090949985843
0.04570237000261947
0.007590930645217104
0.03482371438486787
0.07166248723570524
0.09390506170601826
0.09558296757174387
0.07526912253032612
0.03647509794801075
0.013157972093849876
0.06368037865082286
0.10521067778611501
0.13026721019334103
0.1354638135046162
0.12214412007416557
0.09580536181866016
0.0644783218870146
0.03650172146360366
0.018284991036504293
0.012651714521998828
0.01819746096135053
0.029822424270346155
0.040284105893841286
0.0423422764936174
0.03091051023240373
0.004627846990308916
0.033579290229705475
0.07710292207777927
0.11727081174877173
0.14554657282970554
0.15572647451710295
0.14554657282970554
0.11727081174877173
0.07710292207777927
0.033579290229705475
0.004627846990308916
0.03091051023240373
0.0423422764936174
0.040284105893841286
0.029822424270346155
0.01819746096135053
0.012651714521998828
0.018284991036504293
0.03650172146360366
0.0644783218870146
0.09580536181866016
0.12214412007416557
0.1354638135046162
0.13026721019334103
0.10521067778611501
0.06368037865082286
0.013157972093849876
0.03647509794801075
0.07526912253032612
0.09558296757174387
0.09390506170601826
0.07166248723570524
0.03482371438486787
0.007590930645217104
0.04570237000261947
0.07111090949985843
0.07879792261733787
0.06813638884134966
0.04279555765741539
0.009612668597044273
0.02323643764468836
0.04827268240719419
0.06043192357393066
0.05805256996177469
0.04293256930295046
0.019511560566200487
0.006538038328144898
0.02988765363805547
0.04685672520739883
0.056109725902754724
0.05860477676393343
0.05687626909913402
0.05392326302809905
0.052077414469817965
0.05221191218598067
0.05353285139403863
0.05400410937115055
0.05125353434850752
0.04365282222940064
0.03120236288286081
0.015904537693808958
0.0014602785652178894
0.0076692326973337105
0.007591414259079898
0.003680217523392033
0.02529180383405118
0.05333970966364947
0.08151822018256286
0.10251887040660418
0.10985513518296565
0.0996453381363279
0.07186818595230014
0.03071917798406587
0.01608394148633866
0.05892846114364495
0.08849929147480566
0.09800824284083073
0.08490320376262252
0.05161580761571112
0.005137765255601803
0.04449451447749414
0.08645430104091312
0.11157900800195177
0.11443482051747308
0.09449893658520557
0.05618736293203614
0.007742714492690699
0.0407247791559352
0.07954986474682953
0.10161369215322391
0.10374172926291755
0.08710005356231607
0.0565545458811121
0.019218518979156194
0.0173940903881066
0.0471182407189156
0.06635586055639942
0.07449750466393845
0.0735135269786475
0.06690833336518658
0.05839353285552609
0.050690432969207534
0.04480807458236658
0.03998208675680598
0.03425090107815262
0.02545064120945379
0.012284714738755484
0.004895593739078766
0.023872472723403624
0.041003579802933565
0.05221681636489526
0.05427186418154446
0.04590578879641614
0.028494980686720822
0.005990787115385234
0.015911814625909626
0.03119018077924069
0.035131611796771454
0.025744205911896873
0.004529979417682091
0.023636443483757957
0.05154776938652361
0.0713974004736243
0.07678238303265739
0.06445987866036176
0.0353835836270923
0.005283574444119835
0.04922838987998034
0.08688967600740805
0.10975098082718107
0.11245762953009264
0.09422189237537414
0.059147753549482845
0.015371090391876934
0.02679448224901402
0.057266102437032666
0.06857316767665943
0.05763381031898873
0.0264954570402856
0.018137637572070545
0.06647072522423064
0.10789521308011579
0.1334250921502235
0.13771316589594196
0.1201800878540326
0.08501366520464164
0.04007354136741297
0.005002903482786422
0.0410177360733015
0.06121973915852239
0.06264357151324904
0.04650557599617517
0.017621919182151412
0.01694896251028505
0.049664542741893414
0.07421176689825652
0.08677503586280351
0.0865981584297413
0.0757747319691808
0.05839742794391361
0.03934350928655427
0.023037357814536457
0.012500745184735453
0.008893332018693202
0.011594494247575129
0.01872725532330473
0.027916635756698307
0.03703454661231949
0.04471710328505665
0.05053246140769362
0.0547969713098196
0.05814769967968582
0.06104820395436298
0.06341376890238809
0.06449248209990589
0.06304743211717304
0.05778245511385582
0.04787123377458974
0.033412153850949956
0.015649931134497086
0.00312662468874786
0.020004324740382076
0.03208011151523318
0.03714096606617469
0.03420249972781813
0.02375666177939018
0.007659559895751538
0.011309329176865559
0.030094578706484475
0.04604199156483627
0.05742511224645224
0.06368876516545643
0.06536233391789932
0.06369197396984964
0.06012035356566245
0.055781654084548736
0.05116740165006382
0.04605958625320916
0.03973982639407815
0.031393976809072306
0.020567994303850968
0.007512819462869254
0.006710423644880832
0.020418024917958418
0.03174212404203626
0.03919244605693895
0.04216457768733328
0.041221825115642576
0.03803573597192252
0.0349676354393758
0.034382707528762636
0.0378772826765201
0.04564164634434655
0.056160098861694124
0.06636977114137016
0.07227963207443056
0.06992314189636914
0.05641753017081515
0.030858765872199243
0.005191660669217005
0.04777866138835069
0.09119791588162994
0.12908146995695818
0.155678483269783
0.16703110446133093
0.16176749744807434
0.1413270604497478
0.10957299549806221
0.07189817874521147
0.034052518409348836
9.82129536642222E-4
0.024042730904635202
0.03981823916904041
0.047055000266772284
0.04776579993277954
0.04439249089082082
0.03893161862927574
0.032307151288940975
0.024160738779797547
0.013107810078508409
0.002624637307498934
0.024369699989053962
0.05224628000893733
0.08467028962249541
0.11830805886134331
0.14851349435702912
0.1701660110443106
0.17872465352757852
0.1712600293721796
0.14723097507522892
0.10883276793645655
0.06084015804528467
0.009975781106119557
0.03607333154431404
0.06981063371110267
0.08506048980106691
0.07790165398443086
0.0472805599012253
0.004760227192834639
0.07324957936268228
0.15082227455789868
0.2285641609543494
0.2970918052536066
0.34776939977789073
0.3739388089829597
0.37200814353528094
0.3422206563135746
0.2889251568113659
0.22020746251513085
0.14682819654692383
0.0805405169606163
0.0320109557995553
0.008702561087958588
0.013161055326018833
0.042136175560764315
0.08685354000476589
0.1345355001266819
0.17098988252269748
0.1838045958948485
0.1654759286483741
0.11572388001424715
0.04234793152328238
0.039750017225551874
0.1113487828300889
0.15302879966868999
0.14978569121473534
0.09508130259492674
0.006695729997833193
0.1401051952403979
0.28111852184417085
0.40182076717184545
0.4764312477962187
0.4873259385554773
0.42963472552114373
0.31321383286790294
0.16132928652792528
0.0061238033708297356
0.11828769275221605
0.18362486273138137
0.1743684202120985
0.09211651272536797
0.04381620514458044
0.19992780315475225
0.3356051411364514
0.41229670989166406
0.4027590484430986
0.2982272161634482
0.11173206238982662
0.12340687418241478
0.35981477955129926
0.5458308702952145
0.6367622674955952
0.6051507779905746
0.447713614236671
0.1872910869387255
0.1307945081451569
0.44733086642720726
0.7010039769484476
0.8408866187077852
0.8369396090088831
0.6862478466696078
0.41363592320091713
0.06653758356229073
0.2947484812298366
0.6092824216199398
0.8275336643371685
0.9206835255808055
0.8852580139174367
0.7422404179200549
0.5310544859900483
0.29993474901376416
0.09495677796307954
0.049777482437831526
0.11865375507736027
0.11644009057436654
0.06534469485348568
0.0018656599217024177
0.0509177431099418
0.055050622034580526
0.0018847794114310644
0.10340246237315077
0.2392314337239089
0.37271897737730714
0.4674403143121899
0.4920041438829575
0.4274676328368336
0.2719487113474871
0.04148224350524259
0.23295999136561615
0.5115159514973511
0.753142751351852
0.9232973433807707
1.0
0.9771374628105859
0.8645266285227997
0.6849773552383825
0.4691995554332525
0.24976902359184705
0.05543745942235219
0.09314196578265141
0.18562373741940766
0.2219753021208915
0.2106149189532719
0.16535378805088394
0.1019521608175191
0.03503619913950561
0.024096181030895857
0.06854948819570283
0.09584481764619544
0.10714844875946519
0.10608837235127591
0.09751415167975863
0.08645105333110308
0.07735839596414588
0.07367622406004629
0.07757131977664046
0.08978678663588556
0.10954694566277502
0.13454013078039698
0.16105861143777603
0.18438696798063206
0.19948552305825565
0.20192421839189423
0.1889144427611064
0.16020136781589878
0.11855348012614013
0.06963929644972591
0.021209758041933216
0.018320212636713577
0.04162256235008038
0.04414746651515119
0.025332561563961478
0.011012482209329367
0.05730955909829127
0.10373002574761991
0.1403168184451668
0.1592287361725334
0.15656651341350092
0.1333172825156934
0.09515307356336399
0.05109412004876866
0.011331148969383632
0.015279872738953443
0.023440051841829113
0.012790069212632003
0.011909354686675103
0.041871404714564096
0.06640985618260292
0.07559693695582295
0.06281087040999861
0.026548028879698014
0.02895505405839625
0.09446126858875208
0.15767847773851876
0.20596462999591428
0.2291626012795185
0.22190311091789797
0.18484062063598727
0.12454007199136989
0.052049287590828656
0.0195040238103647
0.07773272358684649
0.11358643700855126
0.12314943890043846
0.10826479557935152
0.07588771331329598
0.036360921688736586
0.0010380695417269406
0.020194153547067977
0.02095158934659789
4.6770959175906906E-4
0.040957953023740806
0.09348719685640598
0.1487224615646249
0.19699479692466842
0.23016325207350974
0.24300148974833188
0.2338732941592259
0.20464277388259763
0.15993612184153827
0.1059955634616527
0.04941938628476544
0.003938823308176154
0.04971851026523976
0.0853663631755392
0.11004626258983197
0.12425914214594552
0.12932771520116568
0.1268956175658593
0.11854882006118422
0.10560713691104866
0.08907524133897667
0.06970184473285328
0.048080736157256915
0.024737235925997858
1.6984127168832538E-4
0.025152793403639673
0.050816494205910334
0.07647660831251507
0.10183985818252066
0.12660800004082204
0.15039933227772886
0.1726788069510025
0.19272986703008682
0.20969001127863648
0.2226513933456279
0.23080493370542174
