-0.07891579410005796
0.2507141201156227
0.4923807050105081
0.23206945079405583
0.3443930073149065
0.7428268584468591
0.4922687437225488
0.08370998491013136
0.378247124171205
0.7351311686080837
0.9211051421109225
0.33739569968491945
0.14339767994009933
0.19329445493136302
0.20525218792620248
0.4845604587987953
0.4966301346116293
0.20128749103108978
0.32472277321135373
0.22652751077296612
0.7595295044067286
1.0
0.3283063544275119
0.14703225757393723
0.005784921183241228
0.03718431287648714
0.25025325721689823
0.2664882778999817
0.39131385999738183
0.5366181497202828
0.24374667261672622
0.00862561184733881
0.2817804103092333
0.40313708346882565
0.2055648788403345
0.3281269538949997
0.438366314097039
0.04830913471065336
0.3600634635084647
2.7010715912709E-4
0.11319957276967035
0.2629116340168508
0.3076665273268993
0.1335429800867471
0.25749197919177413
0.14261762010627033
0.36715661845325614
0.32186060393242716
0.26319558368492385
0.35117431025036205
0.05869835075497046
0.17749326282943423
0.44477295128798705
0.4090798187000826
0.37583089945035975
0.3543504039698107
0.012117524462309352
0.39447533882593006
0.3774733769444743
0.29098291566626927
0.319018463120895
0.16225093525949938
0.03586566106169882
0.07409525231788662
0.21614469667368713
0.08478478564986443
0.06290325834035405
0.023426576851074854
0.13353290305656376
0.35713436423650385
0.34477935649443114
0.18579198113514214
0.613047492587461
0.2193455703161998
0.33003805608186604
0.08577365404726613
0.36896549139449347
0.09722826785091565
0.36991121440260266
0.19857231755381433
0.15017940203657917
0.025124376289695563
0.14815632501162657
0.12015451638140771
0.42961951525777664
0.3248390260372284
0.0056500936166695775
0.15574523698720405
0.048468393968548476
0.18086186606613175
0.17037624612759725
0.21650892093726637
0.4784832188400542
0.18471906019905254
0.23743273713346116
0.23030569138730658
0.0015157045361993663
0.06251317369237316
0.009327285570649754
0.04458727183567205
0.10328043704846064
0.04138713771511147
0.09551430435585945
0.03094711074515141
0.11943914587900284
0.07619915403672897
0.0868102964404905
0.26741666462124586
0.09165483130208628
0.4256470651561381
0.5151054425512662
0.2171998658519334
0.2190845299121104
0.29308450205180886
0.002403156103373404
0.12586153794849564
0.10676694900933323
0.09155282230916258
0.5820603814095848
0.3404837787271691
0.33077394596261667
0.3462686767515264
0.0698076820019951
0.16006703743028017
0.06926021463386549
0.035331844865318915
0.05773296052564792
5.276939270687661E-4
0.24070286321281947
0.1975846424194415
0.02410851218155132
0.2273045698272434
0.37306378455679734
0.08743780584658788
0.06741237448527379
0.41280014173835383
0.2405735397211616
0.2790345929038069
0.31113142740546246
0.23383258058830975
0.46472022712979166
0.319461461997916
0.0919074135757804
0.2177335061865023
0.7286947082163124
0.34284575974228493
0.2164777767438899
0.029766295951322113
0.18662829707547327
0.033535457699959074
0.12122504427821082
0.16474504084259087
0.43636941645382293
0.2655061904111352
0.3551210734502608
0.39043293250494177
0.005921797167577014
0.08689753457578733
0.20066896108624047
0.3162408038853299
0.7188933969010438
0.5566126563645004
0.4302082022168941
0.42358102655886265
0.28332492820947364
0.25915075620677985
0.10853230401770089
0.5426850061011436
0.6969372536026023
0.20831187582546576
0.5773160936742004
0.3307772591785601
0.7964828041887614
0.19475094480400948
0.02850028356604137
0.5364080615517649
0.5463559484908355
0.16031499311351058
0.05808405766978945
0.07571198659777534
0.3141023710882364
0.18654462833435043
0.01399497272677008
0.0991186296287534
0.1608789248922361
0.6416542069394839
0.40414669993013186
0.2231464172500911
0.2860764059671273
0.13568917652341111
0.3273757551193021
0.4689017260349122
0.48429966441451977
0.6384861939410869
0.45632714418647313
0.13481555589958752
0.17931005787777043
0.2928846764670461
0.22352403072905555
0.19749017631650695
0.14926374038642282
0.06987919675006221
0.3752161086359181
0.37578171200769234
0.03907184081167406
0.13655731093597312
0.38019721625203534
0.12922168775163767
0.07482157599132458
0.15407558170405886
0.14953837078123278
0.14630112194096934
0.014046586513880915
0.37538505390069987
0.3333620558922451
0.014697272678768435
0.11933557208303558
0.05903032897422047
0.09998916392530689
0.15192646393850193
0.1704902781489742
0.5049370196420672
0.34288597187159325
0.09701013475162919
0.24859251413278852
0.3401828721899101
0.11516556875222464
0.09972111539722701
0.26719468216760967
0.041010468889269645
0.3017538401638992
0.15783158820011592
0.09825174173243811
0.04500722653318367
0.2203525552764713
0.11175573811881198
0.05550733215297942
0.16592061324473703
0.1264797880347812
0.0636626680446296
0.09930649423900031
0.07177356570105999
0.24903203930587361
0.25774738580795853
0.08020048893699971
0.07493990308057524
0.012733628260738325
0.198154087179334
0.12879488674401043
0.19819275091597846
0.38107109279425666
0.17159789206582998
0.16147202119814885
0.1957672489299177
0.036151331570486125
0.13013881516977613
0.003455137847250649
0.017462622588516684
0.2823596655196561
0.3937437921685653
0.12033695876071057
0.14467139361979872
0.024285322990020848
0.1331746414322434
0.17491529046489898
0.5697697926670947
0.2991385761300947
0.3410953007324427
0.3985997614451297
0.044749199870457536
0.1343192147401577
0.10272541526214336
0.042113456782631155
0.17710657222411852
0.12512231756236034
0.01757755702337076
0.04408683743014277
0.06345614640371157
0.2504121600857811
0.19557930837829957
0.03381523004553032
0.04718144106430694
0.2160558910961786
0.376403115218485
0.22700929449205917
0.013080634741754433
0.035394429251831866
0.03275169202250851
0.1129405315652513
0.11860923380660497
0.15971080245265137
0.2490735910404616
0.040775325637642336
0.28893435137900375
0.19905025863940426
0.02877357201526722
0.1011260101642223
0.18890909137858344
0.025681364661881152
0.020121807239785523
0.14450975028008428
0.12101241368937275
0.44207921588457794
0.24405430337233341
0.05452231062093187
0.21362143099512956
0.1264630739693577
0.16865722634175537
0.03945789705002898
0.15654475297005357
0.12499310888814483
0.29330310356703965
0.0460228985547064
0.22701000760778728
0.01857698457835767
0.2199744961867596
0.26971681479290927
0.26617733083867806
0.10999149460868522
0.006915479773504829
0.026812345143643532
0.18797133163794713
0.4768082399367268
0.15021231146923666
0.339939423720202
0.1546137669795405
0.032005136831802165
0.5008620488320865
0.7751679670963236
0.136880476958492
0.42381485783111217
0.4028487163618773
0.4267771187668095
0.5170307900569149
0.3037294085490043
0.11348785477160539
0.07288872105484961
0.18956304053494125
0.37129674435054344
0.055308382679281363
0.19392970267993057
0.04229343087086659
0.07795565179223642
0.31046850728213876
0.11329394379569699
0.305460776421825
0.3810418869585736
0.27127362946760536
0.15988635211465987
0.06080864491302255
0.14080882600232572
0.006996455229408281
0.11771413837518149
0.30029423530076327
0.041899826862796884
0.46522984489600516
0.34393517083528313
0.22914933159769207
0.4382293204020093
0.23033923680411478
0.361492291097923
0.41206673298301694
0.10349448294544542
0.23981542284412635
0.47619754089268346
0.2238940644335768
0.09499937569929198
0.09191357398738488
0.04784587861103384
0.06855406131068986
0.029821736526722282
0.004974353394729116
0.07947315420624775
0.22090749193667425
0.13087050581911278
0.13416527584430807
0.08615732875046073
0.12285671916330851
0.019718628530701592
0.2393048832019784
0.1208241447582716
0.005100298463523436
0.0417778811688221
0.04804431009857907
0.10411776447952664
0.17614406195097362
0.33429864049743996
0.08411259590016244
0.013858603479933087
0.20857589615442892
0.18962422861910228
0.12319017472512991
0.26708064334663234
0.218718130938187
0.18028682028273285
0.11319430374580296
0.03859888820827581
0.006243423052057746
0.11757771489306183
0.24666955569148297
0.10136583983385443
0.16899744597423935
0.2154504212259585
0.09863422348474708
0.0306581267515909
0.05783392767961149
0.16633079018509087
0.13769377400406507
0.22047800505916576
0.421520860494854
0.004200091283763641
0.38185302738713817
0.007145398399719023
0.41288304664305003
0.10263553076517558
0.28572870819013896
0.01903142755870153
0.3708186016217989
0.20392857224166458
0.2294417720712214
0.3164431414380962
0.010896478528866374
0.19668797760797585
0.015081442621755847
0.24144137511748276
0.01847216265237619
0.37866522277038994
0.21402260556625494
0.17332530994134263
0.20632431216094665
0.04840721673241537
0.010145767800403414
0.007754300752950708
0.04470743603260012
0.13165106290310155
0.004506329125066567
0.21326024021713363
0.03853104007012999
0.2819225987182245
0.13721405170348347
0.18761943555672
0.13682783029340595
0.006424333806795624
0.11053654380206601
0.1916783257945295
0.06207358901840856
0.07023159577234614
0.18160001315477156
0.28031816801175785
0.18804444541927165
0.015549536686977316
0.09145684085782363
0.11155141045090691
0.16137176362279734
0.1407542233605166
0.11681195505128342
0.09940453942436762
0.13608731667915508
0.3522514411407027
0.07296781225612482
0.27579148873868264
0.04687536187635262
0.23674738230017386
0.04687536187635262
0.27579148873868264
0.07296781225612482
0.3522514411407027
0.13608731667915508
0.09940453942436762
0.11681195505128342
0.1407542233605166
0.16137176362279734
0.11155141045090691
0.09145684085782363
0.015549536686977316
0.18804444541927165
0.28031816801175785
0.18160001315477156
0.07023159577234614
0.06207358901840856
0.1916783257945295
0.11053654380206601
0.006424333806795624
0.13682783029340595
0.18761943555672
0.13721405170348347
0.2819225987182245
0.03853104007012999
0.21326024021713363
0.004506329125066567
0.13165106290310155
0.04470743603260012
0.007754300752950708
0.010145767800403414
0.04840721673241537
0.20632431216094665
0.17332530994134263
0.21402260556625494
0.37866522277038994
0.01847216265237619
0.24144137511748276
0.015081442621755847
0.19668797760797585
0.010896478528866374
0.3164431414380962
0.2294417720712214
0.20392857224166458
0.3708186016217989
0.01903142755870153
0.28572870819013896
0.10263553076517558
0.41288304664305003
0.007145398399719023
0.38185302738713817
0.004200091283763641
0.421520860494854
0.22047800505916576
0.13769377400406507
0.16633079018509087
0.05783392767961149
0.0306581267515909
0.09863422348474708
0.2154504212259585
0.16899744597423935
0.10136583983385443
0.24666955569148297
0.11757771489306183
0.006243423052057746
0.03859888820827581
0.11319430374580296
0.18028682028273285
0.218718130938187
0.26708064334663234
0.12319017472512991
0.18962422861910228
0.20857589615442892
0.013858603479933087
0.08411259590016244
0.33429864049743996
0.17614406195097362
0.10411776447952664
0.04804431009857907
0.0417778811688221
0.005100298463523436
0.1208241447582716
0.2393048832019784
0.019718628530701592
0.12285671916330851
0.08615732875046073
0.13416527584430807
0.13087050581911278
0.22090749193667425
0.07947315420624775
0.004974353394729116
0.029821736526722282
0.06855406131068986
0.04784587861103384
0.09191357398738488
0.09499937569929198
0.2238940644335768
0.47619754089268346
0.23981542284412635
0.10349448294544542
0.41206673298301694
0.361492291097923
0.23033923680411478
0.4382293204020093
0.22914933159769207
0.34393517083528313
0.46522984489600516
0.041899826862796884
0.30029423530076327
0.11771413837518149
0.006996455229408281
0.14080882600232572
0.06080864491302255
0.15988635211465987
0.27127362946760536
0.3810418869585736
0.305460776421825
0.11329394379569699
0.31046850728213876
0.07795565179223642
0.04229343087086659
0.19392970267993057
0.055308382679281363
0.37129674435054344
0.18956304053494125
0.07288872105484961
0.11348785477160539
0.3037294085490043
0.5170307900569149
0.4267771187668095
0.4028487163618773
0.42381485783111217
0.136880476958492
0.7751679670963236
0.5008620488320865
0.032005136831802165
0.1546137669795405
0.339939423720202
0.15021231146923666
0.4768082399367268
0.18797133163794713
0.026812345143643532
0.006915479773504829
0.10999149460868522
0.26617733083867806
0.26971681479290927
0.2199744961867596
0.01857698457835767
0.22701000760778728
0.0460228985547064
0.29330310356703965
0.12499310888814483
0.15654475297005357
0.03945789705002898
0.16865722634175537
0.1264630739693577
0.21362143099512956
0.05452231062093187
0.24405430337233341
0.44207921588457794
0.12101241368937275
0.14450975028008428
0.020121807239785523
0.025681364661881152
0.18890909137858344
0.1011260101642223
0.02877357201526722
0.19905025863940426
0.28893435137900375
0.040775325637642336
0.2490735910404616
0.15971080245265137
0.11860923380660497
0.1129405315652513
0.03275169202250851
0.035394429251831866
0.013080634741754433
0.22700929449205917
0.376403115218485
0.2160558910961786
0.04718144106430694
0.03381523004553032
0.19557930837829957
0.2504121600857811
0.06345614640371157
0.04408683743014277
0.01757755702337076
0.12512231756236034
0.17710657222411852
0.042113456782631155
0.10272541526214336
0.1343192147401577
0.044749199870457536
0.3985997614451297
0.3410953007324427
0.2991385761300947
0.5697697926670947
0.17491529046489898
0.1331746414322434
0.024285322990020848
0.14467139361979872
0.12033695876071057
0.3937437921685653
0.2823596655196561
0.017462622588516684
0.003455137847250649
0.13013881516977613
0.036151331570486125
0.1957672489299177
0.16147202119814885
0.17159789206582998
0.38107109279425666
0.19819275091597846
0.12879488674401043
0.198154087179334
0.012733628260738325
0.07493990308057524
0.08020048893699971
0.25774738580795853
0.24903203930587361
0.07177356570105999
0.09930649423900031
0.0636626680446296
0.1264797880347812
0.16592061324473703
0.05550733215297942
0.11175573811881198
0.2203525552764713
0.04500722653318367
0.09825174173243811
0.15783158820011592
0.3017538401638992
0.041010468889269645
0.26719468216760967
0.09972111539722701
0.11516556875222464
0.3401828721899101
0.24859251413278852
0.09701013475162919
0.34288597187159325
0.5049370196420672
0.1704902781489742
0.15192646393850193
0.09998916392530689
0.05903032897422047
0.11933557208303558
0.014697272678768435
0.3333620558922451
0.37538505390069987
0.014046586513880915
0.14630112194096934
0.14953837078123278
0.15407558170405886
0.07482157599132458
0.12922168775163767
0.38019721625203534
0.13655731093597312
0.03907184081167406
0.37578171200769234
0.3752161086359181
0.06987919675006221
0.14926374038642282
0.19749017631650695
0.22352403072905555
0.2928846764670461
0.17931005787777043
0.13481555589958752
0.45632714418647313
0.6384861939410869
0.48429966441451977
0.4689017260349122
0.3273757551193021
0.13568917652341111
0.2860764059671273
0.2231464172500911
0.40414669993013186
0.6416542069394839
0.1608789248922361
0.0991186296287534
0.01399497272677008
0.18654462833435043
0.3141023710882364
0.07571198659777534
0.05808405766978945
0.16031499311351058
0.5463559484908355
0.5364080615517649
0.02850028356604137
0.19475094480400948
0.7964828041887614
0.3307772591785601
0.5773160936742004
0.20831187582546576
0.6969372536026023
0.5426850061011436
0.10853230401770089
0.25915075620677985
0.28332492820947364
0.42358102655886265
0.4302082022168941
0.5566126563645004
0.7188933969010438
0.3162408038853299
0.20066896108624047
0.08689753457578733
0.005921797167577014
0.39043293250494177
0.3551210734502608
0.2655061904111352
0.43636941645382293
0.16474504084259087
0.12122504427821082
0.033535457699959074
0.18662829707547327
0.029766295951322113
0.2164777767438899
0.34284575974228493
0.7286947082163124
0.2177335061865023
0.0919074135757804
0.319461461997916
0.46472022712979166
0.23383258058830975
0.31113142740546246
0.2790345929038069
0.2405735397211616
0.41280014173835383
0.06741237448527379
0.08743780584658788
0.37306378455679734
0.2273045698272434
0.02410851218155132
0.1975846424194415
0.24070286321281947
5.276939270687661E-4
0.05773296052564792
0.035331844865318915
0.06926021463386549
0.16006703743028017
0.0698076820019951
0.3462686767515264
0.33077394596261667
0.3404837787271691
0.5820603814095848
0.09155282230916258
0.10676694900933323
0.12586153794849564
0.002403156103373404
0.29308450205180886
0.2190845299121104
0.2171998658519334
0.5151054425512662
0.4256470651561381
0.09165483130208628
0.26741666462124586
0.0868102964404905
0.07619915403672897
0.11943914587900284
0.03094711074515141
0.09551430435585945
0.04138713771511147
0.10328043704846064
0.04458727183567205
0.009327285570649754
0.06251317369237316
0.0015157045361993663
0.23030569138730658
0.23743273713346116
0.18471906019905254
0.4784832188400542
0.21650892093726637
0.17037624612759725
0.18086186606613175
0.048468393968548476
0.15574523698720405
0.0056500936166695775
0.3248390260372284
0.42961951525777664
0.12015451638140771
0.14815632501162657
0.025124376289695563
0.15017940203657917
0.19857231755381433
0.36991121440260266
0.09722826785091565
0.36896549139449347
0.08577365404726613
0.33003805608186604
0.2193455703161998
0.613047492587461
0.18579198113514214
0.34477935649443114
0.35713436423650385
0.13353290305656376
0.023426576851074854
0.06290325834035405
0.08478478564986443
0.21614469667368713
0.07409525231788662
0.03586566106169882
0.16225093525949938
0.319018463120895
0.29098291566626927
0.3774733769444743
0.39447533882593006
0.012117524462309352
0.3543504039698107
0.37583089945035975
0.4090798187000826
0.44477295128798705
0.17749326282943423
0.05869835075497046
0.35117431025036205
0.26319558368492385
0.32186060393242716
0.36715661845325614
0.14261762010627033
0.25749197919177413
0.1335429800867471
0.3076665273268993
0.2629116340168508
0.11319957276967035
2.7010715912709E-4
0.3600634635084647
0.04830913471065336
0.438366314097039
0.3281269538949997
0.2055648788403345
0.40313708346882565
0.2817804103092333
0.00862561184733881
0.24374667261672622
0.5366181497202828
0.39131385999738183
0.2664882778999817
0.25025325721689823
0.03718431287648714
0.005784921183241228
0.14703225757393723
0.3283063544275119
1.0
0.7595295044067286
0.22652751077296612
0.32472277321135373
0.20128749103108978
0.4966301346116293
0.4845604587987953
0.20525218792620248
0.19329445493136302
0.14339767994009933
0.33739569968491945
0.9211051421109225
0.7351311686080837
0.378247124171205
0.08370998491013136
0.4922687437225488
0.7428268584468591
0.3443930073149065
0.23206945079405583
0.4923807050105081
0.2507141201156227
