-1.041275360423341
0.9235691259728064
0.597374031871738
0.13723213446107285
0.35192550234890846
0.7589826145048242
0.9921709764569057
1.0
0.7827549616788834
0.39196729316779116
0.08191558540704919
0.5306862734145251
0.8533606547092938
0.979158212804954
0.883192114690096
0.5913542325128289
0.1734483651943649
0.2736271947104404
0.6485678198258343
0.8688590775898081
0.8891156190829527
0.7104463997994098
0.37891302449184466
0.026270589271648884
0.4117852145539613
0.6918915475294625
0.8076706115678867
0.7394631840662141
0.5098739339310672
0.17698692187956028
0.18027542349135292
0.48096561382967395
0.6605871488869519
0.684985446526452
0.5566511640135164
0.31232973618612553
0.01290401915723325
0.27173018996976955
0.4790431832232253
0.5676507417538008
0.5254490911935032
0.37054437849484995
0.14518758797635264
0.09545007196003148
0.2967283266968147
0.4169429583292666
0.4358684791549942
0.35771764043002763
0.20823080263838983
0.02701459118721061
0.14270826831508002
0.2643247179864365
0.31562808010388926
0.2925525738219691
0.20831867679163038
0.08860841433496042
0.035708250080168
0.13631951056229089
0.19378231890263087
0.20102186407554345
0.16346906204973954
0.09617057303830767
0.01892330725895034
0.04913223253641967
0.09404539529369992
0.10968129472247155
0.09801269806815281
0.06730639633894395
0.028957405382789
0.006008074768625229
0.02977647601514387
0.03925365512629209
0.036007033921417485
0.02488490712406106
0.011903878075987197
0.002136087806751065
0.00176090963181868
2.890119700292129E-17
0.004908745400404027
0.009447834480189508
0.010585842643872623
0.006941551305853004
7.606176887847754E-4
0.010055166229191571
0.017741603130581207
0.0211376247306313
0.019111355127771342
0.01251392108828087
0.003853034220056948
0.003677366402573742
0.007460020524959623
0.00654114621723383
0.002117046103518311
0.00280713032692659
0.004526541000077961
1.6847472963879955E-4
0.010884336982270506
0.02622693169800175
0.04069905917762058
0.047746059456480014
0.041562547239256016
0.019398667467454424
0.016731870412437254
0.0596126147731873
0.09800842616977155
0.11936000463699775
0.11338673623259556
0.07563156440849247
0.00986646928334514
0.07152775304815111
0.14961307133633617
0.20312731386703684
0.21399042814617122
0.17270282287847624
0.08212094035160078
0.041628330165983364
0.17168352961863595
0.2761463762544479
0.3257671624520708
0.30179045132209414
0.2019107238644712
0.042591763542665056
0.14320229818815808
0.3127032496140369
0.42313800296119275
0.442394464729553
0.35791445232822583
0.18142103958901815
0.052033007482773626
0.2908807651218587
0.47843937747822834
0.566370996006895
0.5270047327544255
0.361399510679536
0.10089639180414567
0.19860964867546257
0.46869291680773867
0.6441245704088638
0.6786675835713639
0.557101931440092
0.3003783150949964
0.0376696886928614
0.38164091526979804
0.6515279816997056
0.7814772881674498
0.735914048656227
0.5190684755582862
0.17538744766211717
0.21957730736898373
0.5759396839263589
0.8101497687310494
0.8647626055221117
0.7225863723772699
0.4117101455958704
2.890119700292129E-17
0.419872862311884
0.7515343153043135
0.9172800255377104
0.8764681778418336
0.6355360371553473
0.2471589320670906
0.2013971425083955
0.6081248137149043
0.8797575679214373
0.953415342454582
0.8113315871518294
0.4851738496439544
0.04889871695692627
0.3982276189668014
0.7544981069802278
0.9391910783460073
0.9110927042074901
0.6778128010689786
0.29376099361536157
0.15268526291186263
0.5597631554175445
0.8358092205527099
0.9201616455134508
0.7966545648010309
0.4966651968365727
0.09115408067779926
0.3262832996947175
0.6612690812631816
0.8402416852501605
0.8267988666580386
0.6291113242832215
0.29689652042067927
0.09108674700389606
0.44587474901854
0.6889239144075687
0.7696920796350256
0.6761968804459764
0.4363361708914257
0.10998579655922103
0.2259554377046572
0.4958334068897498
0.6424455033901704
0.6392348604967609
0.49485801076966035
0.24941319981525376
0.03639390868810925
0.2962705589369377
0.4738219434558918
0.534858689627531
0.4738261552423725
0.3131922476744743
0.09636461557308343
0.12378902238306252
0.29782309739751356
0.3908582211732457
0.3894667305930418
0.3029718364593171
0.15927163168748604
0.0033830769701805458
0.14634936866210374
0.2397337171856816
0.2685579085489333
0.23470179719905176
0.1545297241958528
0.05319856373171286
0.04260032496407577
0.11146568445310757
0.14196637634053244
0.13417756610698528
0.09799288827291283
0.04900120646111101
0.003306557877071408
0.02715937543750272
0.03755069274559802
0.030570472083670103
0.014562982579601477
0.0
0.0044469396811972085
0.005002406551434054
0.025923527325531902
0.050516724635913585
0.06827910423238664
0.06965741569202508
0.04952503527438836
0.009378470089071089
0.04247126714569344
0.09284207869207373
0.12725187369090254
0.13411557720896577
0.10835658029626652
0.05335795396055953
0.01937438124434301
0.09283138294019809
0.1487559893013621
0.17241428035092432
0.15659540016041004
0.1037381994659473
0.025572910048245728
0.05967092234486493
0.13178401792969163
0.17364996210489486
0.17554287527708104
0.13752577428514037
0.0693306872787885
0.012228426754855205
0.08760616657143247
0.13947679373465716
0.15698081223095095
0.1381721187795295
0.09007311341153985
0.026399547201011005
0.03635719108897754
0.08337642565257626
0.10525744507036427
0.10007519967673878
0.07324798711436528
0.03535331613417681
0.001391845421576922
0.02690499024888427
0.036136993022215035
0.03024883891457181
0.015748349910850983
0.0018919790648460613
0.0028091414971621563
0.006146933899284738
0.027295016914258098
0.05324727285263806
0.07283191520044745
0.07476063195567512
0.051743601261213516
0.003756803459373406
0.060667792959234135
0.12574135737295536
0.1721822649770636
0.1825671123169714
0.14683809524826602
0.06635745332889456
0.044828643147062947
0.16217864820045003
0.25604137753070033
0.29906511060836005
0.2737913776544849
0.1783844343874917
0.028780318903059817
0.14363827425612416
0.29861261359205876
0.39645398647603436
0.4081374614948123
0.32348614528147734
0.15520599992970688
0.06254964868404818
0.2810906791583985
0.44818610124905994
0.5206376802116705
0.4753830247237464
0.3162833527133395
0.07468248577702462
0.19671950241920158
0.43549646922334667
0.5840335149620934
0.6035460135239656
0.4841423480868245
0.24832901891166712
0.053135266503989406
0.35230183902703327
0.579569277054809
0.6800931021965938
0.6271507371593955
0.4291755843123789
0.12861972204730196
0.20726974138154589
0.5017297245775683
0.6862919652728368
0.716933354105889
0.5847050424264543
0.3182452315326105
0.02251378581227539
0.36004161329274764
0.6171309155737872
0.7348386963674393
0.6862159112135761
0.48257891701680905
0.17083998798027553
0.17746628199419082
0.48285759289451996
0.6763354987978029
0.7152342854410237
0.5927881570357314
0.3392347264350097
0.014295864578810172
0.3070835061039463
0.5522911703375907
0.6677259414305396
0.6307065362638675
0.45392080414742636
0.1815447790653304
0.1218496191610424
0.3868014401083546
0.5551150771087962
0.5928492913859451
0.49719443416468495
0.2958369692098224
0.0392430179420659
0.21203895559386848
0.4018504922715767
0.4911709553809704
0.46620253592686406
0.3401026947213221
0.14827933667982532
0.061281160128413614
0.24005771002823817
0.350377719063041
0.37343614442646794
0.3122250513511017
0.18900195597850591
0.0382976885032934
0.10249018649697925
0.20240197558996642
0.24379687193143743
0.22526457175905534
0.16014847503101778
0.07142867252848241
0.015386544857696362
0.07930151128953222
0.1089110708183172
0.1042861381538042
0.07540163175997473
0.03782740540151918
0.007138494358185133
0.006207849313016033
2.890119700292129E-17
0.0194717279800055
0.04001830656385951
0.04813653538947061
0.03410092674335573
0.004067175565856111
0.05905637269030252
0.11573449140349391
0.15531519083761652
0.16107773146830373
0.12397960554138843
0.046453359184132764
0.05687593013428652
0.16198974472081235
0.24124294341628552
0.2706749546524516
0.23692658685875498
0.14182282766202584
0.0032146022405416595
0.14838729470521556
0.2767449047613153
0.34876767141542125
0.3431121617167657
0.2562605501582575
0.10439035491560811
0.07963274516064624
0.25357963290128693
0.3758177290726009
0.4154986849905333
0.36043520722329625
0.2206389945284452
0.026527439404764173
0.17788544676710266
0.34524493943332424
0.4361075466297242
0.4284550752439991
0.32313058401127354
0.14383449735305653
0.06835746639323755
0.26465264127278965
0.4000505041915284
0.44392491718295485
0.3871334630854746
0.24396402515406876
0.04849498346123109
0.15369422223252097
0.3164080746691845
0.40366086369684573
0.3978472205206075
0.3033546289349557
0.14486226010569941
0.039121073195025516
0.20578443171471397
0.3182151873228024
0.3537906495065558
0.3088044877982844
0.1983636447380085
0.05178887110771691
0.09515134493989892
0.20911988426123992
0.2669681337986263
0.2605234947746434
0.19739617554013578
0.09784930387180517
0.011229028264064772
0.10353293437415624
0.15980360545212363
0.17193805428713224
0.1438435192652103
0.08905633815661841
0.026009694846278537
0.02758162469810681
0.05959635322898823
0.06631840911078442
0.052517420015598726
0.028947942927043772
0.008162716716013617
0.0
0.008162716716013617
0.028947942927043772
0.052517420015598726
0.06631840911078442
0.05959635322898823
0.02758162469810681
0.026009694846278537
0.08905633815661841
0.1438435192652103
0.17193805428713224
0.15980360545212363
0.10353293437415624
0.011229028264064772
0.09784930387180517
0.19739617554013578
0.2605234947746434
0.2669681337986263
0.20911988426123992
0.09515134493989892
0.05178887110771691
0.1983636447380085
0.3088044877982844
0.3537906495065558
0.3182151873228024
0.20578443171471397
0.039121073195025516
0.14486226010569941
0.3033546289349557
0.3978472205206075
0.40366086369684573
0.3164080746691845
0.15369422223252097
0.04849498346123109
0.24396402515406876
0.3871334630854746
0.44392491718295485
0.4000505041915284
0.26465264127278965
0.06835746639323755
0.14383449735305653
0.32313058401127354
0.4284550752439991
0.4361075466297242
0.34524493943332424
0.17788544676710266
0.026527439404764173
0.2206389945284452
0.36043520722329625
0.4154986849905333
0.3758177290726009
0.25357963290128693
0.07963274516064624
0.10439035491560811
0.2562605501582575
0.3431121617167657
0.34876767141542125
0.2767449047613153
0.14838729470521556
0.0032146022405416595
0.14182282766202584
0.23692658685875498
0.2706749546524516
0.24124294341628552
0.16198974472081235
0.05687593013428652
0.046453359184132764
0.12397960554138843
0.16107773146830373
0.15531519083761652
0.11573449140349391
0.05905637269030252
0.004067175565856111
0.03410092674335573
0.04813653538947061
0.04001830656385951
0.0194717279800055
2.890119700292129E-17
0.006207849313016033
0.007138494358185133
0.03782740540151918
0.07540163175997473
0.1042861381538042
0.1089110708183172
0.07930151128953222
0.015386544857696362
0.07142867252848241
0.16014847503101778
0.22526457175905534
0.24379687193143743
0.20240197558996642
0.10249018649697925
0.0382976885032934
0.18900195597850591
0.3122250513511017
0.37343614442646794
0.350377719063041
0.24005771002823817
0.061281160128413614
0.14827933667982532
0.3401026947213221
0.46620253592686406
0.4911709553809704
0.4018504922715767
0.21203895559386848
0.0392430179420659
0.2958369692098224
0.49719443416468495
0.5928492913859451
0.5551150771087962
0.3868014401083546
0.1218496191610424
0.1815447790653304
0.45392080414742636
0.6307065362638675
0.6677259414305396
0.5522911703375907
0.3070835061039463
0.014295864578810172
0.3392347264350097
0.5927881570357314
0.7152342854410237
0.6763354987978029
0.48285759289451996
0.17746628199419082
0.17083998798027553
0.48257891701680905
0.6862159112135761
0.7348386963674393
0.6171309155737872
0.36004161329274764
0.02251378581227539
0.3182452315326105
0.5847050424264543
0.716933354105889
0.6862919652728368
0.5017297245775683
0.20726974138154589
0.12861972204730196
0.4291755843123789
0.6271507371593955
0.6800931021965938
0.579569277054809
0.35230183902703327
0.053135266503989406
0.24832901891166712
0.4841423480868245
0.6035460135239656
0.5840335149620934
0.43549646922334667
0.19671950241920158
0.07468248577702462
0.3162833527133395
0.4753830247237464
0.5206376802116705
0.44818610124905994
0.2810906791583985
0.06254964868404818
0.15520599992970688
0.32348614528147734
0.4081374614948123
0.39645398647603436
0.29861261359205876
0.14363827425612416
0.028780318903059817
0.1783844343874917
0.2737913776544849
0.29906511060836005
0.25604137753070033
0.16217864820045003
0.044828643147062947
0.06635745332889456
0.14683809524826602
0.1825671123169714
0.1721822649770636
0.12574135737295536
0.060667792959234135
0.003756803459373406
0.051743601261213516
0.07476063195567512
0.07283191520044745
0.05324727285263806
0.027295016914258098
0.006146933899284738
0.0028091414971621563
0.0018919790648460613
0.015748349910850983
0.03024883891457181
0.036136993022215035
0.02690499024888427
0.001391845421576922
0.03535331613417681
0.07324798711436528
0.10007519967673878
0.10525744507036427
0.08337642565257626
0.03635719108897754
0.026399547201011005
0.09007311341153985
0.1381721187795295
0.15698081223095095
0.13947679373465716
0.08760616657143247
0.012228426754855205
0.0693306872787885
0.13752577428514037
0.17554287527708104
0.17364996210489486
0.13178401792969163
0.05967092234486493
0.025572910048245728
0.1037381994659473
0.15659540016041004
0.17241428035092432
0.1487559893013621
0.09283138294019809
0.01937438124434301
0.05335795396055953
0.10835658029626652
0.13411557720896577
0.12725187369090254
0.09284207869207373
0.04247126714569344
0.009378470089071089
0.04952503527438836
0.06965741569202508
0.06827910423238664
0.050516724635913585
0.025923527325531902
0.005002406551434054
0.0044469396811972085
0.0
0.014562982579601477
0.030570472083670103
0.03755069274559802
0.02715937543750272
0.003306557877071408
0.04900120646111101
0.09799288827291283
0.13417756610698528
0.14196637634053244
0.11146568445310757
0.04260032496407577
0.05319856373171286
0.1545297241958528
0.23470179719905176
0.2685579085489333
0.2397337171856816
0.14634936866210374
0.0033830769701805458
0.15927163168748604
0.3029718364593171
0.3894667305930418
0.3908582211732457
0.29782309739751356
0.12378902238306252
0.09636461557308343
0.3131922476744743
0.4738261552423725
0.534858689627531
0.4738219434558918
0.2962705589369377
0.03639390868810925
0.24941319981525376
0.49485801076966035
0.6392348604967609
0.6424455033901704
0.4958334068897498
0.2259554377046572
0.10998579655922103
0.4363361708914257
0.6761968804459764
0.7696920796350256
0.6889239144075687
0.44587474901854
0.09108674700389606
0.29689652042067927
0.6291113242832215
0.8267988666580386
0.8402416852501605
0.6612690812631816
0.3262832996947175
0.09115408067779926
0.4966651968365727
0.7966545648010309
0.9201616455134508
0.8358092205527099
0.5597631554175445
0.15268526291186263
0.29376099361536157
0.6778128010689786
0.9110927042074901
0.9391910783460073
0.7544981069802278
0.3982276189668014
0.04889871695692627
0.4851738496439544
0.8113315871518294
0.953415342454582
0.8797575679214373
0.6081248137149043
0.2013971425083955
0.2471589320670906
0.6355360371553473
0.8764681778418336
0.9172800255377104
0.7515343153043135
0.419872862311884
2.890119700292129E-17
0.4117101455958704
0.7225863723772699
0.8647626055221117
0.8101497687310494
0.5759396839263589
0.21957730736898373
0.17538744766211717
0.5190684755582862
0.735914048656227
0.7814772881674498
0.6515279816997056
0.38164091526979804
0.0376696886928614
0.3003783150949964
0.557101931440092
0.6786675835713639
0.6441245704088638
0.46869291680773867
0.19860964867546257
0.10089639180414567
0.361399510679536
0.5270047327544255
0.566370996006895
0.47843937747822834
0.2908807651218587
0.052033007482773626
0.18142103958901815
0.35791445232822583
0.442394464729553
0.42313800296119275
0.3127032496140369
0.14320229818815808
0.042591763542665056
0.2019107238644712
0.30179045132209414
0.3257671624520708
0.2761463762544479
0.17168352961863595
0.041628330165983364
0.08212094035160078
0.17270282287847624
0.21399042814617122
0.20312731386703684
0.14961307133633617
0.07152775304815111
0.00986646928334514
0.07563156440849247
0.11338673623259556
0.11936000463699775
0.09800842616977155
0.0596126147731873
0.016731870412437254
0.019398667467454424
0.041562547239256016
0.047746059456480014
0.04069905917762058
0.02622693169800175
0.010884336982270506
1.6847472963879955E-4
0.004526541000077961
0.00280713032692659
0.002117046103518311
0.00654114621723383
0.007460020524959623
0.003677366402573742
0.003853034220056948
0.01251392108828087
0.019111355127771342
0.0211376247306313
0.017741603130581207
0.010055166229191571
7.606176887847754E-4
0.006941551305853004
0.010585842643872623
0.009447834480189508
0.004908745400404027
2.890119700292129E-17
0.00176090963181868
0.002136087806751065
0.011903878075987197
0.02488490712406106
0.036007033921417485
0.03925365512629209
0.02977647601514387
0.006008074768625229
0.028957405382789
0.06730639633894395
0.09801269806815281
0.10968129472247155
0.09404539529369992
0.04913223253641967
0.01892330725895034
0.09617057303830767
0.16346906204973954
0.20102186407554345
0.19378231890263087
0.13631951056229089
0.035708250080168
0.08860841433496042
0.20831867679163038
0.2925525738219691
0.31562808010388926
0.2643247179864365
0.14270826831508002
0.02701459118721061
0.20823080263838983
0.35771764043002763
0.4358684791549942
0.4169429583292666
0.2967283266968147
0.09545007196003148
0.14518758797635264
0.37054437849484995
0.5254490911935032
0.5676507417538008
0.4790431832232253
0.27173018996976955
0.01290401915723325
0.31232973618612553
0.5566511640135164
0.684985446526452
0.6605871488869519
0.48096561382967395
0.18027542349135292
0.17698692187956028
0.5098739339310672
0.7394631840662141
0.8076706115678867
0.6918915475294625
0.4117852145539613
0.026270589271648884
0.37891302449184466
0.7104463997994098
0.8891156190829527
0.8688590775898081
0.6485678198258343
0.2736271947104404
0.1734483651943649
0.5913542325128289
0.883192114690096
0.979158212804954
0.8533606547092938
0.5306862734145251
0.08191558540704919
0.39196729316779116
0.7827549616788834
1.0
0.9921709764569057
0.7589826145048242
0.35192550234890846
0.13723213446107285
0.597374031871738
0.9235691259728064
