-0.3333333333333333
0.35897644983783783
0.3375485989814706
0.10623982200225979
0.3163913205898372
0.6614284145140176
0.6299544383772585
0.20018045333356507
0.30101679162830997
0.4688797282942274
0.19500146969455182
0.21883565351659684
0.33525026189251667
0.003433842919900343
0.5131832943952318
0.7195513793317395
0.39010592384823967
0.25493752451948026
0.7423670710218762
0.7566682278572293
0.3775098309051554
0.05299713862571979
0.26847071410640466
0.2802615448147244
0.2712418962162642
0.335426250937994
0.36206016218198717
0.18645262140140173
0.17139518983792032
0.462745134556726
0.4365298064292446
0.11167006491778197
0.20253020391937002
0.19131968142646838
0.14242673728329786
0.44831324847579906
0.34881776638279627
0.18299053713361255
0.7566434166114461
0.890613703327357
0.43825919350044806
0.2799939621943142
0.7564048138350228
0.7219328023063228
0.32961027540837623
0.04625359175846999
0.170311435250973
0.11380611766167185
0.09854245722092096
0.21733409615692323
0.3361787070185637
0.2687994277068663
0.01561619162280222
0.20798139791686832
0.19704044763597972
0.004516595244319789
0.12354602724696685
0.05822240535740782
0.43926076635173533
0.6435601266872731
0.36713175578925167
0.297215734476823
0.8854788727794282
0.9428726475278378
0.4190810646131376
0.28712456971331973
0.674819556587051
0.5570526525733163
0.17064589266931796
0.09439501201343725
0.06329891803234251
0.10766570548820209
0.14693642949995625
0.033909528090352616
0.2663849885580363
0.32979710413437263
0.1957481049165423
0.044658198738520505
0.04265969245482981
0.13262260251267435
0.08382099625480803
0.234084825288522
0.6436135835637726
0.7661025976913963
0.37529440312591705
0.3399401359190736
0.8830857261729488
0.8594216312839547
0.3185242685953802
0.2913306818114079
0.5185225276613581
0.28814564343677157
0.07682117240215613
0.19123048138917445
0.03337465113485783
0.3409982680931396
0.41117181588762036
0.16975394799623778
0.1709843066713954
0.3531035161705716
0.3238661471552106
0.2384487398050067
0.23531271803340295
0.2505350961662555
0.09018963095142296
0.30891916376936823
0.7223350211419662
0.7892929635047922
0.35707119086461486
0.3210300903379004
0.7588288786462257
0.6498440760934392
0.13970059947861932
0.3055656082784743
0.3208257170971421
0.03798809204191276
0.3694564544927794
0.31601748560436144
0.10663042806406299
0.5422241007562758
0.6354213825299643
0.3420528852472107
0.0764048580951245
0.3330400371423781
0.36811045172058315
0.33015401557235885
0.3425487772390257
0.33522412680217717
0.13622876291595862
0.27852679650133977
0.6679167103061735
0.7050519104370144
0.300322955967473
0.26235915622073797
0.5452029874536016
0.3488467382428322
0.09604035407192123
0.33618142377506505
0.11938682248622319
0.3637307382008312
0.6516549653958607
0.43719018478064814
0.15255118436193058
0.675835565517915
0.7686344503612043
0.4360586230366054
0.01102444314977169
0.27509016466738934
0.31611628506969486
0.29914177401959957
0.3436644219281369
0.36893726691845274
0.20521308776046845
0.16156904642533396
0.5000000000000001
0.5268070877510032
0.20160747620218103
0.1913508632054252
0.2902349792213505
0.009519872902094903
0.3522737129221582
0.38039405915209756
0.05219128822656547
0.6325974768712893
0.8669664703807102
0.519124513658764
0.17664694207501483
0.7216845904496485
0.7781336534102938
0.42008042896123493
0.002048427138342116
0.19341736556407926
0.17672842343311249
0.15165250950353437
0.24083990155473844
0.3445246664074974
0.2754129247719982
0.005595840572723665
0.26113350150428344
0.2877504839229886
0.06860737822980145
0.13378517899608974
0.04689172147717543
0.3073986404673127
0.584423417796286
0.4265188223303172
0.1711798110887612
0.8006851452752916
0.9700151397609759
0.5304846749106669
0.19134244260251718
0.67811324344805
0.656300843550678
0.28524162052317664
0.048535411573940625
0.10620969355584553
0.022957768053261624
0.08067476213742009
0.05948264464870128
0.26841391662291475
0.32625427278571434
0.1776375968941313
0.00767610960689491
0.034582428627828864
0.0804217352519787
0.10764244280275244
0.1381409381465425
0.5459873419266252
0.7490500468774753
0.4569816221990079
0.22950506257682932
0.845189146700911
0.9363262836389818
0.4522256758162537
0.21143798324506358
0.5608363637651609
0.4218915306140167
0.04830567385472051
0.1582979327486078
0.03019582891013997
0.24435062394327545
0.34766727746779447
0.1565576575037193
0.1602853907359518
0.343716762309403
0.31049470061625944
0.2022022952061815
0.1820442421308509
0.2202246415970073
0.11941035324952383
0.23387450957548228
0.6666666666666666
0.8134780744386926
0.453353340672707
0.23382366652461076
0.7682464796084735
0.7678877662295305
0.2833023099085356
0.2488402034605461
0.39808645098792456
0.1157832169558241
0.25099782779274865
0.3064752256007211
0.024143693454568748
0.4462261813375085
0.5913563085549444
0.3540095394781266
0.049295190292355885
0.3236114495535581
0.3708294645668136
0.320841191964614
0.3183635732125844
0.3243816214256862
0.16360087689712846
0.2306675678015396
0.6543047661000958
0.7635625932157799
0.4020812202985824
0.2021349491448865
0.5954181171819503
0.4931766192686671
0.042579243459410415
0.3080629930558714
0.22335945135839905
0.20782993395291105
0.5576952566517296
0.4595315906834518
0.05536479783962944
0.5936217065512416
0.7582461851461679
0.48156638825794307
0.03243625557559952
0.27198049007420255
0.3426629703497137
0.32108697650136586
0.3472366534280118
0.372010604113584
0.2253904690004437
0.14103806647604675
0.5211549475024694
0.6077274100312956
0.29935251981125177
0.15798548949194313
0.36930607218704675
0.16157629729953307
0.2337392926590088
0.3838076260447541
0.06758132440623955
0.49281770250734264
0.8127627245995623
0.5780591109772749
0.07109824415474893
0.6647731897144672
0.8104688020300538
0.5011903114090361
0.05762106907623954
0.20263665888706664
0.22986868758039192
0.20184053600876603
0.2645764844672581
0.3536392264150226
0.285517500303241
0.004331521335223483
0.30399473175972974
0.37618509046937404
0.15369021391164608
0.12384332783000658
0.1398441657138082
0.16666666666666674
0.49882061555164614
0.4613919268114772
0.04745039190938636
0.6925764110592114
0.9654231462737473
0.625622917042035
0.08533704696967591
0.6546560180433326
0.7334562127614855
0.39684200570331796
0.011033034063794892
0.13261360300545003
0.054187226156339086
0.011992982986195777
0.09091742269831427
0.27466726586622764
0.3260357686742292
0.16430796004460138
0.05609449674233302
0.11530787160218732
0.014584185780519787
0.1153369119383495
0.04652225215571559
0.4328181935157973
0.7047323231250409
0.5200456516739304
0.11289989840985008
0.7791225998692161
0.9839000820591955
0.5775678729052913
0.11372040408266175
0.5745408080329538
0.5385563348544801
0.17866023921806806
0.1056502781260854
0.07683727630859366
0.15055428155801298
0.27507702835350295
0.13236751818118925
0.15536251305079363
0.3353587600339436
0.296873223151571
0.16423754565459311
0.12178034145546512
0.17710585959992894
0.13775155780489842
0.15638536112108228
0.5917190764895881
0.8127522133388735
0.5383136561634502
0.13328179259171613
0.7479464015929778
0.8622861640169641
0.4277080154375194
0.16811747214144815
0.44792764867265317
0.26014116785517655
0.11841957438712121
0.2727306621204595
0.04352030623569366
0.3465109247691789
0.5314693333013015
0.3515163389728933
0.027145116724370883
0.31126826316788847
0.36834433098632974
0.3060548247805676
0.2864291096251421
0.30369143897448736
0.18554128542820356
0.17563660442033355
0.6209513367295743
0.8021560076988262
0.5002086550826471
0.12355623653833442
0.6177299695221503
0.6220084679281462
0.1912148171206526
0.25203295576219814
0.3040456378518153
0.052040583157670885
0.44141128835759114
0.45560789707513677
0.031577640816514076
0.5002255266550253
0.7265280686692295
0.5117543538161601
0.0741736446521049
0.2611348529012679
0.36022459491275044
0.3364513172914922
0.34507035821186055
0.3696058823759864
0.24481263437992132
0.11122740772311424
0.5251544677513614
0.6754351987046733
0.4004893692482247
0.10387810602843617
0.42518389972226484
0.30753860212161865
0.09717177988686047
0.35817753896900806
0.1706113662034017
0.34350159239719696
0.7300111307488611
0.6116553666106609
0.030816918078900468
0.5894440069608152
0.8183115232949273
0.5691693139560191
0.11674283142535775
0.19935591472262884
0.2722903055232015
0.2472535284812639
0.2868443890578985
0.36209575784368847
0.29797287066658024
0.011739425845608978
0.33459375723101176
0.4586322600280807
0.24758466918388566
0.09347878518793906
0.21631296607570283
0.022755375105046216
0.38944049871620107
0.46900930579826694
0.0676213846861572
0.5662772804243283
0.9290502118104569
0.6994560698642908
0.024910031195474747
0.6068838226282353
0.7860428890083401
0.5004992477463666
0.08068806936119115
0.14276405821098578
0.12143524962456531
0.05634969076040367
0.12647868801443307
0.28449440566900036
0.32919812643694546
0.1567110518591512
0.09833202001950604
0.19653885383468397
0.0632157313763372
0.10530389448470824
0.03615742785246342
0.3086616469216944
0.6338994011494873
0.5602881301238779
0.003605611558287425
0.688376134176337
1.0
0.688376134176337
0.003605611558287425
0.5602881301238779
0.6338994011494873
0.3086616469216944
0.03615742785246342
0.10530389448470824
0.0632157313763372
0.19653885383468397
0.09833202001950604
0.1567110518591512
0.32919812643694546
0.28449440566900036
0.12647868801443307
0.05634969076040367
0.12143524962456531
0.14276405821098578
0.08068806936119115
0.5004992477463666
0.7860428890083401
0.6068838226282353
0.024910031195474747
0.6994560698642908
0.9290502118104569
0.5662772804243283
0.0676213846861572
0.46900930579826694
0.38944049871620107
0.022755375105046216
0.21631296607570283
0.09347878518793906
0.24758466918388566
0.4586322600280807
0.33459375723101176
0.011739425845608978
0.29797287066658024
0.36209575784368847
0.2868443890578985
0.2472535284812639
0.2722903055232015
0.19935591472262884
0.11674283142535775
0.5691693139560191
0.8183115232949273
0.5894440069608152
0.030816918078900468
0.6116553666106609
0.7300111307488611
0.34350159239719696
0.1706113662034017
0.35817753896900806
0.09717177988686047
0.30753860212161865
0.42518389972226484
0.10387810602843617
0.4004893692482247
0.6754351987046733
0.5251544677513614
0.11122740772311424
0.24481263437992132
0.3696058823759864
0.34507035821186055
0.3364513172914922
0.36022459491275044
0.2611348529012679
0.0741736446521049
0.5117543538161601
0.7265280686692295
0.5002255266550253
0.031577640816514076
0.45560789707513677
0.44141128835759114
0.052040583157670885
0.3040456378518153
0.25203295576219814
0.1912148171206526
0.6220084679281462
0.6177299695221503
0.12355623653833442
0.5002086550826471
0.8021560076988262
0.6209513367295743
0.17563660442033355
0.18554128542820356
0.30369143897448736
0.2864291096251421
0.3060548247805676
0.36834433098632974
0.31126826316788847
0.027145116724370883
0.3515163389728933
0.5314693333013015
0.3465109247691789
0.04352030623569366
0.2727306621204595
0.11841957438712121
0.26014116785517655
0.44792764867265317
0.16811747214144815
0.4277080154375194
0.8622861640169641
0.7479464015929778
0.13328179259171613
0.5383136561634502
0.8127522133388735
0.5917190764895881
0.15638536112108228
0.13775155780489842
0.17710585959992894
0.12178034145546512
0.16423754565459311
0.296873223151571
0.3353587600339436
0.15536251305079363
0.13236751818118925
0.27507702835350295
0.15055428155801298
0.07683727630859366
0.1056502781260854
0.17866023921806806
0.5385563348544801
0.5745408080329538
0.11372040408266175
0.5775678729052913
0.9839000820591955
0.7791225998692161
0.11289989840985008
0.5200456516739304
0.7047323231250409
0.4328181935157973
0.04652225215571559
0.1153369119383495
0.014584185780519787
0.11530787160218732
0.05609449674233302
0.16430796004460138
0.3260357686742292
0.27466726586622764
0.09091742269831427
0.011992982986195777
0.054187226156339086
0.13261360300545003
0.011033034063794892
0.39684200570331796
0.7334562127614855
0.6546560180433326
0.08533704696967591
0.625622917042035
0.9654231462737473
0.6925764110592114
0.04745039190938636
0.4613919268114772
0.49882061555164614
0.16666666666666674
0.1398441657138082
0.12384332783000658
0.15369021391164608
0.37618509046937404
0.30399473175972974
0.004331521335223483
0.285517500303241
0.3536392264150226
0.2645764844672581
0.20184053600876603
0.22986868758039192
0.20263665888706664
0.05762106907623954
0.5011903114090361
0.8104688020300538
0.6647731897144672
0.07109824415474893
0.5780591109772749
0.8127627245995623
0.49281770250734264
0.06758132440623955
0.3838076260447541
0.2337392926590088
0.16157629729953307
0.36930607218704675
0.15798548949194313
0.29935251981125177
0.6077274100312956
0.5211549475024694
0.14103806647604675
0.2253904690004437
0.372010604113584
0.3472366534280118
0.32108697650136586
0.3426629703497137
0.27198049007420255
0.03243625557559952
0.48156638825794307
0.7582461851461679
0.5936217065512416
0.05536479783962944
0.4595315906834518
0.5576952566517296
0.20782993395291105
0.22335945135839905
0.3080629930558714
0.042579243459410415
0.4931766192686671
0.5954181171819503
0.2021349491448865
0.4020812202985824
0.7635625932157799
0.6543047661000958
0.2306675678015396
0.16360087689712846
0.3243816214256862
0.3183635732125844
0.320841191964614
0.3708294645668136
0.3236114495535581
0.049295190292355885
0.3540095394781266
0.5913563085549444
0.4462261813375085
0.024143693454568748
0.3064752256007211
0.25099782779274865
0.1157832169558241
0.39808645098792456
0.2488402034605461
0.2833023099085356
0.7678877662295305
0.7682464796084735
0.23382366652461076
0.453353340672707
0.8134780744386926
0.6666666666666666
0.23387450957548228
0.11941035324952383
0.2202246415970073
0.1820442421308509
0.2022022952061815
0.31049470061625944
0.343716762309403
0.1602853907359518
0.1565576575037193
0.34766727746779447
0.24435062394327545
0.03019582891013997
0.1582979327486078
0.04830567385472051
0.4218915306140167
0.5608363637651609
0.21143798324506358
0.4522256758162537
0.9363262836389818
0.845189146700911
0.22950506257682932
0.4569816221990079
0.7490500468774753
0.5459873419266252
0.1381409381465425
0.10764244280275244
0.0804217352519787
0.034582428627828864
0.00767610960689491
0.1776375968941313
0.32625427278571434
0.26841391662291475
0.05948264464870128
0.08067476213742009
0.022957768053261624
0.10620969355584553
0.048535411573940625
0.28524162052317664
0.656300843550678
0.67811324344805
0.19134244260251718
0.5304846749106669
0.9700151397609759
0.8006851452752916
0.1711798110887612
0.4265188223303172
0.584423417796286
0.3073986404673127
0.04689172147717543
0.13378517899608974
0.06860737822980145
0.2877504839229886
0.26113350150428344
0.005595840572723665
0.2754129247719982
0.3445246664074974
0.24083990155473844
0.15165250950353437
0.17672842343311249
0.19341736556407926
0.002048427138342116
0.42008042896123493
0.7781336534102938
0.7216845904496485
0.17664694207501483
0.519124513658764
0.8669664703807102
0.6325974768712893
0.05219128822656547
0.38039405915209756
0.3522737129221582
0.009519872902094903
0.2902349792213505
0.1913508632054252
0.20160747620218103
0.5268070877510032
0.5000000000000001
0.16156904642533396
0.20521308776046845
0.36893726691845274
0.3436644219281369
0.29914177401959957
0.31611628506969486
0.27509016466738934
0.01102444314977169
0.4360586230366054
0.7686344503612043
0.675835565517915
0.15255118436193058
0.43719018478064814
0.6516549653958607
0.3637307382008312
0.11938682248622319
0.33618142377506505
0.09604035407192123
0.3488467382428322
0.5452029874536016
0.26235915622073797
0.300322955967473
0.7050519104370144
0.6679167103061735
0.27852679650133977
0.13622876291595862
0.33522412680217717
0.3425487772390257
0.33015401557235885
0.36811045172058315
0.3330400371423781
0.0764048580951245
0.3420528852472107
0.6354213825299643
0.5422241007562758
0.10663042806406299
0.31601748560436144
0.3694564544927794
0.03798809204191276
0.3208257170971421
0.3055656082784743
0.13970059947861932
0.6498440760934392
0.7588288786462257
0.3210300903379004
0.35707119086461486
0.7892929635047922
0.7223350211419662
0.30891916376936823
0.09018963095142296
0.2505350961662555
0.23531271803340295
0.2384487398050067
0.3238661471552106
0.3531035161705716
0.1709843066713954
0.16975394799623778
0.41117181588762036
0.3409982680931396
0.03337465113485783
0.19123048138917445
0.07682117240215613
0.28814564343677157
0.5185225276613581
0.2913306818114079
0.3185242685953802
0.8594216312839547
0.8830857261729488
0.3399401359190736
0.37529440312591705
0.7661025976913963
0.6436135835637726
0.234084825288522
0.08382099625480803
0.13262260251267435
0.04265969245482981
0.044658198738520505
0.1957481049165423
0.32979710413437263
0.2663849885580363
0.033909528090352616
0.14693642949995625
0.10766570548820209
0.06329891803234251
0.09439501201343725
0.17064589266931796
0.5570526525733163
0.674819556587051
0.28712456971331973
0.4190810646131376
0.9428726475278378
0.8854788727794282
0.297215734476823
0.36713175578925167
0.6435601266872731
0.43926076635173533
0.05822240535740782
0.12354602724696685
0.004516595244319789
0.19704044763597972
0.20798139791686832
0.01561619162280222
0.2687994277068663
0.3361787070185637
0.21733409615692323
0.09854245722092096
0.11380611766167185
0.170311435250973
0.04625359175846999
0.32961027540837623
0.7219328023063228
0.7564048138350228
0.2799939621943142
0.43825919350044806
0.890613703327357
0.7566434166114461
0.18299053713361255
0.34881776638279627
0.44831324847579906
0.14242673728329786
0.19131968142646838
0.20253020391937002
0.11167006491778197
0.4365298064292446
0.462745134556726
0.17139518983792032
0.18645262140140173
0.36206016218198717
0.335426250937994
0.2712418962162642
0.2802615448147244
0.26847071410640466
0.05299713862571979
0.3775098309051554
0.7566682278572293
0.7423670710218762
0.25493752451948026
0.39010592384823967
0.7195513793317395
0.5131832943952318
0.003433842919900343
0.33525026189251667
0.21883565351659684
0.19500146969455182
0.4688797282942274
0.30101679162830997
0.20018045333356507
0.6299544383772585
0.6614284145140176
0.3163913205898372
0.10623982200225979
0.3375485989814706
0.35897644983783783
