-0.028846459947252132
0.026590120513823923
0.02306293405107929
0.0402884471081194
0.044950267625034554
0.01830440406161955
0.03206967027596462
0.033063772708112095
0.08250930912747732
0.11462170643493277
0.08175752284735259
0.1302316185111374
0.3207566575010829
0.33090534370598995
0.15089281509522234
0.18058818360601758
0.02277325068653508
0.01582078806876654
0.32008065291505683
0.42210249862308363
0.3313668303465677
0.4187667805910496
0.675231191630253
0.41298213129541117
0.3333666550077351
0.4459590671634619
0.322065572708656
0.0698020970002501
0.31969812177224827
0.12924246435618583
0.31472755202181624
0.6093546663707353
0.09532347092595243
0.1868906795449368
0.20446294951245284
1.0
0.6335432499801298
0.8398556806243465
0.7653941866969836
0.1284273387626796
0.23856001231359159
0.23554929407213515
0.22974512345608664
0.02921266008363986
0.7218659599708477
0.6620065268707321
0.13266658611942775
0.22008035860434239
0.04488688702229379
0.3393903901516243
0.021636277529555083
0.37172424207938115
0.20368157356076655
0.18782396735695067
0.04193426940388264
0.13005959105020093
0.25526391370381873
0.009144847449414172
0.3251246766691905
0.12657978329999003
0.036004878583462664
0.07163917896230644
0.018414192622071227
0.24580290079911554
0.04416103411833884
0.17045050813570484
0.2059948835918971
0.19442651052904453
0.16822308156270727
0.308247518874444
0.07700037781295016
0.2027820807049735
0.13297392567599442
0.06760163513360362
0.07862964514875914
0.30874999088111216
0.1411236377874794
0.16787616832583957
0.1689564481786827
0.009323482274082428
0.10307566749207182
0.05756621377384175
0.19770471684067958
0.004167875548204807
0.037822106421240134
0.02186836837940628
0.06514197026795553
0.04842371283174
0.05214660523310886
0.005543177135808674
0.11220608865093411
0.017498093041176093
0.20261592991419305
0.22307995982143913
0.14312865611292983
0.16772903662722444
0.16006380695114153
0.0646985779008955
0.03999300268976311
0.13663124803338747
0.03613658427998149
0.1362878415537022
0.10043550865463059
0.09986924973446366
0.24364739826547677
0.16460847228511943
0.04126322785569092
0.04653118606383798
0.011145536425294766
0.07847346535825062
0.16574248213054613
0.07950157454393332
0.0029739111350084615
0.14286733934047086
0.003934082924945051
0.18397422664871815
0.07349389983528436
0.022532465323534815
0.07456902300922337
0.1345026580857826
0.13432111194579457
0.22435783390666217
0.16107639496337675
0.014581395994303475
0.1293765069109404
0.21317167449198635
0.09753267647661557
0.15618947759685956
0.19518577601393103
0.048584313401960136
0.09109348224403784
0.010766749642893274
0.027183356596684433
0.05421905473251911
0.09011428712090266
0.0514620828482453
0.1703662290676049
0.006947101950148085
0.12689947360711132
0.11238866827236654
0.05704276443965788
0.021444912472608
0.1407239210604169
0.024922958063961956
0.007194107378018883
0.044177836658641126
0.009538498018835636
0.03927165635284503
0.015253726816812335
0.00694954736948256
0.00734239594835665
0.023847939188967483
0.07977180750215954
0.00264291976586888
0.009808838397476215
0.017946037558040348
0.005386531859882878
0.021721967647497682
0.020353633116402217
0.03792109019843223
0.011309176280815278
0.018327039137420502
0.008367789365593
8.960456119388008E-4
0.00654891029818612
9.008537662498935E-4
0.013464692148304435
0.003501214163042083
0.019695184267742437
0.009723647672630672
0.015933033439681197
0.014760665918422428
0.009489665318832928
0.004788271149299579
0.016207292388895657
0.003381224008580076
0.003887626832641076
1.6032709555471197E-4
0.006617297548366664
0.015920509622181115
0.0010970265797328362
0.007946239372551945
0.0026493614333065684
0.001644242199337309
0.0053071864874433645
7.258090786545498E-4
3.980748463676147E-4
0.0041729710601196845
0.011734097421707303
0.006437981926370679
0.002143431158973219
0.00172939065295682
0.008595752067825204
0.007310068051744191
0.007358218038059742
0.0013331122438084808
0.0010893631686587643
0.0019511089192461146
0.006355365124584994
0.005817877479783795
0.002921877796582488
0.003934734359740683
0.004409778328460817
1.3134717953938586E-4
0.010440771738955081
0.0024550512243178575
0.011183187982396809
0.0037159375856700393
0.015485050103281522
0.006989552946423204
0.020362788451823054
0.006076392234345725
0.008280318193686395
0.00590344856658287
1.224847420607502E-4
0.0014052592208734667
0.02114765489891221
0.003952637279653123
0.0018867126181801737
0.01224144165426909
0.006375496435337793
0.013101092974618351
0.011817144194122067
0.0019373148835689037
6.270700799524991E-4
0.017284902839442336
0.006918565385752587
0.003969483346615445
0.021308045827195133
0.009095564654465238
0.0016103113487805172
0.009037746993708615
0.02766529879592188
0.03782394506941788
0.014914052819325983
0.001980741599881108
0.011694999295404832
0.025021254304276323
0.0014249748168304157
0.020031632916163243
0.03080795943456524
0.018209178510842937
0.025788131804658845
0.010153006596140391
0.0054898703666890515
0.0026825595335739903
0.02108412007816619
0.017804440517231263
8.105859225080813E-4
0.01236796663674861
0.001656893847338365
0.00551801572513096
0.0010188730838734694
0.004212452754506763
0.01373846167646893
0.016710917203232905
0.011091440110570923
0.015521335760968308
0.011119991259304568
0.007306840318203293
0.004720949065623247
0.006427978712587395
0.00980319291393966
0.003828306685299914
0.004785732841608421
6.321421057425944E-4
0.004040583671568127
0.004937789913227711
0.009850176368339732
0.0046843193119309205
0.009761157213408207
0.001410970835752726
0.008235525864993072
0.008416126532019336
0.0038692799020881314
0.003650355646773726
0.0034056969650671327
0.011488116777651351
0.0031988059235048137
0.008245571935273524
0.0032486830402852474
0.0012114688348744045
0.005654385413981206
0.003895031310605392
1.969418148579099E-5
0.006635412933055932
0.00728520381181515
0.0035809938239585435
0.013472168613514308
0.0063308129082970755
0.006651070033892762
0.0018243600596542324
0.005134066589736702
0.005102651160508996
0.005514633373635704
0.009567748471740757
0.010676524691876634
0.004361731012913659
0.003446176533732509
0.004482627577056638
7.695371835965386E-4
0.007843158366992528
0.006942295294384718
0.008827286674880986
0.007166859694156046
0.008289963814728678
0.003906255436011743
0.01008266971489575
0.0014866086523087254
0.002269383992181861
0.004785079561493943
0.006913875285397956
0.0037962805289734913
0.003996935530433009
0.009274357915565136
0.005708549932531912
0.0031436165599292476
0.004688538674998254
0.0011092687148988353
0.006560277226900915
0.004207121058816962
0.005735102775538408
0.0072454234389920154
0.006636549063385682
0.005398869388003202
0.0043070878574410845
0.0017971885235879674
0.005222246032159432
0.0064679399174387905
0.008200815432990585
0.005760943623999254
0.005645519404121072
0.005318287049496799
0.009490101703514773
0.008007393890160652
0.0067523364180233705
0.005022386560555011
0.0071418115507876825
0.008525687115185499
0.0024852224036812213
0.0018775806657649842
0.006227309339180993
0.00668408700647904
0.005608400485672871
0.004264699610010174
0.005930782337924203
0.0036118305807752477
0.004017346015996164
0.007828553405695264
0.003991645192165636
0.004515883293561983
0.003306609511234495
0.005610347463561006
0.0038827802110931297
0.0038814009772806537
0.004523810380464085
0.004220784050754152
0.004200126180509389
0.008517595087023136
0.003930121069419023
0.0065859767159197535
0.007158961125716268
0.005690077656259298
0.004808501415074628
0.008185276994621949
0.003723973223399217
0.004537719034137434
0.007541002126624766
0.0055671506296172835
0.006529985762195298
0.007500798034734005
0.006294201626835183
0.003857356921024534
0.005212007528508304
0.006113385222348294
0.004581105030787226
0.005552882986531873
0.006719755594575233
0.00683998848331598
0.0066012723195716565
0.006002073239627141
0.004035911850185956
0.006387042766284344
0.004555423728123673
0.005318511827096751
0.006091777841297138
0.004587643343998743
0.008185781894227718
0.005793454235108144
0.0066281737137311465
0.0059126321613668965
0.005387562864106591
0.004406979457054641
0.005814470595146968
0.004932920402130992
0.004927740082476604
0.004787563317680632
0.0055943151800241404
0.005336395725877097
0.0044238680282096265
0.004681928911204604
0.005456173733283781
0.0057837079603561365
0.004977142583262612
0.006409385384411907
0.005138269622976462
0.005667930347535272
0.004294245773464133
0.004555444674397432
0.005673175402655096
0.004804382043043556
0.00581425108525801
0.005586625449017421
0.005417006675271733
0.0049863869213493004
0.005992793815608356
0.005386599736651888
0.005611044944215949
0.0063428993422562285
0.0053474577825755555
0.006066501377863188
0.005995077015495077
0.005677215452852942
0.0051012969869641475
0.005558398704258844
0.005147725754625914
0.00532218254788561
0.005702619106713509
0.005570052930456373
0.005674211779779573
0.005317569833963427
0.005771761030584262
0.005921382472142891
0.005966405393443183
0.004767573276625751
0.005860665456403581
0.0054509015298229106
0.005649476978513069
0.0055670840995805035
0.0052236701998478515
0.005967592452782207
0.005477958096921833
0.006067048013441794
0.005439382043608392
0.005309520280770542
0.005743478329138994
0.0063729518496718025
0.006521571399188339
0.005809149941263253
0.006195944046861512
0.006075579086059061
0.005790537217967052
0.005355168614390159
0.005679322603937607
0.005434373866105634
0.005267383094811846
0.005419427638384953
0.005687378502828922
0.005561585846906606
0.0055974511008337925
0.00613106783528628
0.0052277362671559234
0.005046827971506003
0.0052277362671559234
0.00613106783528628
0.0055974511008337925
0.005561585846906606
0.005687378502828922
0.005419427638384953
0.005267383094811846
0.005434373866105634
0.005679322603937607
0.005355168614390159
0.005790537217967052
0.006075579086059061
0.006195944046861512
0.005809149941263253
0.006521571399188339
0.0063729518496718025
0.005743478329138994
0.005309520280770542
0.005439382043608392
0.006067048013441794
0.005477958096921833
0.005967592452782207
0.0052236701998478515
0.0055670840995805035
0.005649476978513069
0.0054509015298229106
0.005860665456403581
0.004767573276625751
0.005966405393443183
0.005921382472142891
0.005771761030584262
0.005317569833963427
0.005674211779779573
0.005570052930456373
0.005702619106713509
0.00532218254788561
0.005147725754625914
0.005558398704258844
0.0051012969869641475
0.005677215452852942
0.005995077015495077
0.006066501377863188
0.0053474577825755555
0.0063428993422562285
0.005611044944215949
0.005386599736651888
0.005992793815608356
0.0049863869213493004
0.005417006675271733
0.005586625449017421
0.00581425108525801
0.004804382043043556
0.005673175402655096
0.004555444674397432
0.004294245773464133
0.005667930347535272
0.005138269622976462
0.006409385384411907
0.004977142583262612
0.0057837079603561365
0.005456173733283781
0.004681928911204604
0.0044238680282096265
0.005336395725877097
0.0055943151800241404
0.004787563317680632
0.004927740082476604
0.004932920402130992
0.005814470595146968
0.004406979457054641
0.005387562864106591
0.0059126321613668965
0.0066281737137311465
0.005793454235108144
0.008185781894227718
0.004587643343998743
0.006091777841297138
0.005318511827096751
0.004555423728123673
0.006387042766284344
0.004035911850185956
0.006002073239627141
0.0066012723195716565
0.00683998848331598
0.006719755594575233
0.005552882986531873
0.004581105030787226
0.006113385222348294
0.005212007528508304
0.003857356921024534
0.006294201626835183
0.007500798034734005
0.006529985762195298
0.0055671506296172835
0.007541002126624766
0.004537719034137434
0.003723973223399217
0.008185276994621949
0.004808501415074628
0.005690077656259298
0.007158961125716268
0.0065859767159197535
0.003930121069419023
0.008517595087023136
0.004200126180509389
0.004220784050754152
0.004523810380464085
0.0038814009772806537
0.0038827802110931297
0.005610347463561006
0.003306609511234495
0.004515883293561983
0.003991645192165636
0.007828553405695264
0.004017346015996164
0.0036118305807752477
0.005930782337924203
0.004264699610010174
0.005608400485672871
0.00668408700647904
0.006227309339180993
0.0018775806657649842
0.0024852224036812213
0.008525687115185499
0.0071418115507876825
0.005022386560555011
0.0067523364180233705
0.008007393890160652
0.009490101703514773
0.005318287049496799
0.005645519404121072
0.005760943623999254
0.008200815432990585
0.0064679399174387905
0.005222246032159432
0.0017971885235879674
0.0043070878574410845
0.005398869388003202
0.006636549063385682
0.0072454234389920154
0.005735102775538408
0.004207121058816962
0.006560277226900915
0.0011092687148988353
0.004688538674998254
0.0031436165599292476
0.005708549932531912
0.009274357915565136
0.003996935530433009
0.0037962805289734913
0.006913875285397956
0.004785079561493943
0.002269383992181861
0.0014866086523087254
0.01008266971489575
0.003906255436011743
0.008289963814728678
0.007166859694156046
0.008827286674880986
0.006942295294384718
0.007843158366992528
7.695371835965386E-4
0.004482627577056638
0.003446176533732509
0.004361731012913659
0.010676524691876634
0.009567748471740757
0.005514633373635704
0.005102651160508996
0.005134066589736702
0.0018243600596542324
0.006651070033892762
0.0063308129082970755
0.013472168613514308
0.0035809938239585435
0.00728520381181515
0.006635412933055932
1.969418148579099E-5
0.003895031310605392
0.005654385413981206
0.0012114688348744045
0.0032486830402852474
0.008245571935273524
0.0031988059235048137
0.011488116777651351
0.0034056969650671327
0.003650355646773726
0.0038692799020881314
0.008416126532019336
0.008235525864993072
0.001410970835752726
0.009761157213408207
0.0046843193119309205
0.009850176368339732
0.004937789913227711
0.004040583671568127
6.321421057425944E-4
0.004785732841608421
0.003828306685299914
0.00980319291393966
0.006427978712587395
0.004720949065623247
0.007306840318203293
0.011119991259304568
0.015521335760968308
0.011091440110570923
0.016710917203232905
0.01373846167646893
0.004212452754506763
0.0010188730838734694
0.00551801572513096
0.001656893847338365
0.01236796663674861
8.105859225080813E-4
0.017804440517231263
0.02108412007816619
0.0026825595335739903
0.0054898703666890515
0.010153006596140391
0.025788131804658845
0.018209178510842937
0.03080795943456524
0.020031632916163243
0.0014249748168304157
0.025021254304276323
0.011694999295404832
0.001980741599881108
0.014914052819325983
0.03782394506941788
0.02766529879592188
0.009037746993708615
0.0016103113487805172
0.009095564654465238
0.021308045827195133
0.003969483346615445
0.006918565385752587
0.017284902839442336
6.270700799524991E-4
0.0019373148835689037
0.011817144194122067
0.013101092974618351
0.006375496435337793
0.01224144165426909
0.0018867126181801737
0.003952637279653123
0.02114765489891221
0.0014052592208734667
1.224847420607502E-4
0.00590344856658287
0.008280318193686395
0.006076392234345725
0.020362788451823054
0.006989552946423204
0.015485050103281522
0.0037159375856700393
0.011183187982396809
0.0024550512243178575
0.010440771738955081
1.3134717953938586E-4
0.004409778328460817
0.003934734359740683
0.002921877796582488
0.005817877479783795
0.006355365124584994
0.0019511089192461146
0.0010893631686587643
0.0013331122438084808
0.007358218038059742
0.007310068051744191
0.008595752067825204
0.00172939065295682
0.002143431158973219
0.006437981926370679
0.011734097421707303
0.0041729710601196845
3.980748463676147E-4
7.258090786545498E-4
0.0053071864874433645
0.001644242199337309
0.0026493614333065684
0.007946239372551945
0.0010970265797328362
0.015920509622181115
0.006617297548366664
1.6032709555471197E-4
0.003887626832641076
0.003381224008580076
0.016207292388895657
0.004788271149299579
0.009489665318832928
0.014760665918422428
0.015933033439681197
0.009723647672630672
0.019695184267742437
0.003501214163042083
0.013464692148304435
9.008537662498935E-4
0.00654891029818612
8.960456119388008E-4
0.008367789365593
0.018327039137420502
0.011309176280815278
0.03792109019843223
0.020353633116402217
0.021721967647497682
0.005386531859882878
0.017946037558040348
0.009808838397476215
0.00264291976586888
0.07977180750215954
0.023847939188967483
0.00734239594835665
0.00694954736948256
0.015253726816812335
0.03927165635284503
0.009538498018835636
0.044177836658641126
0.007194107378018883
0.024922958063961956
0.1407239210604169
0.021444912472608
0.05704276443965788
0.11238866827236654
0.12689947360711132
0.006947101950148085
0.1703662290676049
0.0514620828482453
0.09011428712090266
0.05421905473251911
0.027183356596684433
0.010766749642893274
0.09109348224403784
0.048584313401960136
0.19518577601393103
0.15618947759685956
0.09753267647661557
0.21317167449198635
0.1293765069109404
0.014581395994303475
0.16107639496337675
0.22435783390666217
0.13432111194579457
0.1345026580857826
0.07456902300922337
0.022532465323534815
0.07349389983528436
0.18397422664871815
0.003934082924945051
0.14286733934047086
0.0029739111350084615
0.07950157454393332
0.16574248213054613
0.07847346535825062
0.011145536425294766
0.04653118606383798
0.04126322785569092
0.16460847228511943
0.24364739826547677
0.09986924973446366
0.10043550865463059
0.1362878415537022
0.03613658427998149
0.13663124803338747
0.03999300268976311
0.0646985779008955
0.16006380695114153
0.16772903662722444
0.14312865611292983
0.22307995982143913
0.20261592991419305
0.017498093041176093
0.11220608865093411
0.005543177135808674
0.05214660523310886
0.04842371283174
0.06514197026795553
0.02186836837940628
0.037822106421240134
0.004167875548204807
0.19770471684067958
0.05756621377384175
0.10307566749207182
0.009323482274082428
0.1689564481786827
0.16787616832583957
0.1411236377874794
0.30874999088111216
0.07862964514875914
0.06760163513360362
0.13297392567599442
0.2027820807049735
0.07700037781295016
0.308247518874444
0.16822308156270727
0.19442651052904453
0.2059948835918971
0.17045050813570484
0.04416103411833884
0.24580290079911554
0.018414192622071227
0.07163917896230644
0.036004878583462664
0.12657978329999003
0.3251246766691905
0.009144847449414172
0.25526391370381873
0.13005959105020093
0.04193426940388264
0.18782396735695067
0.20368157356076655
0.37172424207938115
0.021636277529555083
0.3393903901516243
0.04488688702229379
0.22008035860434239
0.13266658611942775
0.6620065268707321
0.7218659599708477
0.02921266008363986
0.22974512345608664
0.23554929407213515
0.23856001231359159
0.1284273387626796
0.7653941866969836
0.8398556806243465
0.6335432499801298
1.0
0.20446294951245284
0.1868906795449368
0.09532347092595243
0.6093546663707353
0.31472755202181624
0.12924246435618583
0.31969812177224827
0.0698020970002501
0.322065572708656
0.4459590671634619
0.3333666550077351
0.41298213129541117
0.675231191630253
0.4187667805910496
0.3313668303465677
0.42210249862308363
0.32008065291505683
0.01582078806876654
0.02277325068653508
0.18058818360601758
0.15089281509522234
0.33090534370598995
0.3207566575010829
0.1302316185111374
0.08175752284735259
0.11462170643493277
0.08250930912747732
0.033063772708112095
0.03206967027596462
0.01830440406161955
0.044950267625034554
0.0402884471081194
0.02306293405107929
0.026590120513823923
