-0.07708140292009368
0.2040963567497878
0.05224089965558195
0.13550291756293278
0.01143859268578017
0.16098903380789856
0.3328470924826222
0.0816137418169038
0.2146981339257109
0.07768345349849809
0.29023825198775394
0.008578738386373033
0.3999646201808534
1.0
0.14151625595882697
0.2148336063873072
0.09244002634393815
0.3331770134948385
0.018652848088252575
0.26780183604874574
0.8314065553561948
0.20702852898117058
0.0627185856574712
0.07200532328870983
0.14580577947656329
0.061615680550464826
0.018855295789747803
0.28947680452053937
0.012833718140722027
0.24165561389290538
0.24194764772545943
0.24068867454811455
0.2931237546564926
0.1247578832905659
0.06282706769568504
0.07407992824948971
0.05026089981605299
0.33849353928708986
0.08127062917590736
0.27072849516578174
0.23835455722831692
0.015302770207140068
0.12831949389480962
0.13044853152278632
0.04978190993693858
0.41803261906872047
0.11885238200856425
0.17557177759876294
0.04488763550142758
0.06718024688496503
0.22618269041825995
0.007280273834443292
0.07993951521022483
0.04805292730552743
0.14386505262022717
0.21835048649061312
0.23648536572781245
0.016314683806445966
0.03886250451181529
0.017979360164993605
0.036171015146508424
0.32256675533803236
0.3901339556690159
0.30128931261774944
0.038443310620131496
0.2177920456113151
0.06230886894505032
0.19144540403507937
0.002514678262480101
0.22120667070901967
0.05518650487897335
0.05754500970271244
0.23613209366818547
0.10947745099882594
0.08735271847059979
0.013204065064139363
0.07109029330989423
0.011525138356062014
0.02457330607290143
0.06549491484433283
0.023309477671366867
0.08095773969684963
0.07488770572834398
0.04719018916398522
0.03935611895587611
0.20640742939181592
0.19590130649752685
0.08551147387310251
0.07217899560558697
0.14410855137167894
0.06673657953460271
0.1202861061568822
0.01315804427990161
0.0763620817454582
0.10281043434795409
0.2894318931281491
0.038253721574921566
0.10308263387900983
0.09567657866131875
0.10556005389878355
0.06351305358340577
0.27557724848573
0.09469213846492817
0.11151644024077473
0.003956114291986217
0.15383506862229784
0.17557776544900844
0.0599216559802673
0.044500692499234856
0.004430746429340066
0.09396901941217761
6.057951017524001E-4
0.06815350722614717
0.11505172813447449
0.03238631900161296
0.029039367063296816
0.07841192991899282
0.06241169374535264
0.07789531280645279
0.04930405744754074
0.15623358555903896
0.025225138998784907
0.06831779446488509
0.18616404509595375
0.18627733667781968
0.1114909628549453
0.008398594552343017
0.061266627714478265
0.02556292308165288
0.03959499528142277
0.14974441399087193
0.03169406655954364
0.018682615393920084
0.1356701291043848
0.19130743549504756
0.043133129196500294
0.006713720348813431
0.051277049301277404
0.10847654124706507
0.035050581472311625
0.02520555686755154
0.008420159894627216
0.05681271277584258
0.03001900654056317
0.022395207524970276
0.22895355867923262
0.02017350176253642
0.052013347438377905
0.023113964692208763
0.05416508342838918
0.06333742663276631
0.04389983656205276
0.172291450114896
0.053066104778071714
0.009635175365011706
0.045732415636654075
0.09695644825842967
0.1291278507986663
0.13028396518097202
0.18187910838176657
0.06587939574383342
0.01763130834073704
0.09658531073098807
0.08755753260754717
0.12713132019321874
0.11897416221832041
0.15452949985421804
0.030477080086968814
0.051470674447304965
0.019161979053595946
0.050108235773604515
0.21094983132798956
0.011546354701701149
0.05794647177578825
0.00186882222205125
0.13942815541942594
0.10777157367401134
0.10456908187476747
0.00839869898384446
0.03821076977034826
0.07878236036531727
0.029192748813208456
0.011286564254654846
0.09109733733490487
0.003858077931651009
0.11079494219548418
0.18992260528025842
0.11609848065700708
0.06954999211068165
0.09180730051548193
0.16768803545694771
0.0745370136500708
0.13532841339216278
0.12671916780252354
0.008668247010778932
0.12296863918553852
0.13733698087599486
0.055203523726349006
0.09814371010741274
0.0993697861401154
0.052481755134793195
0.18660469662205276
0.06412523272278792
0.07157369923036487
0.03699921515447925
0.03499754446868784
0.0685222514477585
0.10432045354430783
0.14642802699296842
0.05975104319015077
0.04952044332481158
0.007382093213047134
0.03524247083149437
0.1365297232882362
0.03884118053141703
0.05220751549852491
0.08192308016417452
0.025298395666099663
0.052751356447953666
0.11234883609022754
0.005791830531295592
0.009976149838107939
0.0089835607607702
0.009358271586737407
0.028810006875323986
0.014054837471821293
0.08151220682712457
0.03170286320212759
0.016331892145272704
0.025549296344511502
0.056187533622547275
0.01927035073002342
0.14483151683609338
0.02440490707734341
0.05593705242183557
0.04496020880022997
0.12586413297853377
0.07319467934910433
0.04291051830207268
0.023475728650046167
0.11285480951792275
0.06729731598300244
0.08599360650729085
0.030905599183946655
0.02267231386729627
0.1333151294024354
0.13815635406079788
0.05455138953919263
0.030949186798269062
0.11573442272401278
0.052348332559622804
0.09780020482623544
0.03992285372910269
0.00498104413902758
0.023453566941895418
0.012112611064703235
0.06554246464799073
0.02950584626742453
0.07617447751955103
0.03376050045379165
0.05573259072926476
0.04360049276071464
0.03749594096349393
0.17497618962942482
8.493021679210227E-4
0.02717109330814331
0.04772485830237215
0.044038151665231076
0.08139333292458141
0.022269976636715275
0.016889468129755912
0.10248998731445383
0.1442060589543336
0.048508504077045544
0.0863011173480448
0.01735530714972616
0.0225751659705629
0.009272728368662603
0.013450277289373003
0.16704404766283254
0.025921604115708347
0.01642214265299891
0.03422897652461057
0.07838006405557839
0.03559733835385698
0.027208798727646494
0.14286076782852056
0.07395481458711875
0.03092405305250695
0.06081564761226671
0.01541758968852526
0.046118895816869135
0.058963085167690873
0.04486277856411623
0.07723561993458827
0.007360630527022811
0.021982477773402207
0.05070168856528011
0.04378666811955698
0.07871984649345513
0.023549684196416162
0.02424948868495744
0.04132296972868188
0.03573081097426255
0.00813687286377105
0.03381358664649149
0.04437448127767638
0.012923329260647654
0.00963517536501171
0.031558911761711474
0.022404682474863997
0.05087652857357659
0.11884004234331162
0.008248559625695843
0.030696091321887713
0.025227571223920723
0.02864204253023732
0.05578886154322962
0.09098801968376347
0.08918952991895886
0.09991495726181489
0.03985217929293098
0.026582399068034255
0.05465467109724522
0.0020060558007323243
0.03665572286202792
0.04033124132014853
0.12513918589421869
0.0419271495405505
0.09905349568136947
0.006289773212275609
0.11525515879808403
0.05404513855322349
0.0484429483796178
0.01833501102326461
0.014805974031690315
0.03280795766792903
0.07244371256554116
0.017827830249379378
0.004371135214900207
0.0050379530504677085
0.042813907778186736
0.07683187620128183
0.03353754122896794
0.027112856198603326
0.08986602151862148
0.0759155302177575
0.005942625756251366
0.078796109287064
0.007115689464255193
0.05053785495030186
0.03882264407009164
0.08356322781018762
0.032686664679736625
0.01884794917278256
0.01544514335785168
0.07460615357703564
0.052589368474107556
0.025430863770401057
0.04277790798096722
0.04581744150654182
0.06455690745183848
0.08179329543533932
0.017261279469252187
0.051878854760352575
0.03492268371719613
0.08552275740066928
0.03445201376333169
0.030709887775147958
0.015345956569063856
0.018829055453462716
0.0021701045825445343
0.01883291092107879
0.06744966534578131
0.025541295692004005
0.01865359881427657
0.046901830361888094
0.05506337832178871
0.029232375917776214
0.010252925262655758
0.08560161949425713
0.027715100383959204
0.03777703888465935
0.059225730720345496
0.01672629668241105
0.08860654127615569
0.01988191472875864
0.026471829523753067
0.009985586014133106
0.03518806826277487
0.03725305789407399
0.007488897716001627
0.09696847672734522
0.04717135410406047
7.638928813729014E-4
0.03692327640757222
0.05637401468604584
0.0171417723673955
0.01756859414951691
0.06488160221997405
0.10177031095309304
0.006358321728955907
0.010687911272680166
0.06466305684379442
0.012860676489125037
0.035591301927125694
0.0017768609765328371
0.06953603615279302
0.023210829487103984
0.013651551381744677
0.0029579498593099167
0.1129805401917531
0.02172884509734722
0.027659875443903307
0.022759072674193092
0.014685518521728327
0.043055458611926466
0.045812135395465
0.030455929345935055
0.05193330438609042
0.019311249907444213
0.02728648445755314
0.005405646665275762
0.046893740224121565
0.016622723797900724
0.013121856338592723
0.013217811023793128
0.016038391539136727
0.018503784677356395
0.009378621773130405
0.04064670176089041
0.05452327096380511
0.03050206992836911
0.09021732169467585
0.031916193329609266
0.02955435326988796
0.003347055500745122
0.022521874580402772
0.016813838414307718
0.020785163753722517
0.015236549321317527
0.07102888171177511
0.08127633062404775
0.0450295518197552
0.0921533882192373
0.07068127770752948
0.02584470755694996
0.024523232294690923
0.005464464359780155
0.09264475732269506
0.04454423973866175
0.05485921520595095
0.04185586219191126
0.02257133387139246
0.0474117294607495
0.012051149968431096
0.13481331752715042
0.017386977579231917
0.013360319312867408
0.005182960458853919
0.06263606333025928
0.03167952929237681
0.03854070146004684
0.03167952929237681
0.06263606333025928
0.005182960458853919
0.013360319312867408
0.017386977579231917
0.13481331752715042
0.012051149968431096
0.0474117294607495
0.02257133387139246
0.04185586219191126
0.05485921520595095
0.04454423973866175
0.09264475732269506
0.005464464359780155
0.024523232294690923
0.02584470755694996
0.07068127770752948
0.0921533882192373
0.0450295518197552
0.08127633062404775
0.07102888171177511
0.015236549321317527
0.020785163753722517
0.016813838414307718
0.022521874580402772
0.003347055500745122
0.02955435326988796
0.031916193329609266
0.09021732169467585
0.03050206992836911
0.05452327096380511
0.04064670176089041
0.009378621773130405
0.018503784677356395
0.016038391539136727
0.013217811023793128
0.013121856338592723
0.016622723797900724
0.046893740224121565
0.005405646665275762
0.02728648445755314
0.019311249907444213
0.05193330438609042
0.030455929345935055
0.045812135395465
0.043055458611926466
0.014685518521728327
0.022759072674193092
0.027659875443903307
0.02172884509734722
0.1129805401917531
0.0029579498593099167
0.013651551381744677
0.023210829487103984
0.06953603615279302
0.0017768609765328371
0.035591301927125694
0.012860676489125037
0.06466305684379442
0.010687911272680166
0.006358321728955907
0.10177031095309304
0.06488160221997405
0.01756859414951691
0.0171417723673955
0.05637401468604584
0.03692327640757222
7.638928813729014E-4
0.04717135410406047
0.09696847672734522
0.007488897716001627
0.03725305789407399
0.03518806826277487
0.009985586014133106
0.026471829523753067
0.01988191472875864
0.08860654127615569
0.01672629668241105
0.059225730720345496
0.03777703888465935
0.027715100383959204
0.08560161949425713
0.010252925262655758
0.029232375917776214
0.05506337832178871
0.046901830361888094
0.01865359881427657
0.025541295692004005
0.06744966534578131
0.01883291092107879
0.0021701045825445343
0.018829055453462716
0.015345956569063856
0.030709887775147958
0.03445201376333169
0.08552275740066928
0.03492268371719613
0.051878854760352575
0.017261279469252187
0.08179329543533932
0.06455690745183848
0.04581744150654182
0.04277790798096722
0.025430863770401057
0.052589368474107556
0.07460615357703564
0.01544514335785168
0.01884794917278256
0.032686664679736625
0.08356322781018762
0.03882264407009164
0.05053785495030186
0.007115689464255193
0.078796109287064
0.005942625756251366
0.0759155302177575
0.08986602151862148
0.027112856198603326
0.03353754122896794
0.07683187620128183
0.042813907778186736
0.0050379530504677085
0.004371135214900207
0.017827830249379378
0.07244371256554116
0.03280795766792903
0.014805974031690315
0.01833501102326461
0.0484429483796178
0.05404513855322349
0.11525515879808403
0.006289773212275609
0.09905349568136947
0.0419271495405505
0.12513918589421869
0.04033124132014853
0.03665572286202792
0.0020060558007323243
0.05465467109724522
0.026582399068034255
0.03985217929293098
0.09991495726181489
0.08918952991895886
0.09098801968376347
0.05578886154322962
0.02864204253023732
0.025227571223920723
0.030696091321887713
0.008248559625695843
0.11884004234331162
0.05087652857357659
0.022404682474863997
0.031558911761711474
0.00963517536501171
0.012923329260647654
0.04437448127767638
0.03381358664649149
0.00813687286377105
0.03573081097426255
0.04132296972868188
0.02424948868495744
0.023549684196416162
0.07871984649345513
0.04378666811955698
0.05070168856528011
0.021982477773402207
0.007360630527022811
0.07723561993458827
0.04486277856411623
0.058963085167690873
0.046118895816869135
0.01541758968852526
0.06081564761226671
0.03092405305250695
0.07395481458711875
0.14286076782852056
0.027208798727646494
0.03559733835385698
0.07838006405557839
0.03422897652461057
0.01642214265299891
0.025921604115708347
0.16704404766283254
0.013450277289373003
0.009272728368662603
0.0225751659705629
0.01735530714972616
0.0863011173480448
0.048508504077045544
0.1442060589543336
0.10248998731445383
0.016889468129755912
0.022269976636715275
0.08139333292458141
0.044038151665231076
0.04772485830237215
0.02717109330814331
8.493021679210227E-4
0.17497618962942482
0.03749594096349393
0.04360049276071464
0.05573259072926476
0.03376050045379165
0.07617447751955103
0.02950584626742453
0.06554246464799073
0.012112611064703235
0.023453566941895418
0.00498104413902758
0.03992285372910269
0.09780020482623544
0.052348332559622804
0.11573442272401278
0.030949186798269062
0.05455138953919263
0.13815635406079788
0.1333151294024354
0.02267231386729627
0.030905599183946655
0.08599360650729085
0.06729731598300244
0.11285480951792275
0.023475728650046167
0.04291051830207268
0.07319467934910433
0.12586413297853377
0.04496020880022997
0.05593705242183557
0.02440490707734341
0.14483151683609338
0.01927035073002342
0.056187533622547275
0.025549296344511502
0.016331892145272704
0.03170286320212759
0.08151220682712457
0.014054837471821293
0.028810006875323986
0.009358271586737407
0.0089835607607702
0.009976149838107939
0.005791830531295592
0.11234883609022754
0.052751356447953666
0.025298395666099663
0.08192308016417452
0.05220751549852491
0.03884118053141703
0.1365297232882362
0.03524247083149437
0.007382093213047134
0.04952044332481158
0.05975104319015077
0.14642802699296842
0.10432045354430783
0.0685222514477585
0.03499754446868784
0.03699921515447925
0.07157369923036487
0.06412523272278792
0.18660469662205276
0.052481755134793195
0.0993697861401154
0.09814371010741274
0.055203523726349006
0.13733698087599486
0.12296863918553852
0.008668247010778932
0.12671916780252354
0.13532841339216278
0.0745370136500708
0.16768803545694771
0.09180730051548193
0.06954999211068165
0.11609848065700708
0.18992260528025842
0.11079494219548418
0.003858077931651009
0.09109733733490487
0.011286564254654846
0.029192748813208456
0.07878236036531727
0.03821076977034826
0.00839869898384446
0.10456908187476747
0.10777157367401134
0.13942815541942594
0.00186882222205125
0.05794647177578825
0.011546354701701149
0.21094983132798956
0.050108235773604515
0.019161979053595946
0.051470674447304965
0.030477080086968814
0.15452949985421804
0.11897416221832041
0.12713132019321874
0.08755753260754717
0.09658531073098807
0.01763130834073704
0.06587939574383342
0.18187910838176657
0.13028396518097202
0.1291278507986663
0.09695644825842967
0.045732415636654075
0.009635175365011706
0.053066104778071714
0.172291450114896
0.04389983656205276
0.06333742663276631
0.05416508342838918
0.023113964692208763
0.052013347438377905
0.02017350176253642
0.22895355867923262
0.022395207524970276
0.03001900654056317
0.05681271277584258
0.008420159894627216
0.02520555686755154
0.035050581472311625
0.10847654124706507
0.051277049301277404
0.006713720348813431
0.043133129196500294
0.19130743549504756
0.1356701291043848
0.018682615393920084
0.03169406655954364
0.14974441399087193
0.03959499528142277
0.02556292308165288
0.061266627714478265
0.008398594552343017
0.1114909628549453
0.18627733667781968
0.18616404509595375
0.06831779446488509
0.025225138998784907
0.15623358555903896
0.04930405744754074
0.07789531280645279
0.06241169374535264
0.07841192991899282
0.029039367063296816
0.03238631900161296
0.11505172813447449
0.06815350722614717
6.057951017524001E-4
0.09396901941217761
0.004430746429340066
0.044500692499234856
0.0599216559802673
0.17557776544900844
0.15383506862229784
0.003956114291986217
0.11151644024077473
0.09469213846492817
0.27557724848573
0.06351305358340577
0.10556005389878355
0.09567657866131875
0.10308263387900983
0.038253721574921566
0.2894318931281491
0.10281043434795409
0.0763620817454582
0.01315804427990161
0.1202861061568822
0.06673657953460271
0.14410855137167894
0.07217899560558697
0.08551147387310251
0.19590130649752685
0.20640742939181592
0.03935611895587611
0.04719018916398522
0.07488770572834398
0.08095773969684963
0.023309477671366867
0.06549491484433283
0.02457330607290143
0.011525138356062014
0.07109029330989423
0.013204065064139363
0.08735271847059979
0.10947745099882594
0.23613209366818547
0.05754500970271244
0.05518650487897335
0.22120667070901967
0.002514678262480101
0.19144540403507937
0.06230886894505032
0.2177920456113151
0.038443310620131496
0.30128931261774944
0.3901339556690159
0.32256675533803236
0.036171015146508424
0.017979360164993605
0.03886250451181529
0.016314683806445966
0.23648536572781245
0.21835048649061312
0.14386505262022717
0.04805292730552743
0.07993951521022483
0.007280273834443292
0.22618269041825995
0.06718024688496503
0.04488763550142758
0.17557177759876294
0.11885238200856425
0.41803261906872047
0.04978190993693858
0.13044853152278632
0.12831949389480962
0.015302770207140068
0.23835455722831692
0.27072849516578174
0.08127062917590736
0.33849353928708986
0.05026089981605299
0.07407992824948971
0.06282706769568504
0.1247578832905659
0.2931237546564926
0.24068867454811455
0.24194764772545943
0.24165561389290538
0.012833718140722027
0.28947680452053937
0.018855295789747803
0.061615680550464826
0.14580577947656329
0.07200532328870983
0.0627185856574712
0.20702852898117058
0.8314065553561948
0.26780183604874574
0.018652848088252575
0.3331770134948385
0.09244002634393815
0.2148336063873072
0.14151625595882697
1.0
0.3999646201808534
0.008578738386373033
0.29023825198775394
0.07768345349849809
0.2146981339257109
0.0816137418169038
0.3328470924826222
0.16098903380789856
0.01143859268578017
0.13550291756293278
0.05224089965558195
0.2040963567497878
