-0.09307667757112653
0.06144525683380764
0.22115183252406692
0.30253287961914294
0.503256261069503
0.5050010531011809
0.2828571977774596
0.17182634691080048
0.017993932320225087
0.27365748985560623
0.2787773419842416
0.28706509265982466
0.3723901824360595
0.2401832898777379
0.112272315655652
0.040002977823979116
0.2857811906681184
0.6081475571057593
0.7686360506862222
0.9909059915338789
1.0
0.6845426560740097
0.4119632261607478
0.0814497795141295
0.32300401969319215
0.4221099985307831
0.3953345993566175
0.41832923753109724
0.23877194004777905
0.07971314539025662
0.10495063503204176
0.014483741702977442
0.14027349855497898
0.11685597094356748
0.23960010263951925
0.32762132235194613
0.1794311136781835
0.11345666349035967
0.03953660652192578
0.16994331802720775
0.15426522869315704
0.019361727917725474
0.0018382068379762645
0.14181129557042624
0.25006288133634236
0.0868331205396079
0.017475733675672938
0.08731521428802372
0.28119586175448263
0.26248388949048435
0.10919091521448601
0.09857213360259602
0.013174737143691386
0.14143587212295727
0.04673078544508204
0.04916834991496258
0.1443356522171447
0.09136758800589245
0.15322669123764568
0.26836319947337073
0.14143927384542335
0.04227687773388216
0.0036536579070710618
0.2112580035624535
0.2660644730480825
0.14268558502813725
0.14250009363998897
0.060898804803701544
0.07639108719452235
0.03435814194966908
0.12664524945320246
0.11224473373155021
0.23053296276787513
0.22233796776519757
0.047359295853152426
0.041092490343599415
0.021764767095164086
0.06205111838075102
0.07001747220802149
0.16161852786924424
0.08384437605408364
0.11653551121305047
0.07121866538739836
0.11460758185388298
0.10091940568605322
0.061820373182698785
0.12730351677030807
0.030601107160674965
0.017294125538976447
0.12194867428354876
0.12371029970402471
0.11177231342686836
0.19366178392737962
0.06016200779766181
0.10941344736641469
0.10876144667060593
0.1919623319107586
0.20335963276456495
0.0057177013729342975
0.08930425868894942
0.12026359738901896
0.25011671735417557
0.18692199228651588
0.06876168445168819
0.1214959370249381
0.07083175031284675
0.00358178084200045
0.09715239674724227
0.03974686899246124
0.09401145084990083
0.07135207358333516
0.14022952633568433
0.2072921674216289
0.04614056556356626
0.04097320135377364
0.060113420889944966
0.2025523056257313
0.1827000571811965
0.051190157320609685
0.08395100822407897
0.054598796011714724
0.0012598627322099201
0.14943955160296293
0.21757412281132707
0.1727588868577105
0.25028567296887855
0.21167944038402825
0.07390092462260134
0.12348240517747534
0.13463348282588572
0.07197868437579161
0.17278556623889638
0.18365228383077803
0.05695097905775312
0.07372055629288682
0.04289339668308187
0.0646369109305195
0.02846896889570804
0.09827678794980516
0.04728721714292074
0.12207131296849652
0.1172652360930125
0.03361228002279021
0.02570242173223699
0.01671980829105127
0.09067704261898164
0.0165840616545578
0.10397760857344962
0.03710104131067771
0.08085225618813992
0.08301379419995546
0.052274719863261265
0.024386952323510125
0.028998993774575748
0.03102555919037551
0.05053734393097423
0.11740627815206416
0.01832454591338305
0.034587105760861984
0.06184746549890162
0.036368541239676706
0.015947428509528218
0.09924830979557477
0.03077096511972227
0.06221856060889697
0.0947538633177624
0.03233063829838586
0.03388829713170546
0.025387722720153365
0.033437353155659356
0.035242899851552094
0.13848679160298508
0.06296255028896233
0.052845774711065656
0.06010566069495723
0.09447242888573586
0.14165367301374918
0.11004382184071688
0.20496495827261121
0.19412148747942337
0.11658793121430448
0.1898791132004888
0.1768574436286983
0.08499004857392185
0.12751949795334108
0.08132351480050298
0.039657153060581735
0.003659905193294094
0.0042581142592486715
0.04874029001605513
0.061146620819901784
0.10682930908841337
0.048927761291518
0.11282249132266088
0.10333737593090792
0.0034216149274811317
0.03992788026719851
0.049344615676247906
0.025639410595601226
0.044153088064280165
0.06984624508688157
0.012761552847467099
0.03723395492072033
0.05561033767308791
0.024079667606476035
0.038946168201527596
0.08129511155807162
0.013662297732114612
0.07086544016652604
0.10329762277939031
0.02060650147747334
0.06714465777008896
0.10842488843162189
0.03949383100329434
0.09377602211820042
0.1390345855237776
0.057828964332250286
0.08714351200320586
0.11654313919441982
0.02878236776993446
0.06187086953702977
0.11275974605475572
0.04612757931206304
0.08739861584190749
0.1398200816743204
0.060335469529542135
0.07563392998092411
0.10694221770238677
0.008550882161801934
0.005751294168109789
0.032829603083566625
0.06205111838075102
0.05765922772099518
0.008565469727805024
0.07615441024729858
0.05026591701942228
0.019336014321800654
0.039479903022458664
0.022702537002757414
0.0360668639293529
0.03305002242054493
0.025657066562714097
0.03858416919633126
0.017199352022223065
6.659459472899247E-4
0.07471470805712081
0.025957466193343413
0.0392810130850995
0.11411316188658974
0.06414706115434103
0.06528047742781197
0.12374884127518329
0.04918718260443759
0.014247596050658817
0.04616358896269495
0.03518603104000856
0.0574693762108639
0.014716880382805166
0.012907320705522638
0.0051364921195884575
0.09817523261700926
0.06499073354944856
0.04877205690931763
0.10325069923001982
0.042181862351748124
0.0078089684451990845
0.06059877525670925
0.0051684408218334145
0.03435694749097872
0.009230648114909703
0.05179770022357151
0.09143365103131686
0.026805756129448882
0.04702463505781786
0.048788228296164755
0.04102627663866437
0.023246631070641132
0.0071783358915636164
0.0447265977230237
0.00268806324808656
0.03270295461208344
0.04145590740618738
0.03791891150568167
0.02667095916717729
0.10077874434994319
0.07462149878932281
0.02266316909328245
0.0656465244735948
0.038874887589613834
0.009681533877827372
0.09009374149476547
0.09719679910689978
0.0708929316406541
0.12460785123785462
0.09304071120626053
0.028281901161927313
0.06520161391596924
0.046510417752129905
0.002808731887428335
0.05326507927508299
0.032295620407839905
0.036923865189674575
0.015321167846118075
0.040595711301282665
0.08455296565533418
0.00997764903101483
0.02915730861649786
0.023673049897159487
0.09307667757112653
0.09017590000812031
0.018843052144353556
0.031154448834694856
0.010652152178583429
0.04164693603653691
0.011738234743478303
0.03451132662959144
0.0016838019110214499
0.03636389349259238
0.03286621593265374
0.02510702773482878
0.012883905321242494
0.03861766896171588
0.015735518069473854
0.07103563898726464
0.08814995940619927
0.027263745977323728
0.03519320197524413
0.02966398352716137
0.018333455099359904
0.032959534139974406
0.0848054516930531
0.07134390715870693
0.11146610317142923
0.11450116817069797
0.03199874115052084
0.013301176997083367
2.3134727735288794E-4
0.05785703664673942
0.03026519571957468
0.002917590851756127
0.03439438935900748
0.01984838674671622
0.010830226305654615
0.06368501300427425
0.04217669497809951
0.0025894027461529773
0.007897414467239183
0.03398279270639076
0.06786905551280145
0.015383237734861815
0.0022855387269794876
0.003417019096563842
0.043696547473535
0.019408894953001184
0.03579951471637598
0.02770101665609536
0.05138578743240443
0.07308922817122951
0.017183555856775546
0.0028912397242853555
0.022844133786880823
2.609795122842337E-4
0.030132584170442372
0.08315926618778258
0.06152395244900918
0.054583155424955884
0.057261101491282204
0.0019159103445246255
0.018717518270406137
0.008971725372426536
0.006890578882286392
0.00871041204976673
0.04559800439095025
0.01528083206143257
0.0032434556135677683
0.025508424839012625
0.0074404117448994035
0.025490499409691444
0.08068124126713011
0.07557435384250244
0.0678392846151917
0.06826507830822778
0.003829299515655137
0.04421646380673152
0.0421762734572794
0.06205111838075102
0.04746053034713795
0.01064982670902275
0.02056082622606867
0.028690273272352185
0.05951813192016185
0.04413934240836602
0.0399596238831747
0.07653828494397899
0.07623174316602539
0.07514667276852688
0.09493208269346656
0.06392706028633928
0.02890441578174159
0.031885949972695726
0.014246045872957296
0.01318942127817898
0.054277497670057163
0.060725427662333326
0.052661336695444406
0.059938783853853594
0.026276235927655912
0.010578217288148723
0.0053678773632614704
0.011176869767361744
0.008503443290578366
0.028477185564735708
0.035641555673627874
0.02673830178834262
0.03806098414717491
0.02472612090258745
0.008384631882487248
0.026130365123509008
0.027915885151227147
0.01983553248733505
0.030812954293558584
0.016504638863984542
0.00967516529862847
0.007590482490494613
0.011572014724768943
0.014524646536964234
0.010780315066708878
0.02062017969439519
0.012762019349160781
0.01611661305848911
0.0020709096139185728
0.020404562620024942
0.01635774647508006
0.01249260796636397
0.011354670891859202
0.007891618926992413
0.014223445854080164
0.00396618761021409
0.003245417556273456
0.0055340875360540475
0.020135916851004677
0.01613875210930145
0.012816889804981937
0.01565298817435087
0.0076540026543585075
0.005465944285316632
0.011936637267513522
0.009151067638720634
0.009340676875316695
0.01702518210128997
0.020267824499235605
0.030275645007491962
0.0495157442762123
0.063817008326004
0.07558373786668054
0.08273695803300113
0.07490086192493613
0.05765011059183341
0.0360489112758934
0.010306215455648544
0.011716182542867212
0.025735502047786376
0.03102555919037551
0.025735502047786376
0.011716182542867212
0.010306215455648544
0.0360489112758934
0.05765011059183341
0.07490086192493613
0.08273695803300113
0.07558373786668054
0.063817008326004
0.0495157442762123
0.030275645007491962
0.020267824499235605
0.01702518210128997
0.009340676875316695
0.009151067638720634
0.011936637267513522
0.005465944285316632
0.0076540026543585075
0.01565298817435087
0.012816889804981937
0.01613875210930145
0.020135916851004677
0.0055340875360540475
0.003245417556273456
0.00396618761021409
0.014223445854080164
0.007891618926992413
0.011354670891859202
0.01249260796636397
0.01635774647508006
0.020404562620024942
0.0020709096139185728
0.01611661305848911
0.012762019349160781
0.02062017969439519
0.010780315066708878
0.014524646536964234
0.011572014724768943
0.007590482490494613
0.00967516529862847
0.016504638863984542
0.030812954293558584
0.01983553248733505
0.027915885151227147
0.026130365123509008
0.008384631882487248
0.02472612090258745
0.03806098414717491
0.02673830178834262
0.035641555673627874
0.028477185564735708
0.008503443290578366
0.011176869767361744
0.0053678773632614704
0.010578217288148723
0.026276235927655912
0.059938783853853594
0.052661336695444406
0.060725427662333326
0.054277497670057163
0.01318942127817898
0.014246045872957296
0.031885949972695726
0.02890441578174159
0.06392706028633928
0.09493208269346656
0.07514667276852688
0.07623174316602539
0.07653828494397899
0.0399596238831747
0.04413934240836602
0.05951813192016185
0.028690273272352185
0.02056082622606867
0.01064982670902275
0.04746053034713795
0.06205111838075102
0.0421762734572794
0.04421646380673152
0.003829299515655137
0.06826507830822778
0.0678392846151917
0.07557435384250244
0.08068124126713011
0.025490499409691444
0.0074404117448994035
0.025508424839012625
0.0032434556135677683
0.01528083206143257
0.04559800439095025
0.00871041204976673
0.006890578882286392
0.008971725372426536
0.018717518270406137
0.0019159103445246255
0.057261101491282204
0.054583155424955884
0.06152395244900918
0.08315926618778258
0.030132584170442372
2.609795122842337E-4
0.022844133786880823
0.0028912397242853555
0.017183555856775546
0.07308922817122951
0.05138578743240443
0.02770101665609536
0.03579951471637598
0.019408894953001184
0.043696547473535
0.003417019096563842
0.0022855387269794876
0.015383237734861815
0.06786905551280145
0.03398279270639076
0.007897414467239183
0.0025894027461529773
0.04217669497809951
0.06368501300427425
0.010830226305654615
0.01984838674671622
0.03439438935900748
0.002917590851756127
0.03026519571957468
0.05785703664673942
2.3134727735288794E-4
0.013301176997083367
0.03199874115052084
0.11450116817069797
0.11146610317142923
0.07134390715870693
0.0848054516930531
0.032959534139974406
0.018333455099359904
0.02966398352716137
0.03519320197524413
0.027263745977323728
0.08814995940619927
0.07103563898726464
0.015735518069473854
0.03861766896171588
0.012883905321242494
0.02510702773482878
0.03286621593265374
0.03636389349259238
0.0016838019110214499
0.03451132662959144
0.011738234743478303
0.04164693603653691
0.010652152178583429
0.031154448834694856
0.018843052144353556
0.09017590000812031
0.09307667757112653
0.023673049897159487
0.02915730861649786
0.00997764903101483
0.08455296565533418
0.040595711301282665
0.015321167846118075
0.036923865189674575
0.032295620407839905
0.05326507927508299
0.002808731887428335
0.046510417752129905
0.06520161391596924
0.028281901161927313
0.09304071120626053
0.12460785123785462
0.0708929316406541
0.09719679910689978
0.09009374149476547
0.009681533877827372
0.038874887589613834
0.0656465244735948
0.02266316909328245
0.07462149878932281
0.10077874434994319
0.02667095916717729
0.03791891150568167
0.04145590740618738
0.03270295461208344
0.00268806324808656
0.0447265977230237
0.0071783358915636164
0.023246631070641132
0.04102627663866437
0.048788228296164755
0.04702463505781786
0.026805756129448882
0.09143365103131686
0.05179770022357151
0.009230648114909703
0.03435694749097872
0.0051684408218334145
0.06059877525670925
0.0078089684451990845
0.042181862351748124
0.10325069923001982
0.04877205690931763
0.06499073354944856
0.09817523261700926
0.0051364921195884575
0.012907320705522638
0.014716880382805166
0.0574693762108639
0.03518603104000856
0.04616358896269495
0.014247596050658817
0.04918718260443759
0.12374884127518329
0.06528047742781197
0.06414706115434103
0.11411316188658974
0.0392810130850995
0.025957466193343413
0.07471470805712081
6.659459472899247E-4
0.017199352022223065
0.03858416919633126
0.025657066562714097
0.03305002242054493
0.0360668639293529
0.022702537002757414
0.039479903022458664
0.019336014321800654
0.05026591701942228
0.07615441024729858
0.008565469727805024
0.05765922772099518
0.06205111838075102
0.032829603083566625
0.005751294168109789
0.008550882161801934
0.10694221770238677
0.07563392998092411
0.060335469529542135
0.1398200816743204
0.08739861584190749
0.04612757931206304
0.11275974605475572
0.06187086953702977
0.02878236776993446
0.11654313919441982
0.08714351200320586
0.057828964332250286
0.1390345855237776
0.09377602211820042
0.03949383100329434
0.10842488843162189
0.06714465777008896
0.02060650147747334
0.10329762277939031
0.07086544016652604
0.013662297732114612
0.08129511155807162
0.038946168201527596
0.024079667606476035
0.05561033767308791
0.03723395492072033
0.012761552847467099
0.06984624508688157
0.044153088064280165
0.025639410595601226
0.049344615676247906
0.03992788026719851
0.0034216149274811317
0.10333737593090792
0.11282249132266088
0.048927761291518
0.10682930908841337
0.061146620819901784
0.04874029001605513
0.0042581142592486715
0.003659905193294094
0.039657153060581735
0.08132351480050298
0.12751949795334108
0.08499004857392185
0.1768574436286983
0.1898791132004888
0.11658793121430448
0.19412148747942337
0.20496495827261121
0.11004382184071688
0.14165367301374918
0.09447242888573586
0.06010566069495723
0.052845774711065656
0.06296255028896233
0.13848679160298508
0.035242899851552094
0.033437353155659356
0.025387722720153365
0.03388829713170546
0.03233063829838586
0.0947538633177624
0.06221856060889697
0.03077096511972227
0.09924830979557477
0.015947428509528218
0.036368541239676706
0.06184746549890162
0.034587105760861984
0.01832454591338305
0.11740627815206416
0.05053734393097423
0.03102555919037551
0.028998993774575748
0.024386952323510125
0.052274719863261265
0.08301379419995546
0.08085225618813992
0.03710104131067771
0.10397760857344962
0.0165840616545578
0.09067704261898164
0.01671980829105127
0.02570242173223699
0.03361228002279021
0.1172652360930125
0.12207131296849652
0.04728721714292074
0.09827678794980516
0.02846896889570804
0.0646369109305195
0.04289339668308187
0.07372055629288682
0.05695097905775312
0.18365228383077803
0.17278556623889638
0.07197868437579161
0.13463348282588572
0.12348240517747534
0.07390092462260134
0.21167944038402825
0.25028567296887855
0.1727588868577105
0.21757412281132707
0.14943955160296293
0.0012598627322099201
0.054598796011714724
0.08395100822407897
0.051190157320609685
0.1827000571811965
0.2025523056257313
0.060113420889944966
0.04097320135377364
0.04614056556356626
0.2072921674216289
0.14022952633568433
0.07135207358333516
0.09401145084990083
0.03974686899246124
0.09715239674724227
0.00358178084200045
0.07083175031284675
0.1214959370249381
0.06876168445168819
0.18692199228651588
0.25011671735417557
0.12026359738901896
0.08930425868894942
0.0057177013729342975
0.20335963276456495
0.1919623319107586
0.10876144667060593
0.10941344736641469
0.06016200779766181
0.19366178392737962
0.11177231342686836
0.12371029970402471
0.12194867428354876
0.017294125538976447
0.030601107160674965
0.12730351677030807
0.061820373182698785
0.10091940568605322
0.11460758185388298
0.07121866538739836
0.11653551121305047
0.08384437605408364
0.16161852786924424
0.07001747220802149
0.06205111838075102
0.021764767095164086
0.041092490343599415
0.047359295853152426
0.22233796776519757
0.23053296276787513
0.11224473373155021
0.12664524945320246
0.03435814194966908
0.07639108719452235
0.060898804803701544
0.14250009363998897
0.14268558502813725
0.2660644730480825
0.2112580035624535
0.0036536579070710618
0.04227687773388216
0.14143927384542335
0.26836319947337073
0.15322669123764568
0.09136758800589245
0.1443356522171447
0.04916834991496258
0.04673078544508204
0.14143587212295727
0.013174737143691386
0.09857213360259602
0.10919091521448601
0.26248388949048435
0.28119586175448263
0.08731521428802372
0.017475733675672938
0.0868331205396079
0.25006288133634236
0.14181129557042624
0.0018382068379762645
0.019361727917725474
0.15426522869315704
0.16994331802720775
0.03953660652192578
0.11345666349035967
0.1794311136781835
0.32762132235194613
0.23960010263951925
0.11685597094356748
0.14027349855497898
0.014483741702977442
0.10495063503204176
0.07971314539025662
0.23877194004777905
0.41832923753109724
0.3953345993566175
0.4221099985307831
0.32300401969319215
0.0814497795141295
0.4119632261607478
0.6845426560740097
1.0
0.9909059915338789
0.7686360506862222
0.6081475571057593
0.2857811906681184
0.040002977823979116
0.112272315655652
0.2401832898777379
0.3723901824360595
0.28706509265982466
0.2787773419842416
0.27365748985560623
0.017993932320225087
0.17182634691080048
0.2828571977774596
0.5050010531011809
0.503256261069503
0.30253287961914294
0.22115183252406692
0.06144525683380764
