-0.7228113065962236
0.6037290776241393
0.3318990171726648
0.09295850633067358
0.019010359510135688
0.07876898944912142
0.10410344928118453
0.06524961465429438
0.4347083306688596
0.8267368150095135
1.0
0.8267751197567402
0.39131321614105047
0.06814827675949238
0.3296573434966873
0.33921304114749756
0.22913120630095193
0.1942379141704451
0.32808454471120235
0.5497961868170069
0.676540508863568
0.5786465003225629
0.2890322578133337
0.022270084356185185
0.18657031013763756
0.17327985111836475
0.11121825453743697
0.17478808146255315
0.4265882467797357
0.7461394382985627
0.907549126295912
0.749820640510869
0.30737974454756295
0.2031564227423425
0.5325543824892333
0.571081524823377
0.4122109955006671
0.2624566369204428
0.2720198347596021
0.42061728407798477
0.5456739978886757
0.4849054676989928
0.2147748158793433
0.1276386170536734
0.35526688868213996
0.38175383847165606
0.287416629848184
0.24526444438277487
0.36697480720304543
0.595874405427447
0.7381306281890934
0.612485709652009
0.2017573239482237
0.3155219143858993
0.6825016335672054
0.7427013319000286
0.5436325309669048
0.28742407758619504
0.1697353576777805
0.2339300009969441
0.35238901876503015
0.3441145246674721
0.12997901632437353
0.20018858635763284
0.46057644512162466
0.5199541538794877
0.40505445516367206
0.27167114318533864
0.2673863031664648
0.3995526790784876
0.519487903791449
0.4402817076222621
0.0962494751406741
0.38469735323643506
0.7580306164643066
0.8336125859108674
0.6101475773476344
0.26975685205023514
0.037930463483051416
0.01820566489063747
0.12849803236849186
0.18398291700647199
0.05570698152395721
0.22332069288123937
0.4873225999079664
0.5744766122883416
0.4572672336327385
0.2597187867906411
0.14852526091261167
0.18895061833383067
0.2859244319169345
0.2617868059893509
0.010174334622996283
0.39880121694541776
0.7509172186914395
0.838019369963839
0.6115536207312952
0.22002244791588219
0.0995888586212688
0.19296931139869714
0.09102239659259947
0.03216839351107191
0.008055933096587408
0.1908890441347754
0.4347477572672779
0.5471209989864446
0.4499355791696562
0.22367763887646433
0.03568180321430864
0.0023511310073879854
0.07143627561132775
0.10254547787657768
0.044217654489502566
0.35758494822075
0.6677649909070488
0.7650712038260752
0.5593899096888565
0.15543530541298903
0.21726212115489982
0.3676315028537775
0.2749005124640479
0.08940714008869982
0.005541876548819858
0.10884715076956875
0.3164950159056651
0.45355641721629836
0.3990264610201558
0.1821619781938157
0.0470425610390279
0.1456929753960735
0.09676923040516004
0.019871584775887983
0.06433625880719035
0.27265038652439344
0.5283906872199289
0.6360184063304435
0.47312356125149047
0.09501605417104915
0.2936186229800714
0.48176604666418443
0.4013014270869185
0.16847533277858573
0.012350573998617229
0.005983841282935589
0.1574967517060264
0.31916217741125474
0.3258946733402661
0.15299275354731665
0.08228288046839675
0.22289918866965772
0.20294645347278364
0.09855823170780596
0.05725315072677573
0.1648429712353612
0.3614056532981118
0.47900754256127365
0.37488263945479894
0.05449803906690545
0.3161859665589115
0.5237921769965648
0.46119843219505335
0.20375910374479658
0.050484346620275
0.12973899865915028
0.011485095702526985
0.17310591301184958
0.25179549738299084
0.14848603718761005
0.0633738424319826
0.2294374605706754
0.24472302623371783
0.1372236646501423
0.037189521344521914
0.05944863192360423
0.19804231202188968
0.3228049060317939
0.28409813097802006
0.042303003050279904
0.28426430718206663
0.4962303533195844
0.45875615313220736
0.2035882821668353
0.09245782738093823
0.23699547926433637
0.1603797300230279
0.04209040708125805
0.19299216874796185
0.1723766601415663
0.0042358422209392114
0.1745179806519757
0.23198198171261655
0.1476126776620507
0.021213938725886148
0.019633047269695263
0.0656702516609662
0.1909322274531276
0.21337060192466784
0.05760390527792122
0.20889852012643498
0.4142532549004349
0.40882759605682367
0.18233408584466632
0.12149103553174567
0.30658048161972556
0.26587780169318087
0.054787034805279494
0.1576221417304209
0.21913773012827184
0.10444734340426251
0.07820925632806247
0.18317369243224213
0.14522648082439626
0.024325116898994636
0.055317923665884686
0.017513759685719995
0.09752880534692278
0.16650081982291523
0.09092982317094622
0.11007721141734937
0.30156449026323123
0.3323461255202154
0.15572412504828426
0.12515387485561874
0.3262892329451113
0.315685648602692
0.10895794055292633
0.14497948963687596
0.27581723193181146
0.21446931538057626
0.033650183669037735
0.12010506748096877
0.1445622613192447
0.055232796600280167
0.04105617835097006
0.04545820955250989
0.04577001470249893
0.13902184371074627
0.12709469066644588
0.011873021553844813
0.18466720104437542
0.25085465949647795
0.1363292001228546
0.09879655037326117
0.2953835208791907
0.31007174527625764
0.12258030391630521
0.1472148256859047
0.3258508479869774
0.31027187997897593
0.13546870493434066
0.06256012434814187
0.1551487706400593
0.11394406266665272
0.018034188369023988
0.02432385069501148
0.02900382582298065
0.1209040966370278
0.1496246039142523
0.06326067662999763
0.08692882689268493
0.18154915645469377
0.13040022718095684
0.046792250284466055
0.2243045499505911
0.2604921938444273
0.10619821674793178
0.15282248329672113
0.35379823511233915
0.3721829762899734
0.20740003925293476
0.024063044564562226
0.1793800365391728
0.19176941307159773
0.10684206369022638
0.030205242140477564
0.03408843324386232
0.10054930273947195
0.14547524403678033
0.09963125524221586
0.02383835194870381
0.13399840858236242
0.13681669815776637
0.018707146160909124
0.1317327844058009
0.18579206820986222
0.07466831760560022
0.15084128903868804
0.3497204470963855
0.3892605933283398
0.23906492361399004
0.009724632881050304
0.2126204170008296
0.2737144319062025
0.20426896920305684
0.09755976430550073
0.04589767726313027
0.06888637309184358
0.1087696542046593
0.09164630360828521
4.992632071824445E-4
0.10920373358344995
0.1483042518032387
0.08113885647522084
0.039783208344274935
0.10704265854294394
0.04254148397797768
0.13455177742491992
0.31202645830821096
0.3614056532981118
0.2307302035839344
0.01652144942226697
0.2454171421496815
0.3425902865958484
0.2885193441865438
0.15763142429815755
0.05173310732535008
0.022405997630789994
0.042560348567990285
0.044585669495955806
0.011802806443027326
0.10101800603163745
0.15445220795903664
0.12409663317575699
0.03142902459918757
0.04235361095565105
0.020147880892501843
0.10364004897789994
0.24803498248014894
0.2987668155821072
0.1918441164586652
0.035703930013127924
0.26708265098395695
0.38372538652300947
0.3423332867404007
0.19547845502330008
0.044491045336756845
0.03569276759136487
0.041846090514331656
0.027300000469179877
0.04503998556529442
0.09932545431529875
0.1455796007675397
0.13586239658338478
0.06849110969530574
0.0029313114845017996
0.011365023954720185
0.0642597003135774
0.17211168918451192
0.21867723646498322
0.1374893394461528
0.056487603893720546
0.2695503948716502
0.3890085973935683
0.3568692736661819
0.20427760612637097
0.023839649029406752
0.09651747467990697
0.1278115642871405
0.1047972408026456
0.08411411811833912
0.09395254744528701
0.11628684153152521
0.11268399296702032
0.06752288244573029
0.008731608841988281
0.013533477731847744
0.027029532740993477
0.10188855130895261
0.14097683595052
0.08380766409439531
0.06988892382575508
0.25035699531972017
0.3591794337389001
0.3333210275964534
0.18591890102232905
0.004752343344454659
0.14831516542883333
0.19774812483350415
0.16876294225655278
0.11415863906888367
0.0781439486321311
0.06764234993705465
0.059920775188019894
0.03450075653262885
0.0017531287651254958
0.019367670588254282
0.0035901790998939653
0.053580771668994165
0.08295593984130456
0.04365063118900193
0.07159408020830042
0.21387008198138124
0.3037519276172566
0.2819542472665691
0.1492816395557316
0.032688716236187264
0.1802661913323727
0.2377849122732451
0.20487505109017462
0.12533185910039998
0.050623362769017806
0.007354897266905262
0.00925049765756917
0.016902392548731732
0.023342767006294056
0.020158399129373877
0.0027487403092682963
0.03765400875556977
0.05521305369830087
0.023576409902714764
0.06307900115046568
0.1703890823366773
0.23859061052551983
0.218916470060162
0.10683424291179895
0.05171468106253598
0.1861111880055966
0.24147341660372482
0.2069078832396633
0.11484985469413664
0.015708190897415687
0.05213874502500399
0.07722686111780294
0.0693046063551813
0.04342129112676969
0.009226208330161254
0.027357766775101006
0.055998954623398565
0.05944230608822337
0.02289023140996927
0.050734386068516706
0.13335557917613391
0.1817817290875217
0.16173307964980246
0.07060921267885147
0.05708254276610481
0.16652761308068903
0.21154182434417665
0.17775891566088742
0.08684447584952923
0.01846928542413404
0.09714384896957452
0.1265675546328148
0.10632413494459696
0.051694372389971724
0.015451671386145288
0.07287251480491737
0.1013681627627328
0.08863301901190723
0.034834336628315685
0.04334014619106728
0.11545376219074067
0.14889536817149787
0.12471106108764599
0.048715256308482474
0.04943627486556806
0.1295187917490962
0.15922856161971036
0.12806371967526228
0.05024899436265636
0.04302588122828747
0.11675592504853714
0.1445622613192447
0.11675592504853714
0.04302588122828747
0.05024899436265636
0.12806371967526228
0.15922856161971036
0.1295187917490962
0.04943627486556806
0.048715256308482474
0.12471106108764599
0.14889536817149787
0.11545376219074067
0.04334014619106728
0.034834336628315685
0.08863301901190723
0.1013681627627328
0.07287251480491737
0.015451671386145288
0.051694372389971724
0.10632413494459696
0.1265675546328148
0.09714384896957452
0.01846928542413404
0.08684447584952923
0.17775891566088742
0.21154182434417665
0.16652761308068903
0.05708254276610481
0.07060921267885147
0.16173307964980246
0.1817817290875217
0.13335557917613391
0.050734386068516706
0.02289023140996927
0.05944230608822337
0.055998954623398565
0.027357766775101006
0.009226208330161254
0.04342129112676969
0.0693046063551813
0.07722686111780294
0.05213874502500399
0.015708190897415687
0.11484985469413664
0.2069078832396633
0.24147341660372482
0.1861111880055966
0.05171468106253598
0.10683424291179895
0.218916470060162
0.23859061052551983
0.1703890823366773
0.06307900115046568
0.023576409902714764
0.05521305369830087
0.03765400875556977
0.0027487403092682963
0.020158399129373877
0.023342767006294056
0.016902392548731732
0.00925049765756917
0.007354897266905262
0.050623362769017806
0.12533185910039998
0.20487505109017462
0.2377849122732451
0.1802661913323727
0.032688716236187264
0.1492816395557316
0.2819542472665691
0.3037519276172566
0.21387008198138124
0.07159408020830042
0.04365063118900193
0.08295593984130456
0.053580771668994165
0.0035901790998939653
0.019367670588254282
0.0017531287651254958
0.03450075653262885
0.059920775188019894
0.06764234993705465
0.0781439486321311
0.11415863906888367
0.16876294225655278
0.19774812483350415
0.14831516542883333
0.004752343344454659
0.18591890102232905
0.3333210275964534
0.3591794337389001
0.25035699531972017
0.06988892382575508
0.08380766409439531
0.14097683595052
0.10188855130895261
0.027029532740993477
0.013533477731847744
0.008731608841988281
0.06752288244573029
0.11268399296702032
0.11628684153152521
0.09395254744528701
0.08411411811833912
0.1047972408026456
0.1278115642871405
0.09651747467990697
0.023839649029406752
0.20427760612637097
0.3568692736661819
0.3890085973935683
0.2695503948716502
0.056487603893720546
0.1374893394461528
0.21867723646498322
0.17211168918451192
0.0642597003135774
0.011365023954720185
0.0029313114845017996
0.06849110969530574
0.13586239658338478
0.1455796007675397
0.09932545431529875
0.04503998556529442
0.027300000469179877
0.041846090514331656
0.03569276759136487
0.044491045336756845
0.19547845502330008
0.3423332867404007
0.38372538652300947
0.26708265098395695
0.035703930013127924
0.1918441164586652
0.2987668155821072
0.24803498248014894
0.10364004897789994
0.020147880892501843
0.04235361095565105
0.03142902459918757
0.12409663317575699
0.15445220795903664
0.10101800603163745
0.011802806443027326
0.044585669495955806
0.042560348567990285
0.022405997630789994
0.05173310732535008
0.15763142429815755
0.2885193441865438
0.3425902865958484
0.2454171421496815
0.01652144942226697
0.2307302035839344
0.3614056532981118
0.31202645830821096
0.13455177742491992
0.04254148397797768
0.10704265854294394
0.039783208344274935
0.08113885647522084
0.1483042518032387
0.10920373358344995
4.992632071824445E-4
0.09164630360828521
0.1087696542046593
0.06888637309184358
0.04589767726313027
0.09755976430550073
0.20426896920305684
0.2737144319062025
0.2126204170008296
0.009724632881050304
0.23906492361399004
0.3892605933283398
0.3497204470963855
0.15084128903868804
0.07466831760560022
0.18579206820986222
0.1317327844058009
0.018707146160909124
0.13681669815776637
0.13399840858236242
0.02383835194870381
0.09963125524221586
0.14547524403678033
0.10054930273947195
0.03408843324386232
0.030205242140477564
0.10684206369022638
0.19176941307159773
0.1793800365391728
0.024063044564562226
0.20740003925293476
0.3721829762899734
0.35379823511233915
0.15282248329672113
0.10619821674793178
0.2604921938444273
0.2243045499505911
0.046792250284466055
0.13040022718095684
0.18154915645469377
0.08692882689268493
0.06326067662999763
0.1496246039142523
0.1209040966370278
0.02900382582298065
0.02432385069501148
0.018034188369023988
0.11394406266665272
0.1551487706400593
0.06256012434814187
0.13546870493434066
0.31027187997897593
0.3258508479869774
0.1472148256859047
0.12258030391630521
0.31007174527625764
0.2953835208791907
0.09879655037326117
0.1363292001228546
0.25085465949647795
0.18466720104437542
0.011873021553844813
0.12709469066644588
0.13902184371074627
0.04577001470249893
0.04545820955250989
0.04105617835097006
0.055232796600280167
0.1445622613192447
0.12010506748096877
0.033650183669037735
0.21446931538057626
0.27581723193181146
0.14497948963687596
0.10895794055292633
0.315685648602692
0.3262892329451113
0.12515387485561874
0.15572412504828426
0.3323461255202154
0.30156449026323123
0.11007721141734937
0.09092982317094622
0.16650081982291523
0.09752880534692278
0.017513759685719995
0.055317923665884686
0.024325116898994636
0.14522648082439626
0.18317369243224213
0.07820925632806247
0.10444734340426251
0.21913773012827184
0.1576221417304209
0.054787034805279494
0.26587780169318087
0.30658048161972556
0.12149103553174567
0.18233408584466632
0.40882759605682367
0.4142532549004349
0.20889852012643498
0.05760390527792122
0.21337060192466784
0.1909322274531276
0.0656702516609662
0.019633047269695263
0.021213938725886148
0.1476126776620507
0.23198198171261655
0.1745179806519757
0.0042358422209392114
0.1723766601415663
0.19299216874796185
0.04209040708125805
0.1603797300230279
0.23699547926433637
0.09245782738093823
0.2035882821668353
0.45875615313220736
0.4962303533195844
0.28426430718206663
0.042303003050279904
0.28409813097802006
0.3228049060317939
0.19804231202188968
0.05944863192360423
0.037189521344521914
0.1372236646501423
0.24472302623371783
0.2294374605706754
0.0633738424319826
0.14848603718761005
0.25179549738299084
0.17310591301184958
0.011485095702526985
0.12973899865915028
0.050484346620275
0.20375910374479658
0.46119843219505335
0.5237921769965648
0.3161859665589115
0.05449803906690545
0.37488263945479894
0.47900754256127365
0.3614056532981118
0.1648429712353612
0.05725315072677573
0.09855823170780596
0.20294645347278364
0.22289918866965772
0.08228288046839675
0.15299275354731665
0.3258946733402661
0.31916217741125474
0.1574967517060264
0.005983841282935589
0.012350573998617229
0.16847533277858573
0.4013014270869185
0.48176604666418443
0.2936186229800714
0.09501605417104915
0.47312356125149047
0.6360184063304435
0.5283906872199289
0.27265038652439344
0.06433625880719035
0.019871584775887983
0.09676923040516004
0.1456929753960735
0.0470425610390279
0.1821619781938157
0.3990264610201558
0.45355641721629836
0.3164950159056651
0.10884715076956875
0.005541876548819858
0.08940714008869982
0.2749005124640479
0.3676315028537775
0.21726212115489982
0.15543530541298903
0.5593899096888565
0.7650712038260752
0.6677649909070488
0.35758494822075
0.044217654489502566
0.10254547787657768
0.07143627561132775
0.0023511310073879854
0.03568180321430864
0.22367763887646433
0.4499355791696562
0.5471209989864446
0.4347477572672779
0.1908890441347754
0.008055933096587408
0.03216839351107191
0.09102239659259947
0.19296931139869714
0.0995888586212688
0.22002244791588219
0.6115536207312952
0.838019369963839
0.7509172186914395
0.39880121694541776
0.010174334622996283
0.2617868059893509
0.2859244319169345
0.18895061833383067
0.14852526091261167
0.2597187867906411
0.4572672336327385
0.5744766122883416
0.4873225999079664
0.22332069288123937
0.05570698152395721
0.18398291700647199
0.12849803236849186
0.01820566489063747
0.037930463483051416
0.26975685205023514
0.6101475773476344
0.8336125859108674
0.7580306164643066
0.38469735323643506
0.0962494751406741
0.4402817076222621
0.519487903791449
0.3995526790784876
0.2673863031664648
0.27167114318533864
0.40505445516367206
0.5199541538794877
0.46057644512162466
0.20018858635763284
0.12997901632437353
0.3441145246674721
0.35238901876503015
0.2339300009969441
0.1697353576777805
0.28742407758619504
0.5436325309669048
0.7427013319000286
0.6825016335672054
0.3155219143858993
0.2017573239482237
0.612485709652009
0.7381306281890934
0.595874405427447
0.36697480720304543
0.24526444438277487
0.287416629848184
0.38175383847165606
0.35526688868213996
0.1276386170536734
0.2147748158793433
0.4849054676989928
0.5456739978886757
0.42061728407798477
0.2720198347596021
0.2624566369204428
0.4122109955006671
0.571081524823377
0.5325543824892333
0.2031564227423425
0.30737974454756295
0.749820640510869
0.907549126295912
0.7461394382985627
0.4265882467797357
0.17478808146255315
0.11121825453743697
0.17327985111836475
0.18657031013763756
0.022270084356185185
0.2890322578133337
0.5786465003225629
0.676540508863568
0.5497961868170069
0.32808454471120235
0.1942379141704451
0.22913120630095193
0.33921304114749756
0.3296573434966873
0.06814827675949238
0.39131321614105047
0.8267751197567402
1.0
0.8267368150095135
0.4347083306688596
0.06524961465429438
0.10410344928118453
0.07876898944912142
0.019010359510135688
0.09295850633067358
0.3318990171726648
0.6037290776241393
