0.3411419983781738
0.3124155957598738
0.2290249969643871
0.09907998714400709
0.06473326306088094
0.2463178556605466
0.42764644685517905
0.5904212210765414
0.7177622284780575
0.7957701400652313
0.814820876702599
0.7704739495835923
0.663911488887391
0.5018676332863469
0.29605431703007223
0.062135301527332806
0.18165861595106159
0.4161476619707755
0.6229076701217345
0.7859066094632411
0.8929247125243716
0.9366295831676669
0.9152090832421665
0.8325050433150566
0.697636249412506
0.5241455889488725
0.32874946791324483
0.12980370470144603
0.05437421763063411
0.20717373044483045
0.3151987679549226
0.3694773489482984
0.36626340200479546
0.30735832007275254
0.19992353815602523
0.055801814763441926
0.1095903615642785
0.2786977971492114
0.43345785075348303
0.5569789387184049
0.6351130949451077
0.657779136369002
0.6199157804994248
0.5219778239121298
0.3699301364403103
0.17473995729105232
0.04858637003763932
0.2823346725652409
0.507661267922401
0.7062749873710082
0.8620702422628768
0.9625630527438515
1.0
0.9720399135668614
0.8819470336726649
0.7382788424579366
0.5540976855655785
0.3457785260652183
0.13152175653927456
0.07029337798215252
0.24276493348794168
0.37198357176558133
0.44826966368186993
0.46702038619052794
0.4290906892394247
0.34067456063711277
0.2126985569744999
0.05978394769044436
0.10112700009393324
0.2523546444501131
0.3771306361266179
0.4611610717668391
0.49396159179539967
0.46984286194897645
0.3884568895724467
0.25485473877842757
0.07905075846938484
0.12486663770420137
0.33999638924964426
0.5481434013714996
0.7314561128616736
0.8740341572959818
0.9633601906103046
0.9914261600459015
0.955452260159568
0.8581339947434189
0.7073957400303789
0.5156740637114433
0.29879671152193454
0.07455975230926361
0.13886744174823562
0.32456436454108445
0.4683615590875692
0.5600869403089241
0.5944439750177741
0.5714431843615229
0.49634924529861885
0.3791501138169487
0.23359804947325652
0.07591123609083507
0.0767446539114201
0.2078558841893962
0.3030949823778792
0.351650177253396
0.34722914905530444
0.28864624176287396
0.17994042689467393
0.030014154600291176
0.14817313074319546
0.33878256952668595
0.52453670762582
0.6882919869867965
0.8145996415370704
0.8911131009360312
0.909714273857644
0.8672569224940031
0.7658603700723403
0.6127277927293944
0.4195065899355893
0.201249864586112
0.02492589834178485
0.24136455126302322
0.4314368868287646
0.5810081341482605
0.679673798858814
0.7216527571795534
0.7062580055074247
0.6379040959696889
0.5256525195399725
0.38233827964683315
0.2233588129041898
0.06523682375415729
0.0759112360908351
0.18586119614458166
0.2535864874004468
0.27226445427934326
0.23989298057165237
0.15946253235987298
0.038669377914462504
0.11080243711632064
0.27436360968617307
0.435866875792973
0.5790955762607581
0.6892575103837743
0.7543480322497714
0.7662586550988457
0.721530951658088
0.6216880946988637
0.47311497944859077
0.2864989762190433
0.07588323020835278
0.1425805654977578
0.35206601433003915
0.5365620354303431
0.6822839967563477
0.7788785732940936
0.8203141598732191
0.8053776408857771
0.737734374260763
0.62554807808992
0.48069727843371707
0.3176614507823952
0.15217966258972007
1.9527084320186363E-4
0.1255151688428052
0.21269855697449994
0.25452238086721657
0.24825442558366773
0.19587059473720464
0.1038392312852233
0.01750585363865167
0.15494463435096406
0.2936115832213596
0.4183836042440932
0.5152880281907519
0.5728022116065804
0.582926674008701
0.5419347936417822
0.45073189691664234
0.3147923696294621
0.1436819070619082
0.049790307571085414
0.2507112735525912
0.44339129606565714
0.6127576003806916
0.745687977030629
0.8321640172372624
0.8661404317820715
0.8460532034302076
0.774922470548079
0.6600430302524508
0.5122928010828819
0.3451240902786616
0.17333094667943183
0.01170569218495533
0.12629284485291378
0.22973862606585085
0.29119718415473084
0.3073583200727523
0.27928728247876977
0.21227400716887967
0.11529667212849998
1.5082309915117207E-4
0.11967452945029035
0.23026986433740662
0.3186101822997798
0.3737728620307674
0.38795766254974373
0.35721679401055784
0.2818298520537476
0.16629106726809673
0.01891175849568572
0.14892414235343537
0.3237822846048261
0.4913837283935126
0.637884143816546
0.7511100464553115
0.8216402760766336
0.8436355980942286
0.8153427190031957
0.7392289767689383
0.6217377306779058
0.47268893951684215
0.3043814441868209
0.13048016390982806
0.03520961988670969
0.17996915709039976
0.29328321805782454
0.36774683920854545
0.39968127609990084
0.3894055945303734
0.3411419983781738
0.2625664385930719
0.16404821711548204
0.05765027474045449
0.04401688377406228
0.12898201016027822
0.18703209206837912
0.21066183446834577
0.19576811675495487
0.1420277006286623
0.05292571755485635
0.0645655285361761
0.2006260788576913
0.3434860371524526
0.48049827769845954
0.5992875742736419
0.6888712907466672
0.7406500626772745
0.7491793985538261
0.7126536355688183
0.6330602746277596
0.5159929294882512
0.37014218106969804
0.20651269920482557
0.03743945139925671
0.12450652774700482
0.267623035369658
0.3820923365190756
0.460816527828464
0.4999987378426246
0.49941996801700433
0.46238944106388274
0.39537616575399276
0.30735832007275243
0.20895237678704545
0.1114033723123236
0.025529627328756212
0.039281454745165534
0.07593538760432977
0.08027302367033903
0.05143669213250154
0.008070997129005015
0.09263847379173097
0.1940811703067622
0.30241093856668844
0.40676690328826265
0.49642164274686706
0.5617704534505708
0.595213768247327
0.5918532719307653
0.5499398685128619
0.4710347330835966
0.3598710786033004
0.22393155131611991
0.07278184650372219
0.08277711306692537
0.2316602132284067
0.36346555600908276
0.46937075117421506
0.5428779175051223
0.5803417482999643
0.5812353468540349
0.5481328018382222
0.486413402019143
0.4037176075397776
0.30920711234816617
0.21269855697449994
0.12375116544095688
0.050791876086919534
3.5719040805033133E-4
0.023480547595778774
0.01945228250805892
0.010831437944415533
0.06307092602800089
0.13071419265301476
0.20559751972771492
0.27872901235231784
0.3411419983781739
0.38473956324867364
0.4030531612601605
0.39184689978152004
0.34951388374064724
0.27723051699633966
0.17885705367485458
0.06059590205748412
0.06955891853464254
0.2025291618834627
0.3289509183007712
0.439991176100012
0.5281084293306364
0.5876893479746422
0.6155056080643468
0.6109519980580965
0.5760472622310419
0.5152009158728893
0.43477046766111027
0.34245218586616144
0.2465630735413294
0.15528080223359253
0.07591123609083485
0.014249676824036231
0.0259075213795721
0.04305883430216672
0.038076973675410464
0.014067937153756547
0.023974008751076872
0.06968072405610766
0.11594430564343051
0.15561102019926001
0.1821705525450018
0.19037740433290132
0.176748370523454
0.13989213379206145
0.08064297100618648
0.001988847416109956
0.09119692183957812
0.19259347426124082
0.2949976337121397
0.39096353999425554
0.4734576431588971
0.5364695148051274
0.5755238545559419
0.5880489038104487
0.573570244692196
0.5337153386150923
0.47203160622877166
0.39363775499347387
0.304742884068141
0.21207931596198704
0.12230213157112071
0.04141045009436563
0.025757506981299045
0.07591123609083489
0.10754394890491768
0.12099944712482749
0.11836739484688588
0.10322026387123978
0.08021947321498826
0.054629699836580184
0.03178800185420662
0.01657763383708929
0.012955030433433677
0.023572605379141978
0.04953037723817217
0.09027694976244317
0.14366624681499582
0.2061619616199734
0.2731682634032201
0.33945412692245597
0.3996306973949217
0.44863704334698185
0.48218977857791134
0.49715625444137823
0.4918188614313137
0.4660086360823752
0.421098802472391
0.35986190136707674
0.2862065586603155
0.20482058628378577
0.12075504835010475
0.03898848917493679
0.035988637748443915
0.10053217226844335
0.15211414702405462
0.18948238659331773
0.2126985569745
0.22305493257827003
0.22288134388402062
0.21526361056581972
0.2037023694415756
0.19174592144980182
0.18263218046105859
0.1789729563016102
0.18250890346939633
0.19395605388354917
0.21295568718740476
0.23812928151616097
0.2672303935271604
0.29737646533409917
0.32533655176723747
0.3478464125983466
0.3619206813211003
0.3651329889928341
0.35583879574073113
0.3333218194953618
0.2978527043214012
0.25065715665794747
0.19379935677507262
0.1299942092113157
0.06236821625692321
0.005807103245556232
0.0713836017297243
0.1315818247694042
0.1841915164697214
0.2277106502190905
0.26141283374594854
0.2853401836147325
0.30022602278575106
0.3073583200727522
0.308400046227967
0.30518609928446394
0.2995178721905818
0.2929758304969453
0.2867677807475395
0.281626176883115
0.27776232098312303
0.27487925466510993
0.2722391354635056
0.26877555009967324
0.26323705011872095
0.25434558641131894
0.24095267940092632
0.22217711624785827
0.1975105561727346
0.16688132768701347
0.13067146902094043
0.08968717065433689
0.045087681348101746
0.0017180723445708256
0.049194848741886586
0.09581050135083011
0.14015742846983664
0.18105349991972675
0.21761266753628167
0.24927922269836755
0.2758239746735096
0.29730500259066817
0.3139995973446432
0.32631712680499286
0.33470449625099585
0.3395564373635715
0.3411419983781738
0.3395564373635715
0.33470449625099585
0.32631712680499286
0.3139995973446432
0.29730500259066817
0.2758239746735096
0.24927922269836755
0.21761266753628167
0.18105349991972675
0.14015742846983664
0.09581050135083011
0.049194848741886586
0.0017180723445708256
0.045087681348101746
0.08968717065433689
0.13067146902094043
0.16688132768701347
0.1975105561727346
0.22217711624785827
0.24095267940092632
0.25434558641131894
0.26323705011872095
0.26877555009967324
0.2722391354635056
0.27487925466510993
0.27776232098312303
0.281626176883115
0.2867677807475395
0.2929758304969453
0.2995178721905818
0.30518609928446394
0.308400046227967
0.3073583200727522
0.30022602278575106
0.2853401836147325
0.26141283374594854
0.2277106502190905
0.1841915164697214
0.1315818247694042
0.0713836017297243
0.005807103245556232
0.06236821625692321
0.1299942092113157
0.19379935677507262
0.25065715665794747
0.2978527043214012
0.3333218194953618
0.35583879574073113
0.3651329889928341
0.3619206813211003
0.3478464125983466
0.32533655176723747
0.29737646533409917
0.2672303935271604
0.23812928151616097
0.21295568718740476
0.19395605388354917
0.18250890346939633
0.1789729563016102
0.18263218046105859
0.19174592144980182
0.2037023694415756
0.21526361056581972
0.22288134388402062
0.22305493257827003
0.2126985569745
0.18948238659331773
0.15211414702405462
0.10053217226844335
0.035988637748443915
0.03898848917493679
0.12075504835010475
0.20482058628378577
0.2862065586603155
0.35986190136707674
0.421098802472391
0.4660086360823752
0.4918188614313137
0.49715625444137823
0.48218977857791134
0.44863704334698185
0.3996306973949217
0.33945412692245597
0.2731682634032201
0.2061619616199734
0.14366624681499582
0.09027694976244317
0.04953037723817217
0.023572605379141978
0.012955030433433677
0.01657763383708929
0.03178800185420662
0.054629699836580184
0.08021947321498826
0.10322026387123978
0.11836739484688588
0.12099944712482749
0.10754394890491768
0.07591123609083489
0.025757506981299045
0.04141045009436563
0.12230213157112071
0.21207931596198704
0.304742884068141
0.39363775499347387
0.47203160622877166
0.5337153386150923
0.573570244692196
0.5880489038104487
0.5755238545559419
0.5364695148051274
0.4734576431588971
0.39096353999425554
0.2949976337121397
0.19259347426124082
0.09119692183957812
0.001988847416109956
0.08064297100618648
0.13989213379206145
0.176748370523454
0.19037740433290132
0.1821705525450018
0.15561102019926001
0.11594430564343051
0.06968072405610766
0.023974008751076872
0.014067937153756547
0.038076973675410464
0.04305883430216672
0.0259075213795721
0.014249676824036231
0.07591123609083485
0.15528080223359253
0.2465630735413294
0.34245218586616144
0.43477046766111027
0.5152009158728893
0.5760472622310419
0.6109519980580965
0.6155056080643468
0.5876893479746422
0.5281084293306364
0.439991176100012
0.3289509183007712
0.2025291618834627
0.06955891853464254
0.06059590205748412
0.17885705367485458
0.27723051699633966
0.34951388374064724
0.39184689978152004
0.4030531612601605
0.38473956324867364
0.3411419983781739
0.27872901235231784
0.20559751972771492
0.13071419265301476
0.06307092602800089
0.010831437944415533
0.01945228250805892
0.023480547595778774
3.5719040805033133E-4
0.050791876086919534
0.12375116544095688
0.21269855697449994
0.30920711234816617
0.4037176075397776
0.486413402019143
0.5481328018382222
0.5812353468540349
0.5803417482999643
0.5428779175051223
0.46937075117421506
0.36346555600908276
0.2316602132284067
0.08277711306692537
0.07278184650372219
0.22393155131611991
0.3598710786033004
0.4710347330835966
0.5499398685128619
0.5918532719307653
0.595213768247327
0.5617704534505708
0.49642164274686706
0.40676690328826265
0.30241093856668844
0.1940811703067622
0.09263847379173097
0.008070997129005015
0.05143669213250154
0.08027302367033903
0.07593538760432977
0.039281454745165534
0.025529627328756212
0.1114033723123236
0.20895237678704545
0.30735832007275243
0.39537616575399276
0.46238944106388274
0.49941996801700433
0.4999987378426246
0.460816527828464
0.3820923365190756
0.267623035369658
0.12450652774700482
0.03743945139925671
0.20651269920482557
0.37014218106969804
0.5159929294882512
0.6330602746277596
0.7126536355688183
0.7491793985538261
0.7406500626772745
0.6888712907466672
0.5992875742736419
0.48049827769845954
0.3434860371524526
0.2006260788576913
0.0645655285361761
0.05292571755485635
0.1420277006286623
0.19576811675495487
0.21066183446834577
0.18703209206837912
0.12898201016027822
0.04401688377406228
0.05765027474045449
0.16404821711548204
0.2625664385930719
0.3411419983781738
0.3894055945303734
0.39968127609990084
0.36774683920854545
0.29328321805782454
0.17996915709039976
0.03520961988670969
0.13048016390982806
0.3043814441868209
0.47268893951684215
0.6217377306779058
0.7392289767689383
0.8153427190031957
0.8436355980942286
0.8216402760766336
0.7511100464553115
0.637884143816546
0.4913837283935126
0.3237822846048261
0.14892414235343537
0.01891175849568572
0.16629106726809673
0.2818298520537476
0.35721679401055784
0.38795766254974373
0.3737728620307674
0.3186101822997798
0.23026986433740662
0.11967452945029035
1.5082309915117207E-4
0.11529667212849998
0.21227400716887967
0.27928728247876977
0.3073583200727523
0.29119718415473084
0.22973862606585085
0.12629284485291378
0.01170569218495533
0.17333094667943183
0.3451240902786616
0.5122928010828819
0.6600430302524508
0.774922470548079
0.8460532034302076
0.8661404317820715
0.8321640172372624
0.745687977030629
0.6127576003806916
0.44339129606565714
0.2507112735525912
0.049790307571085414
0.1436819070619082
0.3147923696294621
0.45073189691664234
0.5419347936417822
0.582926674008701
0.5728022116065804
0.5152880281907519
0.4183836042440932
0.2936115832213596
0.15494463435096406
0.01750585363865167
0.1038392312852233
0.19587059473720464
0.24825442558366773
0.25452238086721657
0.21269855697449994
0.1255151688428052
1.9527084320186363E-4
0.15217966258972007
0.3176614507823952
0.48069727843371707
0.62554807808992
0.737734374260763
0.8053776408857771
0.8203141598732191
0.7788785732940936
0.6822839967563477
0.5365620354303431
0.35206601433003915
0.1425805654977578
0.07588323020835278
0.2864989762190433
0.47311497944859077
0.6216880946988637
0.721530951658088
0.7662586550988457
0.7543480322497714
0.6892575103837743
0.5790955762607581
0.435866875792973
0.27436360968617307
0.11080243711632064
0.038669377914462504
0.15946253235987298
0.23989298057165237
0.27226445427934326
0.2535864874004468
0.18586119614458166
0.0759112360908351
0.06523682375415729
0.2233588129041898
0.38233827964683315
0.5256525195399725
0.6379040959696889
0.7062580055074247
0.7216527571795534
0.679673798858814
0.5810081341482605
0.4314368868287646
0.24136455126302322
0.02492589834178485
0.201249864586112
0.4195065899355893
0.6127277927293944
0.7658603700723403
0.8672569224940031
0.909714273857644
0.8911131009360312
0.8145996415370704
0.6882919869867965
0.52453670762582
0.33878256952668595
0.14817313074319546
0.030014154600291176
0.17994042689467393
0.28864624176287396
0.34722914905530444
0.351650177253396
0.3030949823778792
0.2078558841893962
0.0767446539114201
0.07591123609083507
0.23359804947325652
0.3791501138169487
0.49634924529861885
0.5714431843615229
0.5944439750177741
0.5600869403089241
0.4683615590875692
0.32456436454108445
0.13886744174823562
0.07455975230926361
0.29879671152193454
0.5156740637114433
0.7073957400303789
0.8581339947434189
0.955452260159568
0.9914261600459015
0.9633601906103046
0.8740341572959818
0.7314561128616736
0.5481434013714996
0.33999638924964426
0.12486663770420137
0.07905075846938484
0.25485473877842757
0.3884568895724467
0.46984286194897645
0.49396159179539967
0.4611610717668391
0.3771306361266179
0.2523546444501131
0.10112700009393324
0.05978394769044436
0.2126985569744999
0.34067456063711277
0.4290906892394247
0.46702038619052794
0.44826966368186993
0.37198357176558133
0.24276493348794168
0.07029337798215252
0.13152175653927456
0.3457785260652183
0.5540976855655785
0.7382788424579366
0.8819470336726649
0.9720399135668614
1.0
0.9625630527438515
0.8620702422628768
0.7062749873710082
0.507661267922401
0.2823346725652409
0.04858637003763932
0.17473995729105232
0.3699301364403103
0.5219778239121298
0.6199157804994248
0.657779136369002
0.6351130949451077
0.5569789387184049
0.43345785075348303
0.2786977971492114
0.1095903615642785
0.055801814763441926
0.19992353815602523
0.30735832007275254
0.36626340200479546
0.3694773489482984
0.3151987679549226
0.20717373044483045
0.05437421763063411
0.12980370470144603
0.32874946791324483
0.5241455889488725
0.697636249412506
0.8325050433150566
0.9152090832421665
0.9366295831676669
0.8929247125243716
0.7859066094632411
0.6229076701217345
0.4161476619707755
0.18165861595106159
0.062135301527332806
0.29605431703007223
0.5018676332863469
0.663911488887391
0.7704739495835923
0.814820876702599
0.7957701400652313
0.7177622284780575
0.5904212210765414
0.42764644685517905
0.2463178556605466
0.06473326306088094
0.09907998714400709
0.2290249969643871
0.3124155957598738
