0.030199803203684067
0.032000060318145916
0.010101181158825624
0.0405534587004198
0.021767748585101877
0.0524605393557967
0.008874258054552275
0.018344868618609404
0.005043754452567535
0.13849850431174673
0.12368884517218905
0.04428134342198458
0.09246635499152638
0.11197614096331715
0.04702943983547642
0.05911188584876793
0.051794346282491556
0.19235975859841212
0.014929658702460262
0.17500688804747722
0.10581203446881222
0.046774008923805004
0.08168036673688617
0.17312175944681937
0.38328809710210604
0.2200402889110906
0.2713220911734
0.13773698313021518
0.43415766047766163
0.4403500563875103
0.5380354512029852
0.13128717274160037
0.4924913058759888
0.18807178846088032
0.9017152073557707
0.9821365318756963
0.6721738078160417
0.9135564236846991
1.0
0.3561428509375981
0.09278751041370248
0.24595145278336641
0.5988383592591999
0.14948290891568244
0.7340762927956505
0.3790287274124268
0.20144674625312625
0.3178376817159894
0.5958766541894436
0.2598887012575135
0.05252963194824601
0.07718101613260955
0.05878360767518106
0.12345100411359591
0.020449899503439836
0.18954583728387947
0.08076655484818827
0.19656534408176507
0.11686348489215469
0.11240279366505294
0.01999573336649345
0.057252522288746485
0.258489674244152
0.04302355880423467
0.0682548576322019
0.18579946582286608
0.016126225230567427
0.20002322963693284
0.014265260498094921
0.11525625210687147
0.1320814507926809
0.09202337065031577
0.010871448648799735
0.10565070833585762
0.17075884557062931
0.013424598853187962
0.11737350773290392
0.049290518644186376
0.06084902703214779
0.14998831267663254
0.056634067175603806
0.1769105286083894
0.005830487955590804
0.02711572407781423
0.13320381562218497
0.10878333951614982
0.10256863211334477
0.16817732066596178
0.03148205454045926
0.13480082280334485
0.1674063615839316
0.08306832254266597
0.03137091609757695
0.1264043842267316
0.016076226692123687
0.018666760971335038
0.01681699290375607
0.26118998235109153
0.019563375216067564
0.04443338617513064
0.0826465697506998
0.21280619244795598
0.21062541879801772
0.22642750787389557
0.22889315308843464
0.015771809687112354
0.2014185609707294
0.02191246920441547
0.0912261116129983
0.03096943260642394
0.08774217950228876
0.005096327044973104
0.028144189212617333
0.07257777845875486
0.0734772388813015
0.06676927470824646
0.38946012712441325
0.1050528856323367
0.04415439166272409
0.0788264007300642
0.07624051440261014
0.189224636319106
0.2441957022656936
0.2315604964313522
0.11708844487128665
0.2981628455183331
0.15754551172218312
0.28977356819370687
0.10219518594259792
0.0770560644381001
0.19359017012443572
0.02111206292633365
0.11471091467151051
0.06940021808738071
0.008082903723259916
0.10711600594966851
0.03662664418131693
0.00560450456388561
0.021111208296177505
0.030277941153091924
0.0726993880406194
0.036960573407688296
0.0698220854136099
0.004594648235528143
0.04509598415736491
0.0249770756032524
0.062436439511113176
0.03345974887502934
0.03172744690452315
0.0035608853424397967
0.01218590078957475
0.025119768470426577
0.022509084873643337
0.003061261906612051
0.021912077693460166
0.020527962482748238
4.987146791616998E-4
0.008533318087217665
0.00995102670004702
0.01041653669676208
0.0016338704140722
9.695843566578585E-4
0.0073274195695893765
7.848177108722331E-5
0.007248688244030849
0.010171638198822018
0.011776045779711199
0.021421804062621657
6.171198179619003E-4
0.008432433754544857
0.008682261656089329
0.01826294345452961
0.004235531787048716
0.010215281435046974
0.005071666388207578
0.0030048221408834103
0.0012948604758544705
0.0121151270215419
0.0027984690206717074
0.0060688094975281555
6.738500561327415E-4
3.585203219352621E-5
0.015129824127285368
0.006389013263339601
3.278586560518689E-4
0.001085493612415745
0.001905137734498104
0.0023444707875168937
0.006991504474802631
0.008881032916901644
0.010052948939966463
0.003782507843248792
0.0037963117867045697
0.0019500751740330019
0.0027269714226160267
0.00821438110591763
0.004749269407558286
0.0030928623942905347
0.0044929797547449786
0.002665476902517113
0.0036960696234644157
0.0037234311226300477
0.0036599201059718074
0.0017285735651974945
0.005021500566227226
0.0066952709854674
0.001352818831953528
0.012381806409349862
0.001284190091170728
0.0010385036176395494
2.455551007420481E-4
3.563024602354008E-4
0.009275291689817357
0.0075362588261528324
0.0012119284741115908
0.002543343986391327
5.892406865374089E-5
0.012279624696825413
0.0018297624351038312
0.0017856546069571167
0.010318318543698931
0.012445934515013853
2.316949320031418E-4
9.043050580236683E-4
0.004757993172772513
0.006978035062977465
0.0032822373400610487
0.004218283849845974
0.00830566020685265
0.00380620841301613
0.0015896603023584379
9.893271845571815E-4
0.004903880798951342
1.2193267675234198E-5
0.004656740255897785
8.795879151336938E-4
0.00528508931854493
0.00980726249533357
0.0040352873736314845
0.004253716573068719
4.91990316856839E-4
0.0040292432673057045
6.048641589876351E-4
0.002316448237229523
0.0091597686725052
0.009866221009683158
0.0018548746754319244
0.010941963974006009
0.0017434917168706722
0.007957042894069679
0.004208381324457948
0.006759660308803266
0.0048727011294878945
3.1291520559734745E-4
0.003352248143017797
0.00665763394453449
3.2933633809422374E-4
2.6550085250504833E-4
0.005744674267272088
0.009006971366738064
0.006042284553626531
0.004142808075194467
7.886357035317227E-4
0.0026051720904448905
0.001612354352490763
0.0052112763069892005
0.005719442300307838
0.00987906558965094
5.955491401852883E-4
0.0013566804145698328
0.005022715648593675
0.0017488812872948228
0.006390802102656748
0.0034505855894755555
0.0013198419107786354
0.0021307647717956255
0.004588567246748503
2.4438918554490677E-4
5.818881570333634E-4
0.005717799821526994
9.970958894471253E-4
0.0014056148697429835
0.0013295143257228484
0.008459728147667343
9.847436322782016E-5
0.0031210612838032856
0.004500855045094487
6.832468547607174E-4
0.001253265155151138
6.134288527263838E-4
0.0022395543202028776
0.002406863937834945
6.742494192892827E-4
4.833137439327231E-4
0.004386439594090285
0.0011785543753880365
3.767659934476816E-4
0.004087621690010316
0.004518702938305993
0.003163052844327418
5.145926138613066E-4
0.006111740638055952
0.0012241882903280994
1.0304545679663107E-4
0.004199420894093405
0.004275493606485916
0.002999432639539531
0.0011017956627628236
0.001561651272551862
0.005355637184267878
0.0017047224055920839
0.0015353608216963231
0.004505476950097984
0.002615423350153398
0.0033218560452690066
0.0025092517641400634
4.976905156767255E-4
0.0033258257472394337
0.004530903072084091
0.002360657690090101
7.810256023465435E-4
0.005128931288836799
0.0035672889658751304
0.0013591370372767163
0.0035788965780368448
7.670147828574665E-4
5.841033434469375E-5
0.0044312882755174
0.0012336850394467675
5.481989066188938E-4
0.004136899969482402
5.460435187289468E-4
7.914417157484249E-4
0.0065737287902778024
0.0013910834834520236
0.003655373879389139
0.0037513995629458972
3.4648170092305754E-4
4.4679294261469523E-4
0.002758891539726175
0.0017384192707733507
0.0018137268831051278
0.0028133432326839193
0.004974082130562071
6.814676776132663E-4
0.002201031818643423
0.0029924920795978364
0.001325947408219015
0.003125432843699144
0.0025980682328852495
0.0038504147626835556
0.0029419705101620557
0.0021562063754978853
2.2725443023886174E-4
0.0016617528873248155
1.486831222978368E-5
0.0035740153569897757
0.0014327843126243278
0.002798653472621857
7.196015670791164E-4
0.0032999023815537447
6.817833410727415E-5
0.0017966475750749882
3.3414561981238354E-4
0.003101544231130586
6.271517490323192E-4
0.0029020095169155435
0.003606854514972163
0.003170472340091529
0.0011923961589417437
9.849041142154275E-4
0.003317045748229309
0.0025632561141154453
0.002564694316223957
0.0021001521295691858
0.001203159873340756
0.0030662547226204505
0.003691513892727804
0.004887405465983067
6.857454381837603E-4
0.0011096763421253079
0.0018255482771050442
0.0012384745184799736
0.0023594127649209234
0.002193007589324408
0.002484875530426472
0.0031396190777208772
2.4882123098000876E-4
0.002870898334697752
0.0023065861066446807
1.0301878210397835E-4
0.0018271022826068573
0.002016471092638407
0.0029708589327830234
1.3387835781975195E-4
0.0015908877335180827
0.001692093707595293
0.0019930908270615294
0.0017990327244761684
0.0017806036996671343
0.0016050811655932147
0.0019833547552218157
0.0015968815620967377
0.0020151399150578173
0.0016223529358371444
0.0031362186883761665
0.0022907898512023748
0.0020265876888758906
0.002316105364693571
0.0021563857005308697
0.001612798824264388
0.0016924733704736718
9.741355053320224E-4
0.001033924525163581
0.001968667095723195
0.001693292345687465
0.002181865969746414
0.0013688690022489773
0.0018655597876899269
0.002440380920064486
0.0022298273626122672
0.0018741651170275158
0.0012513575389868684
0.0013810307710505852
0.0014920402606345786
0.0015111135487327007
0.0026224575347393256
0.0017346748214024296
0.0024695755926043986
0.0015733374806881943
0.0019526126200244372
0.0017636288261701747
0.0019636666585200573
0.0013678162524650673
0.001885720217902264
0.0018717995318941465
0.001778560897724576
0.002084633585069454
0.0016999742587154162
0.0017079860592561437
0.001768850056462346
0.001438696138015173
0.0021274193423764746
0.001652387847583353
0.001897224419347634
0.0015136949287618314
0.0013411448695102343
0.0016592918829220107
0.001571840364658854
0.0018854945461716415
0.001567165149485656
0.001928698529684773
0.001948004544872048
0.0023990073690035815
0.0027039473243046426
0.0019556297270828483
0.0015113196851041745
0.001966198475296497
0.0018595759896478216
0.0024214088086893302
0.0020143231833068
0.0014233374776279777
0.001573469174073879
0.0014233374776279777
0.0020143231833068
0.0024214088086893302
0.0018595759896478216
0.001966198475296497
0.0015113196851041745
0.0019556297270828483
0.0027039473243046426
0.0023990073690035815
0.001948004544872048
0.001928698529684773
0.001567165149485656
0.0018854945461716415
0.001571840364658854
0.0016592918829220107
0.0013411448695102343
0.0015136949287618314
0.001897224419347634
0.001652387847583353
0.0021274193423764746
0.001438696138015173
0.001768850056462346
0.0017079860592561437
0.0016999742587154162
0.002084633585069454
0.001778560897724576
0.0018717995318941465
0.001885720217902264
0.0013678162524650673
0.0019636666585200573
0.0017636288261701747
0.0019526126200244372
0.0015733374806881943
0.0024695755926043986
0.0017346748214024296
0.0026224575347393256
0.0015111135487327007
0.0014920402606345786
0.0013810307710505852
0.0012513575389868684
0.0018741651170275158
0.0022298273626122672
0.002440380920064486
0.0018655597876899269
0.0013688690022489773
0.002181865969746414
0.001693292345687465
0.001968667095723195
0.001033924525163581
9.741355053320224E-4
0.0016924733704736718
0.001612798824264388
0.0021563857005308697
0.002316105364693571
0.0020265876888758906
0.0022907898512023748
0.0031362186883761665
0.0016223529358371444
0.0020151399150578173
0.0015968815620967377
0.0019833547552218157
0.0016050811655932147
0.0017806036996671343
0.0017990327244761684
0.0019930908270615294
0.001692093707595293
0.0015908877335180827
1.3387835781975195E-4
0.0029708589327830234
0.002016471092638407
0.0018271022826068573
1.0301878210397835E-4
0.0023065861066446807
0.002870898334697752
2.4882123098000876E-4
0.0031396190777208772
0.002484875530426472
0.002193007589324408
0.0023594127649209234
0.0012384745184799736
0.0018255482771050442
0.0011096763421253079
6.857454381837603E-4
0.004887405465983067
0.003691513892727804
0.0030662547226204505
0.001203159873340756
0.0021001521295691858
0.002564694316223957
0.0025632561141154453
0.003317045748229309
9.849041142154275E-4
0.0011923961589417437
0.003170472340091529
0.003606854514972163
0.0029020095169155435
6.271517490323192E-4
0.003101544231130586
3.3414561981238354E-4
0.0017966475750749882
6.817833410727415E-5
0.0032999023815537447
7.196015670791164E-4
0.002798653472621857
0.0014327843126243278
0.0035740153569897757
1.486831222978368E-5
0.0016617528873248155
2.2725443023886174E-4
0.0021562063754978853
0.0029419705101620557
0.0038504147626835556
0.0025980682328852495
0.003125432843699144
0.001325947408219015
0.0029924920795978364
0.002201031818643423
6.814676776132663E-4
0.004974082130562071
0.0028133432326839193
0.0018137268831051278
0.0017384192707733507
0.002758891539726175
4.4679294261469523E-4
3.4648170092305754E-4
0.0037513995629458972
0.003655373879389139
0.0013910834834520236
0.0065737287902778024
7.914417157484249E-4
5.460435187289468E-4
0.004136899969482402
5.481989066188938E-4
0.0012336850394467675
0.0044312882755174
5.841033434469375E-5
7.670147828574665E-4
0.0035788965780368448
0.0013591370372767163
0.0035672889658751304
0.005128931288836799
7.810256023465435E-4
0.002360657690090101
0.004530903072084091
0.0033258257472394337
4.976905156767255E-4
0.0025092517641400634
0.0033218560452690066
0.002615423350153398
0.004505476950097984
0.0015353608216963231
0.0017047224055920839
0.005355637184267878
0.001561651272551862
0.0011017956627628236
0.002999432639539531
0.004275493606485916
0.004199420894093405
1.0304545679663107E-4
0.0012241882903280994
0.006111740638055952
5.145926138613066E-4
0.003163052844327418
0.004518702938305993
0.004087621690010316
3.767659934476816E-4
0.0011785543753880365
0.004386439594090285
4.833137439327231E-4
6.742494192892827E-4
0.002406863937834945
0.0022395543202028776
6.134288527263838E-4
0.001253265155151138
6.832468547607174E-4
0.004500855045094487
0.0031210612838032856
9.847436322782016E-5
0.008459728147667343
0.0013295143257228484
0.0014056148697429835
9.970958894471253E-4
0.005717799821526994
5.818881570333634E-4
2.4438918554490677E-4
0.004588567246748503
0.0021307647717956255
0.0013198419107786354
0.0034505855894755555
0.006390802102656748
0.0017488812872948228
0.005022715648593675
0.0013566804145698328
5.955491401852883E-4
0.00987906558965094
0.005719442300307838
0.0052112763069892005
0.001612354352490763
0.0026051720904448905
7.886357035317227E-4
0.004142808075194467
0.006042284553626531
0.009006971366738064
0.005744674267272088
2.6550085250504833E-4
3.2933633809422374E-4
0.00665763394453449
0.003352248143017797
3.1291520559734745E-4
0.0048727011294878945
0.006759660308803266
0.004208381324457948
0.007957042894069679
0.0017434917168706722
0.010941963974006009
0.0018548746754319244
0.009866221009683158
0.0091597686725052
0.002316448237229523
6.048641589876351E-4
0.0040292432673057045
4.91990316856839E-4
0.004253716573068719
0.0040352873736314845
0.00980726249533357
0.00528508931854493
8.795879151336938E-4
0.004656740255897785
1.2193267675234198E-5
0.004903880798951342
9.893271845571815E-4
0.0015896603023584379
0.00380620841301613
0.00830566020685265
0.004218283849845974
0.0032822373400610487
0.006978035062977465
0.004757993172772513
9.043050580236683E-4
2.316949320031418E-4
0.012445934515013853
0.010318318543698931
0.0017856546069571167
0.0018297624351038312
0.012279624696825413
5.892406865374089E-5
0.002543343986391327
0.0012119284741115908
0.0075362588261528324
0.009275291689817357
3.563024602354008E-4
2.455551007420481E-4
0.0010385036176395494
0.001284190091170728
0.012381806409349862
0.001352818831953528
0.0066952709854674
0.005021500566227226
0.0017285735651974945
0.0036599201059718074
0.0037234311226300477
0.0036960696234644157
0.002665476902517113
0.0044929797547449786
0.0030928623942905347
0.004749269407558286
0.00821438110591763
0.0027269714226160267
0.0019500751740330019
0.0037963117867045697
0.003782507843248792
0.010052948939966463
0.008881032916901644
0.006991504474802631
0.0023444707875168937
0.001905137734498104
0.001085493612415745
3.278586560518689E-4
0.006389013263339601
0.015129824127285368
3.585203219352621E-5
6.738500561327415E-4
0.0060688094975281555
0.0027984690206717074
0.0121151270215419
0.0012948604758544705
0.0030048221408834103
0.005071666388207578
0.010215281435046974
0.004235531787048716
0.01826294345452961
0.008682261656089329
0.008432433754544857
6.171198179619003E-4
0.021421804062621657
0.011776045779711199
0.010171638198822018
0.007248688244030849
7.848177108722331E-5
0.0073274195695893765
9.695843566578585E-4
0.0016338704140722
0.01041653669676208
0.00995102670004702
0.008533318087217665
4.987146791616998E-4
0.020527962482748238
0.021912077693460166
0.003061261906612051
0.022509084873643337
0.025119768470426577
0.01218590078957475
0.0035608853424397967
0.03172744690452315
0.03345974887502934
0.062436439511113176
0.0249770756032524
0.04509598415736491
0.004594648235528143
0.0698220854136099
0.036960573407688296
0.0726993880406194
0.030277941153091924
0.021111208296177505
0.00560450456388561
0.03662664418131693
0.10711600594966851
0.008082903723259916
0.06940021808738071
0.11471091467151051
0.02111206292633365
0.19359017012443572
0.0770560644381001
0.10219518594259792
0.28977356819370687
0.15754551172218312
0.2981628455183331
0.11708844487128665
0.2315604964313522
0.2441957022656936
0.189224636319106
0.07624051440261014
0.0788264007300642
0.04415439166272409
0.1050528856323367
0.38946012712441325
0.06676927470824646
0.0734772388813015
0.07257777845875486
0.028144189212617333
0.005096327044973104
0.08774217950228876
0.03096943260642394
0.0912261116129983
0.02191246920441547
0.2014185609707294
0.015771809687112354
0.22889315308843464
0.22642750787389557
0.21062541879801772
0.21280619244795598
0.0826465697506998
0.04443338617513064
0.019563375216067564
0.26118998235109153
0.01681699290375607
0.018666760971335038
0.016076226692123687
0.1264043842267316
0.03137091609757695
0.08306832254266597
0.1674063615839316
0.13480082280334485
0.03148205454045926
0.16817732066596178
0.10256863211334477
0.10878333951614982
0.13320381562218497
0.02711572407781423
0.005830487955590804
0.1769105286083894
0.056634067175603806
0.14998831267663254
0.06084902703214779
0.049290518644186376
0.11737350773290392
0.013424598853187962
0.17075884557062931
0.10565070833585762
0.010871448648799735
0.09202337065031577
0.1320814507926809
0.11525625210687147
0.014265260498094921
0.20002322963693284
0.016126225230567427
0.18579946582286608
0.0682548576322019
0.04302355880423467
0.258489674244152
0.057252522288746485
0.01999573336649345
0.11240279366505294
0.11686348489215469
0.19656534408176507
0.08076655484818827
0.18954583728387947
0.020449899503439836
0.12345100411359591
0.05878360767518106
0.07718101613260955
0.05252963194824601
0.2598887012575135
0.5958766541894436
0.3178376817159894
0.20144674625312625
0.3790287274124268
0.7340762927956505
0.14948290891568244
0.5988383592591999
0.24595145278336641
0.09278751041370248
0.3561428509375981
1.0
0.9135564236846991
0.6721738078160417
0.9821365318756963
0.9017152073557707
0.18807178846088032
0.4924913058759888
0.13128717274160037
0.5380354512029852
0.4403500563875103
0.43415766047766163
0.13773698313021518
0.2713220911734
0.2200402889110906
0.38328809710210604
0.17312175944681937
0.08168036673688617
0.046774008923805004
0.10581203446881222
0.17500688804747722
0.014929658702460262
0.19235975859841212
0.051794346282491556
0.05911188584876793
0.04702943983547642
0.11197614096331715
0.09246635499152638
0.04428134342198458
0.12368884517218905
0.13849850431174673
0.005043754452567535
0.018344868618609404
0.008874258054552275
0.0524605393557967
0.021767748585101877
0.0405534587004198
0.010101181158825624
0.032000060318145916
