-0.140051379629271
0.1689764719035779
0.24478913031292737
0.3378723266666019
0.40881748547811864
0.42030586410452575
0.34855700641688625
0.1910147229896263
0.031973705818204495
0.28199659517206355
0.5125691167876814
0.6814317742093363
0.7616570071362213
0.7484211962526033
0.6595584522075882
0.5298059900874014
0.4004576347716101
0.30744050622886326
0.2712492522071569
0.2915984905163534
0.34826173559574986
0.4077636924639763
0.43390667083297046
0.3990268743505735
0.2926994934365005
0.12538391810296487
0.07401201625358027
0.2659051936338799
0.41087550171397985
0.4804423200347542
0.4647092289483162
0.3747460444495636
0.23911454517678354
0.0956271310807311
0.019231310973457833
0.08016941703168526
0.0794632315379734
0.028120068917839247
0.04835219944580295
0.11820234007302666
0.15322784402311843
0.1372309060339309
0.07072478823775373
0.029380104242952034
0.13489953852691347
0.21471359457396688
0.24383704798721284
0.210591247925935
0.11986185679125777
0.008393401085471527
0.1448354987198967
0.25889444174196635
0.326990420585458
0.3384963954335068
0.29784152128205194
0.22231978676553943
0.13641671588465867
0.06443369991661388
0.023603872083349704
0.019655543787119128
0.04598343427974386
0.08648833806625758
0.12107594477952424
0.13207704240292634
0.10966332939565786
0.05471736864468417
0.021566408897198797
0.10108088328423882
0.16407208558189235
0.19465005658514367
0.1849378412198214
0.13673994006747128
0.06040374366709597
0.028608601262998617
0.11428012457365998
0.1843173136452493
0.23291755290907212
0.26133943222327816
0.27630467113330176
0.28691824801098303
0.30119467087163654
0.32331428795968414
0.35241522367649747
0.3831758188714527
0.40784829678119344
0.41895965737058977
0.4117355264629262
0.38546305333290853
0.3434197638047378
0.29150705317495196
0.23616301993636646
0.1823450213724312
0.13230242539463774
0.08553837962521094
0.03990531373131406
0.006644913552790577
0.05437867332757978
0.10086520689138093
0.14124474933917355
0.16965303209441598
0.18132698904764355
0.1746251481548433
0.15217188211805222
0.12059754981045685
0.08881705140226932
0.0653123371313484
0.055279642731139965
0.05862464987168267
0.06957935736320334
0.07822391356120115
0.07357349228886678
0.04733578362370802
0.0028514471079013563
0.07181615411088732
0.14754580417638152
0.21414678506338625
0.25630297979605327
0.26393098289670763
0.23557561633890514
0.17938965678693594
0.11122685723119266
0.050252404990730824
0.01327470414492098
0.009471783777741934
0.03716052493544272
0.08371952257507187
0.1288676042651481
0.1504824614494478
0.131325776820488
0.06468315200519023
0.04284051484329227
0.17235179637254408
0.29739767637900305
0.3911466589239461
0.43398807503903464
0.4193088863061677
0.3556661414389177
0.26458380742029636
0.17448060606075555
0.11240618148874598
0.09597174386710783
0.1278809636245465
0.19476960637065258
0.27083433074780494
0.32532257736876813
0.3317808572300162
0.27637410910098875
0.16278415563260887
0.01213361238105585
0.14219585439425977
0.26348412464488086
0.321833005077269
0.30264358871816605
0.2109135662768969
0.0700256898146355
0.08471925164128499
0.21603272155065306
0.2951974910855881
0.31019070143557514
0.2689699580992706
0.19689971488965352
0.12899523794123896
0.09918976911734763
0.1297364386345493
0.22386529085441395
0.36391198570451666
0.5155701333619626
0.6371425220700624
0.6911941563223559
0.6552756275224028
0.5286116524931911
0.3327810706485952
0.10613072741372337
0.1065276669263372
0.26601637048077736
0.3492295665568222
0.3549173296025501
0.30315645112126943
0.2286708802353314
0.16994746465493843
0.15731825554715892
0.20349020138217946
0.29930292954418364
0.4159851942280174
0.5132963942055911
0.5512273018810301
0.5018911434299198
0.35816632691037154
0.13657717322606708
0.12644806550671253
0.38390013378987153
0.5904494424885752
0.7141637498794549
0.7443693083743882
0.6934630113280109
0.5922310214997419
0.48009662708768586
0.3931664738969003
0.3535539195171238
0.3630594676123488
0.4030024241682611
0.4402025753612302
0.4373284605596257
0.36457498574627517
0.20926625130935403
0.01940140041103427
0.2918430924007812
0.5653625523265409
0.7951300865635006
0.9457278705104245
1.0
0.9627542617033106
0.8583657404746369
0.723086892120771
0.5943654652430133
0.5002830818726713
0.45213007406101147
0.44216903399556406
0.4471028467729358
0.436106179284618
0.3809829923499706
0.2654444553430918
0.09081215648807799
0.12346588001765021
0.3445721412141575
0.5349145313857608
0.6620485103579978
0.7070860807529268
0.6692461101484898
0.5653578530869534
0.42459937101025785
0.280102759258542
0.15990206428293632
0.079807591145558
0.040151596214853404
0.02717158128185276
0.018435874392366977
0.009428162841308648
0.07304534371082473
0.1768886458681339
0.3116610097723076
0.4568104219837221
0.5863128443291442
0.6759405241011478
0.7098684740437663
0.6847451391835784
0.6101602553321308
0.5055269374585107
0.39442803843364527
0.2981587244267576
0.2303434765354696
0.19409736237537786
0.1823839819442494
0.1812561250008518
0.17484243467903776
0.15050060005323906
0.10260674108060851
0.03395121082332994
0.04551084759726106
0.12199888055826125
0.18218987307902532
0.21709003877402938
0.224356026892236
0.20847564281539976
0.17891270564693085
0.14693761562250351
0.12221748332686035
0.11023304015747215
0.11124768985383357
0.1210055623358456
0.13276807687779807
0.13989655697556486
0.13807338727878946
0.1264480655067128
0.10741649256989864
0.0852387334635647
0.06409979518425986
0.04638610092313663
0.03183641535851567
0.01787725360844449
9.969723488872132E-4
0.02138664708641365
0.04931036027626879
0.07957289788805738
0.10631367424152202
0.12274600796615605
0.12348556911024434
0.10665346136880816
0.07495423066324525
0.03523845382780734
0.003436268913314313
0.032698378377757825
0.047782084430199795
0.04946050940626754
0.04423480004751729
0.0425541086425618
0.05548871678587408
0.09083198742421837
0.1498765429639584
0.2259889413077838
0.3056098585852812
0.3715713431292532
0.4078718872545803
0.4045240325285589
0.3609693516519077
0.2869037024665993
0.20008829760581148
0.12163032013581179
0.07002568981463549
0.05570874873939759
0.07779049090992142
0.124082602075601
0.17455433614535817
0.20732849643088883
0.2055068670639525
0.16278415563260878
0.08608502567320572
0.005717227294520148
0.08679730896988787
0.13175614196999655
0.12327288495623256
0.057752976158799076
0.05279784551581607
0.18338639002601262
0.3025360593574551
0.3809101263558121
0.3995944532753331
0.35560138579494077
0.26290280658634896
0.14857055373593187
0.04503381047349061
0.019365152221741212
0.028778083411299126
0.015279930329464267
0.09411642836224074
0.17716505537443394
0.23096071276095465
0.22922413810443726
0.16110738082584378
0.03512529054662412
0.12248978783642246
0.2746643098501752
0.3837053594966181
0.4219657619749501
0.37986452299696294
0.26888913431610606
0.11862669681727363
0.031407597122459704
0.14285266259198684
0.1893257700566589
0.16385558434744557
0.08073983608780616
0.028759536706502654
0.1256846995604204
0.17495842189964592
0.15591585393600768
0.06871080154841065
0.0653123371313483
0.2094514364684952
0.32205160073290445
0.3685062111216946
0.3313892597030663
0.21576824179841342
0.048120999570174565
0.1308800870021919
0.27767924922686194
0.3580140738646677
0.3564657061819276
0.28063753824904414
0.15876050303449682
0.03141668940802651
0.06023108381558306
0.08630947470305822
0.03678505377996908
0.07576118423161272
0.21991881208226854
0.3546793849949118
0.4414300007937012
0.45523327328123236
0.3921335251278091
0.27038628291438493
0.12526918233800136
0.0010145504832080772
0.07142006429688581
0.06465289165450436
0.018763327035263854
0.1566572968485875
0.31152926327877584
0.44116541715245167
0.5104779951123898
0.5011799515364224
0.4165604604159547
0.2800646202051999
0.12817481272375192
2.793737656771343E-4
0.07525915789424843
0.08389513649115023
0.03374039349370717
0.04995646202706366
0.1320770424029264
0.17822039006403229
0.16495431706138283
0.08677823198810587
0.0421620041721761
0.1920256446635702
0.32567874329307595
0.4090744658297264
0.4206199262197919
0.35688738335318076
0.23312966838801827
0.07858025973835732
0.07199020123181425
0.18795651736576371
0.25096950627348547
0.2592671749688933
0.22706179246895622
0.17934712855166157
0.1437788433446038
0.142074704338649
0.18344470156734674
0.2618969005432324
0.3580869632086544
0.4450446987289274
0.4960117039257232
0.4920715894686803
0.4273909680145697
0.3106524216311667
0.16240668815632878
0.009253525496001917
0.12336602443376073
0.21766130974589468
0.2674644326789691
0.2786914863770772
0.26636378848121695
0.2492527172051937
0.24384587748576766
0.25943808420003867
0.2957215672045003
0.3434381011757185
0.3877203689114016
0.41297456541976374
0.40776369246397604
0.3682386069605964
0.29918020310365634
0.21248310554316333
0.1236841328935418
0.04768352000531867
0.005028919491467275
0.030574802418542095
0.03180115695824303
0.016466900766752297
0.005761303211236487
0.02646048255856983
0.040751013320761566
0.0481047118583551
0.05156138219838798
0.05578842063093713
0.06477256114991119
0.07999962552845287
0.0997494918672792
0.11970052537031844
0.1345569116072433
0.140051379629271
0.1345569116072433
0.11970052537031844
0.0997494918672792
0.07999962552845287
0.06477256114991119
0.05578842063093713
0.05156138219838798
0.0481047118583551
0.040751013320761566
0.02646048255856983
0.005761303211236487
0.016466900766752297
0.03180115695824303
0.030574802418542095
0.005028919491467275
0.04768352000531867
0.1236841328935418
0.21248310554316333
0.29918020310365634
0.3682386069605964
0.40776369246397604
0.41297456541976374
0.3877203689114016
0.3434381011757185
0.2957215672045003
0.25943808420003867
0.24384587748576766
0.2492527172051937
0.26636378848121695
0.2786914863770772
0.2674644326789691
0.21766130974589468
0.12336602443376073
0.009253525496001917
0.16240668815632878
0.3106524216311667
0.4273909680145697
0.4920715894686803
0.4960117039257232
0.4450446987289274
0.3580869632086544
0.2618969005432324
0.18344470156734674
0.142074704338649
0.1437788433446038
0.17934712855166157
0.22706179246895622
0.2592671749688933
0.25096950627348547
0.18795651736576371
0.07199020123181425
0.07858025973835732
0.23312966838801827
0.35688738335318076
0.4206199262197919
0.4090744658297264
0.32567874329307595
0.1920256446635702
0.0421620041721761
0.08677823198810587
0.16495431706138283
0.17822039006403229
0.1320770424029264
0.04995646202706366
0.03374039349370717
0.08389513649115023
0.07525915789424843
2.793737656771343E-4
0.12817481272375192
0.2800646202051999
0.4165604604159547
0.5011799515364224
0.5104779951123898
0.44116541715245167
0.31152926327877584
0.1566572968485875
0.018763327035263854
0.06465289165450436
0.07142006429688581
0.0010145504832080772
0.12526918233800136
0.27038628291438493
0.3921335251278091
0.45523327328123236
0.4414300007937012
0.3546793849949118
0.21991881208226854
0.07576118423161272
0.03678505377996908
0.08630947470305822
0.06023108381558306
0.03141668940802651
0.15876050303449682
0.28063753824904414
0.3564657061819276
0.3580140738646677
0.27767924922686194
0.1308800870021919
0.048120999570174565
0.21576824179841342
0.3313892597030663
0.3685062111216946
0.32205160073290445
0.2094514364684952
0.0653123371313483
0.06871080154841065
0.15591585393600768
0.17495842189964592
0.1256846995604204
0.028759536706502654
0.08073983608780616
0.16385558434744557
0.1893257700566589
0.14285266259198684
0.031407597122459704
0.11862669681727363
0.26888913431610606
0.37986452299696294
0.4219657619749501
0.3837053594966181
0.2746643098501752
0.12248978783642246
0.03512529054662412
0.16110738082584378
0.22922413810443726
0.23096071276095465
0.17716505537443394
0.09411642836224074
0.015279930329464267
0.028778083411299126
0.019365152221741212
0.04503381047349061
0.14857055373593187
0.26290280658634896
0.35560138579494077
0.3995944532753331
0.3809101263558121
0.3025360593574551
0.18338639002601262
0.05279784551581607
0.057752976158799076
0.12327288495623256
0.13175614196999655
0.08679730896988787
0.005717227294520148
0.08608502567320572
0.16278415563260878
0.2055068670639525
0.20732849643088883
0.17455433614535817
0.124082602075601
0.07779049090992142
0.05570874873939759
0.07002568981463549
0.12163032013581179
0.20008829760581148
0.2869037024665993
0.3609693516519077
0.4045240325285589
0.4078718872545803
0.3715713431292532
0.3056098585852812
0.2259889413077838
0.1498765429639584
0.09083198742421837
0.05548871678587408
0.0425541086425618
0.04423480004751729
0.04946050940626754
0.047782084430199795
0.032698378377757825
0.003436268913314313
0.03523845382780734
0.07495423066324525
0.10665346136880816
0.12348556911024434
0.12274600796615605
0.10631367424152202
0.07957289788805738
0.04931036027626879
0.02138664708641365
9.969723488872132E-4
0.01787725360844449
0.03183641535851567
0.04638610092313663
0.06409979518425986
0.0852387334635647
0.10741649256989864
0.1264480655067128
0.13807338727878946
0.13989655697556486
0.13276807687779807
0.1210055623358456
0.11124768985383357
0.11023304015747215
0.12221748332686035
0.14693761562250351
0.17891270564693085
0.20847564281539976
0.224356026892236
0.21709003877402938
0.18218987307902532
0.12199888055826125
0.04551084759726106
0.03395121082332994
0.10260674108060851
0.15050060005323906
0.17484243467903776
0.1812561250008518
0.1823839819442494
0.19409736237537786
0.2303434765354696
0.2981587244267576
0.39442803843364527
0.5055269374585107
0.6101602553321308
0.6847451391835784
0.7098684740437663
0.6759405241011478
0.5863128443291442
0.4568104219837221
0.3116610097723076
0.1768886458681339
0.07304534371082473
0.009428162841308648
0.018435874392366977
0.02717158128185276
0.040151596214853404
0.079807591145558
0.15990206428293632
0.280102759258542
0.42459937101025785
0.5653578530869534
0.6692461101484898
0.7070860807529268
0.6620485103579978
0.5349145313857608
0.3445721412141575
0.12346588001765021
0.09081215648807799
0.2654444553430918
0.3809829923499706
0.436106179284618
0.4471028467729358
0.44216903399556406
0.45213007406101147
0.5002830818726713
0.5943654652430133
0.723086892120771
0.8583657404746369
0.9627542617033106
1.0
0.9457278705104245
0.7951300865635006
0.5653625523265409
0.2918430924007812
0.01940140041103427
0.20926625130935403
0.36457498574627517
0.4373284605596257
0.4402025753612302
0.4030024241682611
0.3630594676123488
0.3535539195171238
0.3931664738969003
0.48009662708768586
0.5922310214997419
0.6934630113280109
0.7443693083743882
0.7141637498794549
0.5904494424885752
0.38390013378987153
0.12644806550671253
0.13657717322606708
0.35816632691037154
0.5018911434299198
0.5512273018810301
0.5132963942055911
0.4159851942280174
0.29930292954418364
0.20349020138217946
0.15731825554715892
0.16994746465493843
0.2286708802353314
0.30315645112126943
0.3549173296025501
0.3492295665568222
0.26601637048077736
0.1065276669263372
0.10613072741372337
0.3327810706485952
0.5286116524931911
0.6552756275224028
0.6911941563223559
0.6371425220700624
0.5155701333619626
0.36391198570451666
0.22386529085441395
0.1297364386345493
0.09918976911734763
0.12899523794123896
0.19689971488965352
0.2689699580992706
0.31019070143557514
0.2951974910855881
0.21603272155065306
0.08471925164128499
0.0700256898146355
0.2109135662768969
0.30264358871816605
0.321833005077269
0.26348412464488086
0.14219585439425977
0.01213361238105585
0.16278415563260887
0.27637410910098875
0.3317808572300162
0.32532257736876813
0.27083433074780494
0.19476960637065258
0.1278809636245465
0.09597174386710783
0.11240618148874598
0.17448060606075555
0.26458380742029636
0.3556661414389177
0.4193088863061677
0.43398807503903464
0.3911466589239461
0.29739767637900305
0.17235179637254408
0.04284051484329227
0.06468315200519023
0.131325776820488
0.1504824614494478
0.1288676042651481
0.08371952257507187
0.03716052493544272
0.009471783777741934
0.01327470414492098
0.050252404990730824
0.11122685723119266
0.17938965678693594
0.23557561633890514
0.26393098289670763
0.25630297979605327
0.21414678506338625
0.14754580417638152
0.07181615411088732
0.0028514471079013563
0.04733578362370802
0.07357349228886678
0.07822391356120115
0.06957935736320334
0.05862464987168267
0.055279642731139965
0.0653123371313484
0.08881705140226932
0.12059754981045685
0.15217188211805222
0.1746251481548433
0.18132698904764355
0.16965303209441598
0.14124474933917355
0.10086520689138093
0.05437867332757978
0.006644913552790577
0.03990531373131406
0.08553837962521094
0.13230242539463774
0.1823450213724312
0.23616301993636646
0.29150705317495196
0.3434197638047378
0.38546305333290853
0.4117355264629262
0.41895965737058977
0.40784829678119344
0.3831758188714527
0.35241522367649747
0.32331428795968414
0.30119467087163654
0.28691824801098303
0.27630467113330176
0.26133943222327816
0.23291755290907212
0.1843173136452493
0.11428012457365998
0.028608601262998617
0.06040374366709597
0.13673994006747128
0.1849378412198214
0.19465005658514367
0.16407208558189235
0.10108088328423882
0.021566408897198797
0.05471736864468417
0.10966332939565786
0.13207704240292634
0.12107594477952424
0.08648833806625758
0.04598343427974386
0.019655543787119128
0.023603872083349704
0.06443369991661388
0.13641671588465867
0.22231978676553943
0.29784152128205194
0.3384963954335068
0.326990420585458
0.25889444174196635
0.1448354987198967
0.008393401085471527
0.11986185679125777
0.210591247925935
0.24383704798721284
0.21471359457396688
0.13489953852691347
0.029380104242952034
0.07072478823775373
0.1372309060339309
0.15322784402311843
0.11820234007302666
0.04835219944580295
0.028120068917839247
0.0794632315379734
0.08016941703168526
0.019231310973457833
0.0956271310807311
0.23911454517678354
0.3747460444495636
0.4647092289483162
0.4804423200347542
0.41087550171397985
0.2659051936338799
0.07401201625358027
0.12538391810296487
0.2926994934365005
0.3990268743505735
0.43390667083297046
0.4077636924639763
0.34826173559574986
0.2915984905163534
0.2712492522071569
0.30744050622886326
0.4004576347716101
0.5298059900874014
0.6595584522075882
0.7484211962526033
0.7616570071362213
0.6814317742093363
0.5125691167876814
0.28199659517206355
0.031973705818204495
0.1910147229896263
0.34855700641688625
0.42030586410452575
0.40881748547811864
0.3378723266666019
0.24478913031292737
0.1689764719035779
