-0.019016803119968735
0.005332946073222339
0.03803953122840854
0.2136804273058895
0.061070910947241465
0.007855697076549166
0.019171954302470585
0.04828676302639494
0.023109572814759425
0.10283071333599365
0.03525674421528865
0.07137062364357927
0.024394325183669206
0.02097676485447115
0.05776797129724835
0.07048319697400325
0.10885861757323374
0.023968841426285227
0.010145616308585794
0.07457561834506352
0.04247672281264778
0.022704002348627392
0.1210496381840411
0.1425101988228555
0.03173335762483291
0.016620922005478173
0.024923246168210827
0.12727117971474886
0.11114313370835316
0.06329615416158146
0.005813679644361408
0.10889480613682367
0.15244987112832503
0.030581248188497608
0.022906456002032626
0.07227218528688811
0.0610548355217184
0.07158327727417044
0.048381373466584394
0.03293115073250492
0.027309923045292325
0.060672377149741816
0.09091382967066053
0.046354315729773166
0.05657459727684827
0.011317383543537604
0.02050328967982078
0.040864149787540605
0.026930904851540677
0.051612713545748715
0.005887873605860655
0.00852018640260727
0.10073077264484664
0.001901582438051314
0.039144344029820054
0.11150766005159587
0.010055353387111231
0.09936081503631469
0.05298934335155326
0.02357339276295906
0.13029447211964817
0.0860703991541737
0.08710683309333495
0.03995884214817094
0.04495668378618652
0.03502836325350294
0.03985942350033562
0.03352451981608796
0.03635401111964427
0.023193970421180213
0.001242505149584657
0.10446581248593566
0.02999839918519593
0.03733048005159765
0.038374956930927434
0.0157626972089023
0.15789186208561404
0.02215578338168151
0.12136850239851076
0.004894836580005777
0.10327775071519064
0.07835625205205608
0.03903679323144799
0.02332814892978146
0.017352254661288594
0.026163207540096378
0.015303249673256426
0.040308003546381255
0.06949635385486096
0.033954208365231
0.04172596206959242
0.05034265787858578
0.03872938429966623
0.03081189563050392
0.02809140608853697
0.0137070966895859
0.010375821257013538
0.07149179759765106
0.03393426643569017
0.0023757107344193357
0.050096608973823606
0.06330893029107959
0.007371243751950151
0.03308367731642736
0.03500352266341267
0.026643469391549636
0.029932335103092525
0.047948700460585365
0.03042222452479367
0.03731786167720971
0.09334103926694284
0.04557681668915144
0.19327418339263575
0.08965288568509362
0.08265026499400333
0.0053364055066386345
0.13925662670103958
0.055306083744228594
0.1333608064163649
0.130018858587529
0.0637415393957078
0.04620281642866966
0.2564960866669639
0.042230686303575696
0.03852280467194847
0.2136110794362811
0.26997138375073565
0.09246748197742731
0.11802497428694615
0.00986065035444973
0.05416524070241347
0.038152690121617566
0.2075943896408853
0.02616633777685294
0.06332534558085862
0.09586294984573157
0.11744272332459829
0.07934544841004092
0.2136016248142108
0.0277158942255235
0.5584484826859778
0.06992122658178597
0.13952458045418428
0.18458282075221702
0.13670061955046967
0.4468770713739641
0.08139714201207526
0.11128995373830515
0.31544926972074966
0.020467546056560926
0.2815324768285173
0.44816693726943996
0.23278477307715825
0.13332025047026197
0.5562414912590855
0.4661347869288814
0.20789312454124387
0.12446439995116858
0.09309922035693748
0.7915873118892272
0.33552310876610963
0.4116512331812815
0.8175621848663922
0.09797140511831787
0.14583573406398492
0.4605173855068584
0.49283299769875316
0.9600150671267031
0.9248433972890474
0.1618135567728378
0.2817627339332274
0.7380337696626806
0.4184332775223413
0.24933150462684342
0.40517939618274973
1.0
0.29854200380044016
0.07072002144839977
0.22970571313181531
0.4464405491875514
0.43621647540530467
0.46271843901285226
0.28229299053648793
0.46747966347302494
0.3059563841864581
0.17072699223157392
0.023581202765165114
0.734926136875558
0.5249450042397806
0.14199784433040466
0.04889440531580088
0.20103281892945604
0.09870086478294822
0.4439119079446869
0.1407494244221712
0.06624585968871834
0.1255822614868672
0.04898094617788312
0.005219326487416617
0.011397984238758064
0.3003576549769534
0.3452335735914694
0.42911914501671594
0.18332903791960364
0.25665470285223396
0.13000130842587543
0.22709251518303156
0.1844044939129113
0.2933371220731771
0.20269523807700252
0.010768665243586118
0.024459623526035347
0.4979139592117762
0.027553876198593015
0.17590945379068068
0.296021432256834
0.08350086244975576
0.1904617705034076
0.07965688193455467
0.18185025354038448
0.005870916837035155
0.138579023385485
0.17008954610284305
0.17349121710881898
0.15035840778028145
0.10562770951125965
0.0764229593730694
0.0452186008218227
0.0533273412125891
0.19078961722574425
0.03829926387526473
0.15213442495974988
0.03713256231830878
0.0775198342036841
0.28557428292252857
0.12998596655325878
0.007238612246127019
0.02727369439871393
0.03806392850087127
0.10465580547532896
0.0018168600991020664
0.07773482042632975
0.13449109260477507
0.10791975145781446
0.1621147671626008
0.015487396517896549
0.1320909581370407
0.01745539324176426
0.06805408080244113
0.05279574917448978
0.08279359192363901
0.06688366065983645
0.1975427298580925
0.09393478617917347
0.01038937675361725
0.11524534391637083
0.219743035922413
0.0682077624142747
0.05121835720344445
0.16874119514751587
0.054768048021044145
0.01139809370776934
0.04937597297802597
0.01821945369087753
0.036994791663508206
0.010635572176445736
0.012041369285825302
0.03652573364800517
0.04413398678868592
0.016905180265774988
0.03570768169604252
0.10173726080312935
0.00923031578589487
0.05612497446563015
0.04206969012854758
0.06309415173981091
0.01314434633902704
8.40749765226034E-4
0.09311084239328792
0.06529561270367257
0.0622875485906119
0.053080104319385195
0.024708446475372552
0.06094644707331579
0.045038831463130126
0.0037104555198860735
6.393877577672649E-4
0.0970187133246713
0.03647988353858792
0.0027469769024908728
0.02774215735468126
0.03883410138463943
0.010576088205811561
0.009642490232768756
3.2586378204379026E-4
0.04647973212336861
0.06135665395961202
0.049009405661403244
0.04542413860671674
0.09802297161624117
0.04005265096223075
0.02507192430979477
0.03950980138877033
0.0622040155977863
0.10179488638275865
0.07780665920949771
0.024846424843666056
0.09589528514329052
0.10934661793982023
0.0028214916455524394
0.013795983309733546
0.10459865431141206
0.056595100046407804
0.022778984078770548
0.05222018838731811
0.04344750289380225
0.012581064917932882
0.01756952057063776
0.06347379866545638
0.04290978853410807
0.017364805919206652
0.04341365682566288
0.07309057769472847
0.07595416893707232
0.005808164492429179
0.006879692847319061
0.06659664591977883
0.03090629940948497
0.09534930165313528
0.048245854105448585
0.0366729146869636
0.021902922292260815
0.05640966247775584
0.038106855665509254
0.08303535351540159
0.012048026912459502
0.10807485010821524
0.06610670964713791
0.006676510941298959
0.09321705551071797
0.018383517523360732
0.015982425030175464
0.08393694700779715
0.028461567279397363
0.04420369044925314
0.024620852439320887
0.036100732049323375
0.1002405940695509
0.054953711648866546
0.15563932771173158
0.043605998975695726
0.04285714140134391
0.05869672907372517
0.008057123497923306
0.07950822093908456
0.010852863184772167
0.018257292746533715
4.6040119504664223E-4
0.003948561791249154
0.024600319265644557
0.03571866478006564
0.01659591173496183
0.04015683383744187
0.02904249795034215
0.09942847007346202
0.006019866329901454
0.07471707087753474
0.01597408837618939
0.05817201196704822
0.04975482877862252
0.0810168968018721
0.05238047119567184
0.06601353692572524
0.07277626654665764
0.04354152699054461
0.03046607705564592
0.05214105301088617
0.06547047287642127
0.04345548267799968
0.05829669635118674
0.061169798174663594
0.05889167498276217
0.03288739888355583
6.928642703929146E-4
0.09960327154547816
0.06018938962161898
0.020941210440547572
0.0052772111481232545
0.041925714586598155
0.029751011195288068
0.016537002865465045
0.16732457201062884
0.10137436056804883
0.01880401886141957
0.09386721538698045
0.055431373227953815
0.02114174464476086
0.014351341720473938
0.08348494578557061
0.10548375472655508
0.0019861415972045114
0.042872854763709785
0.0017633478644521095
0.011422985263346027
0.037567055466552264
0.04397225031724982
0.028188646458913613
0.03717055684092081
0.006452148782710011
0.023218607134357055
0.050548154987883516
0.016710652953248407
0.02370620551267403
0.008173043246501881
0.05164427510286187
0.022232632724343154
0.12474392245473129
0.007009230082532211
0.023328471110669467
0.009994581173770866
0.026799372098094784
0.007654896880046212
0.047062600987795356
0.042915201741513524
0.11123874604359289
0.10436685256361879
0.13784958934795719
0.07140663927891763
0.039829953259833906
0.03740114526420026
0.045079696949504804
0.008180457145724664
0.0014374322805093347
0.1631653794692327
0.023524511229528693
0.023086902123376527
0.022588238685517594
0.09977837525124772
0.1569418719335766
0.07180382485251158
0.10168764462562402
0.06620249236650315
0.009169978384597174
0.06325298496102036
0.03919870973627057
0.007759308261336164
0.10555723142311277
0.05806460961568543
0.03913651254766713
0.038991431849256325
0.043978603166341466
0.0017573266748776648
0.01788809523032564
0.0448252104538811
0.04967716986741284
0.03290567782557541
0.004233409402522097
0.04082902056510235
0.08915034811308667
0.05026375185409585
0.02236074850930239
0.037970258320618774
0.057050409359906205
0.037970258320618774
0.02236074850930239
0.05026375185409585
0.08915034811308667
0.04082902056510235
0.004233409402522097
0.03290567782557541
0.04967716986741284
0.0448252104538811
0.01788809523032564
0.0017573266748776648
0.043978603166341466
0.038991431849256325
0.03913651254766713
0.05806460961568543
0.10555723142311277
0.007759308261336164
0.03919870973627057
0.06325298496102036
0.009169978384597174
0.06620249236650315
0.10168764462562402
0.07180382485251158
0.1569418719335766
0.09977837525124772
0.022588238685517594
0.023086902123376527
0.023524511229528693
0.1631653794692327
0.0014374322805093347
0.008180457145724664
0.045079696949504804
0.03740114526420026
0.039829953259833906
0.07140663927891763
0.13784958934795719
0.10436685256361879
0.11123874604359289
0.042915201741513524
0.047062600987795356
0.007654896880046212
0.026799372098094784
0.009994581173770866
0.023328471110669467
0.007009230082532211
0.12474392245473129
0.022232632724343154
0.05164427510286187
0.008173043246501881
0.02370620551267403
0.016710652953248407
0.050548154987883516
0.023218607134357055
0.006452148782710011
0.03717055684092081
0.028188646458913613
0.04397225031724982
0.037567055466552264
0.011422985263346027
0.0017633478644521095
0.042872854763709785
0.0019861415972045114
0.10548375472655508
0.08348494578557061
0.014351341720473938
0.02114174464476086
0.055431373227953815
0.09386721538698045
0.01880401886141957
0.10137436056804883
0.16732457201062884
0.016537002865465045
0.029751011195288068
0.041925714586598155
0.0052772111481232545
0.020941210440547572
0.06018938962161898
0.09960327154547816
6.928642703929146E-4
0.03288739888355583
0.05889167498276217
0.061169798174663594
0.05829669635118674
0.04345548267799968
0.06547047287642127
0.05214105301088617
0.03046607705564592
0.04354152699054461
0.07277626654665764
0.06601353692572524
0.05238047119567184
0.0810168968018721
0.04975482877862252
0.05817201196704822
0.01597408837618939
0.07471707087753474
0.006019866329901454
0.09942847007346202
0.02904249795034215
0.04015683383744187
0.01659591173496183
0.03571866478006564
0.024600319265644557
0.003948561791249154
4.6040119504664223E-4
0.018257292746533715
0.010852863184772167
0.07950822093908456
0.008057123497923306
0.05869672907372517
0.04285714140134391
0.043605998975695726
0.15563932771173158
0.054953711648866546
0.1002405940695509
0.036100732049323375
0.024620852439320887
0.04420369044925314
0.028461567279397363
0.08393694700779715
0.015982425030175464
0.018383517523360732
0.09321705551071797
0.006676510941298959
0.06610670964713791
0.10807485010821524
0.012048026912459502
0.08303535351540159
0.038106855665509254
0.05640966247775584
0.021902922292260815
0.0366729146869636
0.048245854105448585
0.09534930165313528
0.03090629940948497
0.06659664591977883
0.006879692847319061
0.005808164492429179
0.07595416893707232
0.07309057769472847
0.04341365682566288
0.017364805919206652
0.04290978853410807
0.06347379866545638
0.01756952057063776
0.012581064917932882
0.04344750289380225
0.05222018838731811
0.022778984078770548
0.056595100046407804
0.10459865431141206
0.013795983309733546
0.0028214916455524394
0.10934661793982023
0.09589528514329052
0.024846424843666056
0.07780665920949771
0.10179488638275865
0.0622040155977863
0.03950980138877033
0.02507192430979477
0.04005265096223075
0.09802297161624117
0.04542413860671674
0.049009405661403244
0.06135665395961202
0.04647973212336861
3.2586378204379026E-4
0.009642490232768756
0.010576088205811561
0.03883410138463943
0.02774215735468126
0.0027469769024908728
0.03647988353858792
0.0970187133246713
6.393877577672649E-4
0.0037104555198860735
0.045038831463130126
0.06094644707331579
0.024708446475372552
0.053080104319385195
0.0622875485906119
0.06529561270367257
0.09311084239328792
8.40749765226034E-4
0.01314434633902704
0.06309415173981091
0.04206969012854758
0.05612497446563015
0.00923031578589487
0.10173726080312935
0.03570768169604252
0.016905180265774988
0.04413398678868592
0.03652573364800517
0.012041369285825302
0.010635572176445736
0.036994791663508206
0.01821945369087753
0.04937597297802597
0.01139809370776934
0.054768048021044145
0.16874119514751587
0.05121835720344445
0.0682077624142747
0.219743035922413
0.11524534391637083
0.01038937675361725
0.09393478617917347
0.1975427298580925
0.06688366065983645
0.08279359192363901
0.05279574917448978
0.06805408080244113
0.01745539324176426
0.1320909581370407
0.015487396517896549
0.1621147671626008
0.10791975145781446
0.13449109260477507
0.07773482042632975
0.0018168600991020664
0.10465580547532896
0.03806392850087127
0.02727369439871393
0.007238612246127019
0.12998596655325878
0.28557428292252857
0.0775198342036841
0.03713256231830878
0.15213442495974988
0.03829926387526473
0.19078961722574425
0.0533273412125891
0.0452186008218227
0.0764229593730694
0.10562770951125965
0.15035840778028145
0.17349121710881898
0.17008954610284305
0.138579023385485
0.005870916837035155
0.18185025354038448
0.07965688193455467
0.1904617705034076
0.08350086244975576
0.296021432256834
0.17590945379068068
0.027553876198593015
0.4979139592117762
0.024459623526035347
0.010768665243586118
0.20269523807700252
0.2933371220731771
0.1844044939129113
0.22709251518303156
0.13000130842587543
0.25665470285223396
0.18332903791960364
0.42911914501671594
0.3452335735914694
0.3003576549769534
0.011397984238758064
0.005219326487416617
0.04898094617788312
0.1255822614868672
0.06624585968871834
0.1407494244221712
0.4439119079446869
0.09870086478294822
0.20103281892945604
0.04889440531580088
0.14199784433040466
0.5249450042397806
0.734926136875558
0.023581202765165114
0.17072699223157392
0.3059563841864581
0.46747966347302494
0.28229299053648793
0.46271843901285226
0.43621647540530467
0.4464405491875514
0.22970571313181531
0.07072002144839977
0.29854200380044016
1.0
0.40517939618274973
0.24933150462684342
0.4184332775223413
0.7380337696626806
0.2817627339332274
0.1618135567728378
0.9248433972890474
0.9600150671267031
0.49283299769875316
0.4605173855068584
0.14583573406398492
0.09797140511831787
0.8175621848663922
0.4116512331812815
0.33552310876610963
0.7915873118892272
0.09309922035693748
0.12446439995116858
0.20789312454124387
0.4661347869288814
0.5562414912590855
0.13332025047026197
0.23278477307715825
0.44816693726943996
0.2815324768285173
0.020467546056560926
0.31544926972074966
0.11128995373830515
0.08139714201207526
0.4468770713739641
0.13670061955046967
0.18458282075221702
0.13952458045418428
0.06992122658178597
0.5584484826859778
0.0277158942255235
0.2136016248142108
0.07934544841004092
0.11744272332459829
0.09586294984573157
0.06332534558085862
0.02616633777685294
0.2075943896408853
0.038152690121617566
0.05416524070241347
0.00986065035444973
0.11802497428694615
0.09246748197742731
0.26997138375073565
0.2136110794362811
0.03852280467194847
0.042230686303575696
0.2564960866669639
0.04620281642866966
0.0637415393957078
0.130018858587529
0.1333608064163649
0.055306083744228594
0.13925662670103958
0.0053364055066386345
0.08265026499400333
0.08965288568509362
0.19327418339263575
0.04557681668915144
0.09334103926694284
0.03731786167720971
0.03042222452479367
0.047948700460585365
0.029932335103092525
0.026643469391549636
0.03500352266341267
0.03308367731642736
0.007371243751950151
0.06330893029107959
0.050096608973823606
0.0023757107344193357
0.03393426643569017
0.07149179759765106
0.010375821257013538
0.0137070966895859
0.02809140608853697
0.03081189563050392
0.03872938429966623
0.05034265787858578
0.04172596206959242
0.033954208365231
0.06949635385486096
0.040308003546381255
0.015303249673256426
0.026163207540096378
0.017352254661288594
0.02332814892978146
0.03903679323144799
0.07835625205205608
0.10327775071519064
0.004894836580005777
0.12136850239851076
0.02215578338168151
0.15789186208561404
0.0157626972089023
0.038374956930927434
0.03733048005159765
0.02999839918519593
0.10446581248593566
0.001242505149584657
0.023193970421180213
0.03635401111964427
0.03352451981608796
0.03985942350033562
0.03502836325350294
0.04495668378618652
0.03995884214817094
0.08710683309333495
0.0860703991541737
0.13029447211964817
0.02357339276295906
0.05298934335155326
0.09936081503631469
0.010055353387111231
0.11150766005159587
0.039144344029820054
0.001901582438051314
0.10073077264484664
0.00852018640260727
0.005887873605860655
0.051612713545748715
0.026930904851540677
0.040864149787540605
0.02050328967982078
0.011317383543537604
0.05657459727684827
0.046354315729773166
0.09091382967066053
0.060672377149741816
0.027309923045292325
0.03293115073250492
0.048381373466584394
0.07158327727417044
0.0610548355217184
0.07227218528688811
0.022906456002032626
0.030581248188497608
0.15244987112832503
0.10889480613682367
0.005813679644361408
0.06329615416158146
0.11114313370835316
0.12727117971474886
0.024923246168210827
0.016620922005478173
0.03173335762483291
0.1425101988228555
0.1210496381840411
0.022704002348627392
0.04247672281264778
0.07457561834506352
0.010145616308585794
0.023968841426285227
0.10885861757323374
0.07048319697400325
0.05776797129724835
0.02097676485447115
0.024394325183669206
0.07137062364357927
0.03525674421528865
0.10283071333599365
0.023109572814759425
0.04828676302639494
0.019171954302470585
0.007855697076549166
0.061070910947241465
0.2136804273058895
0.03803953122840854
0.005332946073222339
