-0.08772909047104037
0.05612705427641173
0.07148253595165295
0.006174792259550433
0.02212527286046855
0.09273947568663532
0.11452434829018807
0.06561179501444399
0.09191524162267647
0.0653769737925233
0.07189659404818256
0.04170929865801103
0.04842550901330053
0.03772734548664763
0.1678593677821499
0.057413989246334965
0.04470977696767544
0.024589887159057248
0.025557500694300926
0.03873722052862635
0.016134149815190953
0.04021842316242171
0.04373411153755576
0.10749176612211267
0.01639937409261348
0.006643898754478353
0.024058904170775768
0.01553988367115966
0.060251510185391315
0.00629208560241576
0.05776840433194528
0.0022663340172929393
0.08282902041790659
0.03184679935284829
0.016140447296434088
0.04698750158374981
0.07344577868154538
0.010622756030412303
0.002917157736660801
0.054086345623989326
0.07263785591755115
0.02367804230938197
0.02460412776938044
0.06019705922318767
0.0366636703672131
0.002642367152636181
0.03811938192287513
0.04223249519100964
0.009059448228772974
0.002753135879622384
0.010287685338395669
0.043444409267857365
0.02614294245487763
0.02650096288752513
0.004587335076470277
0.012836638707123578
0.003591431065247095
0.0751046197260476
0.03961470647109843
0.04983390099292986
0.013041295163141014
0.05642942797347009
0.0710248763487711
1.1167155049104477E-4
0.05287560150693159
0.0396482899278288
0.09121544963811977
0.039145622944954314
0.05327871563518574
0.00209131835265002
0.018556572623270595
0.05402407085601991
0.016413253074803763
0.009527246115751217
0.02695005770011151
0.012354146344591024
0.13504261581136687
0.0348206761497696
0.03600639941561731
0.00847098233016729
0.004965148233152581
0.10656597008908114
0.025160488630845888
0.10292127439573774
0.03135187076583536
0.026994199448298856
0.12197304705262509
0.03651454506087809
0.00652526494662131
0.0243021038308478
0.033144089159407995
0.060080068883918314
0.017748747723855398
0.059068455973285
0.005920166503660279
0.05399976776515245
0.060755925759700284
0.003029059586629472
0.04898075233865734
0.0965757801700815
0.034702057428028836
0.004229858415446604
0.03803716730327058
0.020018167650673747
0.07582975622902258
0.15683975600516742
0.05779543829327241
0.013481081471487601
0.13917794551190413
0.11830317687266463
0.20711001069745769
0.28099666097305454
0.2617838059148107
0.1388197346626051
0.08919243753780898
0.22681457966151397
0.0908276635267295
0.029832517624275835
0.01809315785773558
0.12475224892879724
0.25927896833146513
0.18779784506618488
0.018754879345368902
0.11994286545696642
0.02191213211047562
0.6162922205500085
0.2390414387714608
0.2090662734495315
0.07626879342902253
0.012262361744432227
0.06325418860285749
0.20594278546735656
0.5038143629262094
0.18185905882906064
0.09155865516485898
0.05994615771033539
0.5630677291333331
0.3284604850475314
0.11867835641164352
0.13699242671331124
0.4335086166564099
0.5077993790275513
0.15410422412672053
0.18304272126119478
0.03834081536789317
0.23670595235641795
0.1585235475691838
0.47057039645405263
0.7571029573746871
0.6995256871441595
0.3527089060800103
0.21877918858017725
0.21615862293226928
0.1527074863042198
0.1355813216370624
0.3084751421293311
0.045564759421818105
0.05413866172176572
0.37422303082245006
0.1618748943255809
0.3104802073911478
0.42309923245061487
0.28308989880466484
0.26386657163164196
0.31684189749699987
0.07129268028055188
0.10165200924243915
1.0
0.27827289548204603
0.3184965949002601
0.12953430241564565
0.38944308938297284
0.0024801669774662262
0.03317223832232478
0.04229732496990781
0.039801763098058815
0.23560949760524705
0.24919617004555775
0.2997097565016209
0.55831337610196
0.2237515981302589
0.14233033828545
0.45772803663724737
0.09943435860724827
0.08575672846898168
0.4437648619117648
0.14898482995970513
0.15524034376537166
0.5735427533974791
0.1321318818654735
0.21098175013628861
0.04947791063477071
0.0534002360808405
0.0314624976406316
0.016347781055420674
0.022974374709548082
0.015511487017718715
0.028297182376395235
0.21668142483707056
0.16726273317673815
0.2346650633367082
0.28084761958911625
0.3065677122834265
0.017025681896574718
0.2644627343573571
0.07893780726004979
0.1414085797086233
0.21295543148909424
0.019243049846194557
0.19954398383191566
0.09056159105191681
0.018446105461340637
0.36413708936848455
0.31442797968734343
0.2394399729728207
0.3362267869508539
0.13235674997263575
0.1050459725897281
0.11419972738073135
0.20430734616778634
0.25960180008289696
0.1005616754020977
0.09702055610316833
0.042453150525761936
0.03661646634437758
0.034411396611624616
0.22886799124544946
0.10074860639954732
0.0499818085611933
0.03786247464801574
0.15541699333580167
0.19938429652509176
0.07038388608095152
0.0421816215541087
0.05619562217075686
0.05320633969567508
0.15223082409967123
0.13072546798664064
0.01637804090331743
0.09686327828549599
0.13277723943773176
0.07925604017722297
0.022969966544397456
0.02665218542285184
0.06734826369499908
0.09242102192327219
0.10011005307615468
0.008144899910543294
0.07113272631713657
0.02686292466136811
0.08626627443188584
0.11334047197151133
0.0035029727959687367
0.043276276294426874
0.06273106473781381
0.17135930747120068
0.11424973653737373
0.05911802841905639
0.1380821799844105
0.07414223186475806
0.022358453183813777
0.02759067788544238
0.07397383907533192
0.07224573380163321
0.040432384952334526
0.009416365713102746
0.015110762305457656
0.07441622520835252
0.06474121955945161
0.013976050991491878
0.013409254346435055
0.002997966608972702
0.09416532445121435
0.06254377395757257
0.06476196205651663
0.0951992273732161
0.07736279858036064
0.0494972426531391
0.09548069132848198
0.08359190025434547
0.08767346753755173
0.022696546071122193
0.04430744431085458
0.05613413124047237
0.022550507275189983
0.12108451502827941
0.0077405181770196195
0.041623239013883845
0.010061531202303112
0.014402583081428109
0.021357253209806353
0.020440221431278684
0.00726279947564207
0.06485597891049091
0.0463566658214271
0.002791733981060412
0.003989546877030373
0.055591188051260655
0.024769697473314433
0.06714206075569376
0.03243965114463765
0.0013273993263865729
0.02397713500101256
0.021768845112593495
0.08483144507999331
0.03646131657706091
0.02850341374487585
0.001787990507034313
0.0797537186100367
0.047176230318342394
0.01487949201008158
0.04135520498379737
0.007005090188221135
0.036291761647465684
0.02868110212836962
0.05058852431286902
0.009065102843051733
0.019345826081024593
0.035342615206198795
0.03574282773186649
0.07214538580587337
0.007595184110243831
0.03704951263521778
0.059780158626458454
0.04052700739759335
0.07982320274985091
0.02624433541966329
0.023495721442125406
0.09139744061576628
0.009129951104629164
0.05767531438041955
0.05453691725171497
0.07687114784015729
0.016526788884467066
0.010007979127906788
0.04060994466427999
0.026948319169558598
0.12038220260107266
0.0731080203347032
0.06279895891581946
0.010275057647996322
0.0869156159142884
0.02646630433955926
0.015910307900770495
0.0069816045817630455
0.010486097283054316
0.04710315861768764
0.033768960498721384
0.04276160242175218
0.01176090360747042
0.028683962625762633
0.004468531309753826
0.020546486132670076
0.06798857403809336
0.005477542353990546
0.004761980412965063
0.01863619995339815
0.002267327973487077
0.039748495794396786
0.015598886094087938
0.06534489378622166
0.013039099871588689
0.012584050407449933
0.0019406511865696092
0.06922019576209801
0.04476252181066621
0.0026711881854017882
0.055542691500221474
0.00659667570068382
0.04187022573206808
0.04202272426860562
0.01821175288423616
0.056372414120004516
0.045195534322884826
0.10123748130014662
0.015354369497880327
0.030885154223168926
0.06172031011486678
0.03899821919645685
0.07489393432996733
0.0900641798665899
0.0029816631378678372
0.010882584294819638
0.05166126768479718
0.008685762652978971
0.021006926877256086
0.08080139341657211
0.03066976086937934
0.021451083300288748
0.00809014406177639
0.08264589242443288
0.06676367817680275
0.026445779282449944
0.11913591585126387
0.034567460740734426
0.06392899962598597
0.051029507060862116
0.032012343119272965
0.03518129695133794
0.06262063081041795
0.009159688437632155
0.02449120865462405
0.02227046149781728
7.45840742791417E-4
0.02788473729119437
0.005812492665235156
0.015142129096018045
0.023505082780366095
0.0597554745525985
0.006366898174034351
0.010659031247376974
0.1442409228107882
0.03652616008239373
0.013583014606267919
0.011600119820926916
0.06713212945082012
0.12102111174583628
0.038260854083361086
0.010361224243907289
0.06276909741069026
0.015986202869233357
0.0010847386087394562
0.02318851286816639
0.0016810326489129141
0.05139346558060045
0.055378378054601725
0.031586526492466814
0.002059858240372234
0.09492813133123522
0.04016942311813794
0.10661480163561397
0.006516764511014325
0.01209990868286987
0.024428145364420503
0.010654438622091558
0.04815540288535609
0.07528319503574529
0.06698333721834919
0.0388234868643551
4.56480693237901E-4
0.007097066740002238
0.07201910228128584
0.03494375616013965
0.0330508535455991
0.02752393144979013
0.06779173468177331
0.0705502698669319
0.0854375002238584
0.014832610993144825
0.011768486178905116
0.014684167222369447
0.024565405770964745
0.02786380308079298
0.09480693766991048
0.05566073244161835
0.03810760303556529
0.00737915593982803
0.0028571883202656873
0.021778554382126135
0.05195514616607436
0.024482263527101773
0.011507879677118011
0.08772909047104037
0.011507879677118011
0.024482263527101773
0.05195514616607436
0.021778554382126135
0.0028571883202656873
0.00737915593982803
0.03810760303556529
0.05566073244161835
0.09480693766991048
0.02786380308079298
0.024565405770964745
0.014684167222369447
0.011768486178905116
0.014832610993144825
0.0854375002238584
0.0705502698669319
0.06779173468177331
0.02752393144979013
0.0330508535455991
0.03494375616013965
0.07201910228128584
0.007097066740002238
4.56480693237901E-4
0.0388234868643551
0.06698333721834919
0.07528319503574529
0.04815540288535609
0.010654438622091558
0.024428145364420503
0.01209990868286987
0.006516764511014325
0.10661480163561397
0.04016942311813794
0.09492813133123522
0.002059858240372234
0.031586526492466814
0.055378378054601725
0.05139346558060045
0.0016810326489129141
0.02318851286816639
0.0010847386087394562
0.015986202869233357
0.06276909741069026
0.010361224243907289
0.038260854083361086
0.12102111174583628
0.06713212945082012
0.011600119820926916
0.013583014606267919
0.03652616008239373
0.1442409228107882
0.010659031247376974
0.006366898174034351
0.0597554745525985
0.023505082780366095
0.015142129096018045
0.005812492665235156
0.02788473729119437
7.45840742791417E-4
0.02227046149781728
0.02449120865462405
0.009159688437632155
0.06262063081041795
0.03518129695133794
0.032012343119272965
0.051029507060862116
0.06392899962598597
0.034567460740734426
0.11913591585126387
0.026445779282449944
0.06676367817680275
0.08264589242443288
0.00809014406177639
0.021451083300288748
0.03066976086937934
0.08080139341657211
0.021006926877256086
0.008685762652978971
0.05166126768479718
0.010882584294819638
0.0029816631378678372
0.0900641798665899
0.07489393432996733
0.03899821919645685
0.06172031011486678
0.030885154223168926
0.015354369497880327
0.10123748130014662
0.045195534322884826
0.056372414120004516
0.01821175288423616
0.04202272426860562
0.04187022573206808
0.00659667570068382
0.055542691500221474
0.0026711881854017882
0.04476252181066621
0.06922019576209801
0.0019406511865696092
0.012584050407449933
0.013039099871588689
0.06534489378622166
0.015598886094087938
0.039748495794396786
0.002267327973487077
0.01863619995339815
0.004761980412965063
0.005477542353990546
0.06798857403809336
0.020546486132670076
0.004468531309753826
0.028683962625762633
0.01176090360747042
0.04276160242175218
0.033768960498721384
0.04710315861768764
0.010486097283054316
0.0069816045817630455
0.015910307900770495
0.02646630433955926
0.0869156159142884
0.010275057647996322
0.06279895891581946
0.0731080203347032
0.12038220260107266
0.026948319169558598
0.04060994466427999
0.010007979127906788
0.016526788884467066
0.07687114784015729
0.05453691725171497
0.05767531438041955
0.009129951104629164
0.09139744061576628
0.023495721442125406
0.02624433541966329
0.07982320274985091
0.04052700739759335
0.059780158626458454
0.03704951263521778
0.007595184110243831
0.07214538580587337
0.03574282773186649
0.035342615206198795
0.019345826081024593
0.009065102843051733
0.05058852431286902
0.02868110212836962
0.036291761647465684
0.007005090188221135
0.04135520498379737
0.01487949201008158
0.047176230318342394
0.0797537186100367
0.001787990507034313
0.02850341374487585
0.03646131657706091
0.08483144507999331
0.021768845112593495
0.02397713500101256
0.0013273993263865729
0.03243965114463765
0.06714206075569376
0.024769697473314433
0.055591188051260655
0.003989546877030373
0.002791733981060412
0.0463566658214271
0.06485597891049091
0.00726279947564207
0.020440221431278684
0.021357253209806353
0.014402583081428109
0.010061531202303112
0.041623239013883845
0.0077405181770196195
0.12108451502827941
0.022550507275189983
0.05613413124047237
0.04430744431085458
0.022696546071122193
0.08767346753755173
0.08359190025434547
0.09548069132848198
0.0494972426531391
0.07736279858036064
0.0951992273732161
0.06476196205651663
0.06254377395757257
0.09416532445121435
0.002997966608972702
0.013409254346435055
0.013976050991491878
0.06474121955945161
0.07441622520835252
0.015110762305457656
0.009416365713102746
0.040432384952334526
0.07224573380163321
0.07397383907533192
0.02759067788544238
0.022358453183813777
0.07414223186475806
0.1380821799844105
0.05911802841905639
0.11424973653737373
0.17135930747120068
0.06273106473781381
0.043276276294426874
0.0035029727959687367
0.11334047197151133
0.08626627443188584
0.02686292466136811
0.07113272631713657
0.008144899910543294
0.10011005307615468
0.09242102192327219
0.06734826369499908
0.02665218542285184
0.022969966544397456
0.07925604017722297
0.13277723943773176
0.09686327828549599
0.01637804090331743
0.13072546798664064
0.15223082409967123
0.05320633969567508
0.05619562217075686
0.0421816215541087
0.07038388608095152
0.19938429652509176
0.15541699333580167
0.03786247464801574
0.0499818085611933
0.10074860639954732
0.22886799124544946
0.034411396611624616
0.03661646634437758
0.042453150525761936
0.09702055610316833
0.1005616754020977
0.25960180008289696
0.20430734616778634
0.11419972738073135
0.1050459725897281
0.13235674997263575
0.3362267869508539
0.2394399729728207
0.31442797968734343
0.36413708936848455
0.018446105461340637
0.09056159105191681
0.19954398383191566
0.019243049846194557
0.21295543148909424
0.1414085797086233
0.07893780726004979
0.2644627343573571
0.017025681896574718
0.3065677122834265
0.28084761958911625
0.2346650633367082
0.16726273317673815
0.21668142483707056
0.028297182376395235
0.015511487017718715
0.022974374709548082
0.016347781055420674
0.0314624976406316
0.0534002360808405
0.04947791063477071
0.21098175013628861
0.1321318818654735
0.5735427533974791
0.15524034376537166
0.14898482995970513
0.4437648619117648
0.08575672846898168
0.09943435860724827
0.45772803663724737
0.14233033828545
0.2237515981302589
0.55831337610196
0.2997097565016209
0.24919617004555775
0.23560949760524705
0.039801763098058815
0.04229732496990781
0.03317223832232478
0.0024801669774662262
0.38944308938297284
0.12953430241564565
0.3184965949002601
0.27827289548204603
1.0
0.10165200924243915
0.07129268028055188
0.31684189749699987
0.26386657163164196
0.28308989880466484
0.42309923245061487
0.3104802073911478
0.1618748943255809
0.37422303082245006
0.05413866172176572
0.045564759421818105
0.3084751421293311
0.1355813216370624
0.1527074863042198
0.21615862293226928
0.21877918858017725
0.3527089060800103
0.6995256871441595
0.7571029573746871
0.47057039645405263
0.1585235475691838
0.23670595235641795
0.03834081536789317
0.18304272126119478
0.15410422412672053
0.5077993790275513
0.4335086166564099
0.13699242671331124
0.11867835641164352
0.3284604850475314
0.5630677291333331
0.05994615771033539
0.09155865516485898
0.18185905882906064
0.5038143629262094
0.20594278546735656
0.06325418860285749
0.012262361744432227
0.07626879342902253
0.2090662734495315
0.2390414387714608
0.6162922205500085
0.02191213211047562
0.11994286545696642
0.018754879345368902
0.18779784506618488
0.25927896833146513
0.12475224892879724
0.01809315785773558
0.029832517624275835
0.0908276635267295
0.22681457966151397
0.08919243753780898
0.1388197346626051
0.2617838059148107
0.28099666097305454
0.20711001069745769
0.11830317687266463
0.13917794551190413
0.013481081471487601
0.05779543829327241
0.15683975600516742
0.07582975622902258
0.020018167650673747
0.03803716730327058
0.004229858415446604
0.034702057428028836
0.0965757801700815
0.04898075233865734
0.003029059586629472
0.060755925759700284
0.05399976776515245
0.005920166503660279
0.059068455973285
0.017748747723855398
0.060080068883918314
0.033144089159407995
0.0243021038308478
0.00652526494662131
0.03651454506087809
0.12197304705262509
0.026994199448298856
0.03135187076583536
0.10292127439573774
0.025160488630845888
0.10656597008908114
0.004965148233152581
0.00847098233016729
0.03600639941561731
0.0348206761497696
0.13504261581136687
0.012354146344591024
0.02695005770011151
0.009527246115751217
0.016413253074803763
0.05402407085601991
0.018556572623270595
0.00209131835265002
0.05327871563518574
0.039145622944954314
0.09121544963811977
0.0396482899278288
0.05287560150693159
1.1167155049104477E-4
0.0710248763487711
0.05642942797347009
0.013041295163141014
0.04983390099292986
0.03961470647109843
0.0751046197260476
0.003591431065247095
0.012836638707123578
0.004587335076470277
0.02650096288752513
0.02614294245487763
0.043444409267857365
0.010287685338395669
0.002753135879622384
0.009059448228772974
0.04223249519100964
0.03811938192287513
0.002642367152636181
0.0366636703672131
0.06019705922318767
0.02460412776938044
0.02367804230938197
0.07263785591755115
0.054086345623989326
0.002917157736660801
0.010622756030412303
0.07344577868154538
0.04698750158374981
0.016140447296434088
0.03184679935284829
0.08282902041790659
0.0022663340172929393
0.05776840433194528
0.00629208560241576
0.060251510185391315
0.01553988367115966
0.024058904170775768
0.006643898754478353
0.01639937409261348
0.10749176612211267
0.04373411153755576
0.04021842316242171
0.016134149815190953
0.03873722052862635
0.025557500694300926
0.024589887159057248
0.04470977696767544
0.057413989246334965
0.1678593677821499
0.03772734548664763
0.04842550901330053
0.04170929865801103
0.07189659404818256
0.0653769737925233
0.09191524162267647
0.06561179501444399
0.11452434829018807
0.09273947568663532
0.02212527286046855
0.006174792259550433
0.07148253595165295
0.05612705427641173
