0.32638265804592814
0.08992842668695636
0.09089690106187595
0.00855569991992085
0.26208653925694436
0.14053859276120464
0.07923425708895114
0.0650115451240345
0.3480318666108534
7.349862868234274E-4
0.1920806379089316
0.15468749254454706
0.06396470505338012
0.05980695347618662
0.29652152308797897
0.14358357187406962
0.1659610699456313
0.021793316562945645
0.06799528584269204
0.15075246792746855
0.13559906983328776
0.08951154557186823
0.03830074891107642
0.03785789125442471
0.10656109169132338
0.042212364092705276
0.048534938437073974
0.006220771486968488
0.05683454902915118
0.045895115525635875
0.011640431358765763
0.07752449574512853
0.06472940116907912
0.1492936152940364
0.05622618757784408
0.1476900743670951
0.031483060263777646
0.023726567740153536
0.09796093857047947
0.0624948609049228
0.08515141778073254
0.07810080902050104
0.07790350221475786
0.08388941031257391
0.036503848948863146
0.04980372225027483
0.06322263535225665
0.04772496681793835
0.029515136771051016
0.05104171535804091
0.050935642526712066
0.06620177002605317
0.10898713428642093
0.16421695346098691
0.04564486174648964
0.11688973766309071
0.04998231856845179
0.033301975337819575
0.09876846087924492
0.1669963424170192
0.036231515359675705
0.025953706226342608
0.025320555190108982
0.058690741324473085
0.04837146100792155
0.04917897513043185
0.050445112787115574
0.005593636368469024
0.1379843408437473
0.07464544875465982
0.1100629383001358
0.1352955551419899
0.06524475384111374
0.12036280939286048
0.07067479888815559
0.06322625930305174
0.011290694140468977
0.12206803537080928
0.06839343441535319
0.04640407354743291
0.026640643246363414
0.11574204379103134
0.0017241017520095816
0.026655443624592812
0.010556866241127243
0.07767620170683638
0.04137217511036771
0.10128673340538978
0.03447856368918701
0.03290809915105458
0.1467687177156219
0.07780261599654861
0.06028960287638694
0.11113465310574447
0.030402871651091765
0.1007529931465474
0.3405363424763959
0.22080653052428087
0.23811905525327204
0.36882957606865485
0.12463006011648162
0.11303970534023375
0.0035964187545717407
0.08402214446737719
0.05935725909866733
0.09332190229444888
0.1674053570826795
0.1863401435253408
0.11540018236268258
0.14662709958661654
0.02903074827735349
0.34737403323600635
0.3475653347895651
0.18791602680439587
0.13891529470149352
0.2662635602281653
0.08368006331241808
0.093685070318894
0.2704447181401374
0.12547021672832598
0.024897634251576428
0.3207102384227535
0.07499200737630811
0.048906701695118425
0.610930192805357
0.3774881197504282
0.31563213879602825
0.3664841267108652
0.8429460173923251
0.6657031495402905
0.11197388210491103
0.03640619457433763
0.10371010593597127
0.038994297471717274
0.3503243747160013
0.38390318905659643
0.2619087517827298
0.39562762618921754
0.14950734955601974
0.10092051784146
0.24388825213968093
0.1748208479624344
0.041005994041142295
0.04872297267732276
0.2611359336004055
0.15664122996622457
0.08486967816149751
0.04207771708714432
0.3354359069719535
0.5614419049450845
0.037282524504024674
0.6871155938013427
0.27743919252758326
0.3739861522874807
0.8099125218176736
0.11850631432033631
0.045433980245001455
0.0508910120815129
0.2001798270753425
0.1589302122515823
0.7440948088838443
0.5845759632365093
0.2719534564523218
0.3590986441137319
0.10507273033329016
0.46176009772393206
0.09397521778210269
0.1283793182445238
0.20772496259199147
0.04903622319078971
0.8629251782117332
0.6207668366554819
0.20099362702833357
0.6599749215841403
0.10304017396826173
0.08357533297383038
0.6525465562804339
0.19755108496978552
0.644863063406668
1.0
0.048839718668668985
0.355192737288364
0.07721407372078128
0.016811515817426445
0.25781713261167444
0.2721534999175739
0.2001597314648088
0.7133085662554709
0.18832062522909304
0.39592850200302077
0.07471542408766543
0.06751252582035551
0.6448866225069105
0.01174271770899621
0.06659776991856008
0.20878088941648992
0.1861815776546426
0.025107911018272627
0.23655280838327644
0.2578195160569747
0.45883475248830236
0.1303518391119914
0.35748560254661343
0.08796778722667191
0.301672913118363
0.021183142068747184
0.25118605753497597
0.39090364760785173
0.010593623750877967
0.03469785779189021
0.07690817890383278
0.2604697732802554
0.3274873285295108
0.04622987933967055
0.14255949778282512
0.08517313141032153
0.21465758292763237
0.1748580065163061
0.15233951123025458
0.02343933674071336
0.02098732474135323
0.045196565292390696
0.14874484729844778
0.21652013930540123
0.0255876184634245
0.05966229924521496
0.024585095881690503
0.07432252124807778
0.32596987862854093
0.0623336393299476
0.22779990178826673
0.03626473978288091
0.03311069169571838
0.1484782638225031
0.12831551039249844
0.126090861690161
0.1105108741215489
0.15905048883072542
0.1146628674520843
0.01375133187377496
0.33768835145203235
0.06351067855792866
0.034538712849238616
0.09330665901722868
0.05490255995448637
0.061359175050576774
0.03361472008122933
0.00987848594148436
0.02973005830017563
0.12243667997343351
0.09243160116521781
0.04590380592596092
0.09496761784878203
0.04151473474470572
0.21773691602848674
0.04668233119901801
0.05139520569378621
0.16741554239949563
0.05895887028282
0.07984074065117715
0.008391715422180548
0.029978293299497596
0.06302697304732247
0.015769833106158662
0.058652795363278255
0.1357501931008445
0.026922338507356963
0.06396490665971377
0.01202980540206452
0.07835552297081867
0.038199410740375285
0.04259611429086143
0.03221417081668961
0.005607357560159735
0.08149288617703244
0.031150897529817024
0.06566939391122169
0.10935088866588495
0.025352021827729894
0.005883607828545495
0.18813510392271215
0.07205802186659675
0.015758798809394552
0.10004507352319393
0.013977142750959771
0.08017947207211476
0.08821019417795042
0.05805674146382107
0.023015342824384076
0.01974165444033284
0.00613215819144687
0.03557899765140458
0.07542451653709718
0.03231647946558131
0.09921956761102498
0.08985847671885712
0.061261948831653014
0.0827965947253686
0.08739856400014616
0.06302437970720433
0.11976415491537806
0.004590858766538484
0.05337749626812929
0.009394666016546609
0.09330367513239136
0.022760103169501233
0.09225725147961952
0.005910814539283804
0.0
0.04702553171151929
0.07246552217387531
0.026987874629019058
0.00132415578601217
0.11227273220320408
0.07633048961776492
0.007875632588087022
0.024096874041075033
0.023970679324416242
0.1028428157910819
0.010781364204714474
0.023145544437803766
0.029605135136188
0.02498363346723197
0.004229074526066044
0.025417110027916207
0.06639505070908974
0.047679269293200925
0.037070239293733265
0.061518804934806666
0.039910156900330854
0.12380659214742769
0.05215985571245656
0.07270908916719714
0.10153571638997304
0.017888450748554233
0.0167002546647775
0.050143659599324056
0.01895371065043811
0.057181842964905694
0.1292460493357498
0.03011548150313552
0.1444197848267987
0.013729261198358994
0.0321719849877952
0.16454897141687944
0.07250793007930104
0.027962143708869566
0.08684647547080285
0.1569948200921621
0.006856859782548767
0.02657909091665788
0.17267609724715235
0.05785397721569488
0.022054642837372976
0.03999605804282323
0.005237059087849298
0.09633922791289086
0.042010161639542666
0.1089093146081869
0.04306494993721022
0.15280402815709743
0.08300267198099663
0.006602559351633023
0.008015347626127914
0.03435982355074958
0.027986116383309532
0.04146008476632274
0.12433606473791539
0.06949208349265584
0.02776604301981052
0.020664583408278633
0.10554657930927681
0.03546818443952987
0.13920690262078309
0.022212097835467372
0.03781793645294124
0.017928610406787664
0.12497712564151253
0.0038729324739397637
0.1519046458584593
0.10994165151324686
0.047141823241001364
0.09653191276009665
0.02659322841469608
0.014469009031447017
0.05925566354359525
0.12505867281386823
0.04226200825326244
0.1314362346582597
0.10875342674437966
0.01925988843225426
0.02883313875892816
0.019475705926390297
0.029937627557951308
0.08078236361890488
0.01801728832153812
0.0975344004780641
0.0016043261025353822
0.023333839544478655
0.050338824231133845
0.012680350721578216
0.07218200191010625
0.11938215262345778
0.03291638595884249
0.07090564775435403
0.01426812970752535
0.004683396657853304
0.13147701339369053
0.04668035826950435
0.04331237958122002
0.01610576272294633
0.010483427938058018
0.029142290444795205
0.018400699636004256
0.13771710887108263
0.04413372768184578
0.10357514764929487
0.02666340276197007
0.06356915603917722
0.09771743038077418
0.00627124601159642
0.04455627170670861
0.07143341859404494
0.08870194345309489
0.01982772776115359
0.14897199504440192
0.05040739876305076
0.12115930596769317
0.006992922231293497
0.014799219191213507
0.001297868616327694
0.007946516378898634
0.11077257831949353
0.02718460719299786
0.01862389820668307
0.019425356988223688
0.04989678054765321
0.04932458387774716
0.09390049783031014
0.06125472863153736
0.14757070329676192
0.05344933349990573
0.006187749819708006
0.0020691265522864424
0.016530371760217568
0.03372584340587029
0.061064600226172494
0.009979228838927516
0.13485277756993186
0.05594178256245224
0.041310425986301795
0.09717572650352298
0.05838367323228057
0.05119854508905722
0.04074892983071123
0.013368083059717479
0.026088932048165033
0.009837416366005493
0.1108924390243602
0.08208411170122497
0.005980496373020977
0.059477480228441994
0.15714720572581725
0.059477480228441994
0.005980496373020977
0.08208411170122497
0.1108924390243602
0.009837416366005493
0.026088932048165033
0.013368083059717479
0.04074892983071123
0.05119854508905722
0.05838367323228057
0.09717572650352298
0.041310425986301795
0.05594178256245224
0.13485277756993186
0.009979228838927516
0.061064600226172494
0.03372584340587029
0.016530371760217568
0.0020691265522864424
0.006187749819708006
0.05344933349990573
0.14757070329676192
0.06125472863153736
0.09390049783031014
0.04932458387774716
0.04989678054765321
0.019425356988223688
0.01862389820668307
0.02718460719299786
0.11077257831949353
0.007946516378898634
0.001297868616327694
0.014799219191213507
0.006992922231293497
0.12115930596769317
0.05040739876305076
0.14897199504440192
0.01982772776115359
0.08870194345309489
0.07143341859404494
0.04455627170670861
0.00627124601159642
0.09771743038077418
0.06356915603917722
0.02666340276197007
0.10357514764929487
0.04413372768184578
0.13771710887108263
0.018400699636004256
0.029142290444795205
0.010483427938058018
0.01610576272294633
0.04331237958122002
0.04668035826950435
0.13147701339369053
0.004683396657853304
0.01426812970752535
0.07090564775435403
0.03291638595884249
0.11938215262345778
0.07218200191010625
0.012680350721578216
0.050338824231133845
0.023333839544478655
0.0016043261025353822
0.0975344004780641
0.01801728832153812
0.08078236361890488
0.029937627557951308
0.019475705926390297
0.02883313875892816
0.01925988843225426
0.10875342674437966
0.1314362346582597
0.04226200825326244
0.12505867281386823
0.05925566354359525
0.014469009031447017
0.02659322841469608
0.09653191276009665
0.047141823241001364
0.10994165151324686
0.1519046458584593
0.0038729324739397637
0.12497712564151253
0.017928610406787664
0.03781793645294124
0.022212097835467372
0.13920690262078309
0.03546818443952987
0.10554657930927681
0.020664583408278633
0.02776604301981052
0.06949208349265584
0.12433606473791539
0.04146008476632274
0.027986116383309532
0.03435982355074958
0.008015347626127914
0.006602559351633023
0.08300267198099663
0.15280402815709743
0.04306494993721022
0.1089093146081869
0.042010161639542666
0.09633922791289086
0.005237059087849298
0.03999605804282323
0.022054642837372976
0.05785397721569488
0.17267609724715235
0.02657909091665788
0.006856859782548767
0.1569948200921621
0.08684647547080285
0.027962143708869566
0.07250793007930104
0.16454897141687944
0.0321719849877952
0.013729261198358994
0.1444197848267987
0.03011548150313552
0.1292460493357498
0.057181842964905694
0.01895371065043811
0.050143659599324056
0.0167002546647775
0.017888450748554233
0.10153571638997304
0.07270908916719714
0.05215985571245656
0.12380659214742769
0.039910156900330854
0.061518804934806666
0.037070239293733265
0.047679269293200925
0.06639505070908974
0.025417110027916207
0.004229074526066044
0.02498363346723197
0.029605135136188
0.023145544437803766
0.010781364204714474
0.1028428157910819
0.023970679324416242
0.024096874041075033
0.007875632588087022
0.07633048961776492
0.11227273220320408
0.00132415578601217
0.026987874629019058
0.07246552217387531
0.04702553171151929
0.0
0.005910814539283804
0.09225725147961952
0.022760103169501233
0.09330367513239136
0.009394666016546609
0.05337749626812929
0.004590858766538484
0.11976415491537806
0.06302437970720433
0.08739856400014616
0.0827965947253686
0.061261948831653014
0.08985847671885712
0.09921956761102498
0.03231647946558131
0.07542451653709718
0.03557899765140458
0.00613215819144687
0.01974165444033284
0.023015342824384076
0.05805674146382107
0.08821019417795042
0.08017947207211476
0.013977142750959771
0.10004507352319393
0.015758798809394552
0.07205802186659675
0.18813510392271215
0.005883607828545495
0.025352021827729894
0.10935088866588495
0.06566939391122169
0.031150897529817024
0.08149288617703244
0.005607357560159735
0.03221417081668961
0.04259611429086143
0.038199410740375285
0.07835552297081867
0.01202980540206452
0.06396490665971377
0.026922338507356963
0.1357501931008445
0.058652795363278255
0.015769833106158662
0.06302697304732247
0.029978293299497596
0.008391715422180548
0.07984074065117715
0.05895887028282
0.16741554239949563
0.05139520569378621
0.04668233119901801
0.21773691602848674
0.04151473474470572
0.09496761784878203
0.04590380592596092
0.09243160116521781
0.12243667997343351
0.02973005830017563
0.00987848594148436
0.03361472008122933
0.061359175050576774
0.05490255995448637
0.09330665901722868
0.034538712849238616
0.06351067855792866
0.33768835145203235
0.01375133187377496
0.1146628674520843
0.15905048883072542
0.1105108741215489
0.126090861690161
0.12831551039249844
0.1484782638225031
0.03311069169571838
0.03626473978288091
0.22779990178826673
0.0623336393299476
0.32596987862854093
0.07432252124807778
0.024585095881690503
0.05966229924521496
0.0255876184634245
0.21652013930540123
0.14874484729844778
0.045196565292390696
0.02098732474135323
0.02343933674071336
0.15233951123025458
0.1748580065163061
0.21465758292763237
0.08517313141032153
0.14255949778282512
0.04622987933967055
0.3274873285295108
0.2604697732802554
0.07690817890383278
0.03469785779189021
0.010593623750877967
0.39090364760785173
0.25118605753497597
0.021183142068747184
0.301672913118363
0.08796778722667191
0.35748560254661343
0.1303518391119914
0.45883475248830236
0.2578195160569747
0.23655280838327644
0.025107911018272627
0.1861815776546426
0.20878088941648992
0.06659776991856008
0.01174271770899621
0.6448866225069105
0.06751252582035551
0.07471542408766543
0.39592850200302077
0.18832062522909304
0.7133085662554709
0.2001597314648088
0.2721534999175739
0.25781713261167444
0.016811515817426445
0.07721407372078128
0.355192737288364
0.048839718668668985
1.0
0.644863063406668
0.19755108496978552
0.6525465562804339
0.08357533297383038
0.10304017396826173
0.6599749215841403
0.20099362702833357
0.6207668366554819
0.8629251782117332
0.04903622319078971
0.20772496259199147
0.1283793182445238
0.09397521778210269
0.46176009772393206
0.10507273033329016
0.3590986441137319
0.2719534564523218
0.5845759632365093
0.7440948088838443
0.1589302122515823
0.2001798270753425
0.0508910120815129
0.045433980245001455
0.11850631432033631
0.8099125218176736
0.3739861522874807
0.27743919252758326
0.6871155938013427
0.037282524504024674
0.5614419049450845
0.3354359069719535
0.04207771708714432
0.08486967816149751
0.15664122996622457
0.2611359336004055
0.04872297267732276
0.041005994041142295
0.1748208479624344
0.24388825213968093
0.10092051784146
0.14950734955601974
0.39562762618921754
0.2619087517827298
0.38390318905659643
0.3503243747160013
0.038994297471717274
0.10371010593597127
0.03640619457433763
0.11197388210491103
0.6657031495402905
0.8429460173923251
0.3664841267108652
0.31563213879602825
0.3774881197504282
0.610930192805357
0.048906701695118425
0.07499200737630811
0.3207102384227535
0.024897634251576428
0.12547021672832598
0.2704447181401374
0.093685070318894
0.08368006331241808
0.2662635602281653
0.13891529470149352
0.18791602680439587
0.3475653347895651
0.34737403323600635
0.02903074827735349
0.14662709958661654
0.11540018236268258
0.1863401435253408
0.1674053570826795
0.09332190229444888
0.05935725909866733
0.08402214446737719
0.0035964187545717407
0.11303970534023375
0.12463006011648162
0.36882957606865485
0.23811905525327204
0.22080653052428087
0.3405363424763959
0.1007529931465474
0.030402871651091765
0.11113465310574447
0.06028960287638694
0.07780261599654861
0.1467687177156219
0.03290809915105458
0.03447856368918701
0.10128673340538978
0.04137217511036771
0.07767620170683638
0.010556866241127243
0.026655443624592812
0.0017241017520095816
0.11574204379103134
0.026640643246363414
0.04640407354743291
0.06839343441535319
0.12206803537080928
0.011290694140468977
0.06322625930305174
0.07067479888815559
0.12036280939286048
0.06524475384111374
0.1352955551419899
0.1100629383001358
0.07464544875465982
0.1379843408437473
0.005593636368469024
0.050445112787115574
0.04917897513043185
0.04837146100792155
0.058690741324473085
0.025320555190108982
0.025953706226342608
0.036231515359675705
0.1669963424170192
0.09876846087924492
0.033301975337819575
0.04998231856845179
0.11688973766309071
0.04564486174648964
0.16421695346098691
0.10898713428642093
0.06620177002605317
0.050935642526712066
0.05104171535804091
0.029515136771051016
0.04772496681793835
0.06322263535225665
0.04980372225027483
0.036503848948863146
0.08388941031257391
0.07790350221475786
0.07810080902050104
0.08515141778073254
0.0624948609049228
0.09796093857047947
0.023726567740153536
0.031483060263777646
0.1476900743670951
0.05622618757784408
0.1492936152940364
0.06472940116907912
0.07752449574512853
0.011640431358765763
0.045895115525635875
0.05683454902915118
0.006220771486968488
0.048534938437073974
0.042212364092705276
0.10656109169132338
0.03785789125442471
0.03830074891107642
0.08951154557186823
0.13559906983328776
0.15075246792746855
0.06799528584269204
0.021793316562945645
0.1659610699456313
0.14358357187406962
0.29652152308797897
0.05980695347618662
0.06396470505338012
0.15468749254454706
0.1920806379089316
7.349862868234274E-4
0.3480318666108534
0.0650115451240345
0.07923425708895114
0.14053859276120464
0.26208653925694436
0.00855569991992085
0.09089690106187595
0.08992842668695636
