-0.12709116707672255
0.02307486694545113
0.04144381169069239
0.34685386172925664
0.19313857208162316
0.10859939834257479
0.01209621981831968
0.26796861315028
0.11933119489533454
0.012457971031659841
0.09875248332955414
0.1552856481442575
0.44211588844919886
0.1024202279510455
0.10505370662404215
0.09402849305655499
0.1338128599117101
0.0033347407630556825
0.13009118246348575
0.01234229683657138
0.15972786851215545
0.060358126099960656
0.2932872599574864
0.12628082501832963
0.15193166136272607
0.15487365360533867
0.05614511602361963
0.027690903299529456
0.37372643171428793
0.04171066189693752
0.004970932232697369
0.21930995879896562
0.126878520335161
0.03054718558628853
0.011144223664503305
0.06138611934933487
0.02316655712905886
0.21402757476087755
0.05707580687162972
0.06449464114438873
0.13575553040294375
0.3211615747136042
0.40097452505205117
0.17053223899444614
0.1218673744163839
0.3096340028526104
0.11050756580424229
0.03967678780181946
0.02695480579466416
0.15863304618176222
0.21026364926439828
0.10435118144203423
0.07348651268305219
0.11308098217919624
0.09705827106963379
0.23495309213290283
0.2364783043313872
0.07181353237996338
0.11909075433175195
0.012483869642137648
0.07243099360439238
0.2897243095746906
0.04518988317354308
0.11067456456767417
0.17694160403890094
0.055600914643022
0.03362944168374734
0.1936676967473449
0.03675263206016798
0.046339100211592904
0.07474887053819894
0.06595440867129103
0.10064826101324399
0.005227582838430673
0.17827528810377385
0.013092002010775991
0.15342412463045008
0.06263311001269886
0.1578090872995552
0.013396617330097796
0.08185834191570542
0.08253114705404414
0.045551489148361844
0.1327211946176762
0.13790587470033994
0.09180324189723708
0.13880077384975348
0.056415151228480405
0.15923573325668727
0.20333564682732572
0.1674438909957797
0.18116423592837244
0.10841130088431995
0.07165199026523306
0.14370306527770269
0.021498386771258395
0.20300297451458305
0.18738177066517564
0.5730570206529356
0.05348202840158097
0.5128672518338732
0.2837076066993015
0.26549588426027493
0.24827834008629776
0.1091850423048321
0.2302730552305786
0.11531892984292046
0.02200487495653133
0.1787729525503061
0.11066804964258865
0.2692776450096063
0.27928169250025786
0.0798180624171926
0.3976419763368975
0.2516280448034357
0.2164280065749619
0.1547457628231921
0.2262091178846173
0.003079174309730519
0.49420003724336287
0.4938272959334437
0.38555500166370843
0.12404649562536606
0.2837710397288512
0.5056258846120627
0.5670824367315916
1.0
0.9168395040831399
0.7735718575088498
0.304757665299204
0.4450253700157515
0.21899315072896527
0.8955480387563711
0.495023255719176
0.19533803081110218
0.8973392914501003
0.040476998438675846
0.18033484562224808
0.4859504973791408
0.6946676561356413
0.33853486941260413
0.08028524303755995
0.01724363313761626
0.348001779882053
0.3027315335443894
0.07601615924680578
0.015229416845608926
0.17074923878097165
0.8401856273615694
0.8836822041985971
0.5033317751173937
0.7272997142362903
0.8460246386636217
0.5649701795360721
0.07625470024603348
0.3084500054919202
0.11056489291439546
0.3427661833250847
0.5481266727915437
0.48756415782654927
0.4258755677076493
0.41158999817893566
0.23452295093506179
0.016311551021404073
0.033642485966268
0.4030276808712035
0.559117242433816
0.08124811344017602
0.13761892454879168
0.12296035129192227
0.7296983755121171
0.25496329860113626
0.0980272890745442
0.09447236278787344
0.49618008865682034
0.2717570359240481
0.15020355600840063
0.47317369089600114
0.4445565735699159
0.01057233756628473
0.10397915995845326
0.5206567719330145
0.22550976370241752
0.8850608788847307
0.7908013851979402
0.1983287730625639
0.7192731968663364
0.2714113080638556
0.11213942516744889
0.20518015856332392
0.1365265281854251
0.36899825495297056
0.3471103919212742
0.1955021043821409
0.4026036664742528
0.06678166486444458
0.4166228656364524
0.10811793697044757
0.4053875188455347
0.24890745552267957
0.03246951938348452
0.15821783131903835
0.19035712242348918
0.06540990192988018
0.07865871383765108
0.19674806873899567
0.04004795614486933
0.13599433237434164
0.2080832379071905
0.2352967388603574
0.2665013906673607
0.28104070194927533
0.20223540345521607
0.08581002976095821
0.20283648258667736
0.07232685432121244
0.04086325516354195
0.18293558239862007
0.10931713009294339
0.11847465179488353
0.1437327392900788
0.2258328368665984
0.05735605436494378
0.02409630999988198
0.3609686642164838
0.057860786435195335
0.06919765078643043
0.10483387399629367
0.08633602294053416
0.3328348626764198
0.12965536027776114
0.33043703439947864
0.009749856242328214
0.12215484754443093
0.023401153404710297
0.0423209446091697
0.04779324706764159
0.25458570212307446
0.24574906798745444
0.24231960774676164
0.08460852097119075
0.1676775616921265
0.09491280327220242
0.009058119438697665
0.010531838674836426
0.08628017810307542
0.14580670747642754
0.018622893737023194
0.1800326436006208
0.08023992789652115
0.15758514750975036
0.10269031948042298
0.022910745616658262
0.1825088115397824
0.1722348117437646
0.03688035144327794
0.08391890930114462
0.02175023857018309
0.12290105642381027
0.030364326328133934
0.08465520569394125
0.01833346977613419
0.00332597380867049
0.006172946353320602
0.12098380536900857
0.10471488515182396
0.05134181197939136
0.0016128813709512003
0.20971535262834118
0.1004191562285021
0.22497102531364874
0.07280104204915562
0.11962059249759069
0.08071422113676723
0.1612672587632309
0.270692851909355
0.10119830521614367
0.043431230359911296
0.014303997089815682
0.12131416011373182
0.0011660524432932904
0.04270279807207027
0.030460565680820943
0.008048612513953321
0.18567269188635785
0.0736025876829595
0.13556819201813647
0.21830295111202047
0.05721007662381618
0.0034111824549131363
0.0051155979010575545
0.24702690070550132
0.1312773616062671
0.1899635253470967
0.15236692981476516
0.02215026354834798
0.11707237568045731
0.023740801776703943
0.17294221266486443
0.05229177613695108
0.07855274451626955
0.07547941746751073
0.007709053138178859
0.0628091369897285
0.08818324515636485
0.02608061515630388
0.09189751856771622
0.034411100543192165
0.025418233415344545
0.04523766516250034
0.013926871683749672
0.0045021687737654146
0.2484916807733484
0.0758563293496672
0.15925811042141957
0.13922553120225065
0.10131650600889276
0.10522293735321014
0.28205227957854034
0.20386783133169867
0.03756397600778933
0.2643966883722594
0.0034423134021731713
0.006926130519205835
0.04200723664925044
0.1324499347706576
0.12152502952364976
0.13315755643474414
0.07367273353483683
0.05316309996291389
0.03493365748372482
0.104484810167843
0.07008177409159363
0.0654174906608931
0.13825980885896036
0.04483373307841562
0.08244315808961085
0.10636541935869599
0.26683643638772647
0.012478320052946523
0.04872436975905689
0.04568998570167712
0.030097234956587313
0.1055179466396449
0.013930985920279953
0.1744081739539801
0.17417220129838482
0.0832133084979511
0.020075354195285246
0.25670345575757797
0.21412915936301832
0.11790016838312357
0.020347987030438344
0.34249185784061087
0.04641830860347416
0.01522539572339994
0.21801400448990427
0.0587723304535147
0.04346740192130066
0.03637185587356142
0.09360957243708885
0.21946558006162353
0.06321892146730643
0.12375557480758312
0.16466910203315954
0.1185741479737157
0.2176641154870979
0.10316018995416894
0.08338937521457838
0.08373938062696988
0.0442105849904515
0.07837786239037245
0.1313599592772428
0.05370260380398197
0.027236693771926647
0.019122037390433947
0.2524905875548633
0.08401255804415056
0.07303542352147592
0.0437404738607811
0.1461591985359484
0.0885899230717953
0.1095324210607998
0.044682652525484756
0.05779521034425811
0.11346957684338785
0.08476135912091275
0.002821317636273254
0.14684069257811314
0.04861104519557353
0.0910959259696004
0.012916586271186055
0.05392426249636189
0.0012301494094398128
0.30665239712397224
0.039333301147897695
0.025615725903745255
0.09359047740834016
0.010800261717453604
0.1485803156928297
0.00487138487914362
0.2533678515896905
0.0976265672990619
0.23982676180419105
0.055678700488703346
0.05318827676401222
0.013099508406690545
0.10931852692696054
0.024082805702419236
0.14963595679587785
0.19209592820916066
0.09568269318073008
0.26423083372627965
0.17461126614641131
0.17912443838376793
0.17172465095680156
0.1548150080406022
0.01723202974693969
0.02949158151119301
0.014308017648665577
0.04152137001635937
0.02018420434339758
0.19231366101934882
0.27605372041949605
0.14768322268166115
0.22935084738549255
0.014192586945928842
0.23757869532139383
0.022821895798891483
0.051739030770941635
0.16443524129142886
0.31746506156796656
0.34088646364267244
8.508191947144484E-4
0.030818711260484934
0.06442926712730954
0.04300408524957533
0.15833660398291607
0.0411033118720352
0.19339286237405295
0.09672675819420792
0.035442536949879
0.21441385775113667
0.12134741310114297
0.04225297439266392
0.15423805430104529
0.029476806370782812
0.028358069340389286
0.2966625517272876
0.220571296776752
0.020658816182401833
0.07400076302348622
0.00549804092127764
0.2973065012519389
0.2713002664675336
0.07122165468596103
0.1625714596831812
0.0013763914275076456
0.1675042345227509
0.26260803562688256
0.3578907564703056
0.14315959226200922
0.07625470024603354
0.14315959226200922
0.3578907564703056
0.26260803562688256
0.1675042345227509
0.0013763914275076456
0.1625714596831812
0.07122165468596103
0.2713002664675336
0.2973065012519389
0.00549804092127764
0.07400076302348622
0.020658816182401833
0.220571296776752
0.2966625517272876
0.028358069340389286
0.029476806370782812
0.15423805430104529
0.04225297439266392
0.12134741310114297
0.21441385775113667
0.035442536949879
0.09672675819420792
0.19339286237405295
0.0411033118720352
0.15833660398291607
0.04300408524957533
0.06442926712730954
0.030818711260484934
8.508191947144484E-4
0.34088646364267244
0.31746506156796656
0.16443524129142886
0.051739030770941635
0.022821895798891483
0.23757869532139383
0.014192586945928842
0.22935084738549255
0.14768322268166115
0.27605372041949605
0.19231366101934882
0.02018420434339758
0.04152137001635937
0.014308017648665577
0.02949158151119301
0.01723202974693969
0.1548150080406022
0.17172465095680156
0.17912443838376793
0.17461126614641131
0.26423083372627965
0.09568269318073008
0.19209592820916066
0.14963595679587785
0.024082805702419236
0.10931852692696054
0.013099508406690545
0.05318827676401222
0.055678700488703346
0.23982676180419105
0.0976265672990619
0.2533678515896905
0.00487138487914362
0.1485803156928297
0.010800261717453604
0.09359047740834016
0.025615725903745255
0.039333301147897695
0.30665239712397224
0.0012301494094398128
0.05392426249636189
0.012916586271186055
0.0910959259696004
0.04861104519557353
0.14684069257811314
0.002821317636273254
0.08476135912091275
0.11346957684338785
0.05779521034425811
0.044682652525484756
0.1095324210607998
0.0885899230717953
0.1461591985359484
0.0437404738607811
0.07303542352147592
0.08401255804415056
0.2524905875548633
0.019122037390433947
0.027236693771926647
0.05370260380398197
0.1313599592772428
0.07837786239037245
0.0442105849904515
0.08373938062696988
0.08338937521457838
0.10316018995416894
0.2176641154870979
0.1185741479737157
0.16466910203315954
0.12375557480758312
0.06321892146730643
0.21946558006162353
0.09360957243708885
0.03637185587356142
0.04346740192130066
0.0587723304535147
0.21801400448990427
0.01522539572339994
0.04641830860347416
0.34249185784061087
0.020347987030438344
0.11790016838312357
0.21412915936301832
0.25670345575757797
0.020075354195285246
0.0832133084979511
0.17417220129838482
0.1744081739539801
0.013930985920279953
0.1055179466396449
0.030097234956587313
0.04568998570167712
0.04872436975905689
0.012478320052946523
0.26683643638772647
0.10636541935869599
0.08244315808961085
0.04483373307841562
0.13825980885896036
0.0654174906608931
0.07008177409159363
0.104484810167843
0.03493365748372482
0.05316309996291389
0.07367273353483683
0.13315755643474414
0.12152502952364976
0.1324499347706576
0.04200723664925044
0.006926130519205835
0.0034423134021731713
0.2643966883722594
0.03756397600778933
0.20386783133169867
0.28205227957854034
0.10522293735321014
0.10131650600889276
0.13922553120225065
0.15925811042141957
0.0758563293496672
0.2484916807733484
0.0045021687737654146
0.013926871683749672
0.04523766516250034
0.025418233415344545
0.034411100543192165
0.09189751856771622
0.02608061515630388
0.08818324515636485
0.0628091369897285
0.007709053138178859
0.07547941746751073
0.07855274451626955
0.05229177613695108
0.17294221266486443
0.023740801776703943
0.11707237568045731
0.02215026354834798
0.15236692981476516
0.1899635253470967
0.1312773616062671
0.24702690070550132
0.0051155979010575545
0.0034111824549131363
0.05721007662381618
0.21830295111202047
0.13556819201813647
0.0736025876829595
0.18567269188635785
0.008048612513953321
0.030460565680820943
0.04270279807207027
0.0011660524432932904
0.12131416011373182
0.014303997089815682
0.043431230359911296
0.10119830521614367
0.270692851909355
0.1612672587632309
0.08071422113676723
0.11962059249759069
0.07280104204915562
0.22497102531364874
0.1004191562285021
0.20971535262834118
0.0016128813709512003
0.05134181197939136
0.10471488515182396
0.12098380536900857
0.006172946353320602
0.00332597380867049
0.01833346977613419
0.08465520569394125
0.030364326328133934
0.12290105642381027
0.02175023857018309
0.08391890930114462
0.03688035144327794
0.1722348117437646
0.1825088115397824
0.022910745616658262
0.10269031948042298
0.15758514750975036
0.08023992789652115
0.1800326436006208
0.018622893737023194
0.14580670747642754
0.08628017810307542
0.010531838674836426
0.009058119438697665
0.09491280327220242
0.1676775616921265
0.08460852097119075
0.24231960774676164
0.24574906798745444
0.25458570212307446
0.04779324706764159
0.0423209446091697
0.023401153404710297
0.12215484754443093
0.009749856242328214
0.33043703439947864
0.12965536027776114
0.3328348626764198
0.08633602294053416
0.10483387399629367
0.06919765078643043
0.057860786435195335
0.3609686642164838
0.02409630999988198
0.05735605436494378
0.2258328368665984
0.1437327392900788
0.11847465179488353
0.10931713009294339
0.18293558239862007
0.04086325516354195
0.07232685432121244
0.20283648258667736
0.08581002976095821
0.20223540345521607
0.28104070194927533
0.2665013906673607
0.2352967388603574
0.2080832379071905
0.13599433237434164
0.04004795614486933
0.19674806873899567
0.07865871383765108
0.06540990192988018
0.19035712242348918
0.15821783131903835
0.03246951938348452
0.24890745552267957
0.4053875188455347
0.10811793697044757
0.4166228656364524
0.06678166486444458
0.4026036664742528
0.1955021043821409
0.3471103919212742
0.36899825495297056
0.1365265281854251
0.20518015856332392
0.11213942516744889
0.2714113080638556
0.7192731968663364
0.1983287730625639
0.7908013851979402
0.8850608788847307
0.22550976370241752
0.5206567719330145
0.10397915995845326
0.01057233756628473
0.4445565735699159
0.47317369089600114
0.15020355600840063
0.2717570359240481
0.49618008865682034
0.09447236278787344
0.0980272890745442
0.25496329860113626
0.7296983755121171
0.12296035129192227
0.13761892454879168
0.08124811344017602
0.559117242433816
0.4030276808712035
0.033642485966268
0.016311551021404073
0.23452295093506179
0.41158999817893566
0.4258755677076493
0.48756415782654927
0.5481266727915437
0.3427661833250847
0.11056489291439546
0.3084500054919202
0.07625470024603348
0.5649701795360721
0.8460246386636217
0.7272997142362903
0.5033317751173937
0.8836822041985971
0.8401856273615694
0.17074923878097165
0.015229416845608926
0.07601615924680578
0.3027315335443894
0.348001779882053
0.01724363313761626
0.08028524303755995
0.33853486941260413
0.6946676561356413
0.4859504973791408
0.18033484562224808
0.040476998438675846
0.8973392914501003
0.19533803081110218
0.495023255719176
0.8955480387563711
0.21899315072896527
0.4450253700157515
0.304757665299204
0.7735718575088498
0.9168395040831399
1.0
0.5670824367315916
0.5056258846120627
0.2837710397288512
0.12404649562536606
0.38555500166370843
0.4938272959334437
0.49420003724336287
0.003079174309730519
0.2262091178846173
0.1547457628231921
0.2164280065749619
0.2516280448034357
0.3976419763368975
0.0798180624171926
0.27928169250025786
0.2692776450096063
0.11066804964258865
0.1787729525503061
0.02200487495653133
0.11531892984292046
0.2302730552305786
0.1091850423048321
0.24827834008629776
0.26549588426027493
0.2837076066993015
0.5128672518338732
0.05348202840158097
0.5730570206529356
0.18738177066517564
0.20300297451458305
0.021498386771258395
0.14370306527770269
0.07165199026523306
0.10841130088431995
0.18116423592837244
0.1674438909957797
0.20333564682732572
0.15923573325668727
0.056415151228480405
0.13880077384975348
0.09180324189723708
0.13790587470033994
0.1327211946176762
0.045551489148361844
0.08253114705404414
0.08185834191570542
0.013396617330097796
0.1578090872995552
0.06263311001269886
0.15342412463045008
0.013092002010775991
0.17827528810377385
0.005227582838430673
0.10064826101324399
0.06595440867129103
0.07474887053819894
0.046339100211592904
0.03675263206016798
0.1936676967473449
0.03362944168374734
0.055600914643022
0.17694160403890094
0.11067456456767417
0.04518988317354308
0.2897243095746906
0.07243099360439238
0.012483869642137648
0.11909075433175195
0.07181353237996338
0.2364783043313872
0.23495309213290283
0.09705827106963379
0.11308098217919624
0.07348651268305219
0.10435118144203423
0.21026364926439828
0.15863304618176222
0.02695480579466416
0.03967678780181946
0.11050756580424229
0.3096340028526104
0.1218673744163839
0.17053223899444614
0.40097452505205117
0.3211615747136042
0.13575553040294375
0.06449464114438873
0.05707580687162972
0.21402757476087755
0.02316655712905886
0.06138611934933487
0.011144223664503305
0.03054718558628853
0.126878520335161
0.21930995879896562
0.004970932232697369
0.04171066189693752
0.37372643171428793
0.027690903299529456
0.05614511602361963
0.15487365360533867
0.15193166136272607
0.12628082501832963
0.2932872599574864
0.060358126099960656
0.15972786851215545
0.01234229683657138
0.13009118246348575
0.0033347407630556825
0.1338128599117101
0.09402849305655499
0.10505370662404215
0.1024202279510455
0.44211588844919886
0.1552856481442575
0.09875248332955414
0.012457971031659841
0.11933119489533454
0.26796861315028
0.01209621981831968
0.10859939834257479
0.19313857208162316
0.34685386172925664
0.04144381169069239
0.02307486694545113
