0.005465463312178021
0.00907808642805836
0.005958746133941712
0.008007343416009765
0.00965683748673797
0.006714107954268458
0.035116870760567735
0.04286057712406787
0.007334969937509287
0.055831792030937306
0.06985465220202897
0.16241467444096963
0.02454763363678816
0.2658245448672536
0.10895741262253354
0.13464197340472453
0.1731088247468439
0.09989735695153354
0.020208023789311195
0.49661611214503515
0.2560888344908759
0.4066174341923505
0.17613261721510853
0.4580311279596529
0.17263932922784928
0.06892162463211332
0.5486636386225585
0.11046481086513575
0.8688159726580315
0.34200797650156767
0.27639601379051726
0.01595731252223427
0.07839472945643887
0.10393738433361095
0.7260259597842307
0.49188070309323295
1.0
0.5071145708889034
0.039301476677760905
0.2156367072176498
0.22879212546380745
0.5075352264050658
0.26187559380277103
0.5646461686382764
0.7664597220713963
0.11584745805891407
0.1732727508975379
0.01033003619599512
0.14092943802249386
0.21291329116085103
0.1538770500056569
0.2619911775587975
0.0259549268010183
0.13105642330113756
0.09471555207885195
0.10178517713010035
0.192977969233562
0.010928848967952489
0.16688676078522233
0.12087795287209782
0.029037636341146818
0.1736755985673528
0.06881492361842345
0.14109438761334958
0.01703160630648923
0.05191948156145103
0.024089466751343307
0.012303779826684487
0.017702128659652337
0.005968153078311863
0.1237816802180022
0.08139675397546592
0.22657471463736395
0.06685514275228478
0.26082653152011115
0.10022270623816332
0.18262851255997442
0.03060773459521311
0.16368116326282234
0.164169963636417
0.13688550825461582
0.042914547964809854
0.11001016458257123
0.21965078403184252
0.06326122731623131
0.013388071804051554
0.04065136149942922
0.004938744748813495
0.014344455261426494
0.1423846829853686
0.01346248052715577
0.21656231362977865
0.073109422523007
0.06869749845246267
0.04728204438477804
0.1810436644153144
0.09927429297370573
0.04447608444277602
0.11563714847514042
0.01784914566925956
0.17146247156428931
0.12796630004778506
0.031078106534920526
0.29360418469795696
0.0944546977081455
0.3481994644316337
0.01892889189833949
0.29691665136063744
0.12873154941674786
0.11883085424265027
0.07417391954964084
0.03747186429580219
0.004600207381977292
0.03788505132916591
0.0626717887295422
0.30677430988322746
0.20524714938558436
0.04164346454667583
0.1840234483776083
0.04063668494364628
0.0898186476870634
0.16394095383755
0.09344941042963396
0.03642660172006403
0.11945952841494446
0.24649032536333476
0.02503797475690087
0.11777077508074511
0.1881381286271642
0.023687500242577864
0.07961048796399157
0.00999113011720893
0.045582482215230306
0.06789085367142211
0.1280090114230094
0.03949813888780992
0.07769597282418454
0.05312803713987762
0.07717270962953325
0.08689647739899013
0.01412336892624933
0.0761074707849966
0.03599999814542364
0.07291203757605412
0.021467743519546372
0.023373164858938138
0.05343775154598815
0.025372178348200016
0.05136185191236615
0.051417033705931085
0.02102575061334614
0.006438777526600354
7.227768263631701E-4
0.018585500142217465
0.018347756702932948
0.017790966936416637
0.006695509356455334
0.007620160433537943
0.0010084724324694622
0.022393586799468984
0.015533063110807935
0.01682242513482585
0.0025241547613342134
0.007502439749989719
0.02071730500552407
0.011454773304511395
0.005245633798414853
0.01236593015807377
0.016702517143903348
0.0018994890164109935
0.003513980714868034
0.003246770521906837
0.007355663192685874
0.015045274457228022
5.872283489799598E-4
0.00429355161972811
0.008573970246871855
0.013665422478089705
0.010388218292357296
0.01064822655815761
8.495177513781374E-4
0.004892010647357532
0.0019365371366658981
0.003710525333066453
0.007264851587195252
0.008412770743571161
0.0032929194747249656
0.008063496072096266
0.017589109366488085
0.011720131720633192
0.0013986708845458492
0.003697829157279725
0.009461539630025547
0.011887214539474052
0.0129632107858635
0.005438634890860994
0.004702546732642487
0.007810865801277976
8.871002729719476E-4
0.013510231555027718
0.005750837808996597
0.0022687279455975797
0.0053082640089129225
0.0043134768479709505
0.0037326206433321235
0.00743462940803118
0.007988074811361684
0.002897178277042258
0.010506417214458264
2.1523653655955118E-4
0.011777970714657082
0.012638823160856112
0.009043137444159374
0.009102472113100342
0.014895537393820534
0.00596224241099336
0.005713988019436032
0.014515888674049848
0.006363274054024967
0.004529657342546817
0.0036465403127574477
0.006088914409050021
0.008253426522242285
0.006429591876194058
0.010996477680356227
0.005561696822076438
0.009041325947275566
0.004775713925893798
0.01524897994024503
0.020756175695853314
0.0017700057732704482
0.01131547269572186
0.0086435455276676
0.011045682522218443
0.004085825897543136
0.009533476163496054
0.0061699783973270025
0.001424317999374396
0.010277627289519661
0.0056563599233388434
0.008071488824432075
0.010868787832915632
0.008516268541839216
0.010743878103186829
0.016033863965797177
0.0012631539708001798
0.013502526708310515
0.001595200137729164
0.0028239629361226843
0.013525535612448795
0.013050471073701568
0.008346580573987511
0.007850311445989137
0.009123629631387064
0.0013246292629027737
0.0035934027395967414
0.01008661204113208
0.009412361540761036
0.004549070958864689
0.01774566522042541
0.008437265375642386
0.005623113488065792
0.001309078650235145
0.005053797311110393
0.007572027696953002
0.006003486896239901
0.005766150636694238
0.008035329355100039
0.008834334789829732
0.009123000297546006
0.00635355608040683
0.005164110122360289
0.006091851274424443
0.004204535089812768
0.0061335161999164405
0.004143533489927831
0.005780388814783598
0.005531229160553896
0.005229640014346145
0.005245213221365146
0.005965187165520716
0.004290145697223804
0.006837928284198597
0.0058602025863424495
0.004726603029681958
0.005098082060747997
0.006336954230147666
0.005151875709221234
0.006168062615755677
0.008340393378063906
0.0058631427837799385
0.006084300333465954
0.005823642191335052
0.005257010162740906
0.005592640861198555
0.004953414809579141
0.006566202925011476
0.0061052609849738945
0.005389767572293751
0.0064592518060928306
0.004733342025173671
0.0059249367666588835
0.008873037959412761
0.004649445711610179
0.004898223058436794
0.005313338724820684
0.008163577267421344
0.006562060607653473
0.007580466704690021
0.006424903739554791
0.006538060800090547
0.006335921516612389
0.005409551614308778
0.005469980191474772
0.006018001707549131
0.00532945542848392
0.005064181923068457
0.005473337224607857
0.006940445039006589
0.006540922821225326
0.006069981086027408
0.005197491464434907
0.004970891723564956
0.00478214019926809
0.006455279127223132
0.005647872540678583
0.007390851185550393
0.005622305125294514
0.005273814156252605
0.004624869334116668
0.006293135378517442
0.005263442072913598
0.006075429851880808
0.00484040003401255
0.006667035602203943
0.005921797946307583
0.006143571245017092
0.006587742512393631
0.005837018323662379
0.006360699997720075
0.008572123637391106
0.007181091525002261
0.007094132987074063
0.006313203240762625
0.006173503612966623
0.005670425835831053
0.006041269668445584
0.005361812147077086
0.006729207557200264
0.006046434002084485
0.005717050540826312
0.004726458215495177
0.0054322461308896975
0.00790588096164687
0.006550777421592956
0.007001068430380833
0.005414492876035876
0.006127648058764264
0.0049041473397811106
0.005573904252444953
0.004368374425152905
0.006246270540322174
0.0060490544422037345
0.005748150306043651
0.006301003326255605
0.007044967821777804
0.007143640216084505
0.005998187154971333
0.005955789208262119
0.0052731793616719895
0.0066526109462662734
0.005715282624611591
0.006507547722517233
0.005481542102474711
0.006552167526807293
0.006578852422791426
0.0070911035324405505
0.005807859103695326
0.006792188028691943
0.006002669008559957
0.006875919121015065
0.004262949994013231
0.006251653158240087
0.006673488225935886
0.007107295245845751
0.006431415725490343
0.00615038492220142
0.005973454498327332
0.005438187473683417
0.007081188516177614
0.007197130793250957
0.00620781040770564
0.00805202396462376
0.005461248707019174
0.005070757722278021
0.007105055585248491
0.007824678808868703
0.006510457895274973
0.00579569994962241
0.006614693542699889
0.006108038932421333
0.005210240926518751
0.006635121290904948
0.0055698391104085625
0.006326470217406417
0.0069898484124112994
0.0068717884632656925
0.005377434831991074
0.006230266834992585
0.006351003434715652
0.007542506300261196
0.005230685731121945
0.006393787590954635
0.0071886073783664255
0.005585742110117536
0.0053561887093409545
0.006200803306006364
0.006145047089225644
0.00483806198327265
0.006324920428039222
0.005327511064793862
0.0062521740644413066
0.005490728351293726
0.007279992875138929
0.007484622060677423
0.005225884129706571
0.005508237094701092
0.0061675104674408085
0.006431731633093432
0.004901779412614126
0.006386758400613493
0.005851007973310977
0.005416779298236198
0.00680412398246314
0.0054821173293228
0.006326799320347066
0.007618608112096547
0.005435855628829717
0.0041179128654776865
0.006733629349299579
0.006580392801061387
0.005203969489989579
0.005016886568448627
0.00641815268236532
0.0047980068407751505
0.006261703896710567
0.007622210402986667
0.006540115534445011
0.006882388142056082
0.0062995732066941
0.005747961905146188
0.006906800827883543
0.006353345879955483
0.0063484001544888615
0.006726757126370142
0.005900847843259291
0.006886581171227237
0.005577510627484491
0.005966578458781094
0.006278773175765859
0.007178241239314508
0.006247703796917108
0.0037800060632129425
0.006247703796917108
0.007178241239314508
0.006278773175765859
0.005966578458781094
0.005577510627484491
0.006886581171227237
0.005900847843259291
0.006726757126370142
0.0063484001544888615
0.006353345879955483
0.006906800827883543
0.005747961905146188
0.0062995732066941
0.006882388142056082
0.006540115534445011
0.007622210402986667
0.006261703896710567
0.0047980068407751505
0.00641815268236532
0.005016886568448627
0.005203969489989579
0.006580392801061387
0.006733629349299579
0.0041179128654776865
0.005435855628829717
0.007618608112096547
0.006326799320347066
0.0054821173293228
0.00680412398246314
0.005416779298236198
0.005851007973310977
0.006386758400613493
0.004901779412614126
0.006431731633093432
0.0061675104674408085
0.005508237094701092
0.005225884129706571
0.007484622060677423
0.007279992875138929
0.005490728351293726
0.0062521740644413066
0.005327511064793862
0.006324920428039222
0.00483806198327265
0.006145047089225644
0.006200803306006364
0.0053561887093409545
0.005585742110117536
0.0071886073783664255
0.006393787590954635
0.005230685731121945
0.007542506300261196
0.006351003434715652
0.006230266834992585
0.005377434831991074
0.0068717884632656925
0.0069898484124112994
0.006326470217406417
0.0055698391104085625
0.006635121290904948
0.005210240926518751
0.006108038932421333
0.006614693542699889
0.00579569994962241
0.006510457895274973
0.007824678808868703
0.007105055585248491
0.005070757722278021
0.005461248707019174
0.00805202396462376
0.00620781040770564
0.007197130793250957
0.007081188516177614
0.005438187473683417
0.005973454498327332
0.00615038492220142
0.006431415725490343
0.007107295245845751
0.006673488225935886
0.006251653158240087
0.004262949994013231
0.006875919121015065
0.006002669008559957
0.006792188028691943
0.005807859103695326
0.0070911035324405505
0.006578852422791426
0.006552167526807293
0.005481542102474711
0.006507547722517233
0.005715282624611591
0.0066526109462662734
0.0052731793616719895
0.005955789208262119
0.005998187154971333
0.007143640216084505
0.007044967821777804
0.006301003326255605
0.005748150306043651
0.0060490544422037345
0.006246270540322174
0.004368374425152905
0.005573904252444953
0.0049041473397811106
0.006127648058764264
0.005414492876035876
0.007001068430380833
0.006550777421592956
0.00790588096164687
0.0054322461308896975
0.004726458215495177
0.005717050540826312
0.006046434002084485
0.006729207557200264
0.005361812147077086
0.006041269668445584
0.005670425835831053
0.006173503612966623
0.006313203240762625
0.007094132987074063
0.007181091525002261
0.008572123637391106
0.006360699997720075
0.005837018323662379
0.006587742512393631
0.006143571245017092
0.005921797946307583
0.006667035602203943
0.00484040003401255
0.006075429851880808
0.005263442072913598
0.006293135378517442
0.004624869334116668
0.005273814156252605
0.005622305125294514
0.007390851185550393
0.005647872540678583
0.006455279127223132
0.00478214019926809
0.004970891723564956
0.005197491464434907
0.006069981086027408
0.006540922821225326
0.006940445039006589
0.005473337224607857
0.005064181923068457
0.00532945542848392
0.006018001707549131
0.005469980191474772
0.005409551614308778
0.006335921516612389
0.006538060800090547
0.006424903739554791
0.007580466704690021
0.006562060607653473
0.008163577267421344
0.005313338724820684
0.004898223058436794
0.004649445711610179
0.008873037959412761
0.0059249367666588835
0.004733342025173671
0.0064592518060928306
0.005389767572293751
0.0061052609849738945
0.006566202925011476
0.004953414809579141
0.005592640861198555
0.005257010162740906
0.005823642191335052
0.006084300333465954
0.0058631427837799385
0.008340393378063906
0.006168062615755677
0.005151875709221234
0.006336954230147666
0.005098082060747997
0.004726603029681958
0.0058602025863424495
0.006837928284198597
0.004290145697223804
0.005965187165520716
0.005245213221365146
0.005229640014346145
0.005531229160553896
0.005780388814783598
0.004143533489927831
0.0061335161999164405
0.004204535089812768
0.006091851274424443
0.005164110122360289
0.00635355608040683
0.009123000297546006
0.008834334789829732
0.008035329355100039
0.005766150636694238
0.006003486896239901
0.007572027696953002
0.005053797311110393
0.001309078650235145
0.005623113488065792
0.008437265375642386
0.01774566522042541
0.004549070958864689
0.009412361540761036
0.01008661204113208
0.0035934027395967414
0.0013246292629027737
0.009123629631387064
0.007850311445989137
0.008346580573987511
0.013050471073701568
0.013525535612448795
0.0028239629361226843
0.001595200137729164
0.013502526708310515
0.0012631539708001798
0.016033863965797177
0.010743878103186829
0.008516268541839216
0.010868787832915632
0.008071488824432075
0.0056563599233388434
0.010277627289519661
0.001424317999374396
0.0061699783973270025
0.009533476163496054
0.004085825897543136
0.011045682522218443
0.0086435455276676
0.01131547269572186
0.0017700057732704482
0.020756175695853314
0.01524897994024503
0.004775713925893798
0.009041325947275566
0.005561696822076438
0.010996477680356227
0.006429591876194058
0.008253426522242285
0.006088914409050021
0.0036465403127574477
0.004529657342546817
0.006363274054024967
0.014515888674049848
0.005713988019436032
0.00596224241099336
0.014895537393820534
0.009102472113100342
0.009043137444159374
0.012638823160856112
0.011777970714657082
2.1523653655955118E-4
0.010506417214458264
0.002897178277042258
0.007988074811361684
0.00743462940803118
0.0037326206433321235
0.0043134768479709505
0.0053082640089129225
0.0022687279455975797
0.005750837808996597
0.013510231555027718
8.871002729719476E-4
0.007810865801277976
0.004702546732642487
0.005438634890860994
0.0129632107858635
0.011887214539474052
0.009461539630025547
0.003697829157279725
0.0013986708845458492
0.011720131720633192
0.017589109366488085
0.008063496072096266
0.0032929194747249656
0.008412770743571161
0.007264851587195252
0.003710525333066453
0.0019365371366658981
0.004892010647357532
8.495177513781374E-4
0.01064822655815761
0.010388218292357296
0.013665422478089705
0.008573970246871855
0.00429355161972811
5.872283489799598E-4
0.015045274457228022
0.007355663192685874
0.003246770521906837
0.003513980714868034
0.0018994890164109935
0.016702517143903348
0.01236593015807377
0.005245633798414853
0.011454773304511395
0.02071730500552407
0.007502439749989719
0.0025241547613342134
0.01682242513482585
0.015533063110807935
0.022393586799468984
0.0010084724324694622
0.007620160433537943
0.006695509356455334
0.017790966936416637
0.018347756702932948
0.018585500142217465
7.227768263631701E-4
0.006438777526600354
0.02102575061334614
0.051417033705931085
0.05136185191236615
0.025372178348200016
0.05343775154598815
0.023373164858938138
0.021467743519546372
0.07291203757605412
0.03599999814542364
0.0761074707849966
0.01412336892624933
0.08689647739899013
0.07717270962953325
0.05312803713987762
0.07769597282418454
0.03949813888780992
0.1280090114230094
0.06789085367142211
0.045582482215230306
0.00999113011720893
0.07961048796399157
0.023687500242577864
0.1881381286271642
0.11777077508074511
0.02503797475690087
0.24649032536333476
0.11945952841494446
0.03642660172006403
0.09344941042963396
0.16394095383755
0.0898186476870634
0.04063668494364628
0.1840234483776083
0.04164346454667583
0.20524714938558436
0.30677430988322746
0.0626717887295422
0.03788505132916591
0.004600207381977292
0.03747186429580219
0.07417391954964084
0.11883085424265027
0.12873154941674786
0.29691665136063744
0.01892889189833949
0.3481994644316337
0.0944546977081455
0.29360418469795696
0.031078106534920526
0.12796630004778506
0.17146247156428931
0.01784914566925956
0.11563714847514042
0.04447608444277602
0.09927429297370573
0.1810436644153144
0.04728204438477804
0.06869749845246267
0.073109422523007
0.21656231362977865
0.01346248052715577
0.1423846829853686
0.014344455261426494
0.004938744748813495
0.04065136149942922
0.013388071804051554
0.06326122731623131
0.21965078403184252
0.11001016458257123
0.042914547964809854
0.13688550825461582
0.164169963636417
0.16368116326282234
0.03060773459521311
0.18262851255997442
0.10022270623816332
0.26082653152011115
0.06685514275228478
0.22657471463736395
0.08139675397546592
0.1237816802180022
0.005968153078311863
0.017702128659652337
0.012303779826684487
0.024089466751343307
0.05191948156145103
0.01703160630648923
0.14109438761334958
0.06881492361842345
0.1736755985673528
0.029037636341146818
0.12087795287209782
0.16688676078522233
0.010928848967952489
0.192977969233562
0.10178517713010035
0.09471555207885195
0.13105642330113756
0.0259549268010183
0.2619911775587975
0.1538770500056569
0.21291329116085103
0.14092943802249386
0.01033003619599512
0.1732727508975379
0.11584745805891407
0.7664597220713963
0.5646461686382764
0.26187559380277103
0.5075352264050658
0.22879212546380745
0.2156367072176498
0.039301476677760905
0.5071145708889034
1.0
0.49188070309323295
0.7260259597842307
0.10393738433361095
0.07839472945643887
0.01595731252223427
0.27639601379051726
0.34200797650156767
0.8688159726580315
0.11046481086513575
0.5486636386225585
0.06892162463211332
0.17263932922784928
0.4580311279596529
0.17613261721510853
0.4066174341923505
0.2560888344908759
0.49661611214503515
0.020208023789311195
0.09989735695153354
0.1731088247468439
0.13464197340472453
0.10895741262253354
0.2658245448672536
0.02454763363678816
0.16241467444096963
0.06985465220202897
0.055831792030937306
0.007334969937509287
0.04286057712406787
0.035116870760567735
0.006714107954268458
0.00965683748673797
0.008007343416009765
0.005958746133941712
0.00907808642805836
