1.0
0.8963147224618925
0.6711298234903815
0.5108853006620572
0.548062307405501
0.751378260439413
0.9517150877270995
0.9822903805879232
0.816892709741676
0.5916068535015376
0.49202231109073347
0.5994106193811276
0.8233650782605408
0.9767334296706784
0.9307366720482689
0.7217061259079416
0.5209713473370872
0.49285683681480796
0.6584848240408394
0.8782691311271784
0.9676098107037182
0.8498968070763865
0.6200078688868231
0.46567142809458617
0.5118716337825395
0.7172580757044883
0.9084194316561734
0.9236138438683061
0.746827274654847
0.5210475996964686
0.4297524070238952
0.544837547278313
0.7670285567270474
0.9081640436835241
0.8471516970909576
0.6303351370071352
0.4330840599409187
0.41444310584671307
0.5853115352570086
0.7994109976128105
0.8745276189086459
0.7435387368372397
0.5100480568472694
0.3625168705972221
0.41806237753276065
0.6253885085023569
0.8073035700371474
0.8075846020447263
0.6204621458825536
0.3954039298577354
0.31323258609978566
0.43625535551247624
0.6566235082640431
0.7857229926972673
0.7105062241365566
0.4871917733538538
0.2946703838670264
0.2862360354545874
0.46253251946182905
0.6710218352793909
0.7324150187988772
0.5892751214703036
0.3536250067785674
0.21410096106507512
0.27960644383885336
0.4890512020324228
0.6619871179049717
0.6481720328535268
0.4520978322691885
0.2292695702833267
0.15731962480917486
0.28878196602505646
0.507552359131317
0.6251218032361023
0.5368215747172451
0.3085785323627431
0.12227486048516767
0.12499999999999999
0.3071400243885053
0.5103482372711798
0.5587906814858905
0.40488570298233034
0.16874353464815936
0.03861699649045182
0.11487324340362458
0.32680821754664413
0.49125088796171046
0.46438403866184064
0.2609472395781248
0.04202241934055764
0.01847421758798927
0.12206222571649997
0.33961514136931287
0.44633792785384885
0.3462500189356529
0.1147911299557429
0.06370361352876472
0.04878487124142421
0.13970377535664671
0.338075039943704
0.374469816069275
0.21130213856826538
0.023586131714096882
0.14288299003854832
0.05505491464874446
0.15978903800334426
0.31629647727456583
0.2775002513661821
0.06834362864270828
0.14499154360035885
0.1928201605571559
0.04259282350204373
0.17412803238868146
0.2707136009965925
0.1601550750435352
0.07281853681845576
0.24196490858694866
0.21389069788591064
0.018610790636663516
0.17533086833861183
0.2005581347746374
0.02959158403184247
0.20237387790601327
0.309521590573253
0.20942281927429612
0.008645054977872386
0.15769633411382888
0.10801883310114585
0.10531460570363904
0.31151420762593673
0.3456283195407548
0.18525965681289172
0.030872450464683385
0.11790884863491682
0.0019303863894702955
0.23487793008246277
0.393335567637383
0.35136090147435367
0.1490516016196562
0.04069010839806182
0.05546597641383813
0.12201584720552015
0.34960766240468066
0.44353816891644415
0.3307275442240277
0.1093576008004867
0.03250563616739624
0.027211515768240782
0.24341063417665176
0.4411995392307378
0.46084827283350643
0.2901781378958067
0.07465514434851549
0.003177938077246187
0.12499999999999997
0.3566609226862175
0.5034059339375836
0.44711636600945254
0.2378542025264657
0.05236855075156022
0.04759944621161631
0.23060014634107753
0.452690853401281
0.5326894650431171
0.4070814080451465
0.1826625589513602
0.04802296271097123
0.11723673076807294
0.3353133832077953
0.5237758604280263
0.528588558358248
0.3478274716659046
0.13327497688683498
0.0646174434407442
0.2005150804410177
0.42998252488166794
0.5643776353977448
0.4937549704757318
0.2779927344124016
0.097163999389372
0.10228626564285118
0.29015332996311555
0.5059931755904044
0.57174893135349
0.4336591662626336
0.20681782335417498
0.07978096499061091
0.15828558615055027
0.3776117940990563
0.5562256364246321
0.5462415300687808
0.3559957815141695
0.143137988719878
0.08396641142689559
0.22730671216816128
0.45404446380503416
0.5758522924159665
0.49128315535233147
0.26985420046213116
0.09442957054489157
0.10965729392774429
0.3020810523727695
0.5112943743381906
0.5628922686087006
0.41302534633088095
0.18474493238575757
0.06601506947454513
0.15392262277222235
0.37420958389686765
0.5428220068429321
0.51846167029357
0.319700326848622
0.10958816374624702
0.06051351906959085
0.2113228338076601
0.43512480662553854
0.5444637902338507
0.4466910492551397
0.22075676092859237
0.0517748692309066
0.0775957230697559
0.2745524469997631
0.47707843698016483
0.5149363157228097
0.35431820208501236
0.12586846884257616
0.016402749038133907
0.11407025466001083
0.3352942780780636
0.4940451363029319
0.45602972485171006
0.25
0.04392403607724904
0.005769915965111644
0.16428962159422777
0.3851900912348174
0.48244170174082424
0.3724678224045205
0.14341775920152988
0.017892743790715787
0.019180814265349094
0.2208306972920786
0.4168196900428084
0.44158136746473786
0.2714490500138243
0.04427329937621363
0.054831710855140214
0.0530844429705202
0.27537328863704746
0.42457945871744146
0.3738119483884649
0.1619175117452648
0.0387151834863213
0.06503560394986183
0.10152836548432156
0.31967888237373276
0.4053623958616098
0.28432130891617047
0.053642914187802426
0.09870830210066422
0.049680555582414715
0.15687724025411023
0.34656058534984924
0.3589635150196956
0.1806302334890785
0.04379069294147653
0.1314345680885047
0.01278367541187353
0.21071552633493001
0.3507362622205121
0.28816471908061236
0.07182718829321927
0.12197742680126916
0.13559887000904144
0.03929983790087735
0.2548338010074472
0.3294697682986858
0.19848856257150083
0.03237209166366728
0.17455538864743386
0.11296662821901068
0.0986335293438364
0.28218899702682987
0.28292855552710217
0.09764681224427013
0.12263790897359675
0.1978516994828316
0.0681155058291329
0.15662609216993403
0.2877318272244165
0.21421722262070475
0.0052566141819825885
0.19100240353080636
0.19123684693784693
0.007883016235152751
0.20502442938303533
0.26900938639189115
0.1290823419780066
0.10068161446775795
0.23169144938499536
0.1571502871369428
0.05942830844452138
0.23686325450994478
0.22647578274185454
0.035320189727019696
0.17966244031641637
0.24172194208927772
0.10079526478139897
0.125
0.24726604110138678
0.16347591607122203
0.058048163916551515
0.23476231919216367
0.22119942194519443
0.029537043651116188
0.1804959907327025
0.23400864183515205
0.08590363478690557
0.14174419350957437
0.26086765673324674
0.1732837748118987
0.047928803585788146
0.21899995807254882
0.19778317428659298
0.0015714931489608785
0.2072356365135682
0.2557347893578904
0.10382708861291162
0.12254627959346467
0.23578831638963052
0.1421329174428405
0.08063876893383745
0.24766636105147152
0.22022929720625584
0.020723627071391977
0.18590023431287733
0.22885375325047153
0.07306533102759188
0.1517516012463827
0.25861009722133543
0.15823152563072282
0.0669566308250546
0.23113896518555882
0.19912182625048291
0.001614105511014624
0.20369142919020805
0.23856494274003145
0.07621850266537297
0.14995580634783262
0.2537169158709436
0.15033707447681038
0.07317365391296511
0.23018520735036802
0.1891338958756493
0.01743213529079067
0.2198290333382687
0.2518762012248464
0.08863161886670162
0.13293631586047594
0.2274739686707954
0.11487104213377777
0.11334018007898208
0.26984892819022077
0.22681457296554686
0.02182430760193302
0.17326153722435916
0.19475445499831587
0.02280964832374968
0.2021247539748674
0.2957148330852317
0.18252207548078175
0.041471755942210725
0.18841886837929755
0.13430146825222436
0.07827672739492739
0.27540068794738737
0.2959896523743182
0.1253052118788883
0.09283426309731872
0.17525659403508376
0.051256582637384
0.17879974934098758
0.3266607075066354
0.2722171768514423
0.06305192136436467
0.12499999999999999
0.13359079741965085
0.046894540514437144
0.26936764902420895
0.351947410982617
0.22870802563790227
0.0043192653034953565
0.13270882997642405
0.06627099598101152
0.1510998166110668
0.3417722392761383
0.3502422169756048
0.17201885292956043
0.04265471631225494
0.11332940590756743
0.02108599328838806
0.251688966642862
0.3898441613149552
0.32352963577185107
0.11018324879666833
0.07090513715636432
0.06719663518550864
0.12066583743894055
0.33938916263442154
0.41008344604059555
0.27653095334756894
0.05178009284279522
0.07555427320716632
0.002377382486341728
0.22326860317649733
0.40629752744576
0.40199718411147156
0.21613777521306024
0.004942990374763173
0.054394761402711544
0.08942129043167876
0.319274633569728
0.4467046491012572
0.3681082898123202
0.1506088616096009
0.023579132656378232
0.008176728452241933
0.18591741267967335
0.39965923468010267
0.45767960973231453
0.31363547116246027
0.08861966800071952
0.029205885602984483
0.05943378094069282
0.28264330814681055
0.45694558334962276
0.43935319035424547
0.2458806103683334
0.038270128636584466
0.01006652128660307
0.14222146599375282
0.37015032026913774
0.48599197210983147
0.39486901899246657
0.17339184625380716
0.006160714370100434
0.03276209774102837
0.2320740465292312
0.43977232341691563
0.48452761872826183
0.33000884156489646
0.10499520626856337
0.0033608332011082487
0.0953476022560237
0.319849137809582
0.484554419301381
0.45337879648000273
0.2525338096604548
0.048801961510672814
0.011301400989765759
0.17131477122233799
0.39636096153293343
0.5
0.39636096153293343
0.17131477122233799
0.011301400989765759
0.048801961510672814
0.2525338096604548
0.45337879648000273
0.484554419301381
0.319849137809582
0.0953476022560237
0.0033608332011082487
0.10499520626856337
0.33000884156489646
0.48452761872826183
0.43977232341691563
0.2320740465292312
0.03276209774102837
0.006160714370100434
0.17339184625380716
0.39486901899246657
0.48599197210983147
0.37015032026913774
0.14222146599375282
0.01006652128660307
0.038270128636584466
0.2458806103683334
0.43935319035424547
0.45694558334962276
0.28264330814681055
0.05943378094069282
0.029205885602984483
0.08861966800071952
0.31363547116246027
0.45767960973231453
0.39965923468010267
0.18591741267967335
0.008176728452241933
0.023579132656378232
0.1506088616096009
0.3681082898123202
0.4467046491012572
0.319274633569728
0.08942129043167876
0.054394761402711544
0.004942990374763173
0.21613777521306024
0.40199718411147156
0.40629752744576
0.22326860317649733
0.002377382486341728
0.07555427320716632
0.05178009284279522
0.27653095334756894
0.41008344604059555
0.33938916263442154
0.12066583743894055
0.06719663518550864
0.07090513715636432
0.11018324879666833
0.32352963577185107
0.3898441613149552
0.251688966642862
0.02108599328838806
0.11332940590756743
0.04265471631225494
0.17201885292956043
0.3502422169756048
0.3417722392761383
0.1510998166110668
0.06627099598101152
0.13270882997642405
0.0043192653034953565
0.22870802563790227
0.351947410982617
0.26936764902420895
0.046894540514437144
0.13359079741965085
0.12499999999999999
0.06305192136436467
0.2722171768514423
0.3266607075066354
0.17879974934098758
0.051256582637384
0.17525659403508376
0.09283426309731872
0.1253052118788883
0.2959896523743182
0.27540068794738737
0.07827672739492739
0.13430146825222436
0.18841886837929755
0.041471755942210725
0.18252207548078175
0.2957148330852317
0.2021247539748674
0.02280964832374968
0.19475445499831587
0.17326153722435916
0.02182430760193302
0.22681457296554686
0.26984892819022077
0.11334018007898208
0.11487104213377777
0.2274739686707954
0.13293631586047594
0.08863161886670162
0.2518762012248464
0.2198290333382687
0.01743213529079067
0.1891338958756493
0.23018520735036802
0.07317365391296511
0.15033707447681038
0.2537169158709436
0.14995580634783262
0.07621850266537297
0.23856494274003145
0.20369142919020805
0.001614105511014624
0.19912182625048291
0.23113896518555882
0.0669566308250546
0.15823152563072282
0.25861009722133543
0.1517516012463827
0.07306533102759188
0.22885375325047153
0.18590023431287733
0.020723627071391977
0.22022929720625584
0.24766636105147152
0.08063876893383745
0.1421329174428405
0.23578831638963052
0.12254627959346467
0.10382708861291162
0.2557347893578904
0.2072356365135682
0.0015714931489608785
0.19778317428659298
0.21899995807254882
0.047928803585788146
0.1732837748118987
0.26086765673324674
0.14174419350957437
0.08590363478690557
0.23400864183515205
0.1804959907327025
0.029537043651116188
0.22119942194519443
0.23476231919216367
0.058048163916551515
0.16347591607122203
0.24726604110138678
0.125
0.10079526478139897
0.24172194208927772
0.17966244031641637
0.035320189727019696
0.22647578274185454
0.23686325450994478
0.05942830844452138
0.1571502871369428
0.23169144938499536
0.10068161446775795
0.1290823419780066
0.26900938639189115
0.20502442938303533
0.007883016235152751
0.19123684693784693
0.19100240353080636
0.0052566141819825885
0.21421722262070475
0.2877318272244165
0.15662609216993403
0.0681155058291329
0.1978516994828316
0.12263790897359675
0.09764681224427013
0.28292855552710217
0.28218899702682987
0.0986335293438364
0.11296662821901068
0.17455538864743386
0.03237209166366728
0.19848856257150083
0.3294697682986858
0.2548338010074472
0.03929983790087735
0.13559887000904144
0.12197742680126916
0.07182718829321927
0.28816471908061236
0.3507362622205121
0.21071552633493001
0.01278367541187353
0.1314345680885047
0.04379069294147653
0.1806302334890785
0.3589635150196956
0.34656058534984924
0.15687724025411023
0.049680555582414715
0.09870830210066422
0.053642914187802426
0.28432130891617047
0.4053623958616098
0.31967888237373276
0.10152836548432156
0.06503560394986183
0.0387151834863213
0.1619175117452648
0.3738119483884649
0.42457945871744146
0.27537328863704746
0.0530844429705202
0.054831710855140214
0.04427329937621363
0.2714490500138243
0.44158136746473786
0.4168196900428084
0.2208306972920786
0.019180814265349094
0.017892743790715787
0.14341775920152988
0.3724678224045205
0.48244170174082424
0.3851900912348174
0.16428962159422777
0.005769915965111644
0.04392403607724904
0.25
0.45602972485171006
0.4940451363029319
0.3352942780780636
0.11407025466001083
0.016402749038133907
0.12586846884257616
0.35431820208501236
0.5149363157228097
0.47707843698016483
0.2745524469997631
0.0775957230697559
0.0517748692309066
0.22075676092859237
0.4466910492551397
0.5444637902338507
0.43512480662553854
0.2113228338076601
0.06051351906959085
0.10958816374624702
0.319700326848622
0.51846167029357
0.5428220068429321
0.37420958389686765
0.15392262277222235
0.06601506947454513
0.18474493238575757
0.41302534633088095
0.5628922686087006
0.5112943743381906
0.3020810523727695
0.10965729392774429
0.09442957054489157
0.26985420046213116
0.49128315535233147
0.5758522924159665
0.45404446380503416
0.22730671216816128
0.08396641142689559
0.143137988719878
0.3559957815141695
0.5462415300687808
0.5562256364246321
0.3776117940990563
0.15828558615055027
0.07978096499061091
0.20681782335417498
0.4336591662626336
0.57174893135349
0.5059931755904044
0.29015332996311555
0.10228626564285118
0.097163999389372
0.2779927344124016
0.4937549704757318
0.5643776353977448
0.42998252488166794
0.2005150804410177
0.0646174434407442
0.13327497688683498
0.3478274716659046
0.528588558358248
0.5237758604280263
0.3353133832077953
0.11723673076807294
0.04802296271097123
0.1826625589513602
0.4070814080451465
0.5326894650431171
0.452690853401281
0.23060014634107753
0.04759944621161631
0.05236855075156022
0.2378542025264657
0.44711636600945254
0.5034059339375836
0.3566609226862175
0.12499999999999997
0.003177938077246187
0.07465514434851549
0.2901781378958067
0.46084827283350643
0.4411995392307378
0.24341063417665176
0.027211515768240782
0.03250563616739624
0.1093576008004867
0.3307275442240277
0.44353816891644415
0.34960766240468066
0.12201584720552015
0.05546597641383813
0.04069010839806182
0.1490516016196562
0.35136090147435367
0.393335567637383
0.23487793008246277
0.0019303863894702955
0.11790884863491682
0.030872450464683385
0.18525965681289172
0.3456283195407548
0.31151420762593673
0.10531460570363904
0.10801883310114585
0.15769633411382888
0.008645054977872386
0.20942281927429612
0.309521590573253
0.20237387790601327
0.02959158403184247
0.2005581347746374
0.17533086833861183
0.018610790636663516
0.21389069788591064
0.24196490858694866
0.07281853681845576
0.1601550750435352
0.2707136009965925
0.17412803238868146
0.04259282350204373
0.1928201605571559
0.14499154360035885
0.06834362864270828
0.2775002513661821
0.31629647727456583
0.15978903800334426
0.05505491464874446
0.14288299003854832
0.023586131714096882
0.21130213856826538
0.374469816069275
0.338075039943704
0.13970377535664671
0.04878487124142421
0.06370361352876472
0.1147911299557429
0.3462500189356529
0.44633792785384885
0.33961514136931287
0.12206222571649997
0.01847421758798927
0.04202241934055764
0.2609472395781248
0.46438403866184064
0.49125088796171046
0.32680821754664413
0.11487324340362458
0.03861699649045182
0.16874353464815936
0.40488570298233034
0.5587906814858905
0.5103482372711798
0.3071400243885053
0.12499999999999999
0.12227486048516767
0.3085785323627431
0.5368215747172451
0.6251218032361023
0.507552359131317
0.28878196602505646
0.15731962480917486
0.2292695702833267
0.4520978322691885
0.6481720328535268
0.6619871179049717
0.4890512020324228
0.27960644383885336
0.21410096106507512
0.3536250067785674
0.5892751214703036
0.7324150187988772
0.6710218352793909
0.46253251946182905
0.2862360354545874
0.2946703838670264
0.4871917733538538
0.7105062241365566
0.7857229926972673
0.6566235082640431
0.43625535551247624
0.31323258609978566
0.3954039298577354
0.6204621458825536
0.8075846020447263
0.8073035700371474
0.6253885085023569
0.41806237753276065
0.3625168705972221
0.5100480568472694
0.7435387368372397
0.8745276189086459
0.7994109976128105
0.5853115352570086
0.41444310584671307
0.4330840599409187
0.6303351370071352
0.8471516970909576
0.9081640436835241
0.7670285567270474
0.544837547278313
0.4297524070238952
0.5210475996964686
0.746827274654847
0.9236138438683061
0.9084194316561734
0.7172580757044883
0.5118716337825395
0.46567142809458617
0.6200078688868231
0.8498968070763865
0.9676098107037182
0.8782691311271784
0.6584848240408394
0.49285683681480796
0.5209713473370872
0.7217061259079416
0.9307366720482689
0.9767334296706784
0.8233650782605408
0.5994106193811276
0.49202231109073347
0.5916068535015376
0.816892709741676
0.9822903805879232
0.9517150877270995
0.751378260439413
0.548062307405501
0.5108853006620572
0.6711298234903815
0.8963147224618925
