0.4821957514135839
0.1459499711199635
0.19130908812462047
0.47288847027862474
0.5893560794036982
0.24542719054276155
0.5189735370379618
0.406557788026286
0.5806973988046138
0.5247595827702201
0.7331870992338634
0.636577235377515
0.5784852808623366
0.6632450894504338
0.651941487985933
0.20714975911781625
0.5522914428500871
0.3943648974472098
0.05441771483229238
0.06673318326665438
0.338048001081934
0.41460754405615763
0.11096768415836607
0.2701256242690257
0.41735006347275855
0.26551288525322914
0.32344184764974165
0.24201274487441554
0.3664304185724025
0.17780692621430935
0.48682164336926115
0.5550696436891576
0.44094953690998173
0.8787054843143742
0.6777000269727361
0.08672990538099669
0.30997739450336814
0.16369198833407697
0.09927712837749665
0.09780757812026476
0.04957898704276796
0.5113843392805176
0.19752685010423976
0.05068194189434145
0.20860365991726207
0.27398166714782374
0.24146909628112398
0.2774329020108925
0.037864362653871775
0.1931191256456992
0.20898191448662606
0.39970628223988985
0.22316218345028782
1.0
0.5849696972404469
0.03620770347268871
0.07747458574444412
0.014903167822422866
0.18829112484231464
0.049805777644103724
0.16482380406329578
0.4252022812323736
0.4830384799696175
0.2502872296363024
0.027857770401255116
0.1542445842757177
0.3663643602178102
0.36738910776482353
0.11382256419556683
0.3448513360895939
0.02568938901204563
0.19442073637043952
0.019583461966142166
0.9340234027766593
0.31241705864194697
0.04513514584690955
0.016656587612449855
0.11408873974414657
0.259729028911892
0.015935051840380906
0.27554218788082063
0.3296203427825339
0.5557276578496612
0.30114783000929396
0.17668255034262348
0.09163108528196996
0.5183956352790082
0.2435202245363074
0.040761637610448404
0.2993237764765625
0.1001374798583375
0.006469939103737308
0.12170131841303886
0.6006128434771473
0.06881317569546447
0.012779410892617976
0.03835900656977267
0.1724141567826713
0.2811925060451569
0.03910432758974324
0.33453886797984117
0.2895356238919383
0.47255392170815486
0.2891667324276199
0.3465453202946182
0.26312498592435885
0.4750273001070817
0.11271516768764013
0.29761393838837397
0.2287207204980509
0.15628617071502166
0.05079262376221439
0.01958061094043431
0.1571393277364315
0.29108978639222827
0.0866004270823735
0.028295002447891942
0.1349424885192393
0.1805269846030136
0.09988712220333833
0.29587660935235466
0.2381325109879872
0.3357165663033023
0.20101426208183604
0.3445316998772124
0.24268565133780712
0.2750306235569979
0.4499358079605256
0.41183322879287465
0.17113253666800615
0.06344557521479768
0.08597101302236808
0.23655622858439282
0.08237629500393269
0.19655891653522706
0.22146364774454952
0.07282986992001897
0.009470164357201634
0.0394224714625464
0.0544503731054947
0.1425026859266622
0.1919981299006447
0.1481238266139327
0.018325783826763822
0.20597015317875803
0.1502134341382939
0.10238864078332145
0.5919798705243173
0.3652313313509408
0.07431806554356575
0.10599616323186417
0.19886492194154998
0.284665713186379
0.022697244207466244
0.04821957514135839
0.2574581385604051
0.22220354879857726
0.10909756636167676
3.440773325507063E-4
0.08123985936382976
0.027165466033703223
0.230363663985517
0.03850036419975901
0.12672149221891504
0.1114923054190155
0.10876490406684623
0.002191584940374903
0.5714918745949359
0.238942096225229
0.003577803972657354
0.15166774395218774
0.13685054828854878
0.17172896135934315
0.1291681953144068
0.19544954971341727
0.19400638727347927
0.2519721004561158
0.06207886245509708
0.01627462387312972
0.12647490108317705
0.07401445087583544
0.28644710582986393
0.07870416437115799
0.1144006269625538
0.10866549207712826
0.07157242327189842
0.07708917183705821
0.4372540487100892
0.05111366433683457
0.019559928955902563
0.038988295793516654
0.011765191253806742
0.0818577925938603
0.1905512505767049
0.2043338287878254
0.15143716078713723
0.13419993385192533
0.0051275058045586784
0.058528521809616714
0.021976451658538284
0.17215234415927885
0.21393383693031096
0.0340473476515647
0.03830244202862696
0.09399409211343351
9.596862792137954E-4
0.09113561262120538
0.1968681619113743
0.1315930572753874
0.05573554139642355
0.06047716505084359
0.02086947385626612
0.06206990994454287
0.18085767804828595
0.14209735240564958
0.1258857350827457
0.04086436232392749
0.045760013478264826
0.18804513653422972
0.06636713623469165
0.16019647007060114
0.05279771845707006
0.1026082066284893
0.038962901136042734
0.06022249746363701
0.015074112258319824
0.013664145329482727
0.0286298038461369
0.1407584481860518
0.024365441153678898
0.059268835376482754
0.0
0.019614173531759316
0.13886222349944521
2.574059624263034E-4
0.028558642050245213
0.05827661700494667
0.1267232589130137
0.19449310893951566
0.02423150739378074
0.07945356380971648
0.012804949046316733
0.017915474339564582
0.05996057965682515
0.10802924973139837
0.0643140260828401
0.12476739092502277
0.06099763064044955
0.05576754027353993
0.14701946205017813
0.04905535016534431
0.019276167798818564
0.04796235849328895
0.026180998280631643
0.20142869395413987
0.08326887416952111
0.06750819878989442
0.09163397545342108
0.06122584301658884
0.05230150209343514
0.04866987736007104
0.04600508218522776
0.08586836365742367
0.020353300852961442
0.20449626767426626
0.10272407033665466
0.1073198745435654
0.06800659419651751
0.23900664121664525
0.14740299860150094
0.06864100353854408
0.039269603868433874
0.06860730900026889
0.10906033154146119
0.2976392422301646
0.06701773613054993
0.008425339188591258
0.010394647268147433
0.053703781337364594
0.07377799224863771
0.031184834246121847
0.0863250304281555
0.08129533273964931
0.13747210622319456
0.1884152004613081
0.02610009278251329
0.03575467167339929
0.13684970332824056
0.2246193929901426
0.04816979910834932
0.02876136811557647
0.016164838664991955
0.08292791315335302
0.11915644515768448
0.1897172869424694
0.045513207192280296
0.07136823638536391
0.049435394707311946
0.08691640544750757
0.1056446940610038
0.05723151473136019
0.06881764896426133
0.03909916980384608
0.1471205496661333
0.0482260158830895
0.033062729810344846
0.059432866216381254
0.06520802510634459
0.09643915028271678
0.003831769858478383
0.07009420930326211
0.040004019899012574
0.17040120302190956
0.004249009079141283
0.024763808886297742
0.09178065652102833
0.059124252466711574
0.039469939301936804
0.11068389044123732
0.18334796419983007
0.13814779126309576
0.09836812274505179
0.04302095149872667
0.07695701064721563
0.047103506170522336
0.031086440183225816
0.12834974722818696
0.004228780972684819
0.010328892612739166
0.003712321520526445
0.09084775027208088
0.1574507644367173
0.23784827648216475
0.049527114346117604
0.017778255036454048
0.05462994441293281
0.06044035207665498
0.045754818497975955
0.12349253105625914
0.20190553001822428
0.09414752812168081
0.1821529722841912
0.02927899411559254
0.04640899365018047
0.028028061341819937
0.11067443358406234
0.08597487921121702
0.010303315310831495
0.04427614147437941
0.051746197738777616
0.008845990133029263
0.22190019444156958
0.1300283869743013
0.03144801672912059
0.018913054898582648
0.054916112451996464
0.10964164048763078
0.00783702914771793
0.05368890529557563
0.12211096945350904
0.006133340286703212
0.2007429594111721
0.0415185533059462
0.033337028043884456
0.0019867773206409174
0.08665150811602465
0.04465345488516848
0.01304476122187117
0.11938404678857792
0.11623491036822897
0.02480982030909209
0.11379928031964112
0.08324964356986454
0.09412745419155126
0.011144687664523074
0.0951610077906059
0.08955189327937099
0.128913606771144
0.029890113350782503
0.07752159610335886
0.02552502568866228
0.14606293420118407
0.055792788884314604
0.05032677351652339
0.003481548561923372
0.030569985679928597
0.1060340463827466
0.04436898801161724
0.13568464478328435
0.0821925478385618
0.05051604738055204
0.04133107573804363
0.17629507470951544
0.03459575696125556
0.0040209894368849475
0.061474956075621416
0.040269401801911284
0.23241417025274874
0.030926035390936968
0.13884235983427376
0.003664681470111454
0.14271325753225536
0.050619419259667245
0.14166138762577402
0.062147791001583796
0.03955639072844341
0.07075489352976833
0.068029536499702
0.031176142737781597
0.009710592757123288
0.10488973240699516
0.06736725540303296
0.10092885805966195
0.03989148566178747
0.06152595737684727
0.03012330884859772
0.13311436871150134
0.15913619117373073
0.20147350594305416
0.17431650852489305
0.022033377116659297
0.1999745723942725
0.14882643713631039
0.12275913798838435
0.16483606821633282
0.05259983593056929
0.02740356847627157
0.02717329145976865
0.0781957886283086
0.018527405574147008
0.06875549584067882
0.003685331516936122
0.014225145888018783
0.03027927528023712
0.13674961967682808
0.041968058848614063
0.09930110843538992
0.002146814611453514
0.26820214137741305
0.08697602423577482
0.04712942061617463
0.18619977045259015
0.13296308676282423
0.05646919519255073
0.1647579034834772
0.005340451105171599
0.03125428043260956
0.019742610743697226
0.0789326336199394
0.03884805685333223
0.05170937155732045
0.016037172421691157
0.001229603819357585
0.003654191366750088
0.11216427588364124
0.027089254666664356
0.052030698117785795
0.053723605007978945
0.16182377253244906
0.008252372770046174
0.0400968988093368
0.08926126699144882
0.09643915028271678
0.08926126699144882
0.0400968988093368
0.008252372770046174
0.16182377253244906
0.053723605007978945
0.052030698117785795
0.027089254666664356
0.11216427588364124
0.003654191366750088
0.001229603819357585
0.016037172421691157
0.05170937155732045
0.03884805685333223
0.0789326336199394
0.019742610743697226
0.03125428043260956
0.005340451105171599
0.1647579034834772
0.05646919519255073
0.13296308676282423
0.18619977045259015
0.04712942061617463
0.08697602423577482
0.26820214137741305
0.002146814611453514
0.09930110843538992
0.041968058848614063
0.13674961967682808
0.03027927528023712
0.014225145888018783
0.003685331516936122
0.06875549584067882
0.018527405574147008
0.0781957886283086
0.02717329145976865
0.02740356847627157
0.05259983593056929
0.16483606821633282
0.12275913798838435
0.14882643713631039
0.1999745723942725
0.022033377116659297
0.17431650852489305
0.20147350594305416
0.15913619117373073
0.13311436871150134
0.03012330884859772
0.06152595737684727
0.03989148566178747
0.10092885805966195
0.06736725540303296
0.10488973240699516
0.009710592757123288
0.031176142737781597
0.068029536499702
0.07075489352976833
0.03955639072844341
0.062147791001583796
0.14166138762577402
0.050619419259667245
0.14271325753225536
0.003664681470111454
0.13884235983427376
0.030926035390936968
0.23241417025274874
0.040269401801911284
0.061474956075621416
0.0040209894368849475
0.03459575696125556
0.17629507470951544
0.04133107573804363
0.05051604738055204
0.0821925478385618
0.13568464478328435
0.04436898801161724
0.1060340463827466
0.030569985679928597
0.003481548561923372
0.05032677351652339
0.055792788884314604
0.14606293420118407
0.02552502568866228
0.07752159610335886
0.029890113350782503
0.128913606771144
0.08955189327937099
0.0951610077906059
0.011144687664523074
0.09412745419155126
0.08324964356986454
0.11379928031964112
0.02480982030909209
0.11623491036822897
0.11938404678857792
0.01304476122187117
0.04465345488516848
0.08665150811602465
0.0019867773206409174
0.033337028043884456
0.0415185533059462
0.2007429594111721
0.006133340286703212
0.12211096945350904
0.05368890529557563
0.00783702914771793
0.10964164048763078
0.054916112451996464
0.018913054898582648
0.03144801672912059
0.1300283869743013
0.22190019444156958
0.008845990133029263
0.051746197738777616
0.04427614147437941
0.010303315310831495
0.08597487921121702
0.11067443358406234
0.028028061341819937
0.04640899365018047
0.02927899411559254
0.1821529722841912
0.09414752812168081
0.20190553001822428
0.12349253105625914
0.045754818497975955
0.06044035207665498
0.05462994441293281
0.017778255036454048
0.049527114346117604
0.23784827648216475
0.1574507644367173
0.09084775027208088
0.003712321520526445
0.010328892612739166
0.004228780972684819
0.12834974722818696
0.031086440183225816
0.047103506170522336
0.07695701064721563
0.04302095149872667
0.09836812274505179
0.13814779126309576
0.18334796419983007
0.11068389044123732
0.039469939301936804
0.059124252466711574
0.09178065652102833
0.024763808886297742
0.004249009079141283
0.17040120302190956
0.040004019899012574
0.07009420930326211
0.003831769858478383
0.09643915028271678
0.06520802510634459
0.059432866216381254
0.033062729810344846
0.0482260158830895
0.1471205496661333
0.03909916980384608
0.06881764896426133
0.05723151473136019
0.1056446940610038
0.08691640544750757
0.049435394707311946
0.07136823638536391
0.045513207192280296
0.1897172869424694
0.11915644515768448
0.08292791315335302
0.016164838664991955
0.02876136811557647
0.04816979910834932
0.2246193929901426
0.13684970332824056
0.03575467167339929
0.02610009278251329
0.1884152004613081
0.13747210622319456
0.08129533273964931
0.0863250304281555
0.031184834246121847
0.07377799224863771
0.053703781337364594
0.010394647268147433
0.008425339188591258
0.06701773613054993
0.2976392422301646
0.10906033154146119
0.06860730900026889
0.039269603868433874
0.06864100353854408
0.14740299860150094
0.23900664121664525
0.06800659419651751
0.1073198745435654
0.10272407033665466
0.20449626767426626
0.020353300852961442
0.08586836365742367
0.04600508218522776
0.04866987736007104
0.05230150209343514
0.06122584301658884
0.09163397545342108
0.06750819878989442
0.08326887416952111
0.20142869395413987
0.026180998280631643
0.04796235849328895
0.019276167798818564
0.04905535016534431
0.14701946205017813
0.05576754027353993
0.06099763064044955
0.12476739092502277
0.0643140260828401
0.10802924973139837
0.05996057965682515
0.017915474339564582
0.012804949046316733
0.07945356380971648
0.02423150739378074
0.19449310893951566
0.1267232589130137
0.05827661700494667
0.028558642050245213
2.574059624263034E-4
0.13886222349944521
0.019614173531759316
0.0
0.059268835376482754
0.024365441153678898
0.1407584481860518
0.0286298038461369
0.013664145329482727
0.015074112258319824
0.06022249746363701
0.038962901136042734
0.1026082066284893
0.05279771845707006
0.16019647007060114
0.06636713623469165
0.18804513653422972
0.045760013478264826
0.04086436232392749
0.1258857350827457
0.14209735240564958
0.18085767804828595
0.06206990994454287
0.02086947385626612
0.06047716505084359
0.05573554139642355
0.1315930572753874
0.1968681619113743
0.09113561262120538
9.596862792137954E-4
0.09399409211343351
0.03830244202862696
0.0340473476515647
0.21393383693031096
0.17215234415927885
0.021976451658538284
0.058528521809616714
0.0051275058045586784
0.13419993385192533
0.15143716078713723
0.2043338287878254
0.1905512505767049
0.0818577925938603
0.011765191253806742
0.038988295793516654
0.019559928955902563
0.05111366433683457
0.4372540487100892
0.07708917183705821
0.07157242327189842
0.10866549207712826
0.1144006269625538
0.07870416437115799
0.28644710582986393
0.07401445087583544
0.12647490108317705
0.01627462387312972
0.06207886245509708
0.2519721004561158
0.19400638727347927
0.19544954971341727
0.1291681953144068
0.17172896135934315
0.13685054828854878
0.15166774395218774
0.003577803972657354
0.238942096225229
0.5714918745949359
0.002191584940374903
0.10876490406684623
0.1114923054190155
0.12672149221891504
0.03850036419975901
0.230363663985517
0.027165466033703223
0.08123985936382976
3.440773325507063E-4
0.10909756636167676
0.22220354879857726
0.2574581385604051
0.04821957514135839
0.022697244207466244
0.284665713186379
0.19886492194154998
0.10599616323186417
0.07431806554356575
0.3652313313509408
0.5919798705243173
0.10238864078332145
0.1502134341382939
0.20597015317875803
0.018325783826763822
0.1481238266139327
0.1919981299006447
0.1425026859266622
0.0544503731054947
0.0394224714625464
0.009470164357201634
0.07282986992001897
0.22146364774454952
0.19655891653522706
0.08237629500393269
0.23655622858439282
0.08597101302236808
0.06344557521479768
0.17113253666800615
0.41183322879287465
0.4499358079605256
0.2750306235569979
0.24268565133780712
0.3445316998772124
0.20101426208183604
0.3357165663033023
0.2381325109879872
0.29587660935235466
0.09988712220333833
0.1805269846030136
0.1349424885192393
0.028295002447891942
0.0866004270823735
0.29108978639222827
0.1571393277364315
0.01958061094043431
0.05079262376221439
0.15628617071502166
0.2287207204980509
0.29761393838837397
0.11271516768764013
0.4750273001070817
0.26312498592435885
0.3465453202946182
0.2891667324276199
0.47255392170815486
0.2895356238919383
0.33453886797984117
0.03910432758974324
0.2811925060451569
0.1724141567826713
0.03835900656977267
0.012779410892617976
0.06881317569546447
0.6006128434771473
0.12170131841303886
0.006469939103737308
0.1001374798583375
0.2993237764765625
0.040761637610448404
0.2435202245363074
0.5183956352790082
0.09163108528196996
0.17668255034262348
0.30114783000929396
0.5557276578496612
0.3296203427825339
0.27554218788082063
0.015935051840380906
0.259729028911892
0.11408873974414657
0.016656587612449855
0.04513514584690955
0.31241705864194697
0.9340234027766593
0.019583461966142166
0.19442073637043952
0.02568938901204563
0.3448513360895939
0.11382256419556683
0.36738910776482353
0.3663643602178102
0.1542445842757177
0.027857770401255116
0.2502872296363024
0.4830384799696175
0.4252022812323736
0.16482380406329578
0.049805777644103724
0.18829112484231464
0.014903167822422866
0.07747458574444412
0.03620770347268871
0.5849696972404469
1.0
0.22316218345028782
0.39970628223988985
0.20898191448662606
0.1931191256456992
0.037864362653871775
0.2774329020108925
0.24146909628112398
0.27398166714782374
0.20860365991726207
0.05068194189434145
0.19752685010423976
0.5113843392805176
0.04957898704276796
0.09780757812026476
0.09927712837749665
0.16369198833407697
0.30997739450336814
0.08672990538099669
0.6777000269727361
0.8787054843143742
0.44094953690998173
0.5550696436891576
0.48682164336926115
0.17780692621430935
0.3664304185724025
0.24201274487441554
0.32344184764974165
0.26551288525322914
0.41735006347275855
0.2701256242690257
0.11096768415836607
0.41460754405615763
0.338048001081934
0.06673318326665438
0.05441771483229238
0.3943648974472098
0.5522914428500871
0.20714975911781625
0.651941487985933
0.6632450894504338
0.5784852808623366
0.636577235377515
0.7331870992338634
0.5247595827702201
0.5806973988046138
0.406557788026286
0.5189735370379618
0.24542719054276155
0.5893560794036982
0.47288847027862474
0.19130908812462047
0.1459499711199635
