1.0
0.2385215773415661
0.6039212945742657
0.36453301583441605
0.1385485683478966
0.0689459677569763
0.4907021388798409
0.5028082808624236
0.35901984503776224
0.42361991189797
0.24296356894858248
0.04982006239094944
0.36719582680036883
0.08944534365998132
0.3502673338074973
0.013912799654796785
0.10665735649241735
0.10815259829373473
0.6130490800719861
0.5607838235116304
0.5575402894627118
0.7781336534102938
7.401486830834377E-17
0.2903556565861599
0.35570680657609893
0.5336216408250493
0.11810074535614341
0.8908046138312904
0.27787833685551006
0.5561255479681647
0.23132868633635692
0.07614547349694885
0.17446556727353948
0.07417364465210469
0.36226846544674557
0.09316201583122663
0.15112060829995647
0.36391995013032225
0.016492587798768055
0.7026319454882287
0.1697717415189656
0.5556570936540407
0.3425487772390259
0.12014579554073461
1.1102230246251565E-16
0.6510088031303908
0.6554767762685036
0.5019394865579418
0.8751712087053244
0.013177494787049437
0.3551097547577939
0.19736719611001066
0.352448772171962
0.06685937262722978
0.5902464991695586
0.24356068291093022
0.41041028602750407
0.007025384189436601
0.30965943169100246
0.281451422306459
0.3752867875903599
0.17849616537890067
0.1798496176043786
0.11674283142535735
0.4287289815664721
0.056248412339836094
0.9009688679024194
0.37355261867562417
0.6594995885830072
0.5401229657534196
0.06980627594343218
0.05425982434602139
0.5089279134973719
0.6245777928546997
0.3372719749853468
0.7703620890767097
0.02739493728676749
0.3333333333333333
0.07141751757208385
0.09431556740572267
0.2787111542355172
0.17229719740133972
0.16291983929291778
0.20806174287787213
0.22950506257682912
0.5085580466565854
0.3491761105459093
0.7511395904493007
7.401486830834377E-17
0.40305701886625744
0.29841274041307936
0.40589587759071116
0.04303844816494732
0.9025425034034301
0.4842268733438644
0.6381836605986576
0.5679604975835999
0.04404738627365279
0.04789237617795735
0.2078299339529112
0.4783196511070627
0.09172667837298613
0.503638613089831
0.09963554298387771
0.24815972053983615
0.3752944031259175
0.1878173621601855
0.46763784439781003
0.26154476148470746
0.07386041380301737
3.700743415417188E-17
0.3949436752915008
0.6235880486392101
0.34367987840763087
0.9639549461840695
0.13189762341389022
0.533228310958053
0.3417305988258253
0.28482340870724315
0.031031082869261335
0.6963916134799577
0.4887012478865513
0.49657021260683404
0.43627921677744247
0.19896717017413565
0.00434965778752842
0.1855412854282034
0.252693008335726
0.18552924438350318
0.15416970250436168
0.16862163574353706
0.13716544056730506
0.6234898018587335
0.4345969825587562
0.5844559008412206
0.6087349381314952
0.01276200552942064
0.16671879278421442
0.4263542732554941
0.6226420130281575
0.24872325391775943
0.9645246066428013
0.1935995976815494
0.5508258495439967
0.23850590688972606
0.08050543632223507
0.15195281239920366
0.32438162142568605
0.4002287628255859
0.26676170757522627
0.19949524725654677
0.3556061116060684
0.071653320571524
0.5753731194772925
1.850371707708594E-17
0.4359279953899522
0.1820143712191621
0.1977774578132745
0.040548141517244396
0.7355207812191167
0.5946683389135893
0.5938416724386237
0.7921007667060241
0.0032251739931180947
0.2607646471659614
0.3003229559674731
0.4996337636600752
0.07212374730909059
0.7564048138350224
0.18438290540026814
0.46366095274628155
0.026374798459285292
0.16866345079679657
0.28699718485680425
0.12873859808234436
0.2532376623545523
3.700743415417188E-17
0.060655108894816956
0.4681900601713922
0.11735025538158615
0.8618155844394728
0.2244938101054156
0.6057344605569984
0.4184100653934282
0.16078527601818382
0.01094329342222126
0.6646078280579945
0.6370485371907605
0.4843783185453819
0.7791225998692157
0.0488670204320758
0.2736136098012738
0.04095294382754359
0.2768409019152904
0.15446252894561388
0.39454703608577235
0.12488329304705496
0.30341199574635874
0.22252093395631412
0.40956408406391565
0.3936535540565987
0.5567794903685447
0.0928026152914454
0.2461570596396818
0.2593359403033502
0.49738434631822476
0.1109118420212325
0.9676511967452717
0.3762493579857861
0.6592205508167523
0.5011903114090362
0.05075021624074627
0.00490164751171888
0.4122182870471633
0.5582674713969898
0.2726262444696636
0.5889830767221174
0.13222202492921611
0.22006128831235913
0.28564694570457844
5.088522196198634E-17
0.3824580861206548
0.029565823545518993
0.049513213065422224
0.11610367448162484
0.4228201477439509
0.5873284468329125
0.4318820580619544
0.8593557645039295
0.03823582355091685
0.4219892817142228
0.3333333333333333
0.4219892817142228
0.03823582355091685
0.8593557645039295
0.4318820580619544
0.5873284468329125
0.4228201477439509
0.11610367448162484
0.049513213065422224
0.029565823545518993
0.3824580861206548
5.088522196198634E-17
0.28564694570457844
0.22006128831235913
0.13222202492921611
0.5889830767221174
0.2726262444696636
0.5582674713969898
0.4122182870471633
0.00490164751171888
0.05075021624074627
0.5011903114090362
0.6592205508167523
0.3762493579857861
0.9676511967452717
0.1109118420212325
0.49738434631822476
0.2593359403033502
0.2461570596396818
0.0928026152914454
0.5567794903685447
0.3936535540565987
0.40956408406391565
0.22252093395631412
0.30341199574635874
0.12488329304705496
0.39454703608577235
0.15446252894561388
0.2768409019152904
0.04095294382754359
0.2736136098012738
0.0488670204320758
0.7791225998692157
0.4843783185453819
0.6370485371907605
0.6646078280579945
0.01094329342222126
0.16078527601818382
0.4184100653934282
0.6057344605569984
0.2244938101054156
0.8618155844394728
0.11735025538158615
0.4681900601713922
0.060655108894816956
3.700743415417188E-17
0.2532376623545523
0.12873859808234436
0.28699718485680425
0.16866345079679657
0.026374798459285292
0.46366095274628155
0.18438290540026814
0.7564048138350224
0.07212374730909059
0.4996337636600752
0.3003229559674731
0.2607646471659614
0.0032251739931180947
0.7921007667060241
0.5938416724386237
0.5946683389135893
0.7355207812191167
0.040548141517244396
0.1977774578132745
0.1820143712191621
0.4359279953899522
1.850371707708594E-17
0.5753731194772925
0.071653320571524
0.3556061116060684
0.19949524725654677
0.26676170757522627
0.4002287628255859
0.32438162142568605
0.15195281239920366
0.08050543632223507
0.23850590688972606
0.5508258495439967
0.1935995976815494
0.9645246066428013
0.24872325391775943
0.6226420130281575
0.4263542732554941
0.16671879278421442
0.01276200552942064
0.6087349381314952
0.5844559008412206
0.4345969825587562
0.6234898018587335
0.13716544056730506
0.16862163574353706
0.15416970250436168
0.18552924438350318
0.252693008335726
0.1855412854282034
0.00434965778752842
0.19896717017413565
0.43627921677744247
0.49657021260683404
0.4887012478865513
0.6963916134799577
0.031031082869261335
0.28482340870724315
0.3417305988258253
0.533228310958053
0.13189762341389022
0.9639549461840695
0.34367987840763087
0.6235880486392101
0.3949436752915008
3.700743415417188E-17
0.07386041380301737
0.26154476148470746
0.46763784439781003
0.1878173621601855
0.3752944031259175
0.24815972053983615
0.09963554298387771
0.503638613089831
0.09172667837298613
0.4783196511070627
0.2078299339529112
0.04789237617795735
0.04404738627365279
0.5679604975835999
0.6381836605986576
0.4842268733438644
0.9025425034034301
0.04303844816494732
0.40589587759071116
0.29841274041307936
0.40305701886625744
7.401486830834377E-17
0.7511395904493007
0.3491761105459093
0.5085580466565854
0.22950506257682912
0.20806174287787213
0.16291983929291778
0.17229719740133972
0.2787111542355172
0.09431556740572267
0.07141751757208385
0.3333333333333333
0.02739493728676749
0.7703620890767097
0.3372719749853468
0.6245777928546997
0.5089279134973719
0.05425982434602139
0.06980627594343218
0.5401229657534196
0.6594995885830072
0.37355261867562417
0.9009688679024194
0.056248412339836094
0.4287289815664721
0.11674283142535735
0.1798496176043786
0.17849616537890067
0.3752867875903599
0.281451422306459
0.30965943169100246
0.007025384189436601
0.41041028602750407
0.24356068291093022
0.5902464991695586
0.06685937262722978
0.352448772171962
0.19736719611001066
0.3551097547577939
0.013177494787049437
0.8751712087053244
0.5019394865579418
0.6554767762685036
0.6510088031303908
1.1102230246251565E-16
0.12014579554073461
0.3425487772390259
0.5556570936540407
0.1697717415189656
0.7026319454882287
0.016492587798768055
0.36391995013032225
0.15112060829995647
0.09316201583122663
0.36226846544674557
0.07417364465210469
0.17446556727353948
0.07614547349694885
0.23132868633635692
0.5561255479681647
0.27787833685551006
0.8908046138312904
0.11810074535614341
0.5336216408250493
0.35570680657609893
0.2903556565861599
7.401486830834377E-17
0.7781336534102938
0.5575402894627118
0.5607838235116304
0.6130490800719861
0.10815259829373473
0.10665735649241735
0.013912799654796785
0.3502673338074973
0.08944534365998132
0.36719582680036883
0.04982006239094944
0.24296356894858248
0.42361991189797
0.35901984503776224
0.5028082808624236
0.4907021388798409
0.0689459677569763
0.1385485683478966
0.36453301583441605
0.6039212945742657
0.2385215773415661
1.0
0.2385215773415661
0.6039212945742657
0.36453301583441605
0.1385485683478966
0.0689459677569763
0.4907021388798409
0.5028082808624236
0.35901984503776224
0.42361991189797
0.24296356894858248
0.04982006239094944
0.36719582680036883
0.08944534365998132
0.3502673338074973
0.013912799654796785
0.10665735649241735
0.10815259829373473
0.6130490800719861
0.5607838235116304
0.5575402894627118
0.7781336534102938
7.401486830834377E-17
0.2903556565861599
0.35570680657609893
0.5336216408250493
0.11810074535614341
0.8908046138312904
0.27787833685551006
0.5561255479681647
0.23132868633635692
0.07614547349694885
0.17446556727353948
0.07417364465210469
0.36226846544674557
0.09316201583122663
0.15112060829995647
0.36391995013032225
0.016492587798768055
0.7026319454882287
0.1697717415189656
0.5556570936540407
0.3425487772390259
0.12014579554073461
1.1102230246251565E-16
0.6510088031303908
0.6554767762685036
0.5019394865579418
0.8751712087053244
0.013177494787049437
0.3551097547577939
0.19736719611001066
0.352448772171962
0.06685937262722978
0.5902464991695586
0.24356068291093022
0.41041028602750407
0.007025384189436601
0.30965943169100246
0.281451422306459
0.3752867875903599
0.17849616537890067
0.1798496176043786
0.11674283142535735
0.4287289815664721
0.056248412339836094
0.9009688679024194
0.37355261867562417
0.6594995885830072
0.5401229657534196
0.06980627594343218
0.05425982434602139
0.5089279134973719
0.6245777928546997
0.3372719749853468
0.7703620890767097
0.02739493728676749
0.3333333333333333
0.07141751757208385
0.09431556740572267
0.2787111542355172
0.17229719740133972
0.16291983929291778
0.20806174287787213
0.22950506257682912
0.5085580466565854
0.3491761105459093
0.7511395904493007
7.401486830834377E-17
0.40305701886625744
0.29841274041307936
0.40589587759071116
0.04303844816494732
0.9025425034034301
0.4842268733438644
0.6381836605986576
0.5679604975835999
0.04404738627365279
0.04789237617795735
0.2078299339529112
0.4783196511070627
0.09172667837298613
0.503638613089831
0.09963554298387771
0.24815972053983615
0.3752944031259175
0.1878173621601855
0.46763784439781003
0.26154476148470746
0.07386041380301737
3.700743415417188E-17
0.3949436752915008
0.6235880486392101
0.34367987840763087
0.9639549461840695
0.13189762341389022
0.533228310958053
0.3417305988258253
0.28482340870724315
0.031031082869261335
0.6963916134799577
0.4887012478865513
0.49657021260683404
0.43627921677744247
0.19896717017413565
0.00434965778752842
0.1855412854282034
0.252693008335726
0.18552924438350318
0.15416970250436168
0.16862163574353706
0.13716544056730506
0.6234898018587335
0.4345969825587562
0.5844559008412206
0.6087349381314952
0.01276200552942064
0.16671879278421442
0.4263542732554941
0.6226420130281575
0.24872325391775943
0.9645246066428013
0.1935995976815494
0.5508258495439967
0.23850590688972606
0.08050543632223507
0.15195281239920366
0.32438162142568605
0.4002287628255859
0.26676170757522627
0.19949524725654677
0.3556061116060684
0.071653320571524
0.5753731194772925
1.850371707708594E-17
0.4359279953899522
0.1820143712191621
0.1977774578132745
0.040548141517244396
0.7355207812191167
0.5946683389135893
0.5938416724386237
0.7921007667060241
0.0032251739931180947
0.2607646471659614
0.3003229559674731
0.4996337636600752
0.07212374730909059
0.7564048138350224
0.18438290540026814
0.46366095274628155
0.026374798459285292
0.16866345079679657
0.28699718485680425
0.12873859808234436
0.2532376623545523
3.700743415417188E-17
0.060655108894816956
0.4681900601713922
0.11735025538158615
0.8618155844394728
0.2244938101054156
0.6057344605569984
0.4184100653934282
0.16078527601818382
0.01094329342222126
0.6646078280579945
0.6370485371907605
0.4843783185453819
0.7791225998692157
0.0488670204320758
0.2736136098012738
0.04095294382754359
0.2768409019152904
0.15446252894561388
0.39454703608577235
0.12488329304705496
0.30341199574635874
0.22252093395631412
0.40956408406391565
0.3936535540565987
0.5567794903685447
0.0928026152914454
0.2461570596396818
0.2593359403033502
0.49738434631822476
0.1109118420212325
0.9676511967452717
0.3762493579857861
0.6592205508167523
0.5011903114090362
0.05075021624074627
0.00490164751171888
0.4122182870471633
0.5582674713969898
0.2726262444696636
0.5889830767221174
0.13222202492921611
0.22006128831235913
0.28564694570457844
5.088522196198634E-17
0.3824580861206548
0.029565823545518993
0.049513213065422224
0.11610367448162484
0.4228201477439509
0.5873284468329125
0.4318820580619544
0.8593557645039295
0.03823582355091685
0.4219892817142228
0.3333333333333333
0.4219892817142228
0.03823582355091685
0.8593557645039295
0.4318820580619544
0.5873284468329125
0.4228201477439509
0.11610367448162484
0.049513213065422224
0.029565823545518993
0.3824580861206548
5.088522196198634E-17
0.28564694570457844
0.22006128831235913
0.13222202492921611
0.5889830767221174
0.2726262444696636
0.5582674713969898
0.4122182870471633
0.00490164751171888
0.05075021624074627
0.5011903114090362
0.6592205508167523
0.3762493579857861
0.9676511967452717
0.1109118420212325
0.49738434631822476
0.2593359403033502
0.2461570596396818
0.0928026152914454
0.5567794903685447
0.3936535540565987
0.40956408406391565
0.22252093395631412
0.30341199574635874
0.12488329304705496
0.39454703608577235
0.15446252894561388
0.2768409019152904
0.04095294382754359
0.2736136098012738
0.0488670204320758
0.7791225998692157
0.4843783185453819
0.6370485371907605
0.6646078280579945
0.01094329342222126
0.16078527601818382
0.4184100653934282
0.6057344605569984
0.2244938101054156
0.8618155844394728
0.11735025538158615
0.4681900601713922
0.060655108894816956
3.700743415417188E-17
0.2532376623545523
0.12873859808234436
0.28699718485680425
0.16866345079679657
0.026374798459285292
0.46366095274628155
0.18438290540026814
0.7564048138350224
0.07212374730909059
0.4996337636600752
0.3003229559674731
0.2607646471659614
0.0032251739931180947
0.7921007667060241
0.5938416724386237
0.5946683389135893
0.7355207812191167
0.040548141517244396
0.1977774578132745
0.1820143712191621
0.4359279953899522
1.850371707708594E-17
0.5753731194772925
0.071653320571524
0.3556061116060684
0.19949524725654677
0.26676170757522627
0.4002287628255859
0.32438162142568605
0.15195281239920366
0.08050543632223507
0.23850590688972606
0.5508258495439967
0.1935995976815494
0.9645246066428013
0.24872325391775943
0.6226420130281575
0.4263542732554941
0.16671879278421442
0.01276200552942064
0.6087349381314952
0.5844559008412206
0.4345969825587562
0.6234898018587335
0.13716544056730506
0.16862163574353706
0.15416970250436168
0.18552924438350318
0.252693008335726
0.1855412854282034
0.00434965778752842
0.19896717017413565
0.43627921677744247
0.49657021260683404
0.4887012478865513
0.6963916134799577
0.031031082869261335
0.28482340870724315
0.3417305988258253
0.533228310958053
0.13189762341389022
0.9639549461840695
0.34367987840763087
0.6235880486392101
0.3949436752915008
3.700743415417188E-17
0.07386041380301737
0.26154476148470746
0.46763784439781003
0.1878173621601855
0.3752944031259175
0.24815972053983615
0.09963554298387771
0.503638613089831
0.09172667837298613
0.4783196511070627
0.2078299339529112
0.04789237617795735
0.04404738627365279
0.5679604975835999
0.6381836605986576
0.4842268733438644
0.9025425034034301
0.04303844816494732
0.40589587759071116
0.29841274041307936
0.40305701886625744
7.401486830834377E-17
0.7511395904493007
0.3491761105459093
0.5085580466565854
0.22950506257682912
0.20806174287787213
0.16291983929291778
0.17229719740133972
0.2787111542355172
0.09431556740572267
0.07141751757208385
0.3333333333333333
0.02739493728676749
0.7703620890767097
0.3372719749853468
0.6245777928546997
0.5089279134973719
0.05425982434602139
0.06980627594343218
0.5401229657534196
0.6594995885830072
0.37355261867562417
0.9009688679024194
0.056248412339836094
0.4287289815664721
0.11674283142535735
0.1798496176043786
0.17849616537890067
0.3752867875903599
0.281451422306459
0.30965943169100246
0.007025384189436601
0.41041028602750407
0.24356068291093022
0.5902464991695586
0.06685937262722978
0.352448772171962
0.19736719611001066
0.3551097547577939
0.013177494787049437
0.8751712087053244
0.5019394865579418
0.6554767762685036
0.6510088031303908
1.1102230246251565E-16
0.12014579554073461
0.3425487772390259
0.5556570936540407
0.1697717415189656
0.7026319454882287
0.016492587798768055
0.36391995013032225
0.15112060829995647
0.09316201583122663
0.36226846544674557
0.07417364465210469
0.17446556727353948
0.07614547349694885
0.23132868633635692
0.5561255479681647
0.27787833685551006
0.8908046138312904
0.11810074535614341
0.5336216408250493
0.35570680657609893
0.2903556565861599
7.401486830834377E-17
0.7781336534102938
0.5575402894627118
0.5607838235116304
0.6130490800719861
0.10815259829373473
0.10665735649241735
0.013912799654796785
0.3502673338074973
0.08944534365998132
0.36719582680036883
0.04982006239094944
0.24296356894858248
0.42361991189797
0.35901984503776224
0.5028082808624236
0.4907021388798409
0.0689459677569763
0.1385485683478966
0.36453301583441605
0.6039212945742657
0.2385215773415661
