1.0
0.11615594442897516
0.11682948846279581
0.4185596570103621
0.1117877588617927
0.08479511699066955
0.3926436844373952
0.6251979363594101
0.09978379952978425
0.20090652594175307
0.196854521592275
0.05362554583178358
0.14369147630585824
0.6764851327577831
0.6310329873697651
0.14450592748676044
0.0285085320760249
0.3738069375581207
0.03434291544885137
0.26838325149665565
0.8484089298283128
0.07826517062210067
5.551115123125783E-17
0.006005395248825073
0.03561662260978888
0.02001651280290759
0.12387585777566458
0.403562013048736
0.00924343857126544
0.23478118623033328
0.1863148312825174
0.3316988595556988
0.22370795018330675
0.37339882298585964
0.20463315651443478
0.1920429354224577
0.1310028410387903
0.2607625554461312
0.1069022548188104
0.004304541205368067
0.10894754360164119
0.346015597589926
0.05791624734865225
0.1144558755235381
0.05449727830015356
0.3070976012922245
0.0617166882450936
0.009839849162538708
0.10219089516805202
0.10567199461221381
0.08427879882803622
0.12029803248089264
0.050857216332176165
0.273263601542262
0.2974136495162653
0.25814567347792233
0.01511500521230518
0.2202913977927131
0.07829693371396061
0.0680904758479093
0.1877119112305586
0.5578065917953683
0.09018984255719151
0.09512989772710077
0.07808135485483093
0.29954072785553415
7.93016446160826E-18
0.30601761466361993
0.4954692019361798
0.14067525075558815
0.17138484623811884
0.15057937976333938
0.08465498882730813
0.012822895191446288
0.9021361765529107
0.47798749823289116
0.019439951717586137
0.1951464862549198
0.07892956790432058
0.24226864149608085
0.2477627277860957
0.7445650899864545
0.035230670501107016
0.10945556289202783
0.14512279757745747
0.042202474231092114
0.2071007277627332
0.28182419881287035
0.6780487668308725
0.01564194000410967
0.013355296435174127
0.560985070093795
0.16258904039639482
0.06567914704182776
0.7045737609071338
0.2401135484266169
0.23691429328420252
0.15097699241934162
0.27334908842543937
0.006529042645303106
0.07127256818066342
0.5513670384645895
0.03261798074211607
0.17113642122460324
0.12490716455871556
0.3355274169109491
0.21573270342701
0.2976312504180111
0.6823712560456467
0.03035638362169982
2.3790493384824782E-17
0.3433731952317732
0.09165281748770347
0.02938618594353238
0.40141743931960916
0.08666663040199832
0.14885803179578985
0.11053806591506475
0.18908198513504962
0.24958365588580694
0.21099157124007073
0.2506420938304729
0.020996464667535127
0.004293560090653926
0.2198415124243661
0.4567966773548493
0.3032807314292307
0.10441403196311448
0.06883830878292993
0.3738235628392915
0.19722946178344872
0.18781223898206129
0.17464584770804487
0.22583192967865218
0.069792297235891
0.3278764517547267
0.11954261438955639
0.06578548499539796
0.12264461640858502
0.3548293864588238
0.12880004588429114
0.09471073641471649
0.20253003015043047
0.03265914700621614
0.14060178805032
0.013086246702276316
0.05538384345049467
0.2047950144925897
0.2543879725505475
0.36273632634825664
0.06404491540093556
0.14041469136415027
0.11132523240859996
0.2057685101700469
7.93016446160826E-18
0.4289418152256082
6.771764735410492E-4
0.0013356698684247365
0.05099306042459283
0.13054976330571136
0.004958312403118337
0.011506395681239654
0.5955727231204337
0.13650179562629264
0.19303778198425164
0.2094608213119946
0.013988797217275686
0.019861136651136674
0.48623078753653676
0.48503946001158244
0.15552223421469039
0.005076705323761588
0.16403822294895304
0.1646367471220253
0.14734536238793397
0.3814073244800004
0.053759090741087555
4.659608816204467E-4
0.020164475406271438
0.32224106264309665
0.24136207509054172
0.15134130167687956
0.542629940814104
0.10350637173506304
0.12042749042110128
0.4221696920603669
0.2704402204429893
0.13456547305213917
0.11934023319322333
0.19248049998919475
0.35332305567398
0.016303061579076523
0.24025394085329368
0.1553111712101767
0.30426465556376314
0.19657194597129943
0.13950175983873986
0.019678004232640416
4.7580986769649563E-17
0.38809976825020875
0.18272850790025605
0.020419248834695904
0.42202663479650393
0.1035780625893052
0.10679621465212599
0.09824356365256434
0.12909129860383645
0.07078208408392675
0.003696121439474739
0.0389005863019544
0.1738927630198401
0.1056243845236582
0.12950228794718824
0.3278371376646817
0.2742888658314083
0.0814236615753435
0.02105748770167659
0.15760125538674513
0.17783728952671085
0.3134114426850228
0.24336354851551673
0.02210004910241285
0.04014336015421766
0.3565774028401248
0.15825508672509803
0.0452992278503479
0.09648275943853886
0.2669070911577612
0.06870500922710239
0.16616583071493304
0.0662754318739716
0.07142857142857142
0.08124994599082791
0.18073781469398562
0.07015161173531116
0.24606953537642756
0.1429860106728666
0.017527862963981948
0.040725755683840896
0.11774034291026783
0.056845300351726316
0.13711471176914622
3.172065784643304E-17
0.2570094629327831
0.21010208591304572
0.09480127443873436
0.13381046719812162
0.1694095130255761
0.14629768914919833
0.07395529940187988
0.039177833648506036
0.07913146277616216
0.14163650155114899
0.05514538201853165
0.013915797309241775
0.22407482493502393
0.37792256939654795
0.07196511933575947
0.0175567592405253
0.08537962106344386
0.06610830591005572
0.05827153497912745
0.006260015310821622
0.2851596876067018
0.2715669811289172
0.038180554005843935
0.0639792716961921
0.02566442108705813
0.22795969010575154
0.0763513980802419
0.08233652863588478
0.1936638202309277
0.04726654113299562
0.32436587740893247
0.17542559978962693
0.2651512920005256
0.1511156318617805
0.13699973420451686
0.2936497866849094
0.1224712703230332
0.21495752534538962
0.05279223108947167
0.20932383746304334
0.023078290884807378
0.2843419015850634
0.00591401633189884
5.551115123125783E-17
0.15999179298538652
0.1730571805889582
0.042526119405664704
0.15319909309913046
0.11551899207826537
0.054697672253379355
0.11674053607797329
0.04230205397089632
0.043874141857467554
0.13168033906362173
0.05681343991608564
0.13564094795396556
0.1241636563905678
0.02181600241286644
0.032238278722504884
0.06487612691608836
0.01469065476108917
0.07443158400241989
0.030681165708084688
0.013855126220138998
0.1838767609111192
0.14285714285714285
0.04608637745854759
0.044064181651669414
0.1567119765130677
0.12456194715641031
0.06541180067694478
0.09802548769972787
0.029568582167593456
0.03552952516116161
0.22739955427184746
0.04162844665471088
0.02790800122921781
0.030602194192486998
0.16918680137534267
0.016706264580865944
0.029653946331225183
0.004431484817633716
0.11488290228387389
0.0237284955481532
0.03830870534976235
7.670945264443008E-4
0.29155618557072316
3.172065784643304E-17
0.05043613593680474
0.11188260583491497
0.12770635979998987
0.13698338593250037
0.026411637286414873
0.1898223410232591
0.06899044237947878
0.25737345332943823
0.083086717438582
0.041837567788134904
0.08041640830441706
0.07096634437046967
0.16843871112262207
0.05809082626168771
0.1465656320564661
0.15054555564949265
0.03295469147061152
0.08362041835331022
0.10828612358984249
0.08355013663135856
0.05181818548676783
0.14059201685186126
0.10044575425699194
9.222271648895283E-4
0.17937077762339998
0.12301857856402443
0.0334471034632187
0.19434789858993642
0.05168413092869793
0.11869950435930013
0.012482960922757755
0.030435182040403103
0.23216001433794942
0.004319550564449944
0.24471831182073414
0.02690905968741283
0.0738807161154917
0.05860131760902127
0.0622168824239993
0.14107491310631065
0.12040834241465882
0.31999985523660407
0.034292999786447356
6.344131569286608E-17
0.046699158675524766
0.10613944386570388
0.1238697577198805
0.1137737750316351
0.08616562902497495
0.16437185346905261
0.012176688452106685
0.06758482736963753
0.0040456422254657575
0.03937826334327165
0.052289343397776945
1.8065042383917452E-5
0.17091460060464397
0.10355510552520382
0.16626093740194534
0.025264461908695166
0.03197293259940331
0.05483445413976196
0.09814479754718164
0.1760706606877119
0.024829187975721995
0.05378717116303811
0.050493844917805585
0.035285222416656235
0.04433521588679747
0.010066961349597503
0.01272449577729511
0.05648621299930499
0.053435183858637596
0.11516501809490211
0.09871874545783263
0.10999215158430675
0.0036011620347601143
0.003646451745211911
0.060699894032464216
0.007026324994055866
0.14204356377027752
0.0219442364247739
0.02787664488909117
0.04944278980755704
0.05112162543853654
0.01691784956106283
0.09777562639750177
3.96508223080413E-18
0.13056983039917588
0.01418045682530055
0.1109868019521468
0.0015904587339277926
0.1484654991157503
0.09315346039174889
0.07675966822335283
0.16990289190826036
0.02262304183257391
0.09942272989819438
0.06654904132587593
0.13898419811210758
0.04722372376826207
0.14456362777955448
0.07253921402405185
0.07716097827829785
0.04273962301091662
0.12295000878414723
0.10305655645299971
0.03388235312670678
0.09826513690407848
0.08011462309982627
0.12536860362398813
0.14482863244306943
0.14841482661895355
0.04538197392438271
0.032230891054459025
0.11479577601814143
0.13536476737180253
0.12201372489675386
0.17943347867159903
0.05590217059770035
0.10615566689798804
0.07143239729373889
0.14453694901221117
0.11603279188056863
0.042131958504250874
0.11322883284741105
0.08192884379240202
0.171811716195227
0.1673937600236847
0.1607140846006483
0.08090267435902262
0.0
0.08090267435902262
0.1607140846006483
0.1673937600236847
0.171811716195227
0.08192884379240202
0.11322883284741105
0.042131958504250874
0.11603279188056863
0.14453694901221117
0.07143239729373889
0.10615566689798804
0.05590217059770035
0.17943347867159903
0.12201372489675386
0.13536476737180253
0.11479577601814143
0.032230891054459025
0.04538197392438271
0.14841482661895355
0.14482863244306943
0.12536860362398813
0.08011462309982627
0.09826513690407848
0.03388235312670678
0.10305655645299971
0.12295000878414723
0.04273962301091662
0.07716097827829785
0.07253921402405185
0.14456362777955448
0.04722372376826207
0.13898419811210758
0.06654904132587593
0.09942272989819438
0.02262304183257391
0.16990289190826036
0.07675966822335283
0.09315346039174889
0.1484654991157503
0.0015904587339277926
0.1109868019521468
0.01418045682530055
0.13056983039917588
3.96508223080413E-18
0.09777562639750177
0.01691784956106283
0.05112162543853654
0.04944278980755704
0.02787664488909117
0.0219442364247739
0.14204356377027752
0.007026324994055866
0.060699894032464216
0.003646451745211911
0.0036011620347601143
0.10999215158430675
0.09871874545783263
0.11516501809490211
0.053435183858637596
0.05648621299930499
0.01272449577729511
0.010066961349597503
0.04433521588679747
0.035285222416656235
0.050493844917805585
0.05378717116303811
0.024829187975721995
0.1760706606877119
0.09814479754718164
0.05483445413976196
0.03197293259940331
0.025264461908695166
0.16626093740194534
0.10355510552520382
0.17091460060464397
1.8065042383917452E-5
0.052289343397776945
0.03937826334327165
0.0040456422254657575
0.06758482736963753
0.012176688452106685
0.16437185346905261
0.08616562902497495
0.1137737750316351
0.1238697577198805
0.10613944386570388
0.046699158675524766
6.344131569286608E-17
0.034292999786447356
0.31999985523660407
0.12040834241465882
0.14107491310631065
0.0622168824239993
0.05860131760902127
0.0738807161154917
0.02690905968741283
0.24471831182073414
0.004319550564449944
0.23216001433794942
0.030435182040403103
0.012482960922757755
0.11869950435930013
0.05168413092869793
0.19434789858993642
0.0334471034632187
0.12301857856402443
0.17937077762339998
9.222271648895283E-4
0.10044575425699194
0.14059201685186126
0.05181818548676783
0.08355013663135856
0.10828612358984249
0.08362041835331022
0.03295469147061152
0.15054555564949265
0.1465656320564661
0.05809082626168771
0.16843871112262207
0.07096634437046967
0.08041640830441706
0.041837567788134904
0.083086717438582
0.25737345332943823
0.06899044237947878
0.1898223410232591
0.026411637286414873
0.13698338593250037
0.12770635979998987
0.11188260583491497
0.05043613593680474
3.172065784643304E-17
0.29155618557072316
7.670945264443008E-4
0.03830870534976235
0.0237284955481532
0.11488290228387389
0.004431484817633716
0.029653946331225183
0.016706264580865944
0.16918680137534267
0.030602194192486998
0.02790800122921781
0.04162844665471088
0.22739955427184746
0.03552952516116161
0.029568582167593456
0.09802548769972787
0.06541180067694478
0.12456194715641031
0.1567119765130677
0.044064181651669414
0.04608637745854759
0.14285714285714285
0.1838767609111192
0.013855126220138998
0.030681165708084688
0.07443158400241989
0.01469065476108917
0.06487612691608836
0.032238278722504884
0.02181600241286644
0.1241636563905678
0.13564094795396556
0.05681343991608564
0.13168033906362173
0.043874141857467554
0.04230205397089632
0.11674053607797329
0.054697672253379355
0.11551899207826537
0.15319909309913046
0.042526119405664704
0.1730571805889582
0.15999179298538652
5.551115123125783E-17
0.00591401633189884
0.2843419015850634
0.023078290884807378
0.20932383746304334
0.05279223108947167
0.21495752534538962
0.1224712703230332
0.2936497866849094
0.13699973420451686
0.1511156318617805
0.2651512920005256
0.17542559978962693
0.32436587740893247
0.04726654113299562
0.1936638202309277
0.08233652863588478
0.0763513980802419
0.22795969010575154
0.02566442108705813
0.0639792716961921
0.038180554005843935
0.2715669811289172
0.2851596876067018
0.006260015310821622
0.05827153497912745
0.06610830591005572
0.08537962106344386
0.0175567592405253
0.07196511933575947
0.37792256939654795
0.22407482493502393
0.013915797309241775
0.05514538201853165
0.14163650155114899
0.07913146277616216
0.039177833648506036
0.07395529940187988
0.14629768914919833
0.1694095130255761
0.13381046719812162
0.09480127443873436
0.21010208591304572
0.2570094629327831
3.172065784643304E-17
0.13711471176914622
0.056845300351726316
0.11774034291026783
0.040725755683840896
0.017527862963981948
0.1429860106728666
0.24606953537642756
0.07015161173531116
0.18073781469398562
0.08124994599082791
0.07142857142857142
0.0662754318739716
0.16616583071493304
0.06870500922710239
0.2669070911577612
0.09648275943853886
0.0452992278503479
0.15825508672509803
0.3565774028401248
0.04014336015421766
0.02210004910241285
0.24336354851551673
0.3134114426850228
0.17783728952671085
0.15760125538674513
0.02105748770167659
0.0814236615753435
0.2742888658314083
0.3278371376646817
0.12950228794718824
0.1056243845236582
0.1738927630198401
0.0389005863019544
0.003696121439474739
0.07078208408392675
0.12909129860383645
0.09824356365256434
0.10679621465212599
0.1035780625893052
0.42202663479650393
0.020419248834695904
0.18272850790025605
0.38809976825020875
4.7580986769649563E-17
0.019678004232640416
0.13950175983873986
0.19657194597129943
0.30426465556376314
0.1553111712101767
0.24025394085329368
0.016303061579076523
0.35332305567398
0.19248049998919475
0.11934023319322333
0.13456547305213917
0.2704402204429893
0.4221696920603669
0.12042749042110128
0.10350637173506304
0.542629940814104
0.15134130167687956
0.24136207509054172
0.32224106264309665
0.020164475406271438
4.659608816204467E-4
0.053759090741087555
0.3814073244800004
0.14734536238793397
0.1646367471220253
0.16403822294895304
0.005076705323761588
0.15552223421469039
0.48503946001158244
0.48623078753653676
0.019861136651136674
0.013988797217275686
0.2094608213119946
0.19303778198425164
0.13650179562629264
0.5955727231204337
0.011506395681239654
0.004958312403118337
0.13054976330571136
0.05099306042459283
0.0013356698684247365
6.771764735410492E-4
0.4289418152256082
7.93016446160826E-18
0.2057685101700469
0.11132523240859996
0.14041469136415027
0.06404491540093556
0.36273632634825664
0.2543879725505475
0.2047950144925897
0.05538384345049467
0.013086246702276316
0.14060178805032
0.03265914700621614
0.20253003015043047
0.09471073641471649
0.12880004588429114
0.3548293864588238
0.12264461640858502
0.06578548499539796
0.11954261438955639
0.3278764517547267
0.069792297235891
0.22583192967865218
0.17464584770804487
0.18781223898206129
0.19722946178344872
0.3738235628392915
0.06883830878292993
0.10441403196311448
0.3032807314292307
0.4567966773548493
0.2198415124243661
0.004293560090653926
0.020996464667535127
0.2506420938304729
0.21099157124007073
0.24958365588580694
0.18908198513504962
0.11053806591506475
0.14885803179578985
0.08666663040199832
0.40141743931960916
0.02938618594353238
0.09165281748770347
0.3433731952317732
2.3790493384824782E-17
0.03035638362169982
0.6823712560456467
0.2976312504180111
0.21573270342701
0.3355274169109491
0.12490716455871556
0.17113642122460324
0.03261798074211607
0.5513670384645895
0.07127256818066342
0.006529042645303106
0.27334908842543937
0.15097699241934162
0.23691429328420252
0.2401135484266169
0.7045737609071338
0.06567914704182776
0.16258904039639482
0.560985070093795
0.013355296435174127
0.01564194000410967
0.6780487668308725
0.28182419881287035
0.2071007277627332
0.042202474231092114
0.14512279757745747
0.10945556289202783
0.035230670501107016
0.7445650899864545
0.2477627277860957
0.24226864149608085
0.07892956790432058
0.1951464862549198
0.019439951717586137
0.47798749823289116
0.9021361765529107
0.012822895191446288
0.08465498882730813
0.15057937976333938
0.17138484623811884
0.14067525075558815
0.4954692019361798
0.30601761466361993
7.93016446160826E-18
0.29954072785553415
0.07808135485483093
0.09512989772710077
0.09018984255719151
0.5578065917953683
0.1877119112305586
0.0680904758479093
0.07829693371396061
0.2202913977927131
0.01511500521230518
0.25814567347792233
0.2974136495162653
0.273263601542262
0.050857216332176165
0.12029803248089264
0.08427879882803622
0.10567199461221381
0.10219089516805202
0.009839849162538708
0.0617166882450936
0.3070976012922245
0.05449727830015356
0.1144558755235381
0.05791624734865225
0.346015597589926
0.10894754360164119
0.004304541205368067
0.1069022548188104
0.2607625554461312
0.1310028410387903
0.1920429354224577
0.20463315651443478
0.37339882298585964
0.22370795018330675
0.3316988595556988
0.1863148312825174
0.23478118623033328
0.00924343857126544
0.403562013048736
0.12387585777566458
0.02001651280290759
0.03561662260978888
0.006005395248825073
5.551115123125783E-17
0.07826517062210067
0.8484089298283128
0.26838325149665565
0.03434291544885137
0.3738069375581207
0.0285085320760249
0.14450592748676044
0.6310329873697651
0.6764851327577831
0.14369147630585824
0.05362554583178358
0.196854521592275
0.20090652594175307
0.09978379952978425
0.6251979363594101
0.3926436844373952
0.08479511699066955
0.1117877588617927
0.4185596570103621
0.11682948846279581
0.11615594442897516
