1.0
0.20494184045660158
0.4378663274413572
0.04834093611490986
0.3520769841065843
0.2989400072303929
0.1859659748691198
0.723074951590541
0.5192714819743856
0.462875404973101
0.6459803679759301
0.28426908445822213
0.2421534832078987
0.3115067198004299
0.10965406022372083
0.5490113947110433
0.24873254325979582
0.9788988067777216
0.13521501128164248
0.31489220197336354
0.0027468689444311717
0.3689063907193927
0.3666543072795496
0.08687394706978907
0.7722638010930214
0.5395960021359077
0.37452165272040316
0.5492478311042315
0.3726317521462448
0.20103287791861466
0.25017936793696405
0.17374571288747015
0.6386830117598243
0.26175816220202675
0.9174562507788555
0.047014676665715766
0.1903193640561729
0.037883326725523796
0.3619251849169468
0.4384738245959983
0.0036363699294955504
0.7875773299262439
0.5232597499861841
0.26140744709895347
0.4424152652116394
0.4432073290247909
0.17769396725618847
0.17366686364965223
0.23241006026772273
0.6989421049113442
0.24243184189094172
0.8210384951295859
0.05048606803912545
0.07380412862949799
0.053775493900691286
0.3339110034214664
0.5063321244642353
0.07710527438523986
0.7661140735076362
0.473217370920316
0.13300635666278257
0.33514128070181126
0.49035291217501564
0.17146447402096393
0.08945322551098342
0.2777639541436673
0.7244871179049717
0.19262126717061306
0.6978945032132572
0.14751910005054722
0.02662154540410759
0.04993244863580523
0.2900419975571147
0.5619496096176895
0.12700852537438706
0.7084490132506279
0.39556358917230816
7.654042494670958E-18
0.23608541986726525
0.5112254097404945
0.17910804977646289
0.005999137404886765
0.30330178967766713
0.7132763745313337
0.11743630131148214
0.5582095167463955
0.2348821116993176
0.10535727567043619
0.028645128839885403
0.23713453720982636
0.5979148239874401
0.14954014946521466
0.6186243532238098
0.2987612734161658
0.1269135850606214
0.15196286619604227
0.506001406945978
0.19540090545350816
0.06832592172492326
0.304779519442738
0.6667586951482021
0.024619445708093823
0.4129572989658321
0.3049937818787864
0.15969987038300598
0.005414306439371436
0.18267369238404155
0.6086690200599624
0.1440496442367089
0.5037220888312326
0.19260422965575957
0.2381822054151947
0.08689230133667786
0.47769972284033596
0.21397516366260677
0.12629884599574992
0.28080679059447844
0.589682378316187
0.0763806602759785
0.2726989342741168
0.3527086354007668
0.1899169005037239
0.0459122397558864
0.13377272518320166
0.5912594508739905
0.11307638065983698
0.3730730956198117
0.08705144870758688
0.3263857762993905
0.04211356110724114
0.4316402271313891
0.2283064805496042
0.1627422169756051
0.23306594576508594
0.48950873368616243
0.17553095915952482
0.14648063956594481
0.37579158133437857
0.19893217767658708
0.08578740679374944
0.09620663488309522
0.5457583774101817
0.06197850848522523
0.23720530969056364
0.008915416857982139
0.3869258343298203
0.016099742811062218
0.37462188810127295
0.23270443702165877
0.1751465739528334
0.1661276689342569
0.37550871302313016
0.26338441880929175
0.04096703109851228
0.375
0.1916801302224134
0.11826507108211573
0.07365321207363734
0.4752906211323809
0.001791600791950787
0.106667285568922
0.08826527479922001
0.41833950183727914
0.005033803599205855
0.3139402552738779
0.22316523118008108
0.16393323697018683
0.08688821627289546
0.25766259818778503
0.33214804319779834
0.040088002771015624
0.3537755866664079
0.17423035683968435
0.13780831767127688
0.06724479396701913
0.3856661942530416
0.06966599439805096
0.009121588232154379
0.1466009399191504
0.4222111538948312
0.0035701345499686288
0.2563845110986624
0.19796706364381128
0.1323253902357177
0.003704731404169201
0.14550748578154335
0.37651323745628185
0.0959783154125272
0.31760131124915864
0.15281303559996248
0.1408739368262627
0.07548933048223967
0.2846685643988851
0.13306108238548842
0.1028486180748799
0.1824736028750292
0.40270984342749266
0.005763998707505803
0.20735420046213085
0.15792623161711694
0.08584947994065142
0.07465408833986904
0.04708212562670251
0.39414748505892566
0.12879012132981138
0.2731233959790157
0.13288639252986612
0.12636969887793514
0.09456684170624621
0.18109588667692678
0.18445122543920076
0.16999289496649778
0.19730112098710317
0.3658304278244531
0.006031240611780828
0.1702159570533636
0.10628090525091788
0.0315398989005488
0.14010038527158808
0.03189699546376778
0.3857937803462184
0.1428071176128793
0.22716800085782946
0.11837781293684103
0.09575347223973656
0.11895434619256283
0.08368554163137061
0.2182739023431714
0.2091392065840112
0.19491734531166108
0.318454401635146
0.0
0.14598398889427844
0.04822283337974051
0.023039729597813433
0.1862164414799259
0.08852822647658397
0.35497831519958334
0.14367371596394057
0.18579333315153213
0.11120200591704539
0.05276630071095345
0.14228637667474714
6.699700136583026E-5
0.23154953127759653
0.22189358508964535
0.1808293736668099
0.267367497321192
0.01486485218898452
0.13336012492792326
0.009852784719305785
0.07082121793085426
0.20901044485436918
0.12283291871947018
0.30737993177774137
0.13744408996583957
0.15350885162345834
0.11111713465453846
0.002843819366097969
0.1583257525240605
0.06411758299589888
0.2241400204084405
0.21242766745537225
0.16129755811822372
0.21837245046468343
0.03894813586715377
0.12911681346599974
0.06126941592313958
0.10616034430141126
0.2073419213214
0.13747968850925202
0.24995942511585573
0.1296562020262444
0.13276567396835884
0.11592924166478603
0.04770420798407875
0.1619048719634533
0.10581049752812612
0.19862109616387752
0.18672859005465664
0.14237412668269028
0.1756170461252185
0.07051811126212026
0.12875714381269598
0.10002980700092491
0.12554254821215693
0.18296674007032712
0.13717779558627552
0.1899767728790818
0.12456146443811866
0.12378039821521315
0.12200397892922948
0.09262434002810174
0.1497033566975853
0.12477958195263225
0.1597971446978252
0.15166898761270106
0.12903768164476437
0.14122257121290843
0.10609240125330055
0.1273467845757656
0.12167719935949402
0.12797217522459853
0.14020468988231338
0.1278367616288047
0.1340357721875996
0.12461373402737083
0.12470450886199877
0.125
0.12662369832854803
0.12075250537478831
0.12347979132299333
0.11393611739699998
0.11403266205431663
0.12454271024277552
0.1152513553023512
0.14107228513480874
0.12038924643793372
0.12393459622834499
0.11499760313428163
0.08528456212474397
0.1156189404854136
0.08728704379431429
0.13028008483934148
0.13210066190379613
0.12070677705005223
0.14611721047507015
0.07659705370872431
0.106564956621683
0.06783916094553072
0.07963291744284058
0.13006847320928208
0.09600104093595291
0.17054289769510883
0.10461134481482945
0.10703231701683344
0.09037676150598306
0.025465139334407208
0.10602283604164262
0.052893442649890605
0.1401864015828291
0.1416427930752751
0.10585553982956612
0.14971129213976522
0.021094377140874532
0.08012751168689447
0.02787992331206643
0.05264252504961821
0.14470546228882125
0.08056503234393869
0.19011370129045507
0.07854067242605933
0.07367948928354867
0.05943848527032036
0.031940582211483326
0.10312623399291321
0.031820726155722456
0.15156055318890024
0.1489255326294221
0.07877740739639837
0.1383568242046519
0.04011665782641191
0.050780412770828176
8.507140463407947E-4
0.03521966915065462
0.16576686529916432
0.06556019840392963
0.1966691710088725
0.042788996179826275
0.02868658427672216
0.028237562487800127
0.08050015351608676
0.10909120324952076
0.02296701599490769
0.16089206553319932
0.15025428763080445
0.039806686687831994
0.11515311748747303
0.1003979617858369
0.024715121312001875
0.015177286299605297
0.027468258345880056
0.18936456720963513
0.04789984118184548
0.18891445105131757
7.654042494670958E-18
0.0217038325411687
0.0026292503963672997
0.11542692824060992
0.12399187004382528
0.023594393574944333
0.16469614319138043
0.14329247396900735
0.008633846879997936
0.0848356980512327
0.15303111303255335
0.006869766510921416
0.014167597523468772
0.027720478677751154
0.21115109081316868
0.02548541014510175
0.16763251546669933
0.045529836154868775
0.07067948664489054
0.012601437548680483
0.13407479835776842
0.1459767067449339
0.029982198025069073
0.16025601499269496
0.12746584107609932
0.06228083743126975
0.05302677522084703
0.1921398630851999
3.226205788292025E-4
8.801843587622482E-4
0.033081813669087315
0.22710600618965987
0.0022950519649855006
0.135613354657036
0.0884995679019486
0.11178830686108551
0.014430444056199587
0.13610289107301016
0.17172714183524168
0.038190558255098234
0.14622278430567334
0.10406206143933816
0.11557639076825396
0.025361522634578026
0.21348405477357824
0.005990740513146575
0.02677653330779517
0.04014088213567549
0.23424091942510564
0.03434248107129509
0.09726540557110411
0.12342344510596834
0.13980163215948693
0.002008213894396038
0.12330007617377825
0.197130872343936
0.04480879276692873
0.12297534127394737
0.07601104233827269
0.1624323146823804
0.006620882797653549
0.21501263911970475
0.02266731677006778
0.05904339778146421
0.045723788699408546
0.23111167892586576
0.06793382836662333
0.057967528402816604
0.14549827344874766
0.15138734676240578
0.023259234028202957
0.09910913774591305
0.21805762845464555
0.047568426934248925
0.09268087355380986
0.04738074031202211
0.19709946585784627
0.0
0.19709946585784627
0.04738074031202211
0.09268087355380986
0.047568426934248925
0.21805762845464555
0.09910913774591305
0.023259234028202957
0.15138734676240578
0.14549827344874766
0.057967528402816604
0.06793382836662333
0.23111167892586576
0.045723788699408546
0.05904339778146421
0.02266731677006778
0.21501263911970475
0.006620882797653549
0.1624323146823804
0.07601104233827269
0.12297534127394737
0.04480879276692873
0.197130872343936
0.12330007617377825
0.002008213894396038
0.13980163215948693
0.12342344510596834
0.09726540557110411
0.03434248107129509
0.23424091942510564
0.04014088213567549
0.02677653330779517
0.005990740513146575
0.21348405477357824
0.025361522634578026
0.11557639076825396
0.10406206143933816
0.14622278430567334
0.038190558255098234
0.17172714183524168
0.13610289107301016
0.014430444056199587
0.11178830686108551
0.0884995679019486
0.135613354657036
0.0022950519649855006
0.22710600618965987
0.033081813669087315
8.801843587622482E-4
3.226205788292025E-4
0.1921398630851999
0.05302677522084703
0.06228083743126975
0.12746584107609932
0.16025601499269496
0.029982198025069073
0.1459767067449339
0.13407479835776842
0.012601437548680483
0.07067948664489054
0.045529836154868775
0.16763251546669933
0.02548541014510175
0.21115109081316868
0.027720478677751154
0.014167597523468772
0.006869766510921416
0.15303111303255335
0.0848356980512327
0.008633846879997936
0.14329247396900735
0.16469614319138043
0.023594393574944333
0.12399187004382528
0.11542692824060992
0.0026292503963672997
0.0217038325411687
7.654042494670958E-18
0.18891445105131757
0.04789984118184548
0.18936456720963513
0.027468258345880056
0.015177286299605297
0.024715121312001875
0.1003979617858369
0.11515311748747303
0.039806686687831994
0.15025428763080445
0.16089206553319932
0.02296701599490769
0.10909120324952076
0.08050015351608676
0.028237562487800127
0.02868658427672216
0.042788996179826275
0.1966691710088725
0.06556019840392963
0.16576686529916432
0.03521966915065462
8.507140463407947E-4
0.050780412770828176
0.04011665782641191
0.1383568242046519
0.07877740739639837
0.1489255326294221
0.15156055318890024
0.031820726155722456
0.10312623399291321
0.031940582211483326
0.05943848527032036
0.07367948928354867
0.07854067242605933
0.19011370129045507
0.08056503234393869
0.14470546228882125
0.05264252504961821
0.02787992331206643
0.08012751168689447
0.021094377140874532
0.14971129213976522
0.10585553982956612
0.1416427930752751
0.1401864015828291
0.052893442649890605
0.10602283604164262
0.025465139334407208
0.09037676150598306
0.10703231701683344
0.10461134481482945
0.17054289769510883
0.09600104093595291
0.13006847320928208
0.07963291744284058
0.06783916094553072
0.106564956621683
0.07659705370872431
0.14611721047507015
0.12070677705005223
0.13210066190379613
0.13028008483934148
0.08728704379431429
0.1156189404854136
0.08528456212474397
0.11499760313428163
0.12393459622834499
0.12038924643793372
0.14107228513480874
0.1152513553023512
0.12454271024277552
0.11403266205431663
0.11393611739699998
0.12347979132299333
0.12075250537478831
0.12662369832854803
0.125
0.12470450886199877
0.12461373402737083
0.1340357721875996
0.1278367616288047
0.14020468988231338
0.12797217522459853
0.12167719935949402
0.1273467845757656
0.10609240125330055
0.14122257121290843
0.12903768164476437
0.15166898761270106
0.1597971446978252
0.12477958195263225
0.1497033566975853
0.09262434002810174
0.12200397892922948
0.12378039821521315
0.12456146443811866
0.1899767728790818
0.13717779558627552
0.18296674007032712
0.12554254821215693
0.10002980700092491
0.12875714381269598
0.07051811126212026
0.1756170461252185
0.14237412668269028
0.18672859005465664
0.19862109616387752
0.10581049752812612
0.1619048719634533
0.04770420798407875
0.11592924166478603
0.13276567396835884
0.1296562020262444
0.24995942511585573
0.13747968850925202
0.2073419213214
0.10616034430141126
0.06126941592313958
0.12911681346599974
0.03894813586715377
0.21837245046468343
0.16129755811822372
0.21242766745537225
0.2241400204084405
0.06411758299589888
0.1583257525240605
0.002843819366097969
0.11111713465453846
0.15350885162345834
0.13744408996583957
0.30737993177774137
0.12283291871947018
0.20901044485436918
0.07082121793085426
0.009852784719305785
0.13336012492792326
0.01486485218898452
0.267367497321192
0.1808293736668099
0.22189358508964535
0.23154953127759653
6.699700136583026E-5
0.14228637667474714
0.05276630071095345
0.11120200591704539
0.18579333315153213
0.14367371596394057
0.35497831519958334
0.08852822647658397
0.1862164414799259
0.023039729597813433
0.04822283337974051
0.14598398889427844
0.0
0.318454401635146
0.19491734531166108
0.2091392065840112
0.2182739023431714
0.08368554163137061
0.11895434619256283
0.09575347223973656
0.11837781293684103
0.22716800085782946
0.1428071176128793
0.3857937803462184
0.03189699546376778
0.14010038527158808
0.0315398989005488
0.10628090525091788
0.1702159570533636
0.006031240611780828
0.3658304278244531
0.19730112098710317
0.16999289496649778
0.18445122543920076
0.18109588667692678
0.09456684170624621
0.12636969887793514
0.13288639252986612
0.2731233959790157
0.12879012132981138
0.39414748505892566
0.04708212562670251
0.07465408833986904
0.08584947994065142
0.15792623161711694
0.20735420046213085
0.005763998707505803
0.40270984342749266
0.1824736028750292
0.1028486180748799
0.13306108238548842
0.2846685643988851
0.07548933048223967
0.1408739368262627
0.15281303559996248
0.31760131124915864
0.0959783154125272
0.37651323745628185
0.14550748578154335
0.003704731404169201
0.1323253902357177
0.19796706364381128
0.2563845110986624
0.0035701345499686288
0.4222111538948312
0.1466009399191504
0.009121588232154379
0.06966599439805096
0.3856661942530416
0.06724479396701913
0.13780831767127688
0.17423035683968435
0.3537755866664079
0.040088002771015624
0.33214804319779834
0.25766259818778503
0.08688821627289546
0.16393323697018683
0.22316523118008108
0.3139402552738779
0.005033803599205855
0.41833950183727914
0.08826527479922001
0.106667285568922
0.001791600791950787
0.4752906211323809
0.07365321207363734
0.11826507108211573
0.1916801302224134
0.375
0.04096703109851228
0.26338441880929175
0.37550871302313016
0.1661276689342569
0.1751465739528334
0.23270443702165877
0.37462188810127295
0.016099742811062218
0.3869258343298203
0.008915416857982139
0.23720530969056364
0.06197850848522523
0.5457583774101817
0.09620663488309522
0.08578740679374944
0.19893217767658708
0.37579158133437857
0.14648063956594481
0.17553095915952482
0.48950873368616243
0.23306594576508594
0.1627422169756051
0.2283064805496042
0.4316402271313891
0.04211356110724114
0.3263857762993905
0.08705144870758688
0.3730730956198117
0.11307638065983698
0.5912594508739905
0.13377272518320166
0.0459122397558864
0.1899169005037239
0.3527086354007668
0.2726989342741168
0.0763806602759785
0.589682378316187
0.28080679059447844
0.12629884599574992
0.21397516366260677
0.47769972284033596
0.08689230133667786
0.2381822054151947
0.19260422965575957
0.5037220888312326
0.1440496442367089
0.6086690200599624
0.18267369238404155
0.005414306439371436
0.15969987038300598
0.3049937818787864
0.4129572989658321
0.024619445708093823
0.6667586951482021
0.304779519442738
0.06832592172492326
0.19540090545350816
0.506001406945978
0.15196286619604227
0.1269135850606214
0.2987612734161658
0.6186243532238098
0.14954014946521466
0.5979148239874401
0.23713453720982636
0.028645128839885403
0.10535727567043619
0.2348821116993176
0.5582095167463955
0.11743630131148214
0.7132763745313337
0.30330178967766713
0.005999137404886765
0.17910804977646289
0.5112254097404945
0.23608541986726525
7.654042494670958E-18
0.39556358917230816
0.7084490132506279
0.12700852537438706
0.5619496096176895
0.2900419975571147
0.04993244863580523
0.02662154540410759
0.14751910005054722
0.6978945032132572
0.19262126717061306
0.7244871179049717
0.2777639541436673
0.08945322551098342
0.17146447402096393
0.49035291217501564
0.33514128070181126
0.13300635666278257
0.473217370920316
0.7661140735076362
0.07710527438523986
0.5063321244642353
0.3339110034214664
0.053775493900691286
0.07380412862949799
0.05048606803912545
0.8210384951295859
0.24243184189094172
0.6989421049113442
0.23241006026772273
0.17366686364965223
0.17769396725618847
0.4432073290247909
0.4424152652116394
0.26140744709895347
0.5232597499861841
0.7875773299262439
0.0036363699294955504
0.4384738245959983
0.3619251849169468
0.037883326725523796
0.1903193640561729
0.047014676665715766
0.9174562507788555
0.26175816220202675
0.6386830117598243
0.17374571288747015
0.25017936793696405
0.20103287791861466
0.3726317521462448
0.5492478311042315
0.37452165272040316
0.5395960021359077
0.7722638010930214
0.08687394706978907
0.3666543072795496
0.3689063907193927
0.0027468689444311717
0.31489220197336354
0.13521501128164248
0.9788988067777216
0.24873254325979582
0.5490113947110433
0.10965406022372083
0.3115067198004299
0.2421534832078987
0.28426908445822213
0.6459803679759301
0.462875404973101
0.5192714819743856
0.723074951590541
0.1859659748691198
0.2989400072303929
0.3520769841065843
0.04834093611490986
0.4378663274413572
0.20494184045660158
