1.0
0.08227768544215246
0.2744077164905868
0.07052047959371117
0.07865116316622399
0.07349066810641787
0.12593424646712945
0.023655857853692813
0.4659559536758092
0.08514245312486282
0.21581491080415302
0.13481082824612284
0.27645007063735544
0.2299216179223082
0.34794349855720214
0.03531331408571631
0.1635413089715481
0.5525597590678651
0.27238376928449554
0.5288944349571831
0.20963539435301262
0.26503035825539023
0.058708883014018776
0.0746845804716372
0.24754505207333496
0.3486515939839724
0.32465303880996477
0.35378033678066434
0.15662349574883214
0.0034652261253601433
0.5296385726284492
0.16639396000864193
0.03675280839126131
0.16119222617173565
0.01363293148964273
0.15148087881807332
0.22685497477564467
0.0017386740420103186
0.7972416130222358
0.12524666330596704
0.17762604139061683
0.3359415124907275
0.19767424257731878
0.13635638596490463
0.047680505741236265
0.07605229553121196
0.3052520021416302
0.340375795654668
0.18358696496129334
0.09834466911332436
0.1993478242997639
0.14146303667743199
0.17644364081120237
0.050308943428287935
0.0230765728274689
0.7033711886069054
0.38606051229413624
0.5510016616707649
0.0612724702767425
0.08195331656116371
0.038592148782591484
0.22243502883374117
0.07737719160719626
0.18916173468703265
0.262351237002579
0.34990855642280405
0.03392239669730518
0.15032586200296172
0.32479762334658435
0.18499846839084583
0.05019793412316692
0.29227493243348507
0.215591969095293
0.28125618021060905
0.36592492055239145
0.04335197255379534
0.561675701800534
1.1102230246251566E-17
0.15947656245063896
0.2915039199033679
0.1735742904697723
0.2875783573583875
0.11356697909276647
0.24416931261237296
0.2132966401565939
0.36375767920038904
0.22521979676411955
0.04421726963708953
0.10625318789022076
0.024073798618477787
0.12650376999299834
0.11069867464289249
0.03182981396661797
0.5669052886539919
0.2736142135062886
0.3644873270064539
0.22112398931415891
0.1678987360138441
0.0402067466444823
0.1272698294744307
0.06606165213988738
0.12972145015196995
0.03732062987651472
0.3409237157050193
0.11334831701272592
0.1379167114627346
0.21292574049350593
0.12821884015644378
0.09482207608412241
0.21357811511369054
0.22189605832492498
0.4130122401069542
0.38687592298477236
0.23509828292021587
0.2628546150294092
0.06958941781248998
0.1495413218484159
0.26558102026424624
0.02106854530641885
0.22695928541318855
0.09666187146516786
0.22762107431330417
0.003446195882781289
0.2751935695345277
0.048230316079740154
0.022669529356255214
0.19369009958129127
0.13864717099151996
0.021212591467617857
0.052669395823011056
0.16055481423155377
0.4815628605600146
0.12622293348805755
0.2940222401098251
0.20042331532398094
0.11821381929552818
0.05102672896283937
0.1085075499896315
0.29263861335643504
0.038316906025474655
0.02583302781133513
0.24173421884138077
0.047517959154829995
0.005947008507664109
0.021963511150466904
0.18051445679521433
0.07859605820017534
0.18553225609098073
0.18213797293306627
0.25818362258418665
0.30552854686840525
0.17565594496780984
0.0283332289866447
0.034276869796844744
2.2204460492503132E-17
0.09099177857175907
0.03971619205028674
0.15495019430502568
0.16689648030851414
0.07811118644018852
0.0033463006876379873
0.21516058481017408
0.012384863733256823
0.04887003303555589
0.22356539159046118
0.04731827286955144
0.10053526427420101
0.05300192686930616
0.2668526500305611
0.22214151295096887
0.1170931355955976
0.09015623374986984
0.22449665500887067
0.036520687414383135
0.03138274425168323
0.11249944348821952
0.20979561563704188
0.06860342853175654
0.07140844020449622
0.006832751057899472
0.0702157771226682
0.034711722282392804
0.1125790771612585
0.06058268174183268
0.009972002621015118
0.03256366211323454
0.1887198752978896
0.20024533318281829
0.2731089860144259
0.11834971451051883
0.017974569493765337
0.031455660153740114
0.06193725811861461
0.07136682298771208
0.15164315548944127
0.17181449025278578
0.03360990471819394
0.048282294489322905
0.04230053679075245
0.007011438071738938
0.006956918933708367
0.07376311125085497
0.18774737023673957
0.07339229403565725
0.030357197127279557
0.12067136819163038
0.1131328794905816
0.09164925937932931
0.021895873854775
0.058108254199961816
0.040215872033639306
0.016202835998137842
0.05366304975683102
0.03978602215256486
0.12971082479014123
0.009059137961099589
0.08063170640283883
0.026966971624289248
0.06775835469665076
0.02790235231974143
0.03247612137827837
0.08058712191196797
0.024655643942105017
0.07664747074779923
0.053160983743215096
0.11463610942935194
0.04046206852351651
0.051934443562270324
0.0797008914002093
0.07908898830794263
0.03612102538807997
0.0
0.10891805509395262
0.020307720569763453
0.0802152344451343
0.10358112139174624
0.1347897420503354
0.03705624471533843
0.06567543743658939
0.0618651899370974
0.018889960930934674
0.04364464510595585
0.11220122413255225
0.11006522981783687
0.06645808523434103
0.09419677185181956
0.010903233923467948
0.0027042268506130727
0.00962297812614773
0.09708416927161093
0.07525848095662144
0.15553876505545
0.03670557211686742
0.09688272276276962
0.026309269752713787
0.11341866872242634
0.065530859539266
0.06053831318608653
0.07566295540691137
0.03667047116699913
0.07857133161157759
0.001792586802618895
0.12186336755433524
0.023117848783556397
0.00769946320924757
0.10904398515136582
0.023286063124325972
0.07244790775278526
0.060719457299443766
0.03399713827184917
0.01945427681885494
0.026512142827523993
0.05007896528711743
0.04960430811804071
0.0936523753641938
0.0509962684506496
0.01870263975112254
0.0298353096407054
0.006309417787384008
0.009792443091297991
0.024153323139358716
0.026124929093567513
0.08203142563087792
4.6251037578626806E-4
0.033325455438926024
0.02844540914345156
0.0331646264101606
0.015873777395760468
0.00216310910937344
0.09558854518098502
0.10831322950295344
0.1121088732732495
0.14073612029862279
0.09760878899451517
0.014088016858853391
0.15159491182905113
0.026899181666850534
0.0849692926836781
0.002452328028196038
0.006674460224504031
0.10471988367431133
0.022458100975283047
0.03583027016059464
0.026407884937250704
0.040434779222493236
0.04815412947334021
0.1419620168449472
0.07213917821068597
0.1
0.048589954935485125
0.13071442954385604
0.010895649718726674
0.20767429268012355
0.039437318271937506
0.0940136179782654
0.06243600769711242
0.018844861622531805
0.1380966624022314
0.0036443978025208516
0.047934812327604825
0.13547346334924454
0.09923161055508685
0.13249760056726617
0.1063445217622839
0.02473950436571768
0.01821464724924582
0.042270493099220346
0.06517205567355518
0.0010486429646908491
0.11450187005424117
0.07622293348805768
0.020845125267130983
1.1291551509262643E-4
0.07787878288865693
0.01655813445893036
0.01597024641774446
0.025161419191757593
0.1580283771029407
0.0600963115530397
0.08005224563469615
0.05002681117893434
0.0421812589358463
0.048370963367642295
0.06598650472765913
0.010014372167563212
0.10188025679720247
0.04005910545298162
0.1197965163692378
0.027108202068154518
0.047407086886474256
0.1503069343867746
0.14381429585589467
0.13624189095606892
0.06963011295572412
0.010437292786971215
0.0664464699502947
0.01171392010039347
0.01876850875200927
0.0028297340363783842
0.08127261533655665
0.05285555920631457
0.11607590077194359
0.08364290939456866
0.005017736078799106
0.09445650153004448
0.09309070896743778
0.004708781578395604
0.19119486162814986
0.10053903289175689
0.13011053875418388
0.06017755881300098
0.1430868648675212
0.08427072125146548
0.06598314392118758
0.048622782937010264
0.08840125192857827
0.13462201947511884
0.04751029926254846
0.2129395467338829
0.021141244075334374
0.03084553630837599
0.05913465313215316
0.029094807270744694
0.0013550340198860366
0.11808120464380016
1.1102230246251566E-17
0.027612849434083663
0.017952379845064925
0.09398269384662176
0.043860327009252756
0.10087445707740131
0.0016475133396988805
0.12221904169667512
0.08361965707243461
0.09003019463816928
0.08172771232054395
0.016077603302694747
0.07037442938498606
0.10284200621679299
0.00410204910212284
0.020873069117601405
0.054854130675978253
0.06780235650858327
8.860115136708702E-4
0.036598842395480245
0.05497328971680036
0.11485565148085097
0.07523809106182808
0.14928501095986801
0.05177319796620068
0.012466418593336127
0.018454541298238803
0.02214509402003212
0.0064729129425548535
0.041730650530870696
0.044924238900496107
0.1329761867245359
0.05784108776045893
0.035527794651504366
0.08427936863830246
0.007988143051142437
0.05185912160848651
0.13723591453760906
0.022705410841863328
0.08183318759710065
0.09118712744006448
0.14154132163091276
0.06426549334897036
0.14727492680467102
0.028904660618506196
0.026787020599189713
0.06809208133114077
0.03880640944514191
0.15529957398950417
0.10089472213691415
0.14413265228553082
0.00809277359176086
0.023140095406141793
0.02569213707647715
0.06431566384965841
0.017495078846289598
0.11090053601742648
0.109325386858142
0.07338409248931907
0.01964174301734769
0.10621862493392235
0.015687084189935897
0.02284502751053662
0.09453788962341111
0.08926720764849036
0.05721730999738626
0.006990852963955874
0.10275186771974198
0.027028395513322118
0.0832183550014487
0.030981144506460494
0.07094982065792158
0.009546420775057001
0.010622542544020775
0.05678464652519588
0.05083520849162056
0.07560386770196278
0.0
0.07560386770196278
0.05083520849162056
0.05678464652519588
0.010622542544020775
0.009546420775057001
0.07094982065792158
0.030981144506460494
0.0832183550014487
0.027028395513322118
0.10275186771974198
0.006990852963955874
0.05721730999738626
0.08926720764849036
0.09453788962341111
0.02284502751053662
0.015687084189935897
0.10621862493392235
0.01964174301734769
0.07338409248931907
0.109325386858142
0.11090053601742648
0.017495078846289598
0.06431566384965841
0.02569213707647715
0.023140095406141793
0.00809277359176086
0.14413265228553082
0.10089472213691415
0.15529957398950417
0.03880640944514191
0.06809208133114077
0.026787020599189713
0.028904660618506196
0.14727492680467102
0.06426549334897036
0.14154132163091276
0.09118712744006448
0.08183318759710065
0.022705410841863328
0.13723591453760906
0.05185912160848651
0.007988143051142437
0.08427936863830246
0.035527794651504366
0.05784108776045893
0.1329761867245359
0.044924238900496107
0.041730650530870696
0.0064729129425548535
0.02214509402003212
0.018454541298238803
0.012466418593336127
0.05177319796620068
0.14928501095986801
0.07523809106182808
0.11485565148085097
0.05497328971680036
0.036598842395480245
8.860115136708702E-4
0.06780235650858327
0.054854130675978253
0.020873069117601405
0.00410204910212284
0.10284200621679299
0.07037442938498606
0.016077603302694747
0.08172771232054395
0.09003019463816928
0.08361965707243461
0.12221904169667512
0.0016475133396988805
0.10087445707740131
0.043860327009252756
0.09398269384662176
0.017952379845064925
0.027612849434083663
1.1102230246251566E-17
0.11808120464380016
0.0013550340198860366
0.029094807270744694
0.05913465313215316
0.03084553630837599
0.021141244075334374
0.2129395467338829
0.04751029926254846
0.13462201947511884
0.08840125192857827
0.048622782937010264
0.06598314392118758
0.08427072125146548
0.1430868648675212
0.06017755881300098
0.13011053875418388
0.10053903289175689
0.19119486162814986
0.004708781578395604
0.09309070896743778
0.09445650153004448
0.005017736078799106
0.08364290939456866
0.11607590077194359
0.05285555920631457
0.08127261533655665
0.0028297340363783842
0.01876850875200927
0.01171392010039347
0.0664464699502947
0.010437292786971215
0.06963011295572412
0.13624189095606892
0.14381429585589467
0.1503069343867746
0.047407086886474256
0.027108202068154518
0.1197965163692378
0.04005910545298162
0.10188025679720247
0.010014372167563212
0.06598650472765913
0.048370963367642295
0.0421812589358463
0.05002681117893434
0.08005224563469615
0.0600963115530397
0.1580283771029407
0.025161419191757593
0.01597024641774446
0.01655813445893036
0.07787878288865693
1.1291551509262643E-4
0.020845125267130983
0.07622293348805768
0.11450187005424117
0.0010486429646908491
0.06517205567355518
0.042270493099220346
0.01821464724924582
0.02473950436571768
0.1063445217622839
0.13249760056726617
0.09923161055508685
0.13547346334924454
0.047934812327604825
0.0036443978025208516
0.1380966624022314
0.018844861622531805
0.06243600769711242
0.0940136179782654
0.039437318271937506
0.20767429268012355
0.010895649718726674
0.13071442954385604
0.048589954935485125
0.1
0.07213917821068597
0.1419620168449472
0.04815412947334021
0.040434779222493236
0.026407884937250704
0.03583027016059464
0.022458100975283047
0.10471988367431133
0.006674460224504031
0.002452328028196038
0.0849692926836781
0.026899181666850534
0.15159491182905113
0.014088016858853391
0.09760878899451517
0.14073612029862279
0.1121088732732495
0.10831322950295344
0.09558854518098502
0.00216310910937344
0.015873777395760468
0.0331646264101606
0.02844540914345156
0.033325455438926024
4.6251037578626806E-4
0.08203142563087792
0.026124929093567513
0.024153323139358716
0.009792443091297991
0.006309417787384008
0.0298353096407054
0.01870263975112254
0.0509962684506496
0.0936523753641938
0.04960430811804071
0.05007896528711743
0.026512142827523993
0.01945427681885494
0.03399713827184917
0.060719457299443766
0.07244790775278526
0.023286063124325972
0.10904398515136582
0.00769946320924757
0.023117848783556397
0.12186336755433524
0.001792586802618895
0.07857133161157759
0.03667047116699913
0.07566295540691137
0.06053831318608653
0.065530859539266
0.11341866872242634
0.026309269752713787
0.09688272276276962
0.03670557211686742
0.15553876505545
0.07525848095662144
0.09708416927161093
0.00962297812614773
0.0027042268506130727
0.010903233923467948
0.09419677185181956
0.06645808523434103
0.11006522981783687
0.11220122413255225
0.04364464510595585
0.018889960930934674
0.0618651899370974
0.06567543743658939
0.03705624471533843
0.1347897420503354
0.10358112139174624
0.0802152344451343
0.020307720569763453
0.10891805509395262
0.0
0.03612102538807997
0.07908898830794263
0.0797008914002093
0.051934443562270324
0.04046206852351651
0.11463610942935194
0.053160983743215096
0.07664747074779923
0.024655643942105017
0.08058712191196797
0.03247612137827837
0.02790235231974143
0.06775835469665076
0.026966971624289248
0.08063170640283883
0.009059137961099589
0.12971082479014123
0.03978602215256486
0.05366304975683102
0.016202835998137842
0.040215872033639306
0.058108254199961816
0.021895873854775
0.09164925937932931
0.1131328794905816
0.12067136819163038
0.030357197127279557
0.07339229403565725
0.18774737023673957
0.07376311125085497
0.006956918933708367
0.007011438071738938
0.04230053679075245
0.048282294489322905
0.03360990471819394
0.17181449025278578
0.15164315548944127
0.07136682298771208
0.06193725811861461
0.031455660153740114
0.017974569493765337
0.11834971451051883
0.2731089860144259
0.20024533318281829
0.1887198752978896
0.03256366211323454
0.009972002621015118
0.06058268174183268
0.1125790771612585
0.034711722282392804
0.0702157771226682
0.006832751057899472
0.07140844020449622
0.06860342853175654
0.20979561563704188
0.11249944348821952
0.03138274425168323
0.036520687414383135
0.22449665500887067
0.09015623374986984
0.1170931355955976
0.22214151295096887
0.2668526500305611
0.05300192686930616
0.10053526427420101
0.04731827286955144
0.22356539159046118
0.04887003303555589
0.012384863733256823
0.21516058481017408
0.0033463006876379873
0.07811118644018852
0.16689648030851414
0.15495019430502568
0.03971619205028674
0.09099177857175907
2.2204460492503132E-17
0.034276869796844744
0.0283332289866447
0.17565594496780984
0.30552854686840525
0.25818362258418665
0.18213797293306627
0.18553225609098073
0.07859605820017534
0.18051445679521433
0.021963511150466904
0.005947008507664109
0.047517959154829995
0.24173421884138077
0.02583302781133513
0.038316906025474655
0.29263861335643504
0.1085075499896315
0.05102672896283937
0.11821381929552818
0.20042331532398094
0.2940222401098251
0.12622293348805755
0.4815628605600146
0.16055481423155377
0.052669395823011056
0.021212591467617857
0.13864717099151996
0.19369009958129127
0.022669529356255214
0.048230316079740154
0.2751935695345277
0.003446195882781289
0.22762107431330417
0.09666187146516786
0.22695928541318855
0.02106854530641885
0.26558102026424624
0.1495413218484159
0.06958941781248998
0.2628546150294092
0.23509828292021587
0.38687592298477236
0.4130122401069542
0.22189605832492498
0.21357811511369054
0.09482207608412241
0.12821884015644378
0.21292574049350593
0.1379167114627346
0.11334831701272592
0.3409237157050193
0.03732062987651472
0.12972145015196995
0.06606165213988738
0.1272698294744307
0.0402067466444823
0.1678987360138441
0.22112398931415891
0.3644873270064539
0.2736142135062886
0.5669052886539919
0.03182981396661797
0.11069867464289249
0.12650376999299834
0.024073798618477787
0.10625318789022076
0.04421726963708953
0.22521979676411955
0.36375767920038904
0.2132966401565939
0.24416931261237296
0.11356697909276647
0.2875783573583875
0.1735742904697723
0.2915039199033679
0.15947656245063896
1.1102230246251566E-17
0.561675701800534
0.04335197255379534
0.36592492055239145
0.28125618021060905
0.215591969095293
0.29227493243348507
0.05019793412316692
0.18499846839084583
0.32479762334658435
0.15032586200296172
0.03392239669730518
0.34990855642280405
0.262351237002579
0.18916173468703265
0.07737719160719626
0.22243502883374117
0.038592148782591484
0.08195331656116371
0.0612724702767425
0.5510016616707649
0.38606051229413624
0.7033711886069054
0.0230765728274689
0.050308943428287935
0.17644364081120237
0.14146303667743199
0.1993478242997639
0.09834466911332436
0.18358696496129334
0.340375795654668
0.3052520021416302
0.07605229553121196
0.047680505741236265
0.13635638596490463
0.19767424257731878
0.3359415124907275
0.17762604139061683
0.12524666330596704
0.7972416130222358
0.0017386740420103186
0.22685497477564467
0.15148087881807332
0.01363293148964273
0.16119222617173565
0.03675280839126131
0.16639396000864193
0.5296385726284492
0.0034652261253601433
0.15662349574883214
0.35378033678066434
0.32465303880996477
0.3486515939839724
0.24754505207333496
0.0746845804716372
0.058708883014018776
0.26503035825539023
0.20963539435301262
0.5288944349571831
0.27238376928449554
0.5525597590678651
0.1635413089715481
0.03531331408571631
0.34794349855720214
0.2299216179223082
0.27645007063735544
0.13481082824612284
0.21581491080415302
0.08514245312486282
0.4659559536758092
0.023655857853692813
0.12593424646712945
0.07349066810641787
0.07865116316622399
0.07052047959371117
0.2744077164905868
0.08227768544215246
