0.013081970933296185
0.013844261196016184
0.010114666756627765
0.05080482817769972
0.06307227445821935
0.014865147096850303
0.12425416762445897
0.019285030822725115
0.07873592877690451
0.026191345024234685
0.12589050803811266
0.03237037755786892
0.05042922146641128
0.01907210356109351
0.10073777981361443
0.01655382273894979
0.023253038467269446
0.14087036882842133
0.10679882499053127
1.0
0.03207162080856245
0.3055587346956376
0.1788032143667026
0.4893038221077868
0.08588176393574325
0.7266227119924953
0.2775865295286448
0.7750638177064986
0.8171769845842891
0.16822550644411016
0.26550271452773777
0.8607815649195296
0.4537886313324909
0.6319560612855255
0.8384500490937732
0.09127516252074432
0.032252484042288365
0.5638695099284419
0.7388947351049718
0.532319926628113
0.9086733263322203
0.29199952289585174
0.31361639457338714
0.08865260426306407
0.6071057968822255
0.13340727495778099
0.7800186613431741
0.22738779602462927
0.8728407871865631
0.9396221457688364
0.5549377154335791
0.3616898624203339
0.4113019791254989
0.14631111146303694
0.12586082623160597
0.18109727989760974
0.5807109952491983
0.07091151446349175
0.012081568249191365
0.200338869059481
0.519522460383154
0.003247140334412878
0.10682355396241945
0.17887583947044922
0.1733697151300498
0.3444306264252651
0.5854707400461486
0.05404801971502564
0.01188007641488309
0.49833409829977676
0.09419347845936855
0.2944357303480131
0.3740933406943816
0.27040274745976917
0.11879187606260164
0.14028365372903615
0.297110764988609
0.2895921732681256
0.059978936438476294
0.19852627283656318
0.25334312309165335
0.5488836592190296
0.1790963663841876
0.11716007289810582
0.18487432890981154
0.08608797345282156
0.15367070697866583
0.18319512409949665
0.2628694496453801
0.13868968893317427
0.5906721526843576
0.27378170066107965
0.2455622169152033
0.12957849428895016
0.11982953978929327
0.088574179531359
0.3011112646708765
0.16740738157674692
0.30713783729429106
0.04414370290070699
0.17332317148490936
0.28237891057187664
0.18703582682277523
0.4222347394859043
0.41592685205631097
0.5148248231383151
0.2741269671513728
0.07898594678391276
0.11163941498767514
0.29673343171590527
0.08919591118069993
0.21772630715013638
0.15052957882523502
0.2077733172554377
0.0532759871146199
0.039142197540023294
0.21015196838912045
0.2218075381653099
0.04323112813653552
0.3090411680937066
0.126326161096416
0.11675458752800635
0.0715912171151593
0.009765421896776656
0.21612047432608794
0.3997258714781472
0.060270659346406213
0.30671543339598717
0.2621694446924034
0.18627526206198572
0.19056493465165483
0.34152244927057934
0.01609412966725392
0.04465250454843829
0.0018119878212835788
0.2186729582123057
0.07348292008570016
0.06781220273726936
0.07995475854313654
7.6574505633786E-4
0.018749513975772642
0.031073837626840718
0.026157188925272284
0.014422381063037388
0.0015812747418330294
0.10176203586885181
0.01056754736929955
0.008437901552442482
0.04359185064974212
0.041684716073076035
0.057583826454999404
0.006238498311795525
0.007470665824031203
0.05676691119477328
0.01612281647711322
0.004220903859256977
0.013871380963759353
0.004505195519648803
0.005587316412642737
0.0021863074976388925
0.006881822884688476
0.0014396452998967162
0.002667011965089127
0.014332625464593718
2.7022858123652377E-4
0.013106249309043616
0.013345509805944577
0.016883006669166506
0.011629199041834544
0.01570848349558403
0.004286100248912831
0.005151424075540573
0.0034985149882671776
3.2978613331951964E-4
0.011505291457811859
0.008840298699850596
0.006428705742919717
0.008080102657701697
0.0073342616240321765
0.00606625763091849
0.003736033804036246
0.01034491388736232
0.006305985707899682
0.0019988249704735723
0.003291877879213773
0.0018228298537382034
0.004350363299458504
0.006410364054549431
0.004754565953477881
0.010365656852842839
0.0030148061993887916
0.010848710075656668
0.0010818874361790032
0.015162799837660338
0.011799203354545219
7.575023669103319E-4
0.007895172753661832
0.0071468198590980934
0.005651095143860406
0.0021886957026417356
8.340387265318018E-4
0.004798246951078402
0.007623728666319553
0.008017649021200507
0.001225260487981516
0.0026604953835419267
8.74823147228951E-4
0.008288863110821157
0.010720021391697648
0.0013545168783062438
0.0010538772816779812
0.0019298404508664396
0.006074208089156677
0.002985046183793192
0.005685244044850869
0.006890748494383977
0.006105873720210102
0.006413641194644714
0.0034068241504770723
6.115338385050556E-4
4.224538200792047E-4
0.0036384714896021382
0.0025251520400474954
0.006200194255144263
8.73566350670172E-4
6.268761856095616E-4
0.0019308861555234246
0.007517240074047451
0.002656417698631802
5.344645235427921E-4
0.005288799521130309
0.0047829966366288714
0.0021448975554929778
0.0012652562362372268
0.001989256102600051
0.0030467990432422347
0.00595789026205951
0.002973891789308634
0.0058255276773766665
7.233585455328926E-4
1.0810873349006109E-4
0.00853169552735517
0.0057235638314772665
0.004776651773213854
1.8045777540294863E-4
0.009835143727912126
0.0120456389867898
0.010716994150062765
1.4425347923951957E-4
0.00510573373660283
0.006944255841745248
0.0042174514476731
0.0014413138604655118
0.009325014094417182
0.002429788324485592
0.0031158486388088453
0.0038828752659853818
0.0018942873837268556
0.0015824554004882088
0.003771040638130553
0.002007082449314871
0.0023291870684066344
6.488800669665339E-4
0.005425796834336128
0.0029280629290123184
0.005898494432296181
0.0019479240550480433
3.4069962306478306E-4
0.006821490512156741
0.0027861846891131634
0.0010588447893203439
0.003025033507387991
0.0025169939791841694
0.002705977067282733
0.0034761161202662744
0.0011113901173286438
8.392235998602613E-4
0.002059637961985132
3.393704611917415E-4
7.615780238507534E-4
0.002627164717248002
0.0014417759608149419
6.494337527904029E-4
0.002373337659910424
0.0024007777836380696
8.794396777300135E-4
0.0033906305923977476
0.0012899224897551507
1.563447566922271E-4
0.002386622662191133
7.246251876712879E-4
0.004329981774373659
0.0022669650327913657
2.2747880545397257E-4
0.0038397497520614864
0.0023652083806159595
6.487827116308184E-4
0.002323906099648677
4.655601778059039E-4
0.0015081571380569446
0.0020515004258640323
5.697051425152083E-4
0.0022659399619829384
0.0011144607306732078
7.675705987497109E-4
0.0012129313735371086
0.0021223976266684344
0.001296403657315726
0.0014570718230789942
0.001388121426604617
0.0014617121706947335
0.0010596581274270596
8.663531836278869E-4
0.003317287901425222
5.0836538098716985E-5
6.285102472527537E-4
1.9398404961618397E-5
3.3155876153438446E-4
0.00222139153501049
0.0015308868396490555
8.368889637611293E-4
0.0021474882049792535
0.001287614173920594
0.0021343932436937016
0.0014389699670606076
0.003072621002160895
0.002233843875464275
0.003716927575875371
0.0015718114117090518
5.747989018046326E-4
7.264853811918686E-4
1.987989308869073E-4
0.0024666479478416365
0.0013825047255235266
4.537875435948181E-4
4.5851898615811555E-4
0.0033092188578291467
0.0019286791332600798
5.226597691645092E-4
8.570345839890971E-4
0.001587241166255664
0.0034805389489713876
7.372377432393404E-4
1.4942833262498277E-4
0.0024709078915166245
4.084650487785533E-5
0.0018130850047409666
0.001614929974769603
0.0013809922753417027
0.0012472496340334574
0.002042839085267576
1.0939648994630425E-4
0.0023222182713800634
0.002835040741232798
1.4705950020889896E-4
0.001730916947049834
9.087497884878698E-4
0.002751304149779557
0.0027228099969563283
6.907842895920138E-4
9.660755280790243E-5
8.980837328792432E-4
0.003260386813181748
6.408793098042204E-4
0.00236311462235845
5.296371646521769E-4
0.002926939755619828
3.241271622869832E-5
0.001693065575873564
1.3170102731488228E-4
4.824555511517685E-4
0.0012848111584849698
5.34800679456875E-4
4.914150407311663E-6
0.0014824458416626443
1.7722006373129306E-5
3.0186612873343784E-4
0.0026443507655259904
0.0023244257898754127
6.058032332635426E-4
5.024680579921372E-4
6.503859239710554E-4
0.0012968588776158857
0.0034530224722294617
0.0024491622926369277
0.002107270617406064
0.0026592394145953558
0.001030682993082921
5.422186626497861E-4
0.0019932398238108437
0.0017202587407573427
0.002598705432309236
0.001264437044466499
4.9212685398262406E-5
0.002282667292615466
0.002167305953998518
0.0032437243778177614
0.0010886177705087335
0.0012225069382722769
0.003047245867038785
0.002308389391770459
0.004990553084386279
0.001998880209732363
0.0029877929338769232
0.0013021998281826496
0.00361999190518931
0.0017895961625410473
0.002020300957631325
0.0014784841474900395
2.5623039736835077E-4
0.0016939205815953442
1.0385985106394053E-5
9.642616394652853E-4
0.001715397633193284
0.0017459075823815248
9.641082869264576E-4
0.00117033199776818
4.256149211613776E-4
0.0023700547766097027
0.004646117475973945
5.732475391031149E-4
2.8438464013765165E-4
0.0016363323765529532
9.145983143602435E-4
0.0012060300125817179
8.299603645665151E-4
2.509821854898277E-4
0.004443108291813455
0.0022106554634485193
7.375045613806376E-4
0.0012755280568923267
0.002062093108787804
5.853120938382438E-4
0.001266930760354266
0.003929944672015984
4.021038108573026E-4
0.0020902359964787994
0.0010366471037028654
2.623950788558105E-5
9.297589509110753E-4
7.32286760443218E-4
0.0018226852545901785
7.626457433133093E-4
0.0038704874453236145
0.003558549955285467
0.001659987076027128
0.002163005244476291
0.002638509653916335
0.003099379426954938
0.003148097085224172
0.001461111404880673
0.004328204380812259
0.002901959544588031
0.003393754176272289
0.0013827595742481108
0.002477959062951039
2.529224808282614E-4
0.0016122238486106024
9.182043610723684E-4
0.00159534070614187
5.65437280974561E-4
0.002699271411154348
0.006430121306196431
0.002699271411154348
5.65437280974561E-4
0.00159534070614187
9.182043610723684E-4
0.0016122238486106024
2.529224808282614E-4
0.002477959062951039
0.0013827595742481108
0.003393754176272289
0.002901959544588031
0.004328204380812259
0.001461111404880673
0.003148097085224172
0.003099379426954938
0.002638509653916335
0.002163005244476291
0.001659987076027128
0.003558549955285467
0.0038704874453236145
7.626457433133093E-4
0.0018226852545901785
7.32286760443218E-4
9.297589509110753E-4
2.623950788558105E-5
0.0010366471037028654
0.0020902359964787994
4.021038108573026E-4
0.003929944672015984
0.001266930760354266
5.853120938382438E-4
0.002062093108787804
0.0012755280568923267
7.375045613806376E-4
0.0022106554634485193
0.004443108291813455
2.509821854898277E-4
8.299603645665151E-4
0.0012060300125817179
9.145983143602435E-4
0.0016363323765529532
2.8438464013765165E-4
5.732475391031149E-4
0.004646117475973945
0.0023700547766097027
4.256149211613776E-4
0.00117033199776818
9.641082869264576E-4
0.0017459075823815248
0.001715397633193284
9.642616394652853E-4
1.0385985106394053E-5
0.0016939205815953442
2.5623039736835077E-4
0.0014784841474900395
0.002020300957631325
0.0017895961625410473
0.00361999190518931
0.0013021998281826496
0.0029877929338769232
0.001998880209732363
0.004990553084386279
0.002308389391770459
0.003047245867038785
0.0012225069382722769
0.0010886177705087335
0.0032437243778177614
0.002167305953998518
0.002282667292615466
4.9212685398262406E-5
0.001264437044466499
0.002598705432309236
0.0017202587407573427
0.0019932398238108437
5.422186626497861E-4
0.001030682993082921
0.0026592394145953558
0.002107270617406064
0.0024491622926369277
0.0034530224722294617
0.0012968588776158857
6.503859239710554E-4
5.024680579921372E-4
6.058032332635426E-4
0.0023244257898754127
0.0026443507655259904
3.0186612873343784E-4
1.7722006373129306E-5
0.0014824458416626443
4.914150407311663E-6
5.34800679456875E-4
0.0012848111584849698
4.824555511517685E-4
1.3170102731488228E-4
0.001693065575873564
3.241271622869832E-5
0.002926939755619828
5.296371646521769E-4
0.00236311462235845
6.408793098042204E-4
0.003260386813181748
8.980837328792432E-4
9.660755280790243E-5
6.907842895920138E-4
0.0027228099969563283
0.002751304149779557
9.087497884878698E-4
0.001730916947049834
1.4705950020889896E-4
0.002835040741232798
0.0023222182713800634
1.0939648994630425E-4
0.002042839085267576
0.0012472496340334574
0.0013809922753417027
0.001614929974769603
0.0018130850047409666
4.084650487785533E-5
0.0024709078915166245
1.4942833262498277E-4
7.372377432393404E-4
0.0034805389489713876
0.001587241166255664
8.570345839890971E-4
5.226597691645092E-4
0.0019286791332600798
0.0033092188578291467
4.5851898615811555E-4
4.537875435948181E-4
0.0013825047255235266
0.0024666479478416365
1.987989308869073E-4
7.264853811918686E-4
5.747989018046326E-4
0.0015718114117090518
0.003716927575875371
0.002233843875464275
0.003072621002160895
0.0014389699670606076
0.0021343932436937016
0.001287614173920594
0.0021474882049792535
8.368889637611293E-4
0.0015308868396490555
0.00222139153501049
3.3155876153438446E-4
1.9398404961618397E-5
6.285102472527537E-4
5.0836538098716985E-5
0.003317287901425222
8.663531836278869E-4
0.0010596581274270596
0.0014617121706947335
0.001388121426604617
0.0014570718230789942
0.001296403657315726
0.0021223976266684344
0.0012129313735371086
7.675705987497109E-4
0.0011144607306732078
0.0022659399619829384
5.697051425152083E-4
0.0020515004258640323
0.0015081571380569446
4.655601778059039E-4
0.002323906099648677
6.487827116308184E-4
0.0023652083806159595
0.0038397497520614864
2.2747880545397257E-4
0.0022669650327913657
0.004329981774373659
7.246251876712879E-4
0.002386622662191133
1.563447566922271E-4
0.0012899224897551507
0.0033906305923977476
8.794396777300135E-4
0.0024007777836380696
0.002373337659910424
6.494337527904029E-4
0.0014417759608149419
0.002627164717248002
7.615780238507534E-4
3.393704611917415E-4
0.002059637961985132
8.392235998602613E-4
0.0011113901173286438
0.0034761161202662744
0.002705977067282733
0.0025169939791841694
0.003025033507387991
0.0010588447893203439
0.0027861846891131634
0.006821490512156741
3.4069962306478306E-4
0.0019479240550480433
0.005898494432296181
0.0029280629290123184
0.005425796834336128
6.488800669665339E-4
0.0023291870684066344
0.002007082449314871
0.003771040638130553
0.0015824554004882088
0.0018942873837268556
0.0038828752659853818
0.0031158486388088453
0.002429788324485592
0.009325014094417182
0.0014413138604655118
0.0042174514476731
0.006944255841745248
0.00510573373660283
1.4425347923951957E-4
0.010716994150062765
0.0120456389867898
0.009835143727912126
1.8045777540294863E-4
0.004776651773213854
0.0057235638314772665
0.00853169552735517
1.0810873349006109E-4
7.233585455328926E-4
0.0058255276773766665
0.002973891789308634
0.00595789026205951
0.0030467990432422347
0.001989256102600051
0.0012652562362372268
0.0021448975554929778
0.0047829966366288714
0.005288799521130309
5.344645235427921E-4
0.002656417698631802
0.007517240074047451
0.0019308861555234246
6.268761856095616E-4
8.73566350670172E-4
0.006200194255144263
0.0025251520400474954
0.0036384714896021382
4.224538200792047E-4
6.115338385050556E-4
0.0034068241504770723
0.006413641194644714
0.006105873720210102
0.006890748494383977
0.005685244044850869
0.002985046183793192
0.006074208089156677
0.0019298404508664396
0.0010538772816779812
0.0013545168783062438
0.010720021391697648
0.008288863110821157
8.74823147228951E-4
0.0026604953835419267
0.001225260487981516
0.008017649021200507
0.007623728666319553
0.004798246951078402
8.340387265318018E-4
0.0021886957026417356
0.005651095143860406
0.0071468198590980934
0.007895172753661832
7.575023669103319E-4
0.011799203354545219
0.015162799837660338
0.0010818874361790032
0.010848710075656668
0.0030148061993887916
0.010365656852842839
0.004754565953477881
0.006410364054549431
0.004350363299458504
0.0018228298537382034
0.003291877879213773
0.0019988249704735723
0.006305985707899682
0.01034491388736232
0.003736033804036246
0.00606625763091849
0.0073342616240321765
0.008080102657701697
0.006428705742919717
0.008840298699850596
0.011505291457811859
3.2978613331951964E-4
0.0034985149882671776
0.005151424075540573
0.004286100248912831
0.01570848349558403
0.011629199041834544
0.016883006669166506
0.013345509805944577
0.013106249309043616
2.7022858123652377E-4
0.014332625464593718
0.002667011965089127
0.0014396452998967162
0.006881822884688476
0.0021863074976388925
0.005587316412642737
0.004505195519648803
0.013871380963759353
0.004220903859256977
0.01612281647711322
0.05676691119477328
0.007470665824031203
0.006238498311795525
0.057583826454999404
0.041684716073076035
0.04359185064974212
0.008437901552442482
0.01056754736929955
0.10176203586885181
0.0015812747418330294
0.014422381063037388
0.026157188925272284
0.031073837626840718
0.018749513975772642
7.6574505633786E-4
0.07995475854313654
0.06781220273726936
0.07348292008570016
0.2186729582123057
0.0018119878212835788
0.04465250454843829
0.01609412966725392
0.34152244927057934
0.19056493465165483
0.18627526206198572
0.2621694446924034
0.30671543339598717
0.060270659346406213
0.3997258714781472
0.21612047432608794
0.009765421896776656
0.0715912171151593
0.11675458752800635
0.126326161096416
0.3090411680937066
0.04323112813653552
0.2218075381653099
0.21015196838912045
0.039142197540023294
0.0532759871146199
0.2077733172554377
0.15052957882523502
0.21772630715013638
0.08919591118069993
0.29673343171590527
0.11163941498767514
0.07898594678391276
0.2741269671513728
0.5148248231383151
0.41592685205631097
0.4222347394859043
0.18703582682277523
0.28237891057187664
0.17332317148490936
0.04414370290070699
0.30713783729429106
0.16740738157674692
0.3011112646708765
0.088574179531359
0.11982953978929327
0.12957849428895016
0.2455622169152033
0.27378170066107965
0.5906721526843576
0.13868968893317427
0.2628694496453801
0.18319512409949665
0.15367070697866583
0.08608797345282156
0.18487432890981154
0.11716007289810582
0.1790963663841876
0.5488836592190296
0.25334312309165335
0.19852627283656318
0.059978936438476294
0.2895921732681256
0.297110764988609
0.14028365372903615
0.11879187606260164
0.27040274745976917
0.3740933406943816
0.2944357303480131
0.09419347845936855
0.49833409829977676
0.01188007641488309
0.05404801971502564
0.5854707400461486
0.3444306264252651
0.1733697151300498
0.17887583947044922
0.10682355396241945
0.003247140334412878
0.519522460383154
0.200338869059481
0.012081568249191365
0.07091151446349175
0.5807109952491983
0.18109727989760974
0.12586082623160597
0.14631111146303694
0.4113019791254989
0.3616898624203339
0.5549377154335791
0.9396221457688364
0.8728407871865631
0.22738779602462927
0.7800186613431741
0.13340727495778099
0.6071057968822255
0.08865260426306407
0.31361639457338714
0.29199952289585174
0.9086733263322203
0.532319926628113
0.7388947351049718
0.5638695099284419
0.032252484042288365
0.09127516252074432
0.8384500490937732
0.6319560612855255
0.4537886313324909
0.8607815649195296
0.26550271452773777
0.16822550644411016
0.8171769845842891
0.7750638177064986
0.2775865295286448
0.7266227119924953
0.08588176393574325
0.4893038221077868
0.1788032143667026
0.3055587346956376
0.03207162080856245
1.0
0.10679882499053127
0.14087036882842133
0.023253038467269446
0.01655382273894979
0.10073777981361443
0.01907210356109351
0.05042922146641128
0.03237037755786892
0.12589050803811266
0.026191345024234685
0.07873592877690451
0.019285030822725115
0.12425416762445897
0.014865147096850303
0.06307227445821935
0.05080482817769972
0.010114666756627765
0.013844261196016184
