0.05737197525466011
0.06156342906605331
0.07657896289489106
0.05452322020555699
0.03602382613803622
0.060482189106883646
0.021118269943643856
0.06227879804442221
0.049763318216129566
0.03979258067892822
0.20132400511059123
0.08187439013727539
0.05327894545064243
0.271149940928376
0.13979520585615496
0.12366539112937074
0.15260422159528825
0.45956432612380427
0.06614439017930533
0.09275487324723312
0.33292584532850156
0.41353328576582576
0.36894119308266554
1.0
0.2557460230735018
0.15680837979808357
0.6606382848325726
0.20999303279485176
0.4000119897931767
0.4216026796445235
0.11860677165777125
0.35383513665050326
0.4827053724909005
0.03660745459180045
0.7014654132397273
0.0028624855886856624
0.11620959861150536
0.5403856711370668
0.456133891921519
0.25928806077895833
0.06547077802995722
0.10078040480196979
0.3653992358382712
0.07410891282655883
0.5524221524919428
0.7731468668366223
0.8374507190299207
0.5134109881719936
0.16243548720136494
0.408792112348651
0.08394408899719945
0.030452095871316313
0.14454597415205087
0.014254903224184965
0.20418761700974414
0.2640754333168717
0.3234191826002276
0.08664680128119598
0.17468209890744976
0.0792082205098703
0.14550047968190424
0.19237334942740045
0.25269065808870955
0.1419737993568879
0.38237933619385894
0.24803299625076233
0.14096419347772335
0.2516001915056679
0.3044015512968667
0.17789702182017453
0.24032492081173962
0.020757014504307586
0.15335176634538578
0.14380709420337334
0.3090910783430663
0.20578551387019098
0.20744165246377902
0.38701339185571854
0.05441733226003693
0.15843653573877303
0.2148550796091147
0.13759470965122841
0.05754287078645885
0.20815341951762584
0.16569143335878767
0.25425609409572886
0.10322466012191207
0.0931756781808145
0.016837432239314828
0.09518059271956932
0.17183256601168845
0.05411262540646968
0.019370018625999415
0.05232506320508827
0.06292266879829238
0.2093941384363379
0.15228320830613493
0.0871109446659276
0.38014754072086154
0.243839940699018
0.16212572675261566
0.13233412657830285
0.07584327078074603
0.16673444601724288
0.4282632292705377
0.26343228296100335
0.13421929262323282
0.09841213468059429
0.2767615871008995
0.06119750991401699
0.16145785840779797
0.11994830935948554
0.08304772209055501
0.323703836043003
0.37798700208164493
0.21252186408547694
0.1091170141141802
0.21969167912920226
0.2036162364287104
0.09314814104176904
0.03409503534995976
0.33887181837010577
0.06540660736649495
0.076603140787974
0.10946913033424358
0.02355569822604248
0.27862640814099116
0.23125419326721278
0.0719682676821937
0.4221877251753627
0.06743192308354704
0.08908144558074656
0.09737092585387466
0.02719698676705717
0.15922323360122695
0.17807973189901094
0.06588460524150584
0.2065814541604225
0.09064913566991781
0.08515450583188906
0.08498503141704747
0.12431991005921562
0.0015372577637844114
0.07482934024319628
0.05528059778061326
0.010375903455964511
0.018978155112807107
0.028751445714434033
0.03544653227198953
0.04333813603716408
0.012624275561408847
0.02454390698785155
0.0276730311084682
0.016740149728366096
0.026574355350333825
0.026625055251248118
0.02837397347900524
0.024729808850609228
0.007364787601377463
0.02065400733305043
0.018821768926759228
0.017646519432400837
0.01010518062542446
0.009969761840417429
0.020955461088638026
0.011853925122805366
0.0186465481921409
0.014782811741831891
0.014525647479551968
0.012125542914254762
0.017848040558821932
0.006611841318207359
0.013982069694808886
0.011027602855036813
0.012826709431054744
0.01776772801257685
0.011408604359334665
0.011997703578979134
0.01929883812248702
0.013120310992141152
0.014881842444452311
0.009276828055637117
0.009325270794294047
0.015669089212948302
0.008964024326495052
0.013440466422526477
0.0141460054960652
0.015379957817475646
0.008964528217834491
0.013739410893615588
0.012203105041280662
0.013242478445652885
0.014039174277215731
0.010514206922780496
0.014560867983730125
0.00870778434640969
0.005130719504208521
0.01621595180513458
0.016470327971784052
0.01640644519808396
0.016138977255972877
0.015051483386031734
0.0076980620608099555
0.014646342711068254
0.010237823568822595
0.009418296865291435
0.01429207818575792
0.011176640937460857
0.015471799689065202
0.010539415868538514
0.015190165432581318
0.017693929033535182
0.011488349793403628
0.009838714104560957
0.009847356369639071
0.006880564877584429
0.014976931514896739
0.018008380665831967
0.0075234816820623695
0.01246624203516237
0.012124250005125273
0.00982632975040981
0.009735801569953035
0.011904062151610119
0.00986519542781505
0.01571246061985543
0.007558001481438528
0.013070590470187746
0.013796786611922926
0.01323799466985641
0.012163135011190443
0.01435194140805908
0.009242187131552787
0.013496879914406157
0.01650287996290016
0.013973928237009072
0.008614005419299645
0.013196711050010218
0.015253106768064954
0.01334520397835536
0.016202626160214773
0.006563613140585888
0.008787792825292223
0.011636798692056553
0.014422207748322723
0.008614473585479548
0.00936357926768327
0.016108373622169103
0.007256677349612931
0.012641794937150615
0.009607676970689852
0.011858155427087994
0.006431584571685958
0.010999827462052263
0.009780411566651655
0.006470864668165022
0.006710011511810162
0.012758245066206613
0.012687667680210206
0.008976966554613705
0.012587081819909704
0.00969841932364765
0.013065809570851494
0.006814847175726397
0.011887473142253527
0.01496890644944457
0.015472649120305361
0.007669267628319518
0.008599653002533205
0.009629270991071913
0.010735034811844613
0.011996185518607172
0.010332750553828832
0.01041064060870012
0.0121622258777385
0.011782631959561163
0.00874295335493308
0.011430345106533448
0.008769777588358382
0.011108141189377774
0.009287341867367245
0.01341336779996647
0.010103734398870665
0.008093717117964302
0.00977099353750233
0.012281585404839045
0.0073109140096493915
0.010667420548813915
0.010937642612048649
0.011544291546980449
0.009972371931751734
0.007770156460764549
0.01027319578304029
0.009289184615521166
0.009897413168862676
0.008074379083140125
0.009369913545019159
0.010889471254646609
0.00723153674059313
0.008057154355283489
0.009277040697895911
0.012452580859718053
0.00924348379760669
0.011811500668482529
0.008223028679327693
0.008457327734735752
0.010138588439441118
0.009972798828379462
0.01147081601317441
0.010443783437165491
0.0090444810601321
0.008077420774105398
0.009102308314389025
0.008662042951895363
0.010238350303181069
0.010998492865441741
0.009211496586018574
0.012465951657629565
0.010746665115472684
0.010431183299120964
0.00992548941161315
0.00867413644327319
0.01131861221024899
0.008306954746779456
0.010274434935730948
0.011374445168622347
0.011078442684831019
0.0076325876617160116
0.009315800447445727
0.00860678406849415
0.009964657262076312
0.008144335043728086
0.008316197867757986
0.008743450187811289
0.012582463544953203
0.009489569548430382
0.01266088319332913
0.011318515695933049
0.009560862324604354
0.008626374831575277
0.009011340459478785
0.007529889512652264
0.009351200903622148
0.007666366526233304
0.010873256761212906
0.00939181545279064
0.009435975973193221
0.009171051434663433
0.009309769533468052
0.00999388081191572
0.009523726137664017
0.010332638434784111
0.01164876953467983
0.007854962080781737
0.008608393782956733
0.009006674270570093
0.010465905522923208
0.009322471235439712
0.009658130972243245
0.00858409465379216
0.008926687407314017
0.008855805549689394
0.008511649059022705
0.010121400698521136
0.008964389145390965
0.009296890943496176
0.01247776141910985
0.007469149918583569
0.009320629039603909
0.010857916157885499
0.011761239255590437
0.009490699282837264
0.011122512302930798
0.012320740316009151
0.009657100780792238
0.010602578091656446
0.009327651680568172
0.010896833049797201
0.010868160989653958
0.007591295926745032
0.009951869582265398
0.012067410988899251
0.012495993912500178
0.009246921007998456
0.009879323357311343
0.010295589617757391
0.008891857306120762
0.010906956523407906
0.007000025812691926
0.010537533304039459
0.008632702532959944
0.007237609484798722
0.013420101529767737
0.009431289370179771
0.007839544872428012
0.008535776591433748
0.008444664978835087
0.010598965593924243
0.009442666960784121
0.00918538638430352
0.011276927297718814
0.011964329092718065
0.008315924033620307
0.00912261850958379
0.008599581580020516
0.01094021602625907
0.008399355347954976
0.010663074915022547
0.008426772760475244
0.010072510688324163
0.00908983824120548
0.009965687574851074
0.012762133102083247
0.012176201733267087
0.00924690793615076
0.011350720276066368
0.010816414120827228
0.01051707643922357
0.011451840874594579
0.009043905034688004
0.008310192455696001
0.00593827247043145
0.0076550292698063
0.011923018708629838
0.007823993355514326
0.011575147919191802
0.01400616589405036
0.0088026621271131
0.011123410055481432
0.011074091339799284
0.010310597199949376
0.009370389726872772
0.0110765670584297
0.009781596412591832
0.009272568762046627
0.0063849172575853284
0.012783724838997137
0.010016918917201217
0.012739733619549614
0.009703994303208171
0.008764693957336766
0.007822481905818898
0.00477875736371505
0.008280557993847765
0.01035076616978757
0.00957460548483522
0.010928422436965898
0.009819395295101863
0.009472799411950368
0.011788706680161375
0.00789236892633154
0.009511417083445875
0.010903585396611758
0.008355598898670654
0.010379099687994765
0.006867197711840922
0.00969572866541362
0.006396993645324172
0.007818621995468277
0.01055498878309758
0.008153008630234779
0.009898090393991444
0.018360463696594283
0.009898090393991444
0.008153008630234779
0.01055498878309758
0.007818621995468277
0.006396993645324172
0.00969572866541362
0.006867197711840922
0.010379099687994765
0.008355598898670654
0.010903585396611758
0.009511417083445875
0.00789236892633154
0.011788706680161375
0.009472799411950368
0.009819395295101863
0.010928422436965898
0.00957460548483522
0.01035076616978757
0.008280557993847765
0.00477875736371505
0.007822481905818898
0.008764693957336766
0.009703994303208171
0.012739733619549614
0.010016918917201217
0.012783724838997137
0.0063849172575853284
0.009272568762046627
0.009781596412591832
0.0110765670584297
0.009370389726872772
0.010310597199949376
0.011074091339799284
0.011123410055481432
0.0088026621271131
0.01400616589405036
0.011575147919191802
0.007823993355514326
0.011923018708629838
0.0076550292698063
0.00593827247043145
0.008310192455696001
0.009043905034688004
0.011451840874594579
0.01051707643922357
0.010816414120827228
0.011350720276066368
0.00924690793615076
0.012176201733267087
0.012762133102083247
0.009965687574851074
0.00908983824120548
0.010072510688324163
0.008426772760475244
0.010663074915022547
0.008399355347954976
0.01094021602625907
0.008599581580020516
0.00912261850958379
0.008315924033620307
0.011964329092718065
0.011276927297718814
0.00918538638430352
0.009442666960784121
0.010598965593924243
0.008444664978835087
0.008535776591433748
0.007839544872428012
0.009431289370179771
0.013420101529767737
0.007237609484798722
0.008632702532959944
0.010537533304039459
0.007000025812691926
0.010906956523407906
0.008891857306120762
0.010295589617757391
0.009879323357311343
0.009246921007998456
0.012495993912500178
0.012067410988899251
0.009951869582265398
0.007591295926745032
0.010868160989653958
0.010896833049797201
0.009327651680568172
0.010602578091656446
0.009657100780792238
0.012320740316009151
0.011122512302930798
0.009490699282837264
0.011761239255590437
0.010857916157885499
0.009320629039603909
0.007469149918583569
0.01247776141910985
0.009296890943496176
0.008964389145390965
0.010121400698521136
0.008511649059022705
0.008855805549689394
0.008926687407314017
0.00858409465379216
0.009658130972243245
0.009322471235439712
0.010465905522923208
0.009006674270570093
0.008608393782956733
0.007854962080781737
0.01164876953467983
0.010332638434784111
0.009523726137664017
0.00999388081191572
0.009309769533468052
0.009171051434663433
0.009435975973193221
0.00939181545279064
0.010873256761212906
0.007666366526233304
0.009351200903622148
0.007529889512652264
0.009011340459478785
0.008626374831575277
0.009560862324604354
0.011318515695933049
0.01266088319332913
0.009489569548430382
0.012582463544953203
0.008743450187811289
0.008316197867757986
0.008144335043728086
0.009964657262076312
0.00860678406849415
0.009315800447445727
0.0076325876617160116
0.011078442684831019
0.011374445168622347
0.010274434935730948
0.008306954746779456
0.01131861221024899
0.00867413644327319
0.00992548941161315
0.010431183299120964
0.010746665115472684
0.012465951657629565
0.009211496586018574
0.010998492865441741
0.010238350303181069
0.008662042951895363
0.009102308314389025
0.008077420774105398
0.0090444810601321
0.010443783437165491
0.01147081601317441
0.009972798828379462
0.010138588439441118
0.008457327734735752
0.008223028679327693
0.011811500668482529
0.00924348379760669
0.012452580859718053
0.009277040697895911
0.008057154355283489
0.00723153674059313
0.010889471254646609
0.009369913545019159
0.008074379083140125
0.009897413168862676
0.009289184615521166
0.01027319578304029
0.007770156460764549
0.009972371931751734
0.011544291546980449
0.010937642612048649
0.010667420548813915
0.0073109140096493915
0.012281585404839045
0.00977099353750233
0.008093717117964302
0.010103734398870665
0.01341336779996647
0.009287341867367245
0.011108141189377774
0.008769777588358382
0.011430345106533448
0.00874295335493308
0.011782631959561163
0.0121622258777385
0.01041064060870012
0.010332750553828832
0.011996185518607172
0.010735034811844613
0.009629270991071913
0.008599653002533205
0.007669267628319518
0.015472649120305361
0.01496890644944457
0.011887473142253527
0.006814847175726397
0.013065809570851494
0.00969841932364765
0.012587081819909704
0.008976966554613705
0.012687667680210206
0.012758245066206613
0.006710011511810162
0.006470864668165022
0.009780411566651655
0.010999827462052263
0.006431584571685958
0.011858155427087994
0.009607676970689852
0.012641794937150615
0.007256677349612931
0.016108373622169103
0.00936357926768327
0.008614473585479548
0.014422207748322723
0.011636798692056553
0.008787792825292223
0.006563613140585888
0.016202626160214773
0.01334520397835536
0.015253106768064954
0.013196711050010218
0.008614005419299645
0.013973928237009072
0.01650287996290016
0.013496879914406157
0.009242187131552787
0.01435194140805908
0.012163135011190443
0.01323799466985641
0.013796786611922926
0.013070590470187746
0.007558001481438528
0.01571246061985543
0.00986519542781505
0.011904062151610119
0.009735801569953035
0.00982632975040981
0.012124250005125273
0.01246624203516237
0.0075234816820623695
0.018008380665831967
0.014976931514896739
0.006880564877584429
0.009847356369639071
0.009838714104560957
0.011488349793403628
0.017693929033535182
0.015190165432581318
0.010539415868538514
0.015471799689065202
0.011176640937460857
0.01429207818575792
0.009418296865291435
0.010237823568822595
0.014646342711068254
0.0076980620608099555
0.015051483386031734
0.016138977255972877
0.01640644519808396
0.016470327971784052
0.01621595180513458
0.005130719504208521
0.00870778434640969
0.014560867983730125
0.010514206922780496
0.014039174277215731
0.013242478445652885
0.012203105041280662
0.013739410893615588
0.008964528217834491
0.015379957817475646
0.0141460054960652
0.013440466422526477
0.008964024326495052
0.015669089212948302
0.009325270794294047
0.009276828055637117
0.014881842444452311
0.013120310992141152
0.01929883812248702
0.011997703578979134
0.011408604359334665
0.01776772801257685
0.012826709431054744
0.011027602855036813
0.013982069694808886
0.006611841318207359
0.017848040558821932
0.012125542914254762
0.014525647479551968
0.014782811741831891
0.0186465481921409
0.011853925122805366
0.020955461088638026
0.009969761840417429
0.01010518062542446
0.017646519432400837
0.018821768926759228
0.02065400733305043
0.007364787601377463
0.024729808850609228
0.02837397347900524
0.026625055251248118
0.026574355350333825
0.016740149728366096
0.0276730311084682
0.02454390698785155
0.012624275561408847
0.04333813603716408
0.03544653227198953
0.028751445714434033
0.018978155112807107
0.010375903455964511
0.05528059778061326
0.07482934024319628
0.0015372577637844114
0.12431991005921562
0.08498503141704747
0.08515450583188906
0.09064913566991781
0.2065814541604225
0.06588460524150584
0.17807973189901094
0.15922323360122695
0.02719698676705717
0.09737092585387466
0.08908144558074656
0.06743192308354704
0.4221877251753627
0.0719682676821937
0.23125419326721278
0.27862640814099116
0.02355569822604248
0.10946913033424358
0.076603140787974
0.06540660736649495
0.33887181837010577
0.03409503534995976
0.09314814104176904
0.2036162364287104
0.21969167912920226
0.1091170141141802
0.21252186408547694
0.37798700208164493
0.323703836043003
0.08304772209055501
0.11994830935948554
0.16145785840779797
0.06119750991401699
0.2767615871008995
0.09841213468059429
0.13421929262323282
0.26343228296100335
0.4282632292705377
0.16673444601724288
0.07584327078074603
0.13233412657830285
0.16212572675261566
0.243839940699018
0.38014754072086154
0.0871109446659276
0.15228320830613493
0.2093941384363379
0.06292266879829238
0.05232506320508827
0.019370018625999415
0.05411262540646968
0.17183256601168845
0.09518059271956932
0.016837432239314828
0.0931756781808145
0.10322466012191207
0.25425609409572886
0.16569143335878767
0.20815341951762584
0.05754287078645885
0.13759470965122841
0.2148550796091147
0.15843653573877303
0.05441733226003693
0.38701339185571854
0.20744165246377902
0.20578551387019098
0.3090910783430663
0.14380709420337334
0.15335176634538578
0.020757014504307586
0.24032492081173962
0.17789702182017453
0.3044015512968667
0.2516001915056679
0.14096419347772335
0.24803299625076233
0.38237933619385894
0.1419737993568879
0.25269065808870955
0.19237334942740045
0.14550047968190424
0.0792082205098703
0.17468209890744976
0.08664680128119598
0.3234191826002276
0.2640754333168717
0.20418761700974414
0.014254903224184965
0.14454597415205087
0.030452095871316313
0.08394408899719945
0.408792112348651
0.16243548720136494
0.5134109881719936
0.8374507190299207
0.7731468668366223
0.5524221524919428
0.07410891282655883
0.3653992358382712
0.10078040480196979
0.06547077802995722
0.25928806077895833
0.456133891921519
0.5403856711370668
0.11620959861150536
0.0028624855886856624
0.7014654132397273
0.03660745459180045
0.4827053724909005
0.35383513665050326
0.11860677165777125
0.4216026796445235
0.4000119897931767
0.20999303279485176
0.6606382848325726
0.15680837979808357
0.2557460230735018
1.0
0.36894119308266554
0.41353328576582576
0.33292584532850156
0.09275487324723312
0.06614439017930533
0.45956432612380427
0.15260422159528825
0.12366539112937074
0.13979520585615496
0.271149940928376
0.05327894545064243
0.08187439013727539
0.20132400511059123
0.03979258067892822
0.049763318216129566
0.06227879804442221
0.021118269943643856
0.060482189106883646
0.03602382613803622
0.05452322020555699
0.07657896289489106
0.06156342906605331
