-1.0009871704726971
0.6628974278550477
0.9764586664568041
0.628074132565731
0.9047347123454353
0.5615368063115922
0.7912292037824171
0.46919044454348596
0.6444133135060868
0.3591418099333685
0.47504612908961724
0.2408876526046341
0.2952083561210397
0.12437045786357247
0.1172356229696159
0.01900056438217839
0.04734312198625929
0.06725366161153085
0.1887587709118039
0.12861398097795076
0.29975633594738427
0.1620031931083156
0.3760820974830158
0.16726922015860635
0.4166643516958081
0.14710382697206487
0.4234810590159909
0.1066701249055963
0.40114029998066586
0.05298375833252266
0.35622856479538
0.005881840861243169
0.29650444621937416
0.061678241187086015
0.23002894491347128
0.10685724096507479
0.16432701892262594
0.1353457300901793
0.10566804942719786
0.14314021065397234
0.05853654081995433
0.12866231682306592
0.025340639956036828
0.0928439806921297
0.00637775145202377
0.038941071416806174
4.691129035547517E-5
0.027896004339598178
0.0032700174807475746
0.10124039784907411
0.012061571340018049
0.17412202807560048
0.022171689516428655
0.23979172471519042
0.02972133736195191
0.29243118165667664
0.03175247743929775
0.3277322249163501
0.026628489183502704
0.343285923458586
0.014240148221753998
0.33874538708585106
0.004002804714045836
0.3157529147619779
0.02538790499896912
0.27764933735699715
0.04629216419741264
0.22900781000385498
0.06269739633300374
0.1750531911930929
0.0707615377743458
0.12103942304730762
0.06737280899913074
0.07165984035624448
0.05061643638410651
0.030558964281466157
0.020094967076939297
9.260991700109793E-18
0.022938465059897786
0.01927820302278664
0.07565147907219008
0.028005017201940645
0.133900896897445
0.02813772569613424
0.19266679639365217
0.02247442611416322
0.24660055112992954
0.014174962765467739
0.2906214189102108
0.006255105174069758
0.32049033245019704
0.0011213913008631604
0.3332922294027091
2.0785845479720155E-4
0.32776919041937025
0.00376211100892568
0.30446450842695433
0.010808548733775382
0.2656604437427534
0.019293530297275294
0.2151171158668337
0.02639361015428865
0.1576437870005764
0.028946670721130448
0.09855385343386835
0.023949405125280206
0.043068771304677685
0.009055226434413154
0.004257775391649009
0.016994512840375835
0.040026652888513765
0.054065895968805885
0.062332991834773054
0.10049950092274368
0.0709186707086187
0.15317353460765165
0.06712017629275777
0.20776330446755178
0.053619445690716576
0.259172616242105
0.03402952136455832
0.3020904574204859
0.012367387106194894
0.33160927378502253
0.007519305323870655
0.34383142289883784
0.02249854980448019
0.3363893025152981
0.03060274828906434
0.30881250598131044
0.03132045746095766
0.2626913986651739
0.02569021297327789
0.20160900807141757
0.016179398756593993
0.13083955583444662
0.006357546293362941
0.05683930827690145
3.9929700246792155E-4
0.013419498326496368
0.002474448714350777
0.07320106316795902
0.016098326565231396
0.11676197905122997
0.04352316560803633
0.1400250064289783
0.08524920998027323
0.1410917240403555
0.13972284692917547
0.12053109014923717
0.20326942299251127
0.08140445600794693
0.2702825338432005
0.029016086994621472
0.33366239015756577
0.0295913706034369
0.38546662539179893
0.08634818504989551
0.4177109777411705
0.13300325281502023
0.42323768036053167
0.16201541462678093
0.3965584963828603
0.16739462893673787
0.3345785589155044
0.1454007877535583
0.2371168238558557
0.09502170559414357
0.10715815208596724
0.01817438697042981
0.04920113820027729
0.08039730428294899
0.22312079080550828
0.19352311522853083
0.4036707258918394
0.3122674247855533
0.5787144433684308
0.4267848307243356
0.7359391581106787
0.5272827992065708
0.8639332479212444
0.6049916363357667
0.9532050393377122
0.653040481406324
0.9970415115696742
0.6671473661785957
0.9921207629437517
0.6460506628185819
0.9388164869996446
0.5916363904376785
0.8411636769892554
0.5087479338228086
0.7064890284660823
0.40469827034715905
0.5447433907823154
0.28853616346680966
0.367603521068483
0.1701435656746523
0.18743314630291733
0.0592588980666869
0.016206551269873155
0.03547192257632137
0.13549976356915003
0.10731859035715653
0.25935052946191917
0.15207977204719916
0.3498521627368869
0.1684259603728249
0.404658740153232
0.15794046708752432
0.4245635627158378
0.12485966322859979
0.41318939918342334
0.075545520333168
0.3764214175290346
0.01775146652046206
0.32165231529752325
0.04023645779122614
0.2569265795507645
0.09048938148192802
0.19007840205217355
0.12626113874330386
0.12795491323210959
0.14266332353226704
0.07580361369910973
0.13712180134621507
0.03688180164901504
0.10957187274261036
0.012318942207299297
0.06237871425109923
0.0012334262121602654
0.0
0.0010763893789580258
0.07156464385195774
0.008150435798299457
0.14547052173764155
0.01823295637551656
0.21479002093443084
0.02722417168092731
0.2732541089824861
0.03173996569893521
0.3158921331994615
0.029578815969298934
0.3395027496305749
0.02000940559519419
0.34290991105062096
0.003848656420680392
0.3269836266366664
0.01667386193130839
0.29443262661952097
0.03824304053828126
0.24940194385641937
0.05693173470708259
0.19692981149497762
0.06875832501171743
0.14233278950811704
0.07025653566499944
0.09059412571632686
0.05898501872341682
0.045827485641015714
0.03391226901397663
0.010876861534191767
0.004371814899164327
0.012904811648014448
0.05364491545982306
0.025678755398298673
0.11024439631393257
0.028950389522737627
0.16944030015104924
0.02523520909830802
0.2259450361993223
0.01760908636549123
0.2744989698501488
0.00920499297087328
0.31046191554435165
0.002723700469350318
0.33033976459420455
2.3137454013857714E-5
0.33218321847871857
0.0018401792445845108
0.31581089976895105
0.007681103492996433
0.28283013391389644
0.015894940625881277
0.23645291426533102
0.02392019373606971
0.18112907967659364
0.028672819520155424
0.12204061323714645
0.027024731301500772
0.06451758913597687
0.016309715546757156
0.013445652805413818
0.005210896747036307
0.02726412052299132
0.0379865728040323
0.055079721398493244
0.08097177148436142
0.06907902531138446
0.13160922018554017
0.06998000502680636
0.18601242215572772
0.05996786446890743
0.23933272440755463
0.04234151987753082
0.286272719533256
0.021024197838967067
0.321688334271074
0.0
0.3412090935839737
0.017252004875853964
0.3418014130324747
0.0282535068198458
0.322204081904037
0.031887601193065336
0.28317802238775797
0.02857525189441944
0.22753258974782842
0.020240517284529243
0.15991588112027263
0.010063247254408403
0.0863838850595399
0.0020444162131523103
0.013789667635141677
4.3326301579449183E-4
0.05094394606477373
0.009084061933562785
0.10158924967645008
0.03082132885360768
0.1333303735881604
0.06689411542154723
0.14334902642253694
0.11659234463180336
0.131208886346184
0.17708158309855548
0.09898902141259987
0.24348895699719306
0.05114357908793789
0.3092446849644797
0.005904978315256823
0.36665407663671395
0.06440194165643642
0.4076472006774973
0.1160622339359481
0.42463096542407586
0.1529548164556711
0.4113537489878076
0.16837541975228
0.36368778939867397
0.15761270634580324
0.28024006216666825
0.11852273609042786
0.16271793314002633
0.05184588306482041
0.015999948035684573
0.03877286587378987
0.152107796842471
0.14706788349008984
0.33141637161282056
0.26471615379192787
0.5101543546232656
0.3821245142233077
0.67595047601251
0.4893609931516543
0.8169047362110596
0.5771341687727695
0.9226433319372465
0.6377185500781073
0.9852528131005083
0.6657290137225176
1.0
0.658662825812599
0.9657651950986581
0.6171520869875721
0.8851449295375183
0.5448999432033166
0.7642138502526551
0.4483073001755791
0.6119698270321458
0.3358294439817389
0.4395182665607516
0.2171303620938861
0.25907757029475126
0.10212360813342374
0.08290492565177006
2.7782975100329375E-17
0.07775161207769325
0.08165691727388569
0.21357314960106888
0.137576889944551
0.31787542063790575
0.16525952704234967
0.3870367830328024
0.16513774964643038
0.42061581652468444
0.14043610150877164
0.42115845680324765
0.09674448665599773
0.3937267825014715
0.041357849092089435
0.345209603593133
0.017543608065664764
0.2834959188616578
0.07178340932424197
0.21660397568164722
0.11405111449482441
0.15185998702025333
0.1386469367902491
0.09521160764220986
0.14203235021853597
0.050743251034373105
0.12313310132606821
0.02043543610043177
0.08336918523187628
0.004181513501872373
0.02641669614190818
4.565243631782527E-5
0.042264385226311325
0.00471919913955794
0.11607766970584693
0.01411141446661844
0.18803666254406629
0.023997431121256418
0.25152473573950773
0.03064237014451231
0.3009846293552562
0.03132616848312152
0.3324637741955734
0.024707947228882587
0.3439602053980959
0.010989862599653991
0.33553809239357346
0.008134261992774795
0.3092090585074858
0.02973366721357795
0.26860233382046866
0.050062276396262984
0.21847029322526076
0.06509090994322154
0.16409343205916208
0.07108106218600374
0.11065841671413602
0.06512695090289293
0.06268355939408428
0.04559717746919824
0.023557996006047622
0.012420196609658178
0.004754888643932981
0.03282272647913689
0.02182064242618425
0.08700967984403749
0.02863880870232821
0.14578291259293177
0.027369622507759588
0.20401036027534025
0.020923690586425195
0.2563489397685522
0.012472162665782476
0.2978423246694388
0.0049437290419483935
0.3244817001849178
5.752836088153167E-4
0.33366239015756577
5.752836088153167E-4
0.3244817001849178
0.0049437290419483935
0.2978423246694388
0.012472162665782476
0.2563489397685522
0.020923690586425195
0.20401036027534025
0.027369622507759588
0.14578291259293177
0.02863880870232821
0.08700967984403749
0.02182064242618425
0.03282272647913689
0.004754888643932981
0.012420196609658178
0.023557996006047622
0.04559717746919824
0.06268355939408428
0.06512695090289293
0.11065841671413602
0.07108106218600374
0.16409343205916208
0.06509090994322154
0.21847029322526076
0.050062276396262984
0.26860233382046866
0.02973366721357795
0.3092090585074858
0.008134261992774795
0.33553809239357346
0.010989862599653991
0.3439602053980959
0.024707947228882587
0.3324637741955734
0.03132616848312152
0.3009846293552562
0.03064237014451231
0.25152473573950773
0.023997431121256418
0.18803666254406629
0.01411141446661844
0.11607766970584693
0.00471919913955794
0.042264385226311325
4.565243631782527E-5
0.02641669614190818
0.004181513501872373
0.08336918523187628
0.02043543610043177
0.12313310132606821
0.050743251034373105
0.14203235021853597
0.09521160764220986
0.1386469367902491
0.15185998702025333
0.11405111449482441
0.21660397568164722
0.07178340932424197
0.2834959188616578
0.017543608065664764
0.345209603593133
0.041357849092089435
0.3937267825014715
0.09674448665599773
0.42115845680324765
0.14043610150877164
0.42061581652468444
0.16513774964643038
0.3870367830328024
0.16525952704234967
0.31787542063790575
0.137576889944551
0.21357314960106888
0.08165691727388569
0.07775161207769325
2.7782975100329375E-17
0.08290492565177006
0.10212360813342374
0.25907757029475126
0.2171303620938861
0.4395182665607516
0.3358294439817389
0.6119698270321458
0.4483073001755791
0.7642138502526551
0.5448999432033166
0.8851449295375183
0.6171520869875721
0.9657651950986581
0.658662825812599
1.0
0.6657290137225176
0.9852528131005083
0.6377185500781073
0.9226433319372465
0.5771341687727695
0.8169047362110596
0.4893609931516543
0.67595047601251
0.3821245142233077
0.5101543546232656
0.26471615379192787
0.33141637161282056
0.14706788349008984
0.152107796842471
0.03877286587378987
0.015999948035684573
0.05184588306482041
0.16271793314002633
0.11852273609042786
0.28024006216666825
0.15761270634580324
0.36368778939867397
0.16837541975228
0.4113537489878076
0.1529548164556711
0.42463096542407586
0.1160622339359481
0.4076472006774973
0.06440194165643642
0.36665407663671395
0.005904978315256823
0.3092446849644797
0.05114357908793789
0.24348895699719306
0.09898902141259987
0.17708158309855548
0.131208886346184
0.11659234463180336
0.14334902642253694
0.06689411542154723
0.1333303735881604
0.03082132885360768
0.10158924967645008
0.009084061933562785
0.05094394606477373
4.3326301579449183E-4
0.013789667635141677
0.0020444162131523103
0.0863838850595399
0.010063247254408403
0.15991588112027263
0.020240517284529243
0.22753258974782842
0.02857525189441944
0.28317802238775797
0.031887601193065336
0.322204081904037
0.0282535068198458
0.3418014130324747
0.017252004875853964
0.3412090935839737
0.0
0.321688334271074
0.021024197838967067
0.286272719533256
0.04234151987753082
0.23933272440755463
0.05996786446890743
0.18601242215572772
0.06998000502680636
0.13160922018554017
0.06907902531138446
0.08097177148436142
0.055079721398493244
0.0379865728040323
0.02726412052299132
0.005210896747036307
0.013445652805413818
0.016309715546757156
0.06451758913597687
0.027024731301500772
0.12204061323714645
0.028672819520155424
0.18112907967659364
0.02392019373606971
0.23645291426533102
0.015894940625881277
0.28283013391389644
0.007681103492996433
0.31581089976895105
0.0018401792445845108
0.33218321847871857
2.3137454013857714E-5
0.33033976459420455
0.002723700469350318
0.31046191554435165
0.00920499297087328
0.2744989698501488
0.01760908636549123
0.2259450361993223
0.02523520909830802
0.16944030015104924
0.028950389522737627
0.11024439631393257
0.025678755398298673
0.05364491545982306
0.012904811648014448
0.004371814899164327
0.010876861534191767
0.03391226901397663
0.045827485641015714
0.05898501872341682
0.09059412571632686
0.07025653566499944
0.14233278950811704
0.06875832501171743
0.19692981149497762
0.05693173470708259
0.24940194385641937
0.03824304053828126
0.29443262661952097
0.01667386193130839
0.3269836266366664
0.003848656420680392
0.34290991105062096
0.02000940559519419
0.3395027496305749
0.029578815969298934
0.3158921331994615
0.03173996569893521
0.2732541089824861
0.02722417168092731
0.21479002093443084
0.01823295637551656
0.14547052173764155
0.008150435798299457
0.07156464385195774
0.0010763893789580258
0.0
0.0012334262121602654
0.06237871425109923
0.012318942207299297
0.10957187274261036
0.03688180164901504
0.13712180134621507
0.07580361369910973
0.14266332353226704
0.12795491323210959
0.12626113874330386
0.19007840205217355
0.09048938148192802
0.2569265795507645
0.04023645779122614
0.32165231529752325
0.01775146652046206
0.3764214175290346
0.075545520333168
0.41318939918342334
0.12485966322859979
0.4245635627158378
0.15794046708752432
0.404658740153232
0.1684259603728249
0.3498521627368869
0.15207977204719916
0.25935052946191917
0.10731859035715653
0.13549976356915003
0.03547192257632137
0.016206551269873155
0.0592588980666869
0.18743314630291733
0.1701435656746523
0.367603521068483
0.28853616346680966
0.5447433907823154
0.40469827034715905
0.7064890284660823
0.5087479338228086
0.8411636769892554
0.5916363904376785
0.9388164869996446
0.6460506628185819
0.9921207629437517
0.6671473661785957
0.9970415115696742
0.653040481406324
0.9532050393377122
0.6049916363357667
0.8639332479212444
0.5272827992065708
0.7359391581106787
0.4267848307243356
0.5787144433684308
0.3122674247855533
0.4036707258918394
0.19352311522853083
0.22312079080550828
0.08039730428294899
0.04920113820027729
0.01817438697042981
0.10715815208596724
0.09502170559414357
0.2371168238558557
0.1454007877535583
0.3345785589155044
0.16739462893673787
0.3965584963828603
0.16201541462678093
0.42323768036053167
0.13300325281502023
0.4177109777411705
0.08634818504989551
0.38546662539179893
0.0295913706034369
0.33366239015756577
0.029016086994621472
0.2702825338432005
0.08140445600794693
0.20326942299251127
0.12053109014923717
0.13972284692917547
0.1410917240403555
0.08524920998027323
0.1400250064289783
0.04352316560803633
0.11676197905122997
0.016098326565231396
0.07320106316795902
0.002474448714350777
0.013419498326496368
3.9929700246792155E-4
0.05683930827690145
0.006357546293362941
0.13083955583444662
0.016179398756593993
0.20160900807141757
0.02569021297327789
0.2626913986651739
0.03132045746095766
0.30881250598131044
0.03060274828906434
0.3363893025152981
0.02249854980448019
0.34383142289883784
0.007519305323870655
0.33160927378502253
0.012367387106194894
0.3020904574204859
0.03402952136455832
0.259172616242105
0.053619445690716576
0.20776330446755178
0.06712017629275777
0.15317353460765165
0.0709186707086187
0.10049950092274368
0.062332991834773054
0.054065895968805885
0.040026652888513765
0.016994512840375835
0.004257775391649009
0.009055226434413154
0.043068771304677685
0.023949405125280206
0.09855385343386835
0.028946670721130448
0.1576437870005764
0.02639361015428865
0.2151171158668337
0.019293530297275294
0.2656604437427534
0.010808548733775382
0.30446450842695433
0.00376211100892568
0.32776919041937025
2.0785845479720155E-4
0.3332922294027091
0.0011213913008631604
0.32049033245019704
0.006255105174069758
0.2906214189102108
0.014174962765467739
0.24660055112992954
0.02247442611416322
0.19266679639365217
0.02813772569613424
0.133900896897445
0.028005017201940645
0.07565147907219008
0.01927820302278664
0.022938465059897786
9.260991700109793E-18
0.020094967076939297
0.030558964281466157
0.05061643638410651
0.07165984035624448
0.06737280899913074
0.12103942304730762
0.0707615377743458
0.1750531911930929
0.06269739633300374
0.22900781000385498
0.04629216419741264
0.27764933735699715
0.02538790499896912
0.3157529147619779
0.004002804714045836
0.33874538708585106
0.014240148221753998
0.343285923458586
0.026628489183502704
0.3277322249163501
0.03175247743929775
0.29243118165667664
0.02972133736195191
0.23979172471519042
0.022171689516428655
0.17412202807560048
0.012061571340018049
0.10124039784907411
0.0032700174807475746
0.027896004339598178
4.691129035547517E-5
0.038941071416806174
0.00637775145202377
0.0928439806921297
0.025340639956036828
0.12866231682306592
0.05853654081995433
0.14314021065397234
0.10566804942719786
0.1353457300901793
0.16432701892262594
0.10685724096507479
0.23002894491347128
0.061678241187086015
0.29650444621937416
0.005881840861243169
0.35622856479538
0.05298375833252266
0.40114029998066586
0.1066701249055963
0.4234810590159909
0.14710382697206487
0.4166643516958081
0.16726922015860635
0.3760820974830158
0.1620031931083156
0.29975633594738427
0.12861398097795076
0.1887587709118039
0.06725366161153085
0.04734312198625929
0.01900056438217839
0.1172356229696159
0.12437045786357247
0.2952083561210397
0.2408876526046341
0.47504612908961724
0.3591418099333685
0.6444133135060868
0.46919044454348596
0.7912292037824171
0.5615368063115922
0.9047347123454353
0.628074132565731
0.9764586664568041
0.6628974278550477
