-0.08577419035782989
0.08241806044919556
0.10027119033027546
0.11203995970056842
0.05208939846899953
0.10541988304363742
0.10306544521145171
0.14574517033759868
0.09778440999883002
0.05817402342165675
0.20808751915708706
0.16119764689171592
0.07681021844689691
0.07751250129791201
0.18684731242708483
0.14027828863038097
0.41059190815582347
0.1123410566062031
0.3156719015458575
0.46987588959770316
0.37936157288037065
0.06566885658514732
0.4110871981657436
0.2623586785160987
1.0
0.6561057295320399
0.053389701403370626
0.784223768979042
0.24048389231310174
0.6613759255806047
0.13531343414068314
0.5108150948771518
0.4798871787780478
0.544073481768773
0.18652756819514404
0.11869641453809456
0.4832082638146707
0.8728777990197898
0.17340264355387652
0.3124875953924115
0.32380243440394746
0.48786886846280475
0.36881562889546604
0.5390329144734649
0.05178532942829756
0.19887412264371548
0.1747892542376169
0.6788712651234402
0.8314262832262148
0.15815621077248637
0.45682431651050837
0.3131998874429216
0.12750004635221573
0.08557358354968815
0.06648810977481304
0.293454982664995
0.11655346757023356
0.05849950468795957
0.057894649887982326
0.009647678783030607
0.06664003162022825
0.18511091212294495
0.11556335452385563
0.20165240213240826
0.32918430501943374
0.22107509828900754
0.195355578459323
0.4934817092008104
0.19369548753296198
0.06842519216298243
0.6533828002620207
0.0055366793649754996
0.0526663675144104
0.3158747667038373
0.13821633016042673
0.5581391572162667
0.1901944526264048
0.09597463020783886
0.1668227927995093
0.13401398958138527
0.012895627069407292
0.17412044113070918
0.2211482648692145
0.008898391047286411
0.1928859206117166
0.41805716051570446
0.1698784801575044
0.031580534981268095
0.2015863185430074
0.04267188234072049
0.012961036209638416
0.6453830983590751
0.1224251112281675
0.18964397566158267
0.11609734040958211
0.10334160689749061
0.19152280363422755
0.010122313137345181
0.1916508051872952
0.09323973936811913
0.043027997275948325
0.22889204698625168
0.005031466738660584
0.13532197549902722
0.19189963227388163
0.27194527838216387
0.00915953889828627
0.2446278157697886
0.2357065661681431
0.21403817600227115
0.17052936462046484
0.29406163658722745
0.2563837619216897
0.2219810437937742
0.2279559115669657
0.1842328260780355
0.06193644458793309
0.24516004650983633
0.11572123733019425
0.204998918440975
0.23470487930096054
0.10342708851838509
0.021145787347835572
0.3631316750403881
0.08931706254046151
0.21912381784955184
0.13075477558313153
0.09097082783961381
0.10403898382436293
0.086865993005558
0.05550008652308179
0.012344352084180606
0.15025268871029693
0.08063114902499599
0.014324825734766407
0.031399294961646874
0.0374356031716685
5.235942766917438E-4
0.19674125286513713
0.002751828823089378
0.0336482874773057
0.0855784478651424
0.017737618831115923
0.017980037324831645
0.0689551012315351
0.048703476821347805
0.07605872659054941
0.030977936590816144
0.024451157827196927
0.01562739134441692
0.015716477693323405
0.003920075031356082
0.007447122454151009
0.0014598418385808247
1.3175758887530874E-4
0.004575871529759535
0.014901465593868539
0.0035461860761392223
0.0021509403010730715
0.010956949001727155
0.005058928372529363
0.013628001255100006
0.002954786628087853
0.002204986570632062
7.933015536170691E-4
0.0022668198722110965
8.966815561887375E-4
0.010570918651800076
3.651078202038208E-4
8.223157720703722E-4
0.00627898655649964
0.004169846955998965
0.003968302035933597
7.082091025460537E-4
0.0016934141218547516
0.007354120856422214
0.006167844757483584
0.007643798894497818
0.006450736156548663
0.006576412127783905
4.025809562637887E-5
9.110938706759899E-4
0.004523195218289822
4.058731541060468E-5
0.00247722433208568
0.001428803334640223
9.109633033920127E-4
0.0037080963183781504
0.0013500763592719737
0.003974742425433271
0.0018138038577413288
0.0038108693098764836
0.0027125479951656227
0.001739605350471849
0.0022652760023144027
0.004240114443432794
0.0023953621081376354
3.8980796945514224E-4
0.0014577419624303126
0.0033741369049188536
7.875772701517034E-4
0.004448111495989057
4.892960993017573E-4
0.005002048674108074
7.459157009388717E-5
0.004888189380747963
9.907859914384833E-4
0.0054525834502944575
0.0033287247019948845
0.007210365631911173
0.002755585059082258
0.0054472542480919605
0.002152372934071604
6.526782420363347E-4
0.008921036134513907
0.004470637077376718
0.002656380399118425
0.004262497134456974
1.9511782319643078E-4
0.004039474640427841
0.002363377152707793
0.006085960331725304
3.273157863423342E-4
0.006413651605547078
0.007155802894919449
0.0015562224988385578
0.0018887474253351324
2.1351576375605808E-4
5.595986982362014E-4
9.455267697650262E-4
0.0016019746919443143
0.004611515610636016
9.337166692933262E-4
7.905827387395724E-4
4.980800432913104E-5
0.0012971753416507787
0.005425363006400245
0.0015486962020146797
0.004207951917920584
0.0014521799571336792
4.5415917845267076E-4
0.002373097746149512
0.003508483866822725
0.0022093695153527293
0.001479222262795199
0.004700028389728329
0.0014165626997916165
0.0010832525155293816
0.0010065202388611603
0.006000857724249317
0.005642706921834462
7.028512336457479E-5
0.004157469487361986
0.008008703180197571
0.0037922531933860617
0.0028368085645735764
6.821571103884546E-4
0.0035015871340351346
0.004038598914472561
0.00248770456726376
8.980659407216976E-4
8.095644887790408E-4
0.003888462007015298
0.0028035718588730755
0.004189182675978428
0.003141355251469165
0.0037818561714089275
0.002186745493916863
9.582601307870626E-4
0.003439243051700643
2.1801913593499068E-4
0.003332834663295807
0.001022030699094852
0.0012901210354212692
1.619743502285269E-4
0.0036469892716348906
0.005377880660193895
0.002747743640691797
0.0020457386038780917
0.005700416347218179
4.492236358908689E-4
0.0016425080475737039
0.0029328258399653083
0.0020074391967630696
0.003808659084140274
9.807352197248771E-4
0.0030261701957911696
0.001251267210594966
0.001217088242279716
0.0028248943743198938
0.0014206964879844336
0.0021688349997275778
0.0010644106799128047
5.007147541874599E-4
0.003038867887122078
0.00244182779099378
1.647507156074718E-4
0.004017522311366248
3.7948858225402856E-4
0.002782184021622974
0.002370664095732418
0.0010561527298130608
0.0017813398258567992
6.278487096475691E-4
0.0018577942676935542
0.0015521240945780437
0.0036374889074036383
3.201965888926933E-4
0.005850036946063957
0.0027463367624835063
7.465596396434705E-4
0.0015403823130360995
0.0014459907910818915
0.0026249399546139775
0.0029194554969001942
4.3684452490936053E-4
1.676151365102924E-4
0.0015098595686533294
1.8227476573802936E-4
0.004358299160408102
0.0011671831431630155
0.0015009049204691637
0.002367244251586623
0.0014264845002011865
0.0011172446147884642
2.1377030510242448E-4
4.776502849203978E-5
2.6501761567218575E-4
2.1147880561874478E-4
9.060592137723763E-4
9.021174445440891E-4
7.793461991493673E-4
0.0014447300355813011
0.004679841577014377
0.0024097192305269203
0.001184439416653712
0.0046144497449818744
0.0020550188231057806
0.0021973682894376513
2.6692348851038304E-4
0.00194142288522116
1.6352374317774466E-4
6.404035030075555E-4
5.027392236776508E-4
0.0016888053317951255
0.0025311019300620903
0.0014309202799564213
9.09384409057624E-4
0.001742430479923614
3.2522319455711404E-4
0.0018102043132698226
0.0015045392191293497
1.4438562335537378E-5
8.484579560702188E-4
4.511357724751487E-4
5.256061879263699E-4
0.001727022042694789
0.0027369468646908104
0.0017148268056298693
0.002365146465700139
0.0015154865497217628
0.004056971777781581
0.0011563323444612134
4.957553480956414E-4
0.0032854795900344913
4.671292577789648E-4
0.0010207598543309079
0.0033026248571579654
3.855961649777249E-5
1.0908951002238485E-4
0.0014775178684606593
9.493445994159685E-4
8.310402080116214E-4
3.72335428098077E-4
0.003009253507703084
0.0010371532835476921
0.001510060075826548
0.0028632689872462634
6.238111330698787E-4
6.369684067632572E-4
0.0034233217530950048
9.095200665061611E-4
0.004072800882166109
0.00595255545246763
0.0010141044401568836
4.455733311164656E-4
1.25643459365966E-4
2.872311413556243E-4
1.8987659943574695E-4
0.0018632245683079484
0.0040601396344067875
0.0013542034737139314
0.0015361250994937602
0.0019860989521662533
0.002907972167287287
0.0015782273310481413
6.017106154578469E-4
0.0012555287417502458
0.007005467626329355
8.298974563826263E-4
7.105733706954578E-4
3.181119077069185E-4
6.220112114766925E-4
0.0010737853769973314
0.0013379380438029716
0.003035462336151954
0.0016875293561987087
0.0016547943270963095
3.117060882212376E-4
0.0025818707385183996
6.017164830903298E-4
0.001009442148209785
0.0047349525479161
4.8720828397029367E-4
0.0024962403292797886
4.6625399179351247E-4
0.0014396180221680017
0.0032132521868747195
0.0021613550612317673
0.002823543803983901
0.00205638174471065
9.815303120447874E-4
0.0056593671713272885
0.0016407951697548775
0.0022172239266134174
0.00472924000881106
0.0055958402189311895
0.0011011590048194727
3.180894452471977E-4
0.0037221817557001103
0.0010882900897441969
5.808679421276877E-4
0.0010854030062525386
2.7902503590760487E-4
0.0018688317234995802
1.8006146195217302E-4
0.006484172456513698
0.004529233585179077
0.004814703077088859
0.0022944313077660357
6.707559963359177E-5
7.303363268199155E-4
0.008972055921148395
7.65004273701287E-4
2.141043483740432E-4
0.002846185854538556
0.0032170760865863047
0.003046306607292468
0.001153971120400937
0.0010084719141532264
0.002004475884101335
0.0019906558803970535
0.0035855441891048012
8.908175950134163E-4
0.004458902130565649
0.0026196131167765826
0.003258422528964615
0.006528168534091657
0.0028675334056179878
9.808127105381706E-4
0.0010924196471554283
0.0017089914159959835
0.002081769904229973
0.0017089914159959835
0.0010924196471554283
9.808127105381706E-4
0.0028675334056179878
0.006528168534091657
0.003258422528964615
0.0026196131167765826
0.004458902130565649
8.908175950134163E-4
0.0035855441891048012
0.0019906558803970535
0.002004475884101335
0.0010084719141532264
0.001153971120400937
0.003046306607292468
0.0032170760865863047
0.002846185854538556
2.141043483740432E-4
7.65004273701287E-4
0.008972055921148395
7.303363268199155E-4
6.707559963359177E-5
0.0022944313077660357
0.004814703077088859
0.004529233585179077
0.006484172456513698
1.8006146195217302E-4
0.0018688317234995802
2.7902503590760487E-4
0.0010854030062525386
5.808679421276877E-4
0.0010882900897441969
0.0037221817557001103
3.180894452471977E-4
0.0011011590048194727
0.0055958402189311895
0.00472924000881106
0.0022172239266134174
0.0016407951697548775
0.0056593671713272885
9.815303120447874E-4
0.00205638174471065
0.002823543803983901
0.0021613550612317673
0.0032132521868747195
0.0014396180221680017
4.6625399179351247E-4
0.0024962403292797886
4.8720828397029367E-4
0.0047349525479161
0.001009442148209785
6.017164830903298E-4
0.0025818707385183996
3.117060882212376E-4
0.0016547943270963095
0.0016875293561987087
0.003035462336151954
0.0013379380438029716
0.0010737853769973314
6.220112114766925E-4
3.181119077069185E-4
7.105733706954578E-4
8.298974563826263E-4
0.007005467626329355
0.0012555287417502458
6.017106154578469E-4
0.0015782273310481413
0.002907972167287287
0.0019860989521662533
0.0015361250994937602
0.0013542034737139314
0.0040601396344067875
0.0018632245683079484
1.8987659943574695E-4
2.872311413556243E-4
1.25643459365966E-4
4.455733311164656E-4
0.0010141044401568836
0.00595255545246763
0.004072800882166109
9.095200665061611E-4
0.0034233217530950048
6.369684067632572E-4
6.238111330698787E-4
0.0028632689872462634
0.001510060075826548
0.0010371532835476921
0.003009253507703084
3.72335428098077E-4
8.310402080116214E-4
9.493445994159685E-4
0.0014775178684606593
1.0908951002238485E-4
3.855961649777249E-5
0.0033026248571579654
0.0010207598543309079
4.671292577789648E-4
0.0032854795900344913
4.957553480956414E-4
0.0011563323444612134
0.004056971777781581
0.0015154865497217628
0.002365146465700139
0.0017148268056298693
0.0027369468646908104
0.001727022042694789
5.256061879263699E-4
4.511357724751487E-4
8.484579560702188E-4
1.4438562335537378E-5
0.0015045392191293497
0.0018102043132698226
3.2522319455711404E-4
0.001742430479923614
9.09384409057624E-4
0.0014309202799564213
0.0025311019300620903
0.0016888053317951255
5.027392236776508E-4
6.404035030075555E-4
1.6352374317774466E-4
0.00194142288522116
2.6692348851038304E-4
0.0021973682894376513
0.0020550188231057806
0.0046144497449818744
0.001184439416653712
0.0024097192305269203
0.004679841577014377
0.0014447300355813011
7.793461991493673E-4
9.021174445440891E-4
9.060592137723763E-4
2.1147880561874478E-4
2.6501761567218575E-4
4.776502849203978E-5
2.1377030510242448E-4
0.0011172446147884642
0.0014264845002011865
0.002367244251586623
0.0015009049204691637
0.0011671831431630155
0.004358299160408102
1.8227476573802936E-4
0.0015098595686533294
1.676151365102924E-4
4.3684452490936053E-4
0.0029194554969001942
0.0026249399546139775
0.0014459907910818915
0.0015403823130360995
7.465596396434705E-4
0.0027463367624835063
0.005850036946063957
3.201965888926933E-4
0.0036374889074036383
0.0015521240945780437
0.0018577942676935542
6.278487096475691E-4
0.0017813398258567992
0.0010561527298130608
0.002370664095732418
0.002782184021622974
3.7948858225402856E-4
0.004017522311366248
1.647507156074718E-4
0.00244182779099378
0.003038867887122078
5.007147541874599E-4
0.0010644106799128047
0.0021688349997275778
0.0014206964879844336
0.0028248943743198938
0.001217088242279716
0.001251267210594966
0.0030261701957911696
9.807352197248771E-4
0.003808659084140274
0.0020074391967630696
0.0029328258399653083
0.0016425080475737039
4.492236358908689E-4
0.005700416347218179
0.0020457386038780917
0.002747743640691797
0.005377880660193895
0.0036469892716348906
1.619743502285269E-4
0.0012901210354212692
0.001022030699094852
0.003332834663295807
2.1801913593499068E-4
0.003439243051700643
9.582601307870626E-4
0.002186745493916863
0.0037818561714089275
0.003141355251469165
0.004189182675978428
0.0028035718588730755
0.003888462007015298
8.095644887790408E-4
8.980659407216976E-4
0.00248770456726376
0.004038598914472561
0.0035015871340351346
6.821571103884546E-4
0.0028368085645735764
0.0037922531933860617
0.008008703180197571
0.004157469487361986
7.028512336457479E-5
0.005642706921834462
0.006000857724249317
0.0010065202388611603
0.0010832525155293816
0.0014165626997916165
0.004700028389728329
0.001479222262795199
0.0022093695153527293
0.003508483866822725
0.002373097746149512
4.5415917845267076E-4
0.0014521799571336792
0.004207951917920584
0.0015486962020146797
0.005425363006400245
0.0012971753416507787
4.980800432913104E-5
7.905827387395724E-4
9.337166692933262E-4
0.004611515610636016
0.0016019746919443143
9.455267697650262E-4
5.595986982362014E-4
2.1351576375605808E-4
0.0018887474253351324
0.0015562224988385578
0.007155802894919449
0.006413651605547078
3.273157863423342E-4
0.006085960331725304
0.002363377152707793
0.004039474640427841
1.9511782319643078E-4
0.004262497134456974
0.002656380399118425
0.004470637077376718
0.008921036134513907
6.526782420363347E-4
0.002152372934071604
0.0054472542480919605
0.002755585059082258
0.007210365631911173
0.0033287247019948845
0.0054525834502944575
9.907859914384833E-4
0.004888189380747963
7.459157009388717E-5
0.005002048674108074
4.892960993017573E-4
0.004448111495989057
7.875772701517034E-4
0.0033741369049188536
0.0014577419624303126
3.8980796945514224E-4
0.0023953621081376354
0.004240114443432794
0.0022652760023144027
0.001739605350471849
0.0027125479951656227
0.0038108693098764836
0.0018138038577413288
0.003974742425433271
0.0013500763592719737
0.0037080963183781504
9.109633033920127E-4
0.001428803334640223
0.00247722433208568
4.058731541060468E-5
0.004523195218289822
9.110938706759899E-4
4.025809562637887E-5
0.006576412127783905
0.006450736156548663
0.007643798894497818
0.006167844757483584
0.007354120856422214
0.0016934141218547516
7.082091025460537E-4
0.003968302035933597
0.004169846955998965
0.00627898655649964
8.223157720703722E-4
3.651078202038208E-4
0.010570918651800076
8.966815561887375E-4
0.0022668198722110965
7.933015536170691E-4
0.002204986570632062
0.002954786628087853
0.013628001255100006
0.005058928372529363
0.010956949001727155
0.0021509403010730715
0.0035461860761392223
0.014901465593868539
0.004575871529759535
1.3175758887530874E-4
0.0014598418385808247
0.007447122454151009
0.003920075031356082
0.015716477693323405
0.01562739134441692
0.024451157827196927
0.030977936590816144
0.07605872659054941
0.048703476821347805
0.0689551012315351
0.017980037324831645
0.017737618831115923
0.0855784478651424
0.0336482874773057
0.002751828823089378
0.19674125286513713
5.235942766917438E-4
0.0374356031716685
0.031399294961646874
0.014324825734766407
0.08063114902499599
0.15025268871029693
0.012344352084180606
0.05550008652308179
0.086865993005558
0.10403898382436293
0.09097082783961381
0.13075477558313153
0.21912381784955184
0.08931706254046151
0.3631316750403881
0.021145787347835572
0.10342708851838509
0.23470487930096054
0.204998918440975
0.11572123733019425
0.24516004650983633
0.06193644458793309
0.1842328260780355
0.2279559115669657
0.2219810437937742
0.2563837619216897
0.29406163658722745
0.17052936462046484
0.21403817600227115
0.2357065661681431
0.2446278157697886
0.00915953889828627
0.27194527838216387
0.19189963227388163
0.13532197549902722
0.005031466738660584
0.22889204698625168
0.043027997275948325
0.09323973936811913
0.1916508051872952
0.010122313137345181
0.19152280363422755
0.10334160689749061
0.11609734040958211
0.18964397566158267
0.1224251112281675
0.6453830983590751
0.012961036209638416
0.04267188234072049
0.2015863185430074
0.031580534981268095
0.1698784801575044
0.41805716051570446
0.1928859206117166
0.008898391047286411
0.2211482648692145
0.17412044113070918
0.012895627069407292
0.13401398958138527
0.1668227927995093
0.09597463020783886
0.1901944526264048
0.5581391572162667
0.13821633016042673
0.3158747667038373
0.0526663675144104
0.0055366793649754996
0.6533828002620207
0.06842519216298243
0.19369548753296198
0.4934817092008104
0.195355578459323
0.22107509828900754
0.32918430501943374
0.20165240213240826
0.11556335452385563
0.18511091212294495
0.06664003162022825
0.009647678783030607
0.057894649887982326
0.05849950468795957
0.11655346757023356
0.293454982664995
0.06648810977481304
0.08557358354968815
0.12750004635221573
0.3131998874429216
0.45682431651050837
0.15815621077248637
0.8314262832262148
0.6788712651234402
0.1747892542376169
0.19887412264371548
0.05178532942829756
0.5390329144734649
0.36881562889546604
0.48786886846280475
0.32380243440394746
0.3124875953924115
0.17340264355387652
0.8728777990197898
0.4832082638146707
0.11869641453809456
0.18652756819514404
0.544073481768773
0.4798871787780478
0.5108150948771518
0.13531343414068314
0.6613759255806047
0.24048389231310174
0.784223768979042
0.053389701403370626
0.6561057295320399
1.0
0.2623586785160987
0.4110871981657436
0.06566885658514732
0.37936157288037065
0.46987588959770316
0.3156719015458575
0.1123410566062031
0.41059190815582347
0.14027828863038097
0.18684731242708483
0.07751250129791201
0.07681021844689691
0.16119764689171592
0.20808751915708706
0.05817402342165675
0.09778440999883002
0.14574517033759868
0.10306544521145171
0.10541988304363742
0.05208939846899953
0.11203995970056842
0.10027119033027546
0.08241806044919556
