-0.20000825405126177
0.4059676993069777
0.26405642208035623
0.5428404937289896
0.25690192373597054
0.3458301579804334
0.30656062423526265
0.35711493166375047
0.09487059831633446
0.3108118977277819
0.2033885309216891
0.02758541137966564
0.3790037514736168
0.04043217374546896
0.34956935977653214
0.18320757626493997
0.3384725733182942
0.24302940847485327
0.03580648238323257
0.20008317656181268
0.08519140576628446
0.040109013092136665
0.08096128259769929
0.09475146033756163
0.2607277519652197
0.01325295024388046
0.35963174517471186
0.18381157827108932
0.011172767656415037
0.11494575765663612
0.03111040978328338
0.009788676718392291
0.04025627060504735
0.05268154437617733
0.21641615684095233
0.2089703971777447
0.3432645164157913
0.04877612924716099
0.1471001004109375
0.11661044988002914
0.15211149708121463
0.2216980714204292
0.29710904065511023
0.010588416120738853
0.017268863137258922
0.18985351844798412
0.10690081078198202
0.16569476603353744
0.08525835060862369
0.06294440579351407
0.09070442500835664
0.04571046557040346
0.3662256696812235
0.07770214574117898
0.1148065889308795
0.025827327925872612
0.008368115719617248
0.3894756671986423
0.1431157173415111
0.20788081206071127
0.271795674036997
0.27297345127512257
0.1046931318344301
0.2948915849316812
0.12074580908881659
0.20013707048147167
0.11850349487068833
0.04589917669582483
0.09799107023993019
0.16651593471914972
0.005946255424789626
0.10417477419555629
0.029783645284879437
0.2145641226291984
0.0442067505663526
0.06816821332312213
0.2037806374372112
0.05119872572607511
0.06269241273573754
0.11866558956976093
0.163397576427157
0.2643379691751418
0.12566729105933644
0.0559041483182829
0.09063659054594593
0.1200979165144916
0.12652135948307114
0.2901058808642801
0.12199642208785301
0.12843747482999507
0.018453370429361654
0.15426514805261737
0.0039552809997929275
0.0941530198445622
0.11433292848174849
0.04931893620931186
0.07209181384718076
0.1354760891789713
0.03942377654895886
0.004820769292583358
0.21330249892016048
0.0052092824096435265
0.1171977255785464
0.01418869736143086
0.21701222500779202
0.0853812779598027
0.18103789172800244
0.10913356054422643
0.0979846274006863
0.06716563359115885
0.1716286136279496
0.08886780143781621
0.06701708582698811
0.04083483267268686
0.007005969895333847
0.08061156358051642
0.050366657285064155
0.022229193691668488
0.19214119326226117
0.21826502168339199
0.07806489540483792
0.09862438368488095
0.1299079872596232
0.02393166951890238
0.20967454081791503
0.35049134905278134
0.19318732509285932
0.09407603113018059
0.01254618273346587
0.21756194790482056
0.24598759851266178
0.0414204095348438
0.11353179220661744
0.097644121577168
0.36114717903422366
0.14921867262734548
0.2177984764055711
0.1492479869043994
0.12477252791433183
0.040942207982997754
0.1615945567707522
0.4706016328329459
0.05163766408206062
0.2370655343764646
0.09313279770205572
0.14863537570211802
0.06923096365019284
0.23981913145727368
0.054969509753826445
0.32201363466776833
0.20035873304216847
0.2927241546846934
0.10204684509121209
0.07313375474535176
0.1000041270256309
0.04405011717522311
0.06827925350685486
0.308845593204512
0.2642984360743285
0.3652231716581965
0.04407007528206826
0.007686598897120435
0.32671124053846906
0.22246096962246584
0.08232266971509043
0.36451562848285785
0.151833791694491
0.5021712717418244
0.3981313683248705
0.16470541446329778
0.21217101613164818
0.03659074769573485
0.3194223622971593
0.6970253662064552
0.10823268338346452
0.07450694040056559
0.2534068114457877
0.3667907201407804
0.05046557133361818
0.0960518349807752
0.2178519860620628
0.04869106221954861
0.4391354258258881
0.7045659289384133
0.29010835461728923
0.38170535786409004
0.41052148047343323
0.4916503582095967
0.24960202461118555
0.0447472436240964
1.0
0.40991033377062036
0.0641698239619955
0.07216801721038113
0.17441799734359012
0.18097799474086257
0.16526610814284123
0.04839233870491213
0.17490653826368532
0.0695871027256812
0.6394172316174316
0.11695526368677012
0.12267834114147863
0.14175579317298212
0.2155605850107401
0.17589366700668987
0.5195529646401784
0.12408847199796251
0.4093411815102445
0.06326772035508402
0.25098379842365187
0.24318547490936734
0.022604342356195167
0.047590889702048444
0.4671221311511919
0.08164067710138825
0.29527589305931684
0.13570754037957314
0.04072637553049208
0.2911099795794967
0.008464629881235386
0.12111343673684
0.2271488951035096
0.28575332648537677
0.1936443023454868
0.062201055649666166
0.3066827712847179
0.0054453493407382115
0.06556021626127784
0.04366195647761861
0.2687611220804122
0.1333388360341745
0.3282742027882048
0.3222999706205961
0.07982273622846098
0.34506530545749187
0.11567792840866115
0.062729903698372
0.048558427504135304
0.3489522311888013
0.03380441264680765
0.046607530839270474
0.07860520790898518
0.11371053851331744
0.07764320096921883
0.08791485416273487
0.2585464964009913
0.2905823050831978
0.16945743294544077
0.2863137436261768
0.03700263774941031
0.07773938359951359
0.16677011872034195
0.14443640998720964
0.003327428616678894
0.24051932967597664
0.06479432745899104
0.08799607472578921
0.021862247455086678
0.010193275098038386
0.17413665397674158
0.17220637167326897
0.23410695225480743
0.10259030179556018
0.19137252470561977
0.03697536661641083
0.15492868201429863
0.20863281693151337
0.03639943750042702
0.029150857506106624
0.1790478110502707
0.008796085688988818
0.13333823578645088
0.22071886248010672
0.09939354735509098
0.14125958930057056
0.041873224757555096
0.07058274358386059
0.05903877099343625
0.033869656439492996
0.16600295492083322
0.07950960190838076
0.18974390112812814
0.08850522716812638
0.055138783859590604
0.0760202719016618
0.20973115209247783
0.09969456978540729
0.12706402124742208
0.08147324450889586
0.2543939941967493
0.22926749127917362
0.1331319160843999
0.04593758585143444
0.05607938316993253
0.0699336302707866
0.005850145443980126
0.05757793016749768
0.13648940542790372
0.11789896909449135
0.09223959365792876
0.06340478483087558
0.10403426591054851
0.029033320673712434
0.002185700228398039
0.1452104870314152
0.16687243425626183
0.048019353605904716
0.10000412702563087
0.1044525656815413
0.15230975137414368
0.20615455334932647
0.034984470126162195
0.10412431720970622
0.025126925607088794
0.10353018008047601
0.47885140827822514
0.056626864611106886
0.2573684840740552
0.012281786843845384
4.1660753454788934E-5
0.28446646008038634
0.01790363835852338
0.17076753912219952
0.02525541935175656
0.14263481277041282
0.025883161734334612
0.09482561132205054
0.05285812296753832
0.03351003906226038
0.07327176595960626
0.07604000147952887
0.3559080673246987
0.07541788315846995
0.08962166031319407
0.00138165813667994
0.04189160538022976
0.3527057541132593
0.09748339245383034
0.026722139037584264
0.11835153815941374
0.12365061082395186
0.023100407503930283
0.14397668311394615
0.21836301912432807
0.19749067886283106
0.15316053236724977
0.23651856603766228
0.04708728375531702
0.227977044452528
0.09587423565300911
0.2541311432626434
0.004894531389369732
0.09004975286151067
0.07619441990331384
0.014936192888517786
0.25965144455807965
0.3117786646417787
0.1320756786664821
0.2598129468566822
0.16436636865681956
0.7267677265516802
0.035523288098723786
0.09478062160837256
0.4501311803242376
0.16975604890232288
0.47173776318799787
0.37338004947917336
0.07311312262564817
0.05498752214456743
0.2569877657689653
0.21646790365995866
0.3244358989641042
0.11463937493789934
0.42181593649383686
0.3572991874425413
0.491344547508279
0.11841698455840156
0.5379757747193404
0.321551312331842
0.1184936112781295
0.2193274028598734
0.0582949619229903
0.4653917015464293
0.1529869324752804
0.28214836435936114
0.10454440000332323
0.14368712188184607
0.1627224893203461
0.349476732878188
0.10978450534750178
0.13796585027085376
0.008542861986275945
0.2627395643878367
0.061491114071128075
0.1052185850410484
0.0221633945266287
0.1251021380488288
0.06644504042754863
0.36445148314504855
0.039582963808203676
0.057376672212908035
0.16917808725453026
0.04108845638044284
0.06096192033321682
0.09952852413789338
0.19852218007666322
0.2781270089319445
0.0099820684681888
0.31181399655121705
0.20399265885820472
0.09291329390557959
0.1886241819361473
0.06885231547663988
0.02344142569536825
0.3768307342065676
0.11494736966418316
0.11815568261040915
0.07691915856233801
0.08562332814956036
0.20098618004329194
0.22679587474414642
0.20773170450304357
0.02623357710811442
0.007948179796210226
0.198902025645414
0.17072223301865583
0.09019892095533606
0.06456281179615775
0.07332923829485485
0.12279033674560243
0.11325610779224567
0.3588243316572105
0.1473663321632311
0.1169465548259983
0.024987049196732215
0.22998250866934475
0.08759798001995434
0.11506010986105644
0.16278579053804576
0.06203428674016781
0.04315237818437888
0.06725539347789679
0.015125821475141648
0.12179775425010457
0.057697811377108686
0.19253656767566815
0.23521736415840314
0.17560784917015365
0.07188668226086983
0.06671839963286623
0.0038362585062012905
0.011898984835485764
0.143109140341615
0.2594710023173813
0.05537191000450936
0.10251637973154724
0.012907288879209168
0.008863045208340654
0.12491821277909723
0.17612100009647966
0.16888124451943978
0.20000825405126177
0.16888124451943978
0.17612100009647966
0.12491821277909723
0.008863045208340654
0.012907288879209168
0.10251637973154724
0.05537191000450936
0.2594710023173813
0.143109140341615
0.011898984835485764
0.0038362585062012905
0.06671839963286623
0.07188668226086983
0.17560784917015365
0.23521736415840314
0.19253656767566815
0.057697811377108686
0.12179775425010457
0.015125821475141648
0.06725539347789679
0.04315237818437888
0.06203428674016781
0.16278579053804576
0.11506010986105644
0.08759798001995434
0.22998250866934475
0.024987049196732215
0.1169465548259983
0.1473663321632311
0.3588243316572105
0.11325610779224567
0.12279033674560243
0.07332923829485485
0.06456281179615775
0.09019892095533606
0.17072223301865583
0.198902025645414
0.007948179796210226
0.02623357710811442
0.20773170450304357
0.22679587474414642
0.20098618004329194
0.08562332814956036
0.07691915856233801
0.11815568261040915
0.11494736966418316
0.3768307342065676
0.02344142569536825
0.06885231547663988
0.1886241819361473
0.09291329390557959
0.20399265885820472
0.31181399655121705
0.0099820684681888
0.2781270089319445
0.19852218007666322
0.09952852413789338
0.06096192033321682
0.04108845638044284
0.16917808725453026
0.057376672212908035
0.039582963808203676
0.36445148314504855
0.06644504042754863
0.1251021380488288
0.0221633945266287
0.1052185850410484
0.061491114071128075
0.2627395643878367
0.008542861986275945
0.13796585027085376
0.10978450534750178
0.349476732878188
0.1627224893203461
0.14368712188184607
0.10454440000332323
0.28214836435936114
0.1529869324752804
0.4653917015464293
0.0582949619229903
0.2193274028598734
0.1184936112781295
0.321551312331842
0.5379757747193404
0.11841698455840156
0.491344547508279
0.3572991874425413
0.42181593649383686
0.11463937493789934
0.3244358989641042
0.21646790365995866
0.2569877657689653
0.05498752214456743
0.07311312262564817
0.37338004947917336
0.47173776318799787
0.16975604890232288
0.4501311803242376
0.09478062160837256
0.035523288098723786
0.7267677265516802
0.16436636865681956
0.2598129468566822
0.1320756786664821
0.3117786646417787
0.25965144455807965
0.014936192888517786
0.07619441990331384
0.09004975286151067
0.004894531389369732
0.2541311432626434
0.09587423565300911
0.227977044452528
0.04708728375531702
0.23651856603766228
0.15316053236724977
0.19749067886283106
0.21836301912432807
0.14397668311394615
0.023100407503930283
0.12365061082395186
0.11835153815941374
0.026722139037584264
0.09748339245383034
0.3527057541132593
0.04189160538022976
0.00138165813667994
0.08962166031319407
0.07541788315846995
0.3559080673246987
0.07604000147952887
0.07327176595960626
0.03351003906226038
0.05285812296753832
0.09482561132205054
0.025883161734334612
0.14263481277041282
0.02525541935175656
0.17076753912219952
0.01790363835852338
0.28446646008038634
4.1660753454788934E-5
0.012281786843845384
0.2573684840740552
0.056626864611106886
0.47885140827822514
0.10353018008047601
0.025126925607088794
0.10412431720970622
0.034984470126162195
0.20615455334932647
0.15230975137414368
0.1044525656815413
0.10000412702563087
0.048019353605904716
0.16687243425626183
0.1452104870314152
0.002185700228398039
0.029033320673712434
0.10403426591054851
0.06340478483087558
0.09223959365792876
0.11789896909449135
0.13648940542790372
0.05757793016749768
0.005850145443980126
0.0699336302707866
0.05607938316993253
0.04593758585143444
0.1331319160843999
0.22926749127917362
0.2543939941967493
0.08147324450889586
0.12706402124742208
0.09969456978540729
0.20973115209247783
0.0760202719016618
0.055138783859590604
0.08850522716812638
0.18974390112812814
0.07950960190838076
0.16600295492083322
0.033869656439492996
0.05903877099343625
0.07058274358386059
0.041873224757555096
0.14125958930057056
0.09939354735509098
0.22071886248010672
0.13333823578645088
0.008796085688988818
0.1790478110502707
0.029150857506106624
0.03639943750042702
0.20863281693151337
0.15492868201429863
0.03697536661641083
0.19137252470561977
0.10259030179556018
0.23410695225480743
0.17220637167326897
0.17413665397674158
0.010193275098038386
0.021862247455086678
0.08799607472578921
0.06479432745899104
0.24051932967597664
0.003327428616678894
0.14443640998720964
0.16677011872034195
0.07773938359951359
0.03700263774941031
0.2863137436261768
0.16945743294544077
0.2905823050831978
0.2585464964009913
0.08791485416273487
0.07764320096921883
0.11371053851331744
0.07860520790898518
0.046607530839270474
0.03380441264680765
0.3489522311888013
0.048558427504135304
0.062729903698372
0.11567792840866115
0.34506530545749187
0.07982273622846098
0.3222999706205961
0.3282742027882048
0.1333388360341745
0.2687611220804122
0.04366195647761861
0.06556021626127784
0.0054453493407382115
0.3066827712847179
0.062201055649666166
0.1936443023454868
0.28575332648537677
0.2271488951035096
0.12111343673684
0.008464629881235386
0.2911099795794967
0.04072637553049208
0.13570754037957314
0.29527589305931684
0.08164067710138825
0.4671221311511919
0.047590889702048444
0.022604342356195167
0.24318547490936734
0.25098379842365187
0.06326772035508402
0.4093411815102445
0.12408847199796251
0.5195529646401784
0.17589366700668987
0.2155605850107401
0.14175579317298212
0.12267834114147863
0.11695526368677012
0.6394172316174316
0.0695871027256812
0.17490653826368532
0.04839233870491213
0.16526610814284123
0.18097799474086257
0.17441799734359012
0.07216801721038113
0.0641698239619955
0.40991033377062036
1.0
0.0447472436240964
0.24960202461118555
0.4916503582095967
0.41052148047343323
0.38170535786409004
0.29010835461728923
0.7045659289384133
0.4391354258258881
0.04869106221954861
0.2178519860620628
0.0960518349807752
0.05046557133361818
0.3667907201407804
0.2534068114457877
0.07450694040056559
0.10823268338346452
0.6970253662064552
0.3194223622971593
0.03659074769573485
0.21217101613164818
0.16470541446329778
0.3981313683248705
0.5021712717418244
0.151833791694491
0.36451562848285785
0.08232266971509043
0.22246096962246584
0.32671124053846906
0.007686598897120435
0.04407007528206826
0.3652231716581965
0.2642984360743285
0.308845593204512
0.06827925350685486
0.04405011717522311
0.1000041270256309
0.07313375474535176
0.10204684509121209
0.2927241546846934
0.20035873304216847
0.32201363466776833
0.054969509753826445
0.23981913145727368
0.06923096365019284
0.14863537570211802
0.09313279770205572
0.2370655343764646
0.05163766408206062
0.4706016328329459
0.1615945567707522
0.040942207982997754
0.12477252791433183
0.1492479869043994
0.2177984764055711
0.14921867262734548
0.36114717903422366
0.097644121577168
0.11353179220661744
0.0414204095348438
0.24598759851266178
0.21756194790482056
0.01254618273346587
0.09407603113018059
0.19318732509285932
0.35049134905278134
0.20967454081791503
0.02393166951890238
0.1299079872596232
0.09862438368488095
0.07806489540483792
0.21826502168339199
0.19214119326226117
0.022229193691668488
0.050366657285064155
0.08061156358051642
0.007005969895333847
0.04083483267268686
0.06701708582698811
0.08886780143781621
0.1716286136279496
0.06716563359115885
0.0979846274006863
0.10913356054422643
0.18103789172800244
0.0853812779598027
0.21701222500779202
0.01418869736143086
0.1171977255785464
0.0052092824096435265
0.21330249892016048
0.004820769292583358
0.03942377654895886
0.1354760891789713
0.07209181384718076
0.04931893620931186
0.11433292848174849
0.0941530198445622
0.0039552809997929275
0.15426514805261737
0.018453370429361654
0.12843747482999507
0.12199642208785301
0.2901058808642801
0.12652135948307114
0.1200979165144916
0.09063659054594593
0.0559041483182829
0.12566729105933644
0.2643379691751418
0.163397576427157
0.11866558956976093
0.06269241273573754
0.05119872572607511
0.2037806374372112
0.06816821332312213
0.0442067505663526
0.2145641226291984
0.029783645284879437
0.10417477419555629
0.005946255424789626
0.16651593471914972
0.09799107023993019
0.04589917669582483
0.11850349487068833
0.20013707048147167
0.12074580908881659
0.2948915849316812
0.1046931318344301
0.27297345127512257
0.271795674036997
0.20788081206071127
0.1431157173415111
0.3894756671986423
0.008368115719617248
0.025827327925872612
0.1148065889308795
0.07770214574117898
0.3662256696812235
0.04571046557040346
0.09070442500835664
0.06294440579351407
0.08525835060862369
0.16569476603353744
0.10690081078198202
0.18985351844798412
0.017268863137258922
0.010588416120738853
0.29710904065511023
0.2216980714204292
0.15211149708121463
0.11661044988002914
0.1471001004109375
0.04877612924716099
0.3432645164157913
0.2089703971777447
0.21641615684095233
0.05268154437617733
0.04025627060504735
0.009788676718392291
0.03111040978328338
0.11494575765663612
0.011172767656415037
0.18381157827108932
0.35963174517471186
0.01325295024388046
0.2607277519652197
0.09475146033756163
0.08096128259769929
0.040109013092136665
0.08519140576628446
0.20008317656181268
0.03580648238323257
0.24302940847485327
0.3384725733182942
0.18320757626493997
0.34956935977653214
0.04043217374546896
0.3790037514736168
0.02758541137966564
0.2033885309216891
0.3108118977277819
0.09487059831633446
0.35711493166375047
0.30656062423526265
0.3458301579804334
0.25690192373597054
0.5428404937289896
0.26405642208035623
0.4059676993069777
