0.8700847068959118
0.8196577292385226
0.7308472386205421
0.7030651767934936
0.7232067542998089
0.6553083544212469
0.40174012886623933
0.04806882969194004
0.19551526672693115
0.21009646066304224
0.10156253091084347
0.09304604589994242
0.28785507651750997
0.562906564105868
0.7060606894855477
0.6380110387696999
0.47390962777146056
0.37346696108048616
0.3682278127009491
0.36281841129538317
0.28610770797646284
0.19074333890977344
0.17630041732715063
0.24065451408915395
0.25992062076594197
0.13849923702178837
0.049416343086949165
0.11286341460167708
0.04824887795462728
0.3144885024374318
0.45514023062456455
0.3643084389623101
0.16596811025474303
0.0733715600150909
0.16247078373604562
0.30831193225941766
0.33988548718647854
0.22291172821712738
0.0654021768454654
0.037363009597021934
0.11518322694702622
0.2574301511450816
0.46476580460966754
0.6189350733001021
0.621948267058152
0.5353585956458987
0.5341948719830455
0.7082894533808367
0.9377866353032192
1.0
0.8020793903638712
0.48284052413969525
0.26854411890942564
0.24219735824804486
0.2784567516366285
0.20300936831163885
0.01596242044219632
0.25705032825760576
0.40545787221822416
0.47784404859881763
0.5666450538348291
0.6900643821898682
0.7499406559076387
0.6592066314814873
0.479040515530527
0.38022976111133233
0.45343202524296844
0.587744788016618
0.5742822876130864
0.3337040054883039
0.014374963068422088
0.15433358731888291
0.09476133507818199
0.054347890686850794
0.1026047783064933
0.007932173993277334
0.10800086566467389
0.12429781527084455
0.057038550749233995
0.011583621305167083
0.02904638983034254
0.031312123130205975
0.06285712369183521
0.20133115050862946
0.22801203168743794
0.062410404607696104
0.18215438848413792
0.2982778454733712
0.20649308914413408
0.050486405476204615
0.04984650767202347
0.2676390662994627
0.547624508277485
0.6843883406212181
0.6305060129541836
0.5150505300754357
0.47336150695235335
0.4993985386132912
0.48595242694962126
0.3820101469116477
0.26006517114220895
0.2098287457743723
0.20026481752124278
0.0978735577867051
0.1646922408859126
0.4730743155216604
0.625613350343863
0.5485387190706285
0.38789381722471766
0.36239686291118695
0.5321404934799321
0.7376520226461364
0.7739456752758782
0.6025470174571095
0.37091752218393087
0.23547833097185622
0.2028146132639377
0.1634769142944303
0.054183128234813534
0.06224511824677578
0.09383750623578599
0.0596899231506118
0.08309296531092271
0.2330741291598839
0.40956757052097337
0.430144783580817
0.2366488095659765
0.016520926566987525
0.1085436766265788
0.018846757749004125
0.2027163737775034
0.23623297064008364
0.08432959596451924
0.09665416723885824
0.14211079106409763
0.047303018381638216
0.06227394957455223
0.09965756916585711
0.10961315732118083
0.18061974459471977
0.30158413126555533
0.3568193534969802
0.2747034696420111
0.14288560017183696
0.13034596142086508
0.2895213769559264
0.4704587697544853
0.4637173263432679
0.22484365926701122
0.07035292102111185
0.20606294094542021
0.14480848717710454
0.04673144555857516
0.08078470416576057
0.24859563054168907
0.411268660806051
0.4651318763375949
0.44733876152140667
0.4550032958556924
0.49689589515506877
0.47522981818647564
0.3242780269301506
0.12655206953448206
0.04434285869728703
0.13055747460780293
0.24419944463337798
0.1883673148768058
0.0709361512490748
0.352678618611074
0.44239399078761604
0.31103743182196253
0.1324182670642598
0.08846770295931168
0.18578121764996464
0.2802732945651906
0.25978127467052003
0.16095090474788054
0.09390164949678444
0.08762564072632766
0.05833112593533326
0.06102769013571945
0.20187750404848767
0.21737026435908835
0.06208454349696684
0.12443091460806921
0.14986977185418654
0.01809334923522758
0.20204156655095132
0.19593805672314102
0.017333188138020515
0.2511520823262614
0.3150855114627803
0.2039769606964515
0.07385423847438176
0.05181048312313189
0.1081929822623957
0.12718675055884748
0.0680925427845343
0.009871334965569124
0.029249043090377784
0.07739278639081142
0.024934050118217574
0.16780487933663218
0.36705945231270976
0.3903901925381688
0.21224690587724704
0.011442658188832295
0.00850899152521674
0.16527314654487385
0.34265669616175337
0.33413743532987905
0.1435258853029913
0.05705833902493301
0.12500936575653337
0.08497828086754902
0.06163302124097299
0.1107570377006731
0.16179251829672753
0.13283735980839098
0.059269345919346544
0.0612430705109095
0.18204939797625724
0.3023901039740218
0.25588497389700327
0.026574366928868824
0.20539620316681384
0.2405380192678456
0.07183423953624471
0.1055608140992726
0.10077873789737307
0.07772475574510762
0.2485956305416891
0.26232194162962413
0.14715926601365087
0.04344462601880602
0.026122244990547366
0.03458877778073765
0.01817045372313136
0.11054471344280917
0.13182294837412217
0.035749361840078125
0.07064573159260214
0.03235571960139487
0.1640752802880006
0.3453137941779389
0.32311884801558816
0.10114348050535531
0.11822761331095842
0.14208860318463368
0.016975209458462655
0.16935032708809955
0.1594713097548058
0.01861627095130892
0.10029387710022052
0.10878665220815852
0.0645963425503892
0.06670593880368829
0.11246962966474057
0.10365143594772762
0.007548676486894148
0.12540444985219817
0.10486650829288824
0.06683211956523573
0.22428647706459573
0.18948688212200912
0.027105113093595007
0.22192051390252326
0.20649946998394966
0.002694798314670866
0.1885889761054436
0.2042417207075187
0.07733623094996556
0.028545952129708035
0.013960827671853268
0.06407191619850842
0.0941799648432362
0.062145292206166484
0.058085814776455205
0.1367126463012208
0.21837918880787116
0.17107927978614798
0.015864756659329095
0.18423138827672395
0.16487838766601887
0.027420996495005498
0.1908015578784437
0.14296245767940408
0.08574051497088886
0.2864437103517745
0.2931630534837086
0.14502379272425217
0.018926971958636057
0.026347697817042357
0.11142268244911345
0.15138539973767567
0.11724110553994412
0.0937044021232201
0.1445203360895889
0.20638646387496543
0.1582192024669678
0.012451837802238633
0.15872836717203387
0.12322024420570264
0.07393526945222334
0.2326504805460268
0.17655327949380395
0.05708174917952782
0.2542035198396125
0.2485956305416891
0.08639015302312746
0.04365218189792918
0.02133005269350899
0.09496041202964946
0.16841610806756455
0.15426581960420657
0.13199107823923673
0.17457292914263461
0.2342482453941171
0.1988044666648719
0.05147429018964639
0.0737131125928875
0.0305662030592992
0.15812145016022838
0.29771997881706597
0.22072814122429793
0.027576641580050812
0.22853461136108347
0.2166482224329631
0.04499429605256912
0.08733726522908822
0.053630570805979
0.08375242074783738
0.17446315686810224
0.16047975437733084
0.11964415630498287
0.1373719198702529
0.18310868820710297
0.1534586890191683
0.026395093267808114
0.07750405494561657
0.022558365780988007
0.16755152485832703
0.3052645061538696
0.23191081767155156
0.0015945734336991408
0.1759776838537278
0.13041963585943775
0.07267037696076076
0.22349053830573323
0.18959520625208356
0.03786852174519908
0.06840176611032457
0.059567939123609116
0.013389163528103482
0.027890244814333155
0.08779501171823806
0.09481793121379258
0.01744087616339058
0.040460380968508805
0.04491564088811039
0.24927666337500964
0.3928439164951896
0.32562222428688
0.10271549121141843
0.0578732446127508
7.475426853036233E-4
0.20392469530799573
0.33942781892197976
0.272273478741623
0.07773645854058567
0.06593148791360771
0.07710461988121428
0.033708994960704036
0.04607569571161512
0.1128942990318296
0.1392129794062438
0.08302334518149684
0.03247607318988696
0.10282649777078247
0.27406895532548253
0.3790700569473143
0.27985320437475303
0.03708479341422765
0.1322817787155408
0.07778543449130872
0.12429781527084453
0.2527927154521325
0.17501085951992892
0.025642593018543377
0.15886095229131605
0.13584747128507785
0.0398456426920534
0.0024414166133996085
0.024069585365012334
0.029034911866648347
0.038850296753347814
0.10515728615749012
0.06032303371616542
0.08266614108853014
0.17044842101150542
0.07551585848948228
0.14000709217922117
0.26552284193935305
0.16023676223036565
0.09038760553916611
0.25904117749280364
0.2123420867416057
0.03935345074989424
0.06116010026107482
0.0030948365020551914
0.14138367606313812
0.21108190549630235
0.183805901960571
0.1499740324891335
0.17495492426112966
0.20175628100307594
0.12897147676957052
0.035464864767609565
0.14937571270182906
0.0919210595782298
0.07779591554035911
0.1591707921864011
0.022261524506631342
0.24017968204513526
0.3989011859799081
0.32461704585247075
0.1159651543990217
0.017138019468783492
0.023378744268039393
0.14235164340033965
0.18567215216620245
0.11695440767031141
0.03145929852893457
0.011348762142284554
0.01694092432678411
0.047701660515783874
0.18372052090635785
0.2640367887058987
0.1774635541109858
0.01756903108289225
0.12761294510013393
0.029212981736311056
0.1834928019289739
0.28547106388961496
0.15607224391825042
0.09488751131168244
0.24763948203557284
0.20129459975531658
0.05853399003147124
0.012656249239430394
0.03410140703619704
0.10131384446154099
0.09419204688768776
0.040946985331552346
0.038633333451801116
0.10321131630621315
0.1261320938631341
0.006421300370274766
0.1998305860150737
0.30880126028229543
0.20555434944277354
0.012989308596028752
0.12429781527084455
0.012989308596028752
0.20555434944277354
0.30880126028229543
0.1998305860150737
0.006421300370274766
0.1261320938631341
0.10321131630621315
0.038633333451801116
0.040946985331552346
0.09419204688768776
0.10131384446154099
0.03410140703619704
0.012656249239430394
0.05853399003147124
0.20129459975531658
0.24763948203557284
0.09488751131168244
0.15607224391825042
0.28547106388961496
0.1834928019289739
0.029212981736311056
0.12761294510013393
0.01756903108289225
0.1774635541109858
0.2640367887058987
0.18372052090635785
0.047701660515783874
0.01694092432678411
0.011348762142284554
0.03145929852893457
0.11695440767031141
0.18567215216620245
0.14235164340033965
0.023378744268039393
0.017138019468783492
0.1159651543990217
0.32461704585247075
0.3989011859799081
0.24017968204513526
0.022261524506631342
0.1591707921864011
0.07779591554035911
0.0919210595782298
0.14937571270182906
0.035464864767609565
0.12897147676957052
0.20175628100307594
0.17495492426112966
0.1499740324891335
0.183805901960571
0.21108190549630235
0.14138367606313812
0.0030948365020551914
0.06116010026107482
0.03935345074989424
0.2123420867416057
0.25904117749280364
0.09038760553916611
0.16023676223036565
0.26552284193935305
0.14000709217922117
0.07551585848948228
0.17044842101150542
0.08266614108853014
0.06032303371616542
0.10515728615749012
0.038850296753347814
0.029034911866648347
0.024069585365012334
0.0024414166133996085
0.0398456426920534
0.13584747128507785
0.15886095229131605
0.025642593018543377
0.17501085951992892
0.2527927154521325
0.12429781527084453
0.07778543449130872
0.1322817787155408
0.03708479341422765
0.27985320437475303
0.3790700569473143
0.27406895532548253
0.10282649777078247
0.03247607318988696
0.08302334518149684
0.1392129794062438
0.1128942990318296
0.04607569571161512
0.033708994960704036
0.07710461988121428
0.06593148791360771
0.07773645854058567
0.272273478741623
0.33942781892197976
0.20392469530799573
7.475426853036233E-4
0.0578732446127508
0.10271549121141843
0.32562222428688
0.3928439164951896
0.24927666337500964
0.04491564088811039
0.040460380968508805
0.01744087616339058
0.09481793121379258
0.08779501171823806
0.027890244814333155
0.013389163528103482
0.059567939123609116
0.06840176611032457
0.03786852174519908
0.18959520625208356
0.22349053830573323
0.07267037696076076
0.13041963585943775
0.1759776838537278
0.0015945734336991408
0.23191081767155156
0.3052645061538696
0.16755152485832703
0.022558365780988007
0.07750405494561657
0.026395093267808114
0.1534586890191683
0.18310868820710297
0.1373719198702529
0.11964415630498287
0.16047975437733084
0.17446315686810224
0.08375242074783738
0.053630570805979
0.08733726522908822
0.04499429605256912
0.2166482224329631
0.22853461136108347
0.027576641580050812
0.22072814122429793
0.29771997881706597
0.15812145016022838
0.0305662030592992
0.0737131125928875
0.05147429018964639
0.1988044666648719
0.2342482453941171
0.17457292914263461
0.13199107823923673
0.15426581960420657
0.16841610806756455
0.09496041202964946
0.02133005269350899
0.04365218189792918
0.08639015302312746
0.2485956305416891
0.2542035198396125
0.05708174917952782
0.17655327949380395
0.2326504805460268
0.07393526945222334
0.12322024420570264
0.15872836717203387
0.012451837802238633
0.1582192024669678
0.20638646387496543
0.1445203360895889
0.0937044021232201
0.11724110553994412
0.15138539973767567
0.11142268244911345
0.026347697817042357
0.018926971958636057
0.14502379272425217
0.2931630534837086
0.2864437103517745
0.08574051497088886
0.14296245767940408
0.1908015578784437
0.027420996495005498
0.16487838766601887
0.18423138827672395
0.015864756659329095
0.17107927978614798
0.21837918880787116
0.1367126463012208
0.058085814776455205
0.062145292206166484
0.0941799648432362
0.06407191619850842
0.013960827671853268
0.028545952129708035
0.07733623094996556
0.2042417207075187
0.1885889761054436
0.002694798314670866
0.20649946998394966
0.22192051390252326
0.027105113093595007
0.18948688212200912
0.22428647706459573
0.06683211956523573
0.10486650829288824
0.12540444985219817
0.007548676486894148
0.10365143594772762
0.11246962966474057
0.06670593880368829
0.0645963425503892
0.10878665220815852
0.10029387710022052
0.01861627095130892
0.1594713097548058
0.16935032708809955
0.016975209458462655
0.14208860318463368
0.11822761331095842
0.10114348050535531
0.32311884801558816
0.3453137941779389
0.1640752802880006
0.03235571960139487
0.07064573159260214
0.035749361840078125
0.13182294837412217
0.11054471344280917
0.01817045372313136
0.03458877778073765
0.026122244990547366
0.04344462601880602
0.14715926601365087
0.26232194162962413
0.2485956305416891
0.07772475574510762
0.10077873789737307
0.1055608140992726
0.07183423953624471
0.2405380192678456
0.20539620316681384
0.026574366928868824
0.25588497389700327
0.3023901039740218
0.18204939797625724
0.0612430705109095
0.059269345919346544
0.13283735980839098
0.16179251829672753
0.1107570377006731
0.06163302124097299
0.08497828086754902
0.12500936575653337
0.05705833902493301
0.1435258853029913
0.33413743532987905
0.34265669616175337
0.16527314654487385
0.00850899152521674
0.011442658188832295
0.21224690587724704
0.3903901925381688
0.36705945231270976
0.16780487933663218
0.024934050118217574
0.07739278639081142
0.029249043090377784
0.009871334965569124
0.0680925427845343
0.12718675055884748
0.1081929822623957
0.05181048312313189
0.07385423847438176
0.2039769606964515
0.3150855114627803
0.2511520823262614
0.017333188138020515
0.19593805672314102
0.20204156655095132
0.01809334923522758
0.14986977185418654
0.12443091460806921
0.06208454349696684
0.21737026435908835
0.20187750404848767
0.06102769013571945
0.05833112593533326
0.08762564072632766
0.09390164949678444
0.16095090474788054
0.25978127467052003
0.2802732945651906
0.18578121764996464
0.08846770295931168
0.1324182670642598
0.31103743182196253
0.44239399078761604
0.352678618611074
0.0709361512490748
0.1883673148768058
0.24419944463337798
0.13055747460780293
0.04434285869728703
0.12655206953448206
0.3242780269301506
0.47522981818647564
0.49689589515506877
0.4550032958556924
0.44733876152140667
0.4651318763375949
0.411268660806051
0.24859563054168907
0.08078470416576057
0.04673144555857516
0.14480848717710454
0.20606294094542021
0.07035292102111185
0.22484365926701122
0.4637173263432679
0.4704587697544853
0.2895213769559264
0.13034596142086508
0.14288560017183696
0.2747034696420111
0.3568193534969802
0.30158413126555533
0.18061974459471977
0.10961315732118083
0.09965756916585711
0.06227394957455223
0.047303018381638216
0.14211079106409763
0.09665416723885824
0.08432959596451924
0.23623297064008364
0.2027163737775034
0.018846757749004125
0.1085436766265788
0.016520926566987525
0.2366488095659765
0.430144783580817
0.40956757052097337
0.2330741291598839
0.08309296531092271
0.0596899231506118
0.09383750623578599
0.06224511824677578
0.054183128234813534
0.1634769142944303
0.2028146132639377
0.23547833097185622
0.37091752218393087
0.6025470174571095
0.7739456752758782
0.7376520226461364
0.5321404934799321
0.36239686291118695
0.38789381722471766
0.5485387190706285
0.625613350343863
0.4730743155216604
0.1646922408859126
0.0978735577867051
0.20026481752124278
0.2098287457743723
0.26006517114220895
0.3820101469116477
0.48595242694962126
0.4993985386132912
0.47336150695235335
0.5150505300754357
0.6305060129541836
0.6843883406212181
0.547624508277485
0.2676390662994627
0.04984650767202347
0.050486405476204615
0.20649308914413408
0.2982778454733712
0.18215438848413792
0.062410404607696104
0.22801203168743794
0.20133115050862946
0.06285712369183521
0.031312123130205975
0.02904638983034254
0.011583621305167083
0.057038550749233995
0.12429781527084455
0.10800086566467389
0.007932173993277334
0.1026047783064933
0.054347890686850794
0.09476133507818199
0.15433358731888291
0.014374963068422088
0.3337040054883039
0.5742822876130864
0.587744788016618
0.45343202524296844
0.38022976111133233
0.479040515530527
0.6592066314814873
0.7499406559076387
0.6900643821898682
0.5666450538348291
0.47784404859881763
0.40545787221822416
0.25705032825760576
0.01596242044219632
0.20300936831163885
0.2784567516366285
0.24219735824804486
0.26854411890942564
0.48284052413969525
0.8020793903638712
1.0
0.9377866353032192
0.7082894533808367
0.5341948719830455
0.5353585956458987
0.621948267058152
0.6189350733001021
0.46476580460966754
0.2574301511450816
0.11518322694702622
0.037363009597021934
0.0654021768454654
0.22291172821712738
0.33988548718647854
0.30831193225941766
0.16247078373604562
0.0733715600150909
0.16596811025474303
0.3643084389623101
0.45514023062456455
0.3144885024374318
0.04824887795462728
0.11286341460167708
0.049416343086949165
0.13849923702178837
0.25992062076594197
0.24065451408915395
0.17630041732715063
0.19074333890977344
0.28610770797646284
0.36281841129538317
0.3682278127009491
0.37346696108048616
0.47390962777146056
0.6380110387696999
0.7060606894855477
0.562906564105868
0.28785507651750997
0.09304604589994242
0.10156253091084347
0.21009646066304224
0.19551526672693115
0.04806882969194004
0.40174012886623933
0.6553083544212469
0.7232067542998089
0.7030651767934936
0.7308472386205421
0.8196577292385226
