0.17398529935153834
0.03422901118805758
0.06633057758599158
0.14245352154030747
0.07398655240035773
0.030057993053297326
0.013724233791512561
0.27215721874498827
0.024151659229498426
0.148603446014082
0.020528926892444916
0.037392215370920724
0.06804363155424732
0.23288129655137202
0.30239506017500123
0.13856073171487884
0.069992249405794
0.11630427865320314
0.053423531374367735
0.040042166522460405
4.807659181368958E-5
0.07101302592572839
0.011305118217334213
0.08850320509999943
0.07318249807866505
0.014270950384516928
0.11064979187884054
0.037347701926465866
0.25767061092282867
0.11628009106076989
0.07917414088671045
0.01518870787850811
0.02365487468145107
0.1516405518497254
0.09514940409270026
0.11736886256733832
0.12462118272361417
0.04875299334533697
0.03647496607019509
0.005173062216063215
0.01936175172522266
0.007291441339516014
0.19256763907668234
0.15650725824412307
0.009260717982790528
0.047957024522197876
0.08439036093658528
0.02118486289906403
0.08088556121363237
1.0
0.34468894043921994
0.18825500048786625
0.020323291176043274
0.01843652581770767
0.09609563125071453
0.14893392535892971
0.4824747212906712
0.008957781558241862
0.04456111627194796
0.027624038371784006
0.0024224061802775904
0.13097977804426725
0.09001269904776714
0.5824387580499675
0.3051348762778742
0.19714592784571933
0.10302668640430376
0.06339437662651427
0.04368785394359333
0.010002906487236238
0.16714188922121234
0.12015693422059207
0.021995088433260715
0.007348495648205134
0.0879554883095737
0.003971237610241514
0.07538221348552784
0.09725950118169226
0.1136329074471498
0.02697069871222229
0.05053110989073145
0.004634824960120173
0.061278638106124154
0.007141319109027973
0.01064340864504756
0.05240128829984789
0.013298670695404642
0.024672737436939488
0.009835847802823145
0.16967411948298367
0.03826590170945829
0.07489161513378256
0.08544729006613545
0.03866722459372076
0.027081433715694714
0.1104893068213788
0.02190868239513529
0.05803180030818493
0.026482892476617996
0.08464995447673757
0.03156069124821682
0.02651697312493283
0.15230554532965723
0.10711847334872222
0.05784392338852658
0.07304152356820036
0.17495456922818745
0.05508562321551942
0.025714421138391577
0.06028741723863076
0.0996291623529293
0.02522349701462071
0.1182680641586425
0.029449044689624303
0.04467438624953535
0.04859658848699647
0.010655064947713669
0.07812714053393997
0.06870711625667617
0.04705936887912743
0.13405473694018513
0.02263003765945459
0.0524848439041016
0.07118838449298102
0.10258936026995606
0.04537193910609979
0.02647028942935133
0.0529309944212099
0.04293505302853729
0.022780528874485326
0.09960049995867327
0.011586950284910908
0.06138641230105721
0.03808818334144751
0.13707261034830434
0.07066570368863055
0.063307314633236
0.014697868171456241
0.042728634865942965
0.06156015002688287
0.15111226448263246
0.05062329191450698
0.03953564716962927
0.04590867943258363
0.019266118150093676
0.10351869544371058
0.042849181221424136
0.04307796808947626
0.19474262652072125
0.054394013125666336
0.010582786212990863
0.024023697102584594
0.05470690449260194
0.04291962829132804
0.14015482447762811
0.037797267102651126
0.040192633889867616
0.034368179925253414
0.00388460051365788
0.15214295784790136
0.12805070744896535
0.050585714281742654
0.026657881895004256
0.014838988266937565
0.04587133464705665
0.07335297702581309
0.03047779883249423
0.09944955519792219
0.1685524431858841
0.08843769549889614
0.0921049765036675
0.004330852359075491
0.015419179640988
0.005891216802426337
0.04929078659646801
0.09635920245607443
0.016851858041276896
0.09178385506198522
0.03020913505392432
0.047789288802795336
0.014398785066058207
0.006199226041155182
0.04938926673997138
0.03363637919667067
0.055959336728310514
0.00804095940251989
0.01179171387641614
0.06038300327583574
0.01308191583000514
0.07352195363675007
0.09052490799035585
0.07037738263088067
0.030683482370635513
0.025030269121260742
0.009504733751378638
0.035700086793877414
0.028655830455556235
0.025795176641345025
0.09315040833333767
0.10052303769001981
0.09565546666164133
0.08544710175570644
7.111392845940167E-4
0.16790800702688627
0.12204701096716747
0.019798881196080413
0.011363874761649033
0.026315127105830383
0.043331344479571925
0.030607879423780012
0.02961248435129042
0.047595087371447464
0.06616491845263703
0.02046983557767896
0.023449278780627775
0.03258917988116785
0.026336768362010623
0.04432849596257791
0.008613351027628348
0.040343599673752895
0.00389366404382388
0.041380102633496646
0.034003193254448276
0.06148577445418588
0.04071698235915564
0.01119101105677623
0.07240924651212848
0.04133596546183438
0.028294728774240555
0.047023029726242956
0.02537459324551324
0.03866339985589741
0.00131111669362716
0.008400242496397028
0.041925854412580836
0.039412393122427884
0.0038741318887987983
0.05161210943828201
0.045372229903718385
0.06565163637286621
0.015304354998349957
0.021819665341771207
0.013713482333697624
0.0037048457552099965
0.027049519394996474
0.0075985315190816
0.04822115551140921
0.017364224646999497
0.016436926587597857
0.0446074740058314
0.020909226034772882
0.01812325421780146
0.027571224050347634
0.016573061734174714
0.03403358465824832
0.05016854742867866
0.06944015840864319
0.017130821299293154
0.024368228654010386
0.10038780607135661
0.07082802198688565
0.04361504825948763
0.031450282633294295
0.04377088909885953
0.013909168492307297
0.038896086232428656
0.01970688969474055
0.06716875351862428
0.014300118736213865
0.0331187319279253
0.05522452430177516
0.0350183089401027
0.07300624988179966
0.005239495356369471
0.03956826467058499
0.0038393303799128652
0.0033761875294391975
0.01112093390797474
0.034799675428431334
0.0018220149674571336
0.028509520046482814
0.013001475867233393
0.012136370652181481
0.027401102366624217
0.012280855303010619
0.0466303519805731
0.005372208656296567
0.04210292865082598
0.02965886629432565
0.04693628574352322
0.015056722216063379
0.018391097827892017
0.07257086799456958
0.04698769020524854
0.07515981439695232
0.03172456916954439
0.01252175575209498
0.022388709264089604
0.014190826887973209
0.032705046399865566
0.01588037470790211
0.023621521534825243
0.06358676345424573
0.04652880010980102
0.02104204857859078
0.06892616326957493
0.025408310735715933
0.04276738406980684
0.014498774945961529
0.013639708792192406
0.05872220192097358
0.010031155645010833
0.008946000123515131
0.03923312196558331
0.0016287672449798686
0.09040047731526282
0.006360274885929138
0.03318991227956427
0.0144484772736617
0.04150587535438096
0.039983410375472525
0.04381204478859821
0.03195782730499709
9.343035832269205E-4
0.02146678993676155
0.010102718671382061
0.016992038081749247
0.045695037706243787
0.014677247582365108
0.07431213391958784
0.03097037941575596
0.061316777034244825
0.03358142929173088
0.051620804199017774
0.07020694093615581
0.012811417122299827
0.04370555287513974
0.03973131747150368
0.035997444084493756
0.078341813978276
0.028437922609725216
0.028811892752891834
0.009995829013007869
0.017115808872253002
0.04931803491106367
0.004734739707544205
0.006489367654067027
0.017315563577874265
0.030571465657265276
0.011296002839645443
0.016885819191773895
0.02742442101649265
0.015123673413531952
0.06043006914414529
0.03161344079198203
0.030477163656324364
0.03328907058598978
0.04982892984188223
0.019032732291561404
0.05246633866738803
0.039988272509420046
0.025302515632132302
0.007525150844280696
0.008010914664864326
0.0013336134608263573
0.017378368231948063
0.05638388297023148
0.04973926616608783
0.027525534139647097
0.03062577911437825
0.00404811309821109
0.011856349558858706
0.02370547438417086
0.0375675237316951
0.07048896249545838
5.393576065363557E-4
0.0018854781673844048
0.005996612888961692
0.038659146394761916
0.020833211286554625
0.09124889360415316
0.003941204850356853
0.011425966731868511
0.013482752095100185
0.026739372205682718
0.01993270146989743
0.009868824260206634
0.04240964470537522
0.01857692258484167
0.0010777252169605997
0.010450667876015864
0.033767833569042754
0.03979654962475221
0.01858056632762556
0.013561894876623288
0.017373023975573634
0.005684930993109038
0.04042775094528473
0.021562091743742885
0.017469820966063008
0.09925885686865803
0.021163881120171913
0.026612232841480864
0.01268294410916234
0.035543620776277464
0.021651822996882883
0.0010890329409140196
0.014593264241981863
0.004095152050105898
0.005562489265457165
0.04295817828836392
0.0489654093160999
0.03312108172699643
0.034858084476194366
0.10905241013593872
0.031160447056458325
0.05258668171317682
7.69171854762614E-4
0.045478222149720846
7.107060236144416E-4
0.06928083098623675
0.016253667107122474
0.036071923692011114
0.020740170806966007
0.011087172661378219
0.007265710535996521
0.06216025532944109
0.0423039221884066
0.045011634300705164
0.001901396274118218
0.08096069121275615
0.044263446787450075
0.003196374077495358
0.06534272436435638
0.004211643049993909
0.053858292246083544
0.0023310497530754488
0.018307752948405996
0.03189803227107968
0.06175899490620971
0.07711300584224574
0.03368456025588598
0.039655563573728216
0.011634662469897588
0.012206246297705616
0.02523225316394033
0.029139784629112087
0.028522621108427952
0.010752568055102258
0.010602725238933597
0.023199514109852874
0.011131779922020281
0.035694099999143206
0.029623248618826623
0.020424460929333983
0.04710149467390893
0.029599113108992624
0.02562534376647708
0.03385084154193852
0.01010285229087068
0.01368660520614427
0.029400002415075538
0.019331699927948705
0.029400002415075538
0.01368660520614427
0.01010285229087068
0.03385084154193852
0.02562534376647708
0.029599113108992624
0.04710149467390893
0.020424460929333983
0.029623248618826623
0.035694099999143206
0.011131779922020281
0.023199514109852874
0.010602725238933597
0.010752568055102258
0.028522621108427952
0.029139784629112087
0.02523225316394033
0.012206246297705616
0.011634662469897588
0.039655563573728216
0.03368456025588598
0.07711300584224574
0.06175899490620971
0.03189803227107968
0.018307752948405996
0.0023310497530754488
0.053858292246083544
0.004211643049993909
0.06534272436435638
0.003196374077495358
0.044263446787450075
0.08096069121275615
0.001901396274118218
0.045011634300705164
0.0423039221884066
0.06216025532944109
0.007265710535996521
0.011087172661378219
0.020740170806966007
0.036071923692011114
0.016253667107122474
0.06928083098623675
7.107060236144416E-4
0.045478222149720846
7.69171854762614E-4
0.05258668171317682
0.031160447056458325
0.10905241013593872
0.034858084476194366
0.03312108172699643
0.0489654093160999
0.04295817828836392
0.005562489265457165
0.004095152050105898
0.014593264241981863
0.0010890329409140196
0.021651822996882883
0.035543620776277464
0.01268294410916234
0.026612232841480864
0.021163881120171913
0.09925885686865803
0.017469820966063008
0.021562091743742885
0.04042775094528473
0.005684930993109038
0.017373023975573634
0.013561894876623288
0.01858056632762556
0.03979654962475221
0.033767833569042754
0.010450667876015864
0.0010777252169605997
0.01857692258484167
0.04240964470537522
0.009868824260206634
0.01993270146989743
0.026739372205682718
0.013482752095100185
0.011425966731868511
0.003941204850356853
0.09124889360415316
0.020833211286554625
0.038659146394761916
0.005996612888961692
0.0018854781673844048
5.393576065363557E-4
0.07048896249545838
0.0375675237316951
0.02370547438417086
0.011856349558858706
0.00404811309821109
0.03062577911437825
0.027525534139647097
0.04973926616608783
0.05638388297023148
0.017378368231948063
0.0013336134608263573
0.008010914664864326
0.007525150844280696
0.025302515632132302
0.039988272509420046
0.05246633866738803
0.019032732291561404
0.04982892984188223
0.03328907058598978
0.030477163656324364
0.03161344079198203
0.06043006914414529
0.015123673413531952
0.02742442101649265
0.016885819191773895
0.011296002839645443
0.030571465657265276
0.017315563577874265
0.006489367654067027
0.004734739707544205
0.04931803491106367
0.017115808872253002
0.009995829013007869
0.028811892752891834
0.028437922609725216
0.078341813978276
0.035997444084493756
0.03973131747150368
0.04370555287513974
0.012811417122299827
0.07020694093615581
0.051620804199017774
0.03358142929173088
0.061316777034244825
0.03097037941575596
0.07431213391958784
0.014677247582365108
0.045695037706243787
0.016992038081749247
0.010102718671382061
0.02146678993676155
9.343035832269205E-4
0.03195782730499709
0.04381204478859821
0.039983410375472525
0.04150587535438096
0.0144484772736617
0.03318991227956427
0.006360274885929138
0.09040047731526282
0.0016287672449798686
0.03923312196558331
0.008946000123515131
0.010031155645010833
0.05872220192097358
0.013639708792192406
0.014498774945961529
0.04276738406980684
0.025408310735715933
0.06892616326957493
0.02104204857859078
0.04652880010980102
0.06358676345424573
0.023621521534825243
0.01588037470790211
0.032705046399865566
0.014190826887973209
0.022388709264089604
0.01252175575209498
0.03172456916954439
0.07515981439695232
0.04698769020524854
0.07257086799456958
0.018391097827892017
0.015056722216063379
0.04693628574352322
0.02965886629432565
0.04210292865082598
0.005372208656296567
0.0466303519805731
0.012280855303010619
0.027401102366624217
0.012136370652181481
0.013001475867233393
0.028509520046482814
0.0018220149674571336
0.034799675428431334
0.01112093390797474
0.0033761875294391975
0.0038393303799128652
0.03956826467058499
0.005239495356369471
0.07300624988179966
0.0350183089401027
0.05522452430177516
0.0331187319279253
0.014300118736213865
0.06716875351862428
0.01970688969474055
0.038896086232428656
0.013909168492307297
0.04377088909885953
0.031450282633294295
0.04361504825948763
0.07082802198688565
0.10038780607135661
0.024368228654010386
0.017130821299293154
0.06944015840864319
0.05016854742867866
0.03403358465824832
0.016573061734174714
0.027571224050347634
0.01812325421780146
0.020909226034772882
0.0446074740058314
0.016436926587597857
0.017364224646999497
0.04822115551140921
0.0075985315190816
0.027049519394996474
0.0037048457552099965
0.013713482333697624
0.021819665341771207
0.015304354998349957
0.06565163637286621
0.045372229903718385
0.05161210943828201
0.0038741318887987983
0.039412393122427884
0.041925854412580836
0.008400242496397028
0.00131111669362716
0.03866339985589741
0.02537459324551324
0.047023029726242956
0.028294728774240555
0.04133596546183438
0.07240924651212848
0.01119101105677623
0.04071698235915564
0.06148577445418588
0.034003193254448276
0.041380102633496646
0.00389366404382388
0.040343599673752895
0.008613351027628348
0.04432849596257791
0.026336768362010623
0.03258917988116785
0.023449278780627775
0.02046983557767896
0.06616491845263703
0.047595087371447464
0.02961248435129042
0.030607879423780012
0.043331344479571925
0.026315127105830383
0.011363874761649033
0.019798881196080413
0.12204701096716747
0.16790800702688627
7.111392845940167E-4
0.08544710175570644
0.09565546666164133
0.10052303769001981
0.09315040833333767
0.025795176641345025
0.028655830455556235
0.035700086793877414
0.009504733751378638
0.025030269121260742
0.030683482370635513
0.07037738263088067
0.09052490799035585
0.07352195363675007
0.01308191583000514
0.06038300327583574
0.01179171387641614
0.00804095940251989
0.055959336728310514
0.03363637919667067
0.04938926673997138
0.006199226041155182
0.014398785066058207
0.047789288802795336
0.03020913505392432
0.09178385506198522
0.016851858041276896
0.09635920245607443
0.04929078659646801
0.005891216802426337
0.015419179640988
0.004330852359075491
0.0921049765036675
0.08843769549889614
0.1685524431858841
0.09944955519792219
0.03047779883249423
0.07335297702581309
0.04587133464705665
0.014838988266937565
0.026657881895004256
0.050585714281742654
0.12805070744896535
0.15214295784790136
0.00388460051365788
0.034368179925253414
0.040192633889867616
0.037797267102651126
0.14015482447762811
0.04291962829132804
0.05470690449260194
0.024023697102584594
0.010582786212990863
0.054394013125666336
0.19474262652072125
0.04307796808947626
0.042849181221424136
0.10351869544371058
0.019266118150093676
0.04590867943258363
0.03953564716962927
0.05062329191450698
0.15111226448263246
0.06156015002688287
0.042728634865942965
0.014697868171456241
0.063307314633236
0.07066570368863055
0.13707261034830434
0.03808818334144751
0.06138641230105721
0.011586950284910908
0.09960049995867327
0.022780528874485326
0.04293505302853729
0.0529309944212099
0.02647028942935133
0.04537193910609979
0.10258936026995606
0.07118838449298102
0.0524848439041016
0.02263003765945459
0.13405473694018513
0.04705936887912743
0.06870711625667617
0.07812714053393997
0.010655064947713669
0.04859658848699647
0.04467438624953535
0.029449044689624303
0.1182680641586425
0.02522349701462071
0.0996291623529293
0.06028741723863076
0.025714421138391577
0.05508562321551942
0.17495456922818745
0.07304152356820036
0.05784392338852658
0.10711847334872222
0.15230554532965723
0.02651697312493283
0.03156069124821682
0.08464995447673757
0.026482892476617996
0.05803180030818493
0.02190868239513529
0.1104893068213788
0.027081433715694714
0.03866722459372076
0.08544729006613545
0.07489161513378256
0.03826590170945829
0.16967411948298367
0.009835847802823145
0.024672737436939488
0.013298670695404642
0.05240128829984789
0.01064340864504756
0.007141319109027973
0.061278638106124154
0.004634824960120173
0.05053110989073145
0.02697069871222229
0.1136329074471498
0.09725950118169226
0.07538221348552784
0.003971237610241514
0.0879554883095737
0.007348495648205134
0.021995088433260715
0.12015693422059207
0.16714188922121234
0.010002906487236238
0.04368785394359333
0.06339437662651427
0.10302668640430376
0.19714592784571933
0.3051348762778742
0.5824387580499675
0.09001269904776714
0.13097977804426725
0.0024224061802775904
0.027624038371784006
0.04456111627194796
0.008957781558241862
0.4824747212906712
0.14893392535892971
0.09609563125071453
0.01843652581770767
0.020323291176043274
0.18825500048786625
0.34468894043921994
1.0
0.08088556121363237
0.02118486289906403
0.08439036093658528
0.047957024522197876
0.009260717982790528
0.15650725824412307
0.19256763907668234
0.007291441339516014
0.01936175172522266
0.005173062216063215
0.03647496607019509
0.04875299334533697
0.12462118272361417
0.11736886256733832
0.09514940409270026
0.1516405518497254
0.02365487468145107
0.01518870787850811
0.07917414088671045
0.11628009106076989
0.25767061092282867
0.037347701926465866
0.11064979187884054
0.014270950384516928
0.07318249807866505
0.08850320509999943
0.011305118217334213
0.07101302592572839
4.807659181368958E-5
0.040042166522460405
0.053423531374367735
0.11630427865320314
0.069992249405794
0.13856073171487884
0.30239506017500123
0.23288129655137202
0.06804363155424732
0.037392215370920724
0.020528926892444916
0.148603446014082
0.024151659229498426
0.27215721874498827
0.013724233791512561
0.030057993053297326
0.07398655240035773
0.14245352154030747
0.06633057758599158
0.03422901118805758
