-0.0470427632550418
0.04012812635633609
0.07308565278949124
0.016592247416610126
0.135471150271826
0.09103702590574474
0.09735827271448035
0.11577461142930137
0.005607865910699569
0.05294600299964927
0.09795636308664277
0.1966449113491313
0.1584050571487651
0.0843867932533025
0.0041818425367992585
0.0029504196306367934
0.04431356822753757
0.08392877278384665
0.18843498479286191
0.2340281583280239
0.2349572612719996
0.2228361474424315
1.0
0.47985489474096366
0.6616030487281576
0.15740092673569087
0.22981246977331155
0.24030461269608946
0.29099204354668895
0.11707668380466534
0.16595311021766948
0.40621703718662155
0.7153733360933042
0.27375599444571236
0.26556072651161294
0.4528025501061008
0.17046770673852432
0.4956683865451119
0.5859808587419137
0.5956414271526501
0.7600686056119241
0.5348607086513734
0.2489764146489247
0.402865222160859
0.3405968241854599
0.04955624308749822
0.4858427646858785
0.33828226156624724
0.10156685432172587
0.43117775325643565
0.07824840717199043
0.1540069263347188
0.007693669031427793
0.001525527439744793
0.055735299488676865
0.10200494131285828
0.040668556852259403
0.13917813826203768
0.19403010749999006
0.023361203606627086
0.2128725589457438
0.23008659030759687
0.1618921717240885
0.020269450200262905
0.12675441807363808
0.6472777153463037
0.4205270291160791
0.22342093041494715
0.1153928529740157
0.2811992146581265
0.47674020527449656
0.2400498398269727
0.12801885654246864
0.05054480539830055
0.08119597514460816
0.2262050449714316
0.271240243124846
0.28231675694517877
0.0033832857218244645
0.17791164730450337
0.09022023576557707
0.03438390396004567
0.06911592347373884
0.13637081714634697
0.25290836550642093
0.02514822409321567
0.05800172429312081
0.184582962082254
0.009715393220851127
0.001104695913531266
0.15319839830594836
7.403395570789975E-4
0.1552231599306291
0.10309802249853593
0.1635056717782794
0.017286804895085866
0.2881730870287124
0.13176524588715857
0.39887933434678063
0.1283399346074552
0.08990813666485846
0.019890432775216856
0.43814689866711676
0.08529755633395936
0.07356247359254096
0.23626366412641123
0.03178982439901045
0.29015025917696724
0.23973161824879807
0.01423747130959446
0.1535320635830903
0.045582687719271764
0.13442673763902654
0.24549145501072547
0.11856504326637396
0.13327750265767954
0.17468523436750277
0.11328212129489997
0.2873916818849205
0.07788174348271101
0.26133772628599117
0.249093362958282
0.2524149228790835
0.0018825279545643188
0.1348476062027978
1.5152517281737983E-4
0.10172336054033712
0.013152694005865604
0.1987417335939346
0.04481865545171582
0.10530349846927897
0.033718063198019524
0.0650562914248353
0.029404726317195342
0.09481536629368202
0.016580376599401314
0.07323060866551392
0.16888003927271017
0.06404890268082465
0.05640965976223054
0.0012258097454355148
0.11932224090098471
0.03060705687939535
0.020751590585088086
0.037298858599594
0.008534758599724487
0.03244941122194685
0.01550117720291222
0.001199927340932438
0.005291805419720221
0.02451928448058248
0.012023612767761083
0.005697238852633317
0.017154021407000904
0.011277781841622462
0.020006340191776606
0.023358115899075955
0.008166419556214319
0.014285472443544911
0.014523592908272133
0.007588437956993779
0.0038273059707002372
0.01496293876078103
0.010416888947394391
0.019591947945358495
0.014071606980811377
0.010961922724914575
0.0020308354511744406
0.01710712985726464
0.010288279310283387
0.0029087130488848
3.50736791478254E-4
0.013820705189658099
0.012818347895356815
0.011790296514764017
0.009155627896372299
0.01256481976614182
0.018738011787776333
0.014539776972735676
0.009870727455638507
0.010790911384279003
0.006261169201321491
0.017932800733277195
0.009067177440178755
0.0012449404263804355
0.0036883590962252725
0.006795175182122226
0.008515463950890574
0.016409866381821132
0.008591306942672652
0.00630572296657208
0.00699560477009357
0.003275423893633248
0.007565683351424551
0.002190590684658988
0.007290810728340477
0.00681353034206096
0.015054231224735306
0.0034567912485301416
0.006749525435629348
0.011015805019549135
5.030945015386143E-4
0.0027615344221083834
2.6839808080863733E-4
0.001010367738187854
3.4954434798819476E-4
0.004340999972252218
0.0014009783248447587
0.010055200345896399
0.008711781619846275
0.009830745038818997
9.701631742538302E-4
0.004871569642491539
0.005239752530061569
0.002643394464454762
9.148744864555032E-4
0.0044518136871345365
0.0010673877215910106
0.0017219676876105974
0.002362760719778973
0.002578859290250288
1.5114403177770636E-4
0.005234948605662674
0.0045683361197356755
0.0016099823054623729
0.008353776565529226
0.003016180362392707
0.002651544628650169
0.0016127428647725154
2.676566723823249E-4
0.0034604810802960073
0.008053435781501155
0.005038580136988073
0.004680532604517895
3.2302411792872546E-7
0.004628388547084119
0.004878065528524502
0.008382839360323432
0.00552161036979464
0.0022504983258041355
0.010320003635947306
0.005660910471416512
0.007970876021307331
4.213723678189501E-4
0.005273659947795274
0.0018947299717771472
0.0017493527750445702
9.153582091714398E-4
0.0021640151487623415
0.0015524550048432626
9.83974442222748E-4
0.0028111974955227514
0.003911760725820903
6.293488767073376E-4
0.0022047909709290033
0.002705325052193226
2.4275842164727881E-4
0.0036870837551779678
0.0025852501990158245
0.005680773519269242
0.00583242691098036
9.513297861816659E-4
3.6305139147976633E-4
0.0055023017943342245
0.0010984097634260603
2.355610509766536E-4
7.497657285696287E-4
0.0027874429654771164
0.0024270015550652275
0.005812060634829794
4.4747242352291154E-4
0.0011518903572395169
0.003791095924054529
0.0019111822516185023
0.0011531639226439341
0.003525300913525499
0.00354246727618625
0.005721993498058792
2.1085828180253066E-4
0.003053374373639842
8.563599834103881E-4
3.6479395929938676E-4
0.009343259878620743
0.00339983294084133
0.001034169493212702
0.002579904752453602
0.004179117435832978
3.0060283578403597E-4
0.0028571322671646776
0.0022533905441719923
0.0026552410537282215
0.0019297879386771272
0.003327124581808411
0.0014712690378017555
0.006230870365473876
0.0018133040102357725
0.0026054233885129557
0.0024123529422609437
0.0017381620428531402
0.002976566193889984
7.385275634669753E-4
3.808509565800226E-6
0.004011602553933204
0.0011572340184770578
0.0019393713669269377
0.0013287584182130093
0.003211757490482277
0.003695816653261522
0.003997000415542092
0.005778022727971734
0.0024326594573629437
0.0016302669562517824
8.081827981094027E-4
0.0028990653286386754
6.886384131703006E-4
0.0013305909101042806
0.0025261598620539573
0.0032840188019944328
0.0033979283353585614
0.004054266007839773
0.0015166732796155432
1.744714452760952E-4
0.0037914606337798246
2.253739436521564E-4
0.004483286354657608
0.0022800043671679427
9.044847669891647E-4
8.942837612430856E-4
0.0010628820446605847
0.0023986304018794205
0.004854205631525206
1.873663160218031E-4
2.9668291569475677E-4
0.002090688959450025
0.0022982490669198343
6.156351136859948E-4
7.212699831353048E-4
0.0013367963092269341
0.0028657810301472796
0.001399720965769161
0.005335977543978005
0.0017866769826705747
0.0027012090940141033
0.002594782251291814
0.0037889757401256214
0.0031711364223721617
0.0021860605893667664
0.0010905327208207572
0.004667976460560199
0.0014262314874669238
0.002201966586210381
3.9997529291871473E-4
1.3319670845867576E-4
5.958421899654016E-4
6.819373456794003E-4
0.0015584142850335475
3.4731150837695403E-4
0.0018404321367099298
7.873313441811533E-4
8.525367774709462E-4
9.122559245211175E-4
0.001616590975762349
0.0035373011124250316
4.944535213680656E-4
7.412857118592208E-5
0.002976728275677332
0.0021227177332496286
0.0036209135595307628
0.005078932883857412
8.130702679184009E-4
0.001064457662406052
0.0017134225651878289
9.73620098984913E-5
0.0013331952002439073
4.95344779253127E-4
0.0015560037231716081
2.701484535264895E-4
0.0019425742252381117
0.0014881582650409174
8.505742761054261E-4
6.855875439504E-6
0.003622141239134128
0.0049219911684901824
0.0017144378749892489
0.0017059793890740844
7.124769404928239E-4
6.28239147901406E-4
1.3306669385556446E-4
7.433042495119634E-4
1.9636438428692168E-4
0.0032024236686809494
0.0022202358028104957
1.890100328819131E-4
0.0014708297822947634
8.333464677849808E-4
0.0012626174341277972
0.0014448989217713986
6.873735420164454E-4
4.161374460489779E-4
4.925413603326172E-4
5.793881138704219E-4
0.002820347541938051
0.0016126479396742655
0.0022792503151848093
0.0016446547383446239
0.0023142821086047584
0.00362720458906628
0.004318238874422463
0.001418950560612514
0.002797445201572873
4.7499385370106286E-4
0.0016647562874887174
0.0017380159726347712
0.0055672011943509936
0.0031237462146756594
9.066412793325046E-4
0.0012733320958241096
0.002451780290726059
0.0037995971388206677
3.431259122508566E-4
0.003093409709678506
0.0013395555488291972
0.0016004658329213776
8.155977186071857E-4
0.001008330850320063
0.0029306469295403838
9.529771093127515E-4
0.0013750064798731948
8.708194134791003E-4
0.002584903825037228
0.003688349870893726
0.0038499009373694605
0.004481828241918224
0.002168193775668899
7.461699541638757E-4
4.5502719056993076E-4
0.0024242540087924458
0.004263123727666287
0.0024161490697749456
5.941957232398927E-4
0.001843009603855247
2.258992532055877E-4
0.004840329324029563
3.5957298013921204E-4
5.236264483636273E-4
6.36474331725525E-4
1.804788233860398E-4
1.6522616330058462E-4
0.0018555778226006232
0.004742986992908625
8.675032191238949E-4
0.003440201045906987
2.0031815650423232E-4
0.003734110184852357
0.0018326576733863756
0.0011167686530290364
0.0010662058755954986
0.0032295994483376384
9.755988632002316E-4
0.0013296132113710243
0.0023793924090066924
0.005580578764917029
6.240669793783183E-4
0.005580578764917029
0.0023793924090066924
0.0013296132113710243
9.755988632002316E-4
0.0032295994483376384
0.0010662058755954986
0.0011167686530290364
0.0018326576733863756
0.003734110184852357
2.0031815650423232E-4
0.003440201045906987
8.675032191238949E-4
0.004742986992908625
0.0018555778226006232
1.6522616330058462E-4
1.804788233860398E-4
6.36474331725525E-4
5.236264483636273E-4
3.5957298013921204E-4
0.004840329324029563
2.258992532055877E-4
0.001843009603855247
5.941957232398927E-4
0.0024161490697749456
0.004263123727666287
0.0024242540087924458
4.5502719056993076E-4
7.461699541638757E-4
0.002168193775668899
0.004481828241918224
0.0038499009373694605
0.003688349870893726
0.002584903825037228
8.708194134791003E-4
0.0013750064798731948
9.529771093127515E-4
0.0029306469295403838
0.001008330850320063
8.155977186071857E-4
0.0016004658329213776
0.0013395555488291972
0.003093409709678506
3.431259122508566E-4
0.0037995971388206677
0.002451780290726059
0.0012733320958241096
9.066412793325046E-4
0.0031237462146756594
0.0055672011943509936
0.0017380159726347712
0.0016647562874887174
4.7499385370106286E-4
0.002797445201572873
0.001418950560612514
0.004318238874422463
0.00362720458906628
0.0023142821086047584
0.0016446547383446239
0.0022792503151848093
0.0016126479396742655
0.002820347541938051
5.793881138704219E-4
4.925413603326172E-4
4.161374460489779E-4
6.873735420164454E-4
0.0014448989217713986
0.0012626174341277972
8.333464677849808E-4
0.0014708297822947634
1.890100328819131E-4
0.0022202358028104957
0.0032024236686809494
1.9636438428692168E-4
7.433042495119634E-4
1.3306669385556446E-4
6.28239147901406E-4
7.124769404928239E-4
0.0017059793890740844
0.0017144378749892489
0.0049219911684901824
0.003622141239134128
6.855875439504E-6
8.505742761054261E-4
0.0014881582650409174
0.0019425742252381117
2.701484535264895E-4
0.0015560037231716081
4.95344779253127E-4
0.0013331952002439073
9.73620098984913E-5
0.0017134225651878289
0.001064457662406052
8.130702679184009E-4
0.005078932883857412
0.0036209135595307628
0.0021227177332496286
0.002976728275677332
7.412857118592208E-5
4.944535213680656E-4
0.0035373011124250316
0.001616590975762349
9.122559245211175E-4
8.525367774709462E-4
7.873313441811533E-4
0.0018404321367099298
3.4731150837695403E-4
0.0015584142850335475
6.819373456794003E-4
5.958421899654016E-4
1.3319670845867576E-4
3.9997529291871473E-4
0.002201966586210381
0.0014262314874669238
0.004667976460560199
0.0010905327208207572
0.0021860605893667664
0.0031711364223721617
0.0037889757401256214
0.002594782251291814
0.0027012090940141033
0.0017866769826705747
0.005335977543978005
0.001399720965769161
0.0028657810301472796
0.0013367963092269341
7.212699831353048E-4
6.156351136859948E-4
0.0022982490669198343
0.002090688959450025
2.9668291569475677E-4
1.873663160218031E-4
0.004854205631525206
0.0023986304018794205
0.0010628820446605847
8.942837612430856E-4
9.044847669891647E-4
0.0022800043671679427
0.004483286354657608
2.253739436521564E-4
0.0037914606337798246
1.744714452760952E-4
0.0015166732796155432
0.004054266007839773
0.0033979283353585614
0.0032840188019944328
0.0025261598620539573
0.0013305909101042806
6.886384131703006E-4
0.0028990653286386754
8.081827981094027E-4
0.0016302669562517824
0.0024326594573629437
0.005778022727971734
0.003997000415542092
0.003695816653261522
0.003211757490482277
0.0013287584182130093
0.0019393713669269377
0.0011572340184770578
0.004011602553933204
3.808509565800226E-6
7.385275634669753E-4
0.002976566193889984
0.0017381620428531402
0.0024123529422609437
0.0026054233885129557
0.0018133040102357725
0.006230870365473876
0.0014712690378017555
0.003327124581808411
0.0019297879386771272
0.0026552410537282215
0.0022533905441719923
0.0028571322671646776
3.0060283578403597E-4
0.004179117435832978
0.002579904752453602
0.001034169493212702
0.00339983294084133
0.009343259878620743
3.6479395929938676E-4
8.563599834103881E-4
0.003053374373639842
2.1085828180253066E-4
0.005721993498058792
0.00354246727618625
0.003525300913525499
0.0011531639226439341
0.0019111822516185023
0.003791095924054529
0.0011518903572395169
4.4747242352291154E-4
0.005812060634829794
0.0024270015550652275
0.0027874429654771164
7.497657285696287E-4
2.355610509766536E-4
0.0010984097634260603
0.0055023017943342245
3.6305139147976633E-4
9.513297861816659E-4
0.00583242691098036
0.005680773519269242
0.0025852501990158245
0.0036870837551779678
2.4275842164727881E-4
0.002705325052193226
0.0022047909709290033
6.293488767073376E-4
0.003911760725820903
0.0028111974955227514
9.83974442222748E-4
0.0015524550048432626
0.0021640151487623415
9.153582091714398E-4
0.0017493527750445702
0.0018947299717771472
0.005273659947795274
4.213723678189501E-4
0.007970876021307331
0.005660910471416512
0.010320003635947306
0.0022504983258041355
0.00552161036979464
0.008382839360323432
0.004878065528524502
0.004628388547084119
3.2302411792872546E-7
0.004680532604517895
0.005038580136988073
0.008053435781501155
0.0034604810802960073
2.676566723823249E-4
0.0016127428647725154
0.002651544628650169
0.003016180362392707
0.008353776565529226
0.0016099823054623729
0.0045683361197356755
0.005234948605662674
1.5114403177770636E-4
0.002578859290250288
0.002362760719778973
0.0017219676876105974
0.0010673877215910106
0.0044518136871345365
9.148744864555032E-4
0.002643394464454762
0.005239752530061569
0.004871569642491539
9.701631742538302E-4
0.009830745038818997
0.008711781619846275
0.010055200345896399
0.0014009783248447587
0.004340999972252218
3.4954434798819476E-4
0.001010367738187854
2.6839808080863733E-4
0.0027615344221083834
5.030945015386143E-4
0.011015805019549135
0.006749525435629348
0.0034567912485301416
0.015054231224735306
0.00681353034206096
0.007290810728340477
0.002190590684658988
0.007565683351424551
0.003275423893633248
0.00699560477009357
0.00630572296657208
0.008591306942672652
0.016409866381821132
0.008515463950890574
0.006795175182122226
0.0036883590962252725
0.0012449404263804355
0.009067177440178755
0.017932800733277195
0.006261169201321491
0.010790911384279003
0.009870727455638507
0.014539776972735676
0.018738011787776333
0.01256481976614182
0.009155627896372299
0.011790296514764017
0.012818347895356815
0.013820705189658099
3.50736791478254E-4
0.0029087130488848
0.010288279310283387
0.01710712985726464
0.0020308354511744406
0.010961922724914575
0.014071606980811377
0.019591947945358495
0.010416888947394391
0.01496293876078103
0.0038273059707002372
0.007588437956993779
0.014523592908272133
0.014285472443544911
0.008166419556214319
0.023358115899075955
0.020006340191776606
0.011277781841622462
0.017154021407000904
0.005697238852633317
0.012023612767761083
0.02451928448058248
0.005291805419720221
0.001199927340932438
0.01550117720291222
0.03244941122194685
0.008534758599724487
0.037298858599594
0.020751590585088086
0.03060705687939535
0.11932224090098471
0.0012258097454355148
0.05640965976223054
0.06404890268082465
0.16888003927271017
0.07323060866551392
0.016580376599401314
0.09481536629368202
0.029404726317195342
0.0650562914248353
0.033718063198019524
0.10530349846927897
0.04481865545171582
0.1987417335939346
0.013152694005865604
0.10172336054033712
1.5152517281737983E-4
0.1348476062027978
0.0018825279545643188
0.2524149228790835
0.249093362958282
0.26133772628599117
0.07788174348271101
0.2873916818849205
0.11328212129489997
0.17468523436750277
0.13327750265767954
0.11856504326637396
0.24549145501072547
0.13442673763902654
0.045582687719271764
0.1535320635830903
0.01423747130959446
0.23973161824879807
0.29015025917696724
0.03178982439901045
0.23626366412641123
0.07356247359254096
0.08529755633395936
0.43814689866711676
0.019890432775216856
0.08990813666485846
0.1283399346074552
0.39887933434678063
0.13176524588715857
0.2881730870287124
0.017286804895085866
0.1635056717782794
0.10309802249853593
0.1552231599306291
7.403395570789975E-4
0.15319839830594836
0.001104695913531266
0.009715393220851127
0.184582962082254
0.05800172429312081
0.02514822409321567
0.25290836550642093
0.13637081714634697
0.06911592347373884
0.03438390396004567
0.09022023576557707
0.17791164730450337
0.0033832857218244645
0.28231675694517877
0.271240243124846
0.2262050449714316
0.08119597514460816
0.05054480539830055
0.12801885654246864
0.2400498398269727
0.47674020527449656
0.2811992146581265
0.1153928529740157
0.22342093041494715
0.4205270291160791
0.6472777153463037
0.12675441807363808
0.020269450200262905
0.1618921717240885
0.23008659030759687
0.2128725589457438
0.023361203606627086
0.19403010749999006
0.13917813826203768
0.040668556852259403
0.10200494131285828
0.055735299488676865
0.001525527439744793
0.007693669031427793
0.1540069263347188
0.07824840717199043
0.43117775325643565
0.10156685432172587
0.33828226156624724
0.4858427646858785
0.04955624308749822
0.3405968241854599
0.402865222160859
0.2489764146489247
0.5348607086513734
0.7600686056119241
0.5956414271526501
0.5859808587419137
0.4956683865451119
0.17046770673852432
0.4528025501061008
0.26556072651161294
0.27375599444571236
0.7153733360933042
0.40621703718662155
0.16595311021766948
0.11707668380466534
0.29099204354668895
0.24030461269608946
0.22981246977331155
0.15740092673569087
0.6616030487281576
0.47985489474096366
1.0
0.2228361474424315
0.2349572612719996
0.2340281583280239
0.18843498479286191
0.08392877278384665
0.04431356822753757
0.0029504196306367934
0.0041818425367992585
0.0843867932533025
0.1584050571487651
0.1966449113491313
0.09795636308664277
0.05294600299964927
0.005607865910699569
0.11577461142930137
0.09735827271448035
0.09103702590574474
0.135471150271826
0.016592247416610126
0.07308565278949124
0.04012812635633609
