-0.13754931802676973
0.13539320145429756
0.04613843623331013
0.1650163361661671
0.053971596890767734
0.1494557482495611
0.2830076423213856
0.33507444987796686
0.1682171603906877
0.11835744931510271
0.15354966526214728
0.0703759770653213
0.2338396822814881
0.26305554897345046
0.20148207151778116
0.30401252108309
0.010356176518216043
0.02854811072331478
0.2457583760705416
0.06268040140662315
0.02200503824760896
0.1985123118537038
0.13090207252169778
0.06455410724389238
0.15246293352397267
0.08316956930650413
0.1842334626663415
0.024372007312309568
0.4597686383577924
0.017918142121324997
0.26317658833300106
0.09775176833784212
0.059002719174104094
0.13432976000199906
0.07211291014260043
0.02313585029052752
0.02033190279060965
0.16893039637216428
0.07245711541948205
0.13671483509143353
0.14359630353809982
0.08290361593526631
0.18932939996518422
0.07811215326376682
0.09807189573356746
0.0018131951547186917
0.04877750961546598
0.2549269320469613
0.0668969302147991
0.10053123314841488
0.004078224008991293
0.1280590433312772
0.12560428805355828
0.10244862062432011
0.004610804932550492
0.0998761558733825
1.0
0.10801729378151748
0.27238666457349736
0.15485308235110215
0.3044984941646882
0.1668701122938418
0.0700689788961564
0.7002825376906315
0.05676407552891636
0.17778792998508516
0.05099072834708662
0.20260917442913032
0.04427733754928767
0.0658617851810899
0.6383095663110985
0.10344823874818877
0.16359146772604327
0.052481856591754715
0.2299100122932673
0.19298707624820527
0.222542083762384
0.8726797738180023
0.0522955071026885
0.11659692217211655
0.12491305967960695
0.1985923964602468
0.12625054502440497
0.006850830360525487
0.39940910350079206
0.008202334572739984
0.009063225184339
0.0040691643449595055
0.15223727556863142
0.019920586706806145
0.13773002755086375
0.5107225532353336
0.2347094113891096
0.16912482621834454
0.06217106663223697
0.2529142803337214
0.23849341995245565
0.13632538800617494
0.18734849429696132
0.1583556055282184
0.029229997197407976
0.014889977176746115
0.03862032873900903
0.06837049566071118
0.061445514982484156
0.2562858925959406
0.05993603003837159
0.006439208724511768
0.11560894010637679
0.08337913813186255
0.15704961921929098
0.22802963416138883
0.03144820746671232
0.19949522329163574
0.04530701301167251
0.11976553190265131
9.22774982782641E-4
0.05668350255262822
0.06965139382991042
0.0984275793846155
0.06238223332336651
0.0015905648829674186
0.017646073901751803
0.2393357755034194
0.00909654308101535
0.010631880461539218
0.019551078340651677
0.21811995530061032
0.06424752251969398
0.1316026224681138
0.04876566620890166
0.07072355222059033
0.02855612444478037
0.18276233417204624
0.1245173032626744
0.05230898891636211
0.1235456690324206
0.07604447907326504
0.0742539981434273
0.051219729077266275
0.03550315473084714
0.07257758728452189
0.015213239898427627
0.06768207538954274
0.06107625757575493
0.1742689994159162
0.06067831879756495
0.3343184326132236
0.4054682148938601
0.16300029462571675
0.15069315665194363
0.07749919869604294
0.10227816277419925
0.1496951084594122
0.06877465901338489
0.09098096105010417
0.06888856864660536
0.03839787734648658
0.13933082938060004
0.021467200240061626
0.04819088698685416
0.33199940469627287
0.22887746556633648
0.2415591675740006
0.05281652585696556
0.056242194309534435
0.16654906627624658
0.1054336182335276
0.22050764269209858
0.039441040346158716
0.12405179323686111
0.08653034832133248
0.0798205667496123
0.11028937650288287
0.17219675973718354
0.17952288623850077
0.5833406868832272
0.22975220767882815
0.012254702614963215
0.18074934676398058
0.10115438250208393
0.3204107178411419
0.2679063931462402
0.5736214535827147
0.2651172798172575
0.019527693970833954
0.14171530283292516
0.08322669926724632
0.16399514822773584
0.304071990663801
0.49845803466200106
0.04698714753594598
0.12188249366095259
0.3264925127583324
0.23131807999747295
0.1606113362021497
0.4334150672510765
0.9400159590644758
0.31700337187037064
7.440131527058797E-4
0.3471766411354198
0.13912035185962116
0.23655002905471875
0.06753208085773299
0.4336145069736217
0.2883846999626628
0.10244976365707784
0.08145762370930343
0.058736353052717793
0.17116706399623827
0.005489394920052536
0.14699228295070974
0.2091768309135356
0.044267947194596674
0.18802187497704093
0.05972765066232235
0.006687863353630554
0.0613146391734952
0.11663893784741419
0.2272593812244277
0.06589702693846675
0.0785990271834842
0.04233812891901777
0.17903132900140856
0.05720018283655023
0.261527006330426
0.1842334560661734
0.004037250811233206
0.08955082196951036
0.1204943627731206
0.10719315673737398
0.11003945442141579
0.21187028093416604
0.10321965432439754
0.07670063282338993
0.11697299290285836
0.05500115507708906
0.17729381894307825
0.04584832643522721
0.25518733357854795
0.2064727571321354
0.1106668933871694
0.07358670057229123
0.1125604274611218
0.0757302727967055
0.059870206007557936
0.27402961939330367
0.04889048122727786
0.0013924153865353668
0.057890447710864344
0.05612102236184923
0.12541030318809848
0.09502474414828503
0.2768457004723761
0.08042378727534315
0.02108442475538097
0.014905170865704458
0.14041816039076688
0.024902035108915282
0.015768453508358444
0.074320689336109
0.06613515699796385
0.03049435048818143
0.06914494739294827
0.014727234970543675
0.1303782577306993
0.1328409512931652
0.2744409043234552
0.18359077267884344
0.0701144925343425
0.10644186815428495
0.08370290782573168
0.009459390336185008
0.019577634611022698
0.4407124063920954
0.12116924441389161
0.04834430878582085
0.1590615589870508
0.08385585276495952
0.038581406695569045
0.17047721355169057
0.2025508339840088
0.06761105253493647
0.048243615390583756
0.09231800014362557
0.034971593100012945
0.07115276660374278
0.1944846775931686
0.28786315740613766
0.06670900378629355
0.0651607075409173
0.03131614103416333
0.11146260417128949
0.03798956736681036
0.05552663275756147
0.024825879411741213
0.024893707188443012
0.06738601053502513
0.11527228313451594
0.11086858230874469
0.173657641507794
0.03909965401547842
0.385035270377132
0.11574812020506293
0.1212610775326274
0.08992572580433861
0.05194668948876792
0.04653879963740177
0.06877465901338489
0.0034605159946353554
0.04993928088685275
0.037394595616938434
0.034566014835883584
0.13248643659449766
0.010320980301855322
0.07568382037922537
0.1489284059828265
0.055215664860489094
0.08361191831652297
0.04396229322876785
0.028350464575952448
0.041103630521026994
0.09796087480212651
0.16566823192293076
0.06004061098598996
0.05194496330559394
0.06058290002751508
0.07510846363092992
0.033858903200693485
0.22957710511619608
0.00466893927242166
0.018452570706699714
0.06527102011556851
0.04243282934398854
0.009706125624296465
0.06368768032706577
0.1448926002756932
0.1740098317713031
0.10784672930102088
0.05256234179042225
0.08462351591076957
0.11403927584557805
0.0016356841796978023
0.13389179445939678
0.013550914333523047
0.20211065773106437
0.03915663312266608
0.012014175699882272
0.09107819655473659
0.01693955325444307
0.0014739421551124043
0.07201504187065429
0.09240462782505737
0.03210296848643669
0.11723723982576807
0.0829936421617625
0.13621935370337412
0.010033363273325087
0.16747892905357528
0.08757081824104705
0.05544261431393974
0.04693858847943683
0.011507504111536638
0.12782196048740732
0.1132709877416123
0.09799533316009361
0.18212258582383195
0.11258999446061863
0.030974222701378274
0.026467898017024455
0.12099208635387579
0.15764733954506416
0.07026081053337475
0.06513719478177467
0.050640401269806214
0.14616993245914126
0.029391770397720163
0.07741136230407965
0.08596939001728636
0.18739900347235766
0.09549176309660154
0.04095249146178371
0.029987300038839645
0.021134963552939198
0.02125021088491143
0.06265558876403181
0.12519074136778546
0.04964965442832171
0.003574697045716357
0.09315883521270843
0.0030515710291990775
0.044546241753121336
0.12214506459678703
0.11265056989779018
0.07342189497425132
0.12092297160331476
0.16707774563941677
0.018367904733825404
0.037390359115315804
0.022247936159540214
0.13632967334580506
0.08163440395516891
0.030158370896947593
0.0889705184192589
0.0670868852339632
0.061618724453772936
0.10196339178992199
0.04715028321297542
0.10434112844830758
0.007698775777237837
0.04220909080766024
0.1322301883642006
0.15904584405093694
0.06737234721696905
0.040562409009174266
0.12155557803824651
0.13754648870331265
0.02557089098888969
0.051712018330594196
0.1674881091991783
0.005064523709406785
0.039879035403677335
0.0364219072104065
0.05452989152912858
0.010465301077792012
0.062054637458555106
0.15645093676025137
0.21983170040217012
0.030843654911800703
0.0902073645380441
0.09101995127043622
0.05974523374967164
0.03773182302084894
0.1076951745671711
0.29564857388401466
0.07437381685011064
0.04454874728313762
0.09426171548651076
0.04565002237621771
0.03596316832337448
0.0015964231562082224
0.038148566345880854
0.1766747413706915
0.03254441932496142
0.1747356908937814
0.14145031420023024
0.021781607849932383
0.024411718709521527
0.05489545330601406
0.05703795980832358
0.0644693152173925
0.0011880901023961167
0.06545513159849553
5.824295469197233E-6
0.09119795562597874
0.0736498657200287
0.011411367106485127
0.04590615925704195
0.012419167970737683
0.054315290405333984
0.00630712234963287
0.14957143847637916
0.13754931802676973
0.14957143847637916
0.00630712234963287
0.054315290405333984
0.012419167970737683
0.04590615925704195
0.011411367106485127
0.0736498657200287
0.09119795562597874
5.824295469197233E-6
0.06545513159849553
0.0011880901023961167
0.0644693152173925
0.05703795980832358
0.05489545330601406
0.024411718709521527
0.021781607849932383
0.14145031420023024
0.1747356908937814
0.03254441932496142
0.1766747413706915
0.038148566345880854
0.0015964231562082224
0.03596316832337448
0.04565002237621771
0.09426171548651076
0.04454874728313762
0.07437381685011064
0.29564857388401466
0.1076951745671711
0.03773182302084894
0.05974523374967164
0.09101995127043622
0.0902073645380441
0.030843654911800703
0.21983170040217012
0.15645093676025137
0.062054637458555106
0.010465301077792012
0.05452989152912858
0.0364219072104065
0.039879035403677335
0.005064523709406785
0.1674881091991783
0.051712018330594196
0.02557089098888969
0.13754648870331265
0.12155557803824651
0.040562409009174266
0.06737234721696905
0.15904584405093694
0.1322301883642006
0.04220909080766024
0.007698775777237837
0.10434112844830758
0.04715028321297542
0.10196339178992199
0.061618724453772936
0.0670868852339632
0.0889705184192589
0.030158370896947593
0.08163440395516891
0.13632967334580506
0.022247936159540214
0.037390359115315804
0.018367904733825404
0.16707774563941677
0.12092297160331476
0.07342189497425132
0.11265056989779018
0.12214506459678703
0.044546241753121336
0.0030515710291990775
0.09315883521270843
0.003574697045716357
0.04964965442832171
0.12519074136778546
0.06265558876403181
0.02125021088491143
0.021134963552939198
0.029987300038839645
0.04095249146178371
0.09549176309660154
0.18739900347235766
0.08596939001728636
0.07741136230407965
0.029391770397720163
0.14616993245914126
0.050640401269806214
0.06513719478177467
0.07026081053337475
0.15764733954506416
0.12099208635387579
0.026467898017024455
0.030974222701378274
0.11258999446061863
0.18212258582383195
0.09799533316009361
0.1132709877416123
0.12782196048740732
0.011507504111536638
0.04693858847943683
0.05544261431393974
0.08757081824104705
0.16747892905357528
0.010033363273325087
0.13621935370337412
0.0829936421617625
0.11723723982576807
0.03210296848643669
0.09240462782505737
0.07201504187065429
0.0014739421551124043
0.01693955325444307
0.09107819655473659
0.012014175699882272
0.03915663312266608
0.20211065773106437
0.013550914333523047
0.13389179445939678
0.0016356841796978023
0.11403927584557805
0.08462351591076957
0.05256234179042225
0.10784672930102088
0.1740098317713031
0.1448926002756932
0.06368768032706577
0.009706125624296465
0.04243282934398854
0.06527102011556851
0.018452570706699714
0.00466893927242166
0.22957710511619608
0.033858903200693485
0.07510846363092992
0.06058290002751508
0.05194496330559394
0.06004061098598996
0.16566823192293076
0.09796087480212651
0.041103630521026994
0.028350464575952448
0.04396229322876785
0.08361191831652297
0.055215664860489094
0.1489284059828265
0.07568382037922537
0.010320980301855322
0.13248643659449766
0.034566014835883584
0.037394595616938434
0.04993928088685275
0.0034605159946353554
0.06877465901338489
0.04653879963740177
0.05194668948876792
0.08992572580433861
0.1212610775326274
0.11574812020506293
0.385035270377132
0.03909965401547842
0.173657641507794
0.11086858230874469
0.11527228313451594
0.06738601053502513
0.024893707188443012
0.024825879411741213
0.05552663275756147
0.03798956736681036
0.11146260417128949
0.03131614103416333
0.0651607075409173
0.06670900378629355
0.28786315740613766
0.1944846775931686
0.07115276660374278
0.034971593100012945
0.09231800014362557
0.048243615390583756
0.06761105253493647
0.2025508339840088
0.17047721355169057
0.038581406695569045
0.08385585276495952
0.1590615589870508
0.04834430878582085
0.12116924441389161
0.4407124063920954
0.019577634611022698
0.009459390336185008
0.08370290782573168
0.10644186815428495
0.0701144925343425
0.18359077267884344
0.2744409043234552
0.1328409512931652
0.1303782577306993
0.014727234970543675
0.06914494739294827
0.03049435048818143
0.06613515699796385
0.074320689336109
0.015768453508358444
0.024902035108915282
0.14041816039076688
0.014905170865704458
0.02108442475538097
0.08042378727534315
0.2768457004723761
0.09502474414828503
0.12541030318809848
0.05612102236184923
0.057890447710864344
0.0013924153865353668
0.04889048122727786
0.27402961939330367
0.059870206007557936
0.0757302727967055
0.1125604274611218
0.07358670057229123
0.1106668933871694
0.2064727571321354
0.25518733357854795
0.04584832643522721
0.17729381894307825
0.05500115507708906
0.11697299290285836
0.07670063282338993
0.10321965432439754
0.21187028093416604
0.11003945442141579
0.10719315673737398
0.1204943627731206
0.08955082196951036
0.004037250811233206
0.1842334560661734
0.261527006330426
0.05720018283655023
0.17903132900140856
0.04233812891901777
0.0785990271834842
0.06589702693846675
0.2272593812244277
0.11663893784741419
0.0613146391734952
0.006687863353630554
0.05972765066232235
0.18802187497704093
0.044267947194596674
0.2091768309135356
0.14699228295070974
0.005489394920052536
0.17116706399623827
0.058736353052717793
0.08145762370930343
0.10244976365707784
0.2883846999626628
0.4336145069736217
0.06753208085773299
0.23655002905471875
0.13912035185962116
0.3471766411354198
7.440131527058797E-4
0.31700337187037064
0.9400159590644758
0.4334150672510765
0.1606113362021497
0.23131807999747295
0.3264925127583324
0.12188249366095259
0.04698714753594598
0.49845803466200106
0.304071990663801
0.16399514822773584
0.08322669926724632
0.14171530283292516
0.019527693970833954
0.2651172798172575
0.5736214535827147
0.2679063931462402
0.3204107178411419
0.10115438250208393
0.18074934676398058
0.012254702614963215
0.22975220767882815
0.5833406868832272
0.17952288623850077
0.17219675973718354
0.11028937650288287
0.0798205667496123
0.08653034832133248
0.12405179323686111
0.039441040346158716
0.22050764269209858
0.1054336182335276
0.16654906627624658
0.056242194309534435
0.05281652585696556
0.2415591675740006
0.22887746556633648
0.33199940469627287
0.04819088698685416
0.021467200240061626
0.13933082938060004
0.03839787734648658
0.06888856864660536
0.09098096105010417
0.06877465901338489
0.1496951084594122
0.10227816277419925
0.07749919869604294
0.15069315665194363
0.16300029462571675
0.4054682148938601
0.3343184326132236
0.06067831879756495
0.1742689994159162
0.06107625757575493
0.06768207538954274
0.015213239898427627
0.07257758728452189
0.03550315473084714
0.051219729077266275
0.0742539981434273
0.07604447907326504
0.1235456690324206
0.05230898891636211
0.1245173032626744
0.18276233417204624
0.02855612444478037
0.07072355222059033
0.04876566620890166
0.1316026224681138
0.06424752251969398
0.21811995530061032
0.019551078340651677
0.010631880461539218
0.00909654308101535
0.2393357755034194
0.017646073901751803
0.0015905648829674186
0.06238223332336651
0.0984275793846155
0.06965139382991042
0.05668350255262822
9.22774982782641E-4
0.11976553190265131
0.04530701301167251
0.19949522329163574
0.03144820746671232
0.22802963416138883
0.15704961921929098
0.08337913813186255
0.11560894010637679
0.006439208724511768
0.05993603003837159
0.2562858925959406
0.061445514982484156
0.06837049566071118
0.03862032873900903
0.014889977176746115
0.029229997197407976
0.1583556055282184
0.18734849429696132
0.13632538800617494
0.23849341995245565
0.2529142803337214
0.06217106663223697
0.16912482621834454
0.2347094113891096
0.5107225532353336
0.13773002755086375
0.019920586706806145
0.15223727556863142
0.0040691643449595055
0.009063225184339
0.008202334572739984
0.39940910350079206
0.006850830360525487
0.12625054502440497
0.1985923964602468
0.12491305967960695
0.11659692217211655
0.0522955071026885
0.8726797738180023
0.222542083762384
0.19298707624820527
0.2299100122932673
0.052481856591754715
0.16359146772604327
0.10344823874818877
0.6383095663110985
0.0658617851810899
0.04427733754928767
0.20260917442913032
0.05099072834708662
0.17778792998508516
0.05676407552891636
0.7002825376906315
0.0700689788961564
0.1668701122938418
0.3044984941646882
0.15485308235110215
0.27238666457349736
0.10801729378151748
1.0
0.0998761558733825
0.004610804932550492
0.10244862062432011
0.12560428805355828
0.1280590433312772
0.004078224008991293
0.10053123314841488
0.0668969302147991
0.2549269320469613
0.04877750961546598
0.0018131951547186917
0.09807189573356746
0.07811215326376682
0.18932939996518422
0.08290361593526631
0.14359630353809982
0.13671483509143353
0.07245711541948205
0.16893039637216428
0.02033190279060965
0.02313585029052752
0.07211291014260043
0.13432976000199906
0.059002719174104094
0.09775176833784212
0.26317658833300106
0.017918142121324997
0.4597686383577924
0.024372007312309568
0.1842334626663415
0.08316956930650413
0.15246293352397267
0.06455410724389238
0.13090207252169778
0.1985123118537038
0.02200503824760896
0.06268040140662315
0.2457583760705416
0.02854811072331478
0.010356176518216043
0.30401252108309
0.20148207151778116
0.26305554897345046
0.2338396822814881
0.0703759770653213
0.15354966526214728
0.11835744931510271
0.1682171603906877
0.33507444987796686
0.2830076423213856
0.1494557482495611
0.053971596890767734
0.1650163361661671
0.04613843623331013
0.13539320145429756
