0.23929163948574786
0.12801428520691724
0.15317720153905265
0.1051797919807958
0.13446485748057577
0.31082988111472487
0.0839124834243523
0.22869326440350793
0.2863253555280783
0.05208385992390091
0.14109222295965737
0.16238961092950804
0.14516728190251102
0.10409146897880621
0.1374040366824401
0.18730984333300368
0.08484661437047678
0.0020569284835563434
0.0074541458335017075
0.0895625760085717
0.0458807784706945
0.06678147186642533
0.07979909438666544
0.012594672368550658
0.08879999474908058
0.11860721783684638
0.07300600397984038
0.12130035185847894
0.007119271553790775
0.15494964123035482
0.09921273741116277
0.023487468375843153
0.19383747495887152
0.11259327075787694
0.07424683034514595
0.23979493511349717
0.0027787955260061693
0.04979161736259294
0.09255784313671374
0.2854406037207179
0.22747056886430506
0.060182733609116
0.18642757500767013
0.1042009907807503
0.14871573048333925
0.17606275341180788
0.2416190409877344
0.07901957305824489
0.016590230655681146
0.5187841876167928
0.039134702862518266
0.456397359421916
0.25358452054293695
0.05389400732786112
0.09448878250614447
0.06143965374914622
1.0
0.10849777404118377
0.3700626022816854
0.10392481309849497
0.1721698420320028
0.014543399755080356
0.13961523404937398
0.5596337696939635
0.13756234253833094
0.07140087871467644
0.07085357370057263
0.26112266922058874
0.07408092906661361
0.03445311020868242
0.224758200724434
0.2769711665744482
0.2048192252582704
0.12822542721868843
0.08810217866847446
0.08022329742613281
0.15572959385304933
0.46598801574141324
0.12004426778334136
0.01006591316751257
0.16638316756368343
0.09888794180116671
0.1362255706185966
0.021380184884965684
0.15388350449523233
0.05890845295751313
0.2097732088272986
0.05892797531816201
0.14705818981815305
0.1405436486171129
0.13053347920855707
0.03885247601633673
0.08851667865329113
0.2505303196121876
0.18970693855581713
0.15568461473537637
0.13292399622401055
0.08495103756314838
0.2325322633721557
0.11418248865363682
0.012690890910353341
0.35042466320550575
0.08875161521027312
0.008557994409115538
0.05665309353870947
0.0994135877836484
0.27292967817682245
0.12220111252462104
0.29689712418336184
0.050022275084814855
0.03270576313514066
0.01948137604524365
0.24140446289028272
0.07519363746874157
0.03386430562750371
0.049825331908209716
0.08256734360327868
0.07389788091462211
0.028643595737073906
0.16156163990681235
0.05660342209472241
0.05749133651799116
0.10042738691198584
0.027363500179326896
0.05051220255734106
0.05509307719685965
0.23047924282402057
0.07415946442159169
0.09135676932601326
5.302603612775423E-4
0.04159402697220461
0.04390426582739976
0.031854031489474174
0.3318136889433869
0.03056339675625194
0.07496567434058775
0.09671030508161012
0.21947250625577816
0.10640275519847274
0.22426584851557305
0.12431911846913796
0.0812378476973379
0.09831745729498065
0.12549264923806933
0.2996653495262515
0.08031370969793127
0.22325828022322633
0.4819658719818064
0.04112116126115255
0.1707412415850706
0.08767398647605
0.15100687486602282
0.060814723782190855
0.0661901491282359
0.03988193991429129
0.14833830754707758
0.0290460298667921
0.09447187490073147
0.08118626444173706
0.07073362473196389
0.07460217133896523
0.678002072988242
0.04103004613352586
0.2463158238552801
0.14506778229501568
4.536944134787676E-4
0.04637558722945584
0.17448309905244938
0.3356668313309084
0.18605345645466806
0.13839123236916384
0.029387494378104537
0.10573802754557957
0.0375364213430787
0.20428575697200552
0.3185644593064163
0.260469295486738
0.05195316894719756
0.05811285659541677
0.15983375480597692
0.049447095376954096
0.06226047641764872
0.23818950940646821
0.022865706895239774
0.060102145135673926
0.04876950765653736
0.20507070345453032
0.14410772379385273
0.2554085338155019
0.3386074412687915
0.3139340880628644
0.0313007585548598
0.10038500852719244
0.08662819117874579
0.2501158635850781
0.2879332629149651
0.6398311398535301
0.2469242192544395
0.20581577103105703
0.08644122934853861
0.15815321115490635
0.15867572890737058
0.036765846118812784
0.35074990586037447
0.001046520050552116
0.27702551147723276
0.014130287472620033
0.2174318511445595
0.0213397126238192
0.1410419352001847
0.04954602483849658
0.16467114967574753
0.14061646940163192
0.07365175031789982
0.09642141607832685
0.05766656832188466
0.07026243953552797
0.007805189595550468
0.135964852862047
0.11802445607551229
0.14388452244715125
0.02682650695520986
0.18442172728051234
0.15342824142270436
0.1600083451542849
0.028521518669873753
0.13785383219503608
0.05325852279835702
0.040934251241802375
0.14725172915281023
0.16470538462272574
0.05317591988572175
0.043757712505926104
0.018770054555347634
0.11648973382872357
0.021696759106227915
0.04913403238696988
0.026638515271670802
0.08029366936611124
0.010685280956659826
0.04717696138305094
0.06390021521390464
0.027770843248061068
0.11153412129334703
0.0803539190851771
0.008771955760844632
0.06120324296302817
0.06377961623415167
0.1072518036898764
0.06358703388100809
0.14900810460434244
0.0918361868379344
0.14861379734317387
0.11591409066130853
0.05603508115818812
0.17450383164123281
0.04749204771201458
0.13112508586080088
0.04423091630648297
0.12486997669650467
0.21610642768720265
0.06791398717497919
0.09034672463226535
0.012138519533983491
0.1129185235817872
0.12712169616670427
0.06957004990988476
0.013565181397895976
0.12362757562409908
6.720793051028671E-5
0.12148430564837674
0.20508679199600693
0.03135085898480979
0.03419132295788301
0.13491048248800291
0.11387188024050522
0.09601567973059669
0.09805832049721316
0.009546641434833263
0.16176665697136514
0.17186502183231187
0.03291210701161222
0.1246337863252666
0.16760642292622588
0.09106594902505623
0.16936038812160717
0.09309307435809587
0.16621129086734587
0.08936505283718967
0.10610543441158443
0.03915873308240788
0.10019192502886422
0.15046679474522703
0.02911490594883937
0.10945323765088952
0.1815763627754024
0.023203818398913188
0.03288655281423354
0.04181834991195197
0.028431349512754955
0.02695070027282575
0.09145441017433294
0.0934415996516217
0.02921080579386418
0.010199029239199388
0.10538564607969939
0.23907615625500434
0.1509645938360857
0.039881939914291335
0.058772712061184215
0.058104471416952214
0.0183155264456168
0.11277401051351478
0.19654065081289773
0.20589530211155482
0.05701803171922704
0.0021637130109511777
0.014866899261333572
0.07168796237549233
0.08826029078484338
0.01760362838623134
0.0317097708884315
0.027950799031550455
0.07904643032837429
0.053394421301844505
0.031191937295747995
0.15787280580385113
0.13293793904713203
0.013684598484699603
0.06594223806813093
0.03737770524588184
0.015131972757765053
0.13203573244826652
0.07581225068085862
0.07627709962485385
0.024505085635575935
0.17242713872738194
0.043000201694508314
0.0017945362158913766
0.08848702844369603
0.03451544911380291
0.08366790714338844
0.04686597903244953
0.17129726069609302
0.07055919024906636
0.014890670593111568
0.2185134074925253
0.04290980079377572
0.1182827686352098
0.023178150461323366
0.11685752509778548
0.03962858175823575
0.10997238964152745
0.00767316179258828
0.1283780542769743
0.035410364455717866
0.02613175895977221
0.06325319142610249
0.038634158943321006
0.05878718584506702
0.11757807413228202
0.1434855331996481
0.049805370003693464
0.002306975125785529
0.1443076381850473
0.03876425966891885
0.02821151132143734
0.05175673862229702
0.08816763736262087
6.866396354636867E-5
0.11361451877302485
0.0352428692800308
0.14589975600545002
0.07589375667373677
0.04106482321949153
0.035213708860745235
0.13321633964140767
0.20557919987557843
0.1444645313583228
0.20293784852730049
0.0874618281981968
0.0861290291017434
0.060125200395847136
0.0775015127927341
0.095610759308098
0.0405806566556393
0.004593134185614169
0.004564323011110934
0.02182472732960911
0.029932654209217265
0.01574116648349744
0.04398733429221111
0.07299186923366324
0.08288813424066542
0.02129723013326428
0.10698034411896241
0.06793112447162568
0.04273151997555893
0.0565066274070466
0.012126513160133696
0.015291269667222468
0.004226397577904609
0.009493084624314991
0.08561586960375613
0.12466494046651137
0.034360046019442474
0.18298623853365903
0.0027267926679113525
0.0326712751008604
0.11349363083747069
0.01230920014144456
0.06930009285506236
0.057731790209610764
0.2026337549638119
0.048002643570257277
0.09822686363009324
0.07824300822482916
0.1499296679366318
0.04599974310657114
0.03867011368699409
0.0536236153275894
0.04391385719450012
0.15918982052601738
0.032804958737432895
0.08166188712011827
0.05635957185095656
0.022280964876819746
0.019342048872222684
0.010557436599761995
0.09978918408352389
0.10766729344131794
0.08317213013836035
0.1077199011325463
0.011644397250099666
0.007710266582447556
0.07860149632998391
0.049929537425826946
0.05355397382537459
0.04905340640659108
0.019758118564675183
0.0022170438319827858
0.048078695951969064
0.05480467237512897
3.84045289135782E-4
0.05062968891824124
0.011068408897573512
0.06435629497439012
0.002627517842070258
0.06874678080280446
0.1385775000100551
0.016199906831070945
0.10670074296187272
0.022492998367847662
0.02760771414567306
0.024194154594200264
0.12358212853264175
0.11625974415002112
0.06082826496520708
0.018458049935528086
0.11292562794138408
0.02268632754560071
0.020135468070681124
0.07976387982858262
0.020135468070681124
0.02268632754560071
0.11292562794138408
0.018458049935528086
0.06082826496520708
0.11625974415002112
0.12358212853264175
0.024194154594200264
0.02760771414567306
0.022492998367847662
0.10670074296187272
0.016199906831070945
0.1385775000100551
0.06874678080280446
0.002627517842070258
0.06435629497439012
0.011068408897573512
0.05062968891824124
3.84045289135782E-4
0.05480467237512897
0.048078695951969064
0.0022170438319827858
0.019758118564675183
0.04905340640659108
0.05355397382537459
0.049929537425826946
0.07860149632998391
0.007710266582447556
0.011644397250099666
0.1077199011325463
0.08317213013836035
0.10766729344131794
0.09978918408352389
0.010557436599761995
0.019342048872222684
0.022280964876819746
0.05635957185095656
0.08166188712011827
0.032804958737432895
0.15918982052601738
0.04391385719450012
0.0536236153275894
0.03867011368699409
0.04599974310657114
0.1499296679366318
0.07824300822482916
0.09822686363009324
0.048002643570257277
0.2026337549638119
0.057731790209610764
0.06930009285506236
0.01230920014144456
0.11349363083747069
0.0326712751008604
0.0027267926679113525
0.18298623853365903
0.034360046019442474
0.12466494046651137
0.08561586960375613
0.009493084624314991
0.004226397577904609
0.015291269667222468
0.012126513160133696
0.0565066274070466
0.04273151997555893
0.06793112447162568
0.10698034411896241
0.02129723013326428
0.08288813424066542
0.07299186923366324
0.04398733429221111
0.01574116648349744
0.029932654209217265
0.02182472732960911
0.004564323011110934
0.004593134185614169
0.0405806566556393
0.095610759308098
0.0775015127927341
0.060125200395847136
0.0861290291017434
0.0874618281981968
0.20293784852730049
0.1444645313583228
0.20557919987557843
0.13321633964140767
0.035213708860745235
0.04106482321949153
0.07589375667373677
0.14589975600545002
0.0352428692800308
0.11361451877302485
6.866396354636867E-5
0.08816763736262087
0.05175673862229702
0.02821151132143734
0.03876425966891885
0.1443076381850473
0.002306975125785529
0.049805370003693464
0.1434855331996481
0.11757807413228202
0.05878718584506702
0.038634158943321006
0.06325319142610249
0.02613175895977221
0.035410364455717866
0.1283780542769743
0.00767316179258828
0.10997238964152745
0.03962858175823575
0.11685752509778548
0.023178150461323366
0.1182827686352098
0.04290980079377572
0.2185134074925253
0.014890670593111568
0.07055919024906636
0.17129726069609302
0.04686597903244953
0.08366790714338844
0.03451544911380291
0.08848702844369603
0.0017945362158913766
0.043000201694508314
0.17242713872738194
0.024505085635575935
0.07627709962485385
0.07581225068085862
0.13203573244826652
0.015131972757765053
0.03737770524588184
0.06594223806813093
0.013684598484699603
0.13293793904713203
0.15787280580385113
0.031191937295747995
0.053394421301844505
0.07904643032837429
0.027950799031550455
0.0317097708884315
0.01760362838623134
0.08826029078484338
0.07168796237549233
0.014866899261333572
0.0021637130109511777
0.05701803171922704
0.20589530211155482
0.19654065081289773
0.11277401051351478
0.0183155264456168
0.058104471416952214
0.058772712061184215
0.039881939914291335
0.1509645938360857
0.23907615625500434
0.10538564607969939
0.010199029239199388
0.02921080579386418
0.0934415996516217
0.09145441017433294
0.02695070027282575
0.028431349512754955
0.04181834991195197
0.03288655281423354
0.023203818398913188
0.1815763627754024
0.10945323765088952
0.02911490594883937
0.15046679474522703
0.10019192502886422
0.03915873308240788
0.10610543441158443
0.08936505283718967
0.16621129086734587
0.09309307435809587
0.16936038812160717
0.09106594902505623
0.16760642292622588
0.1246337863252666
0.03291210701161222
0.17186502183231187
0.16176665697136514
0.009546641434833263
0.09805832049721316
0.09601567973059669
0.11387188024050522
0.13491048248800291
0.03419132295788301
0.03135085898480979
0.20508679199600693
0.12148430564837674
6.720793051028671E-5
0.12362757562409908
0.013565181397895976
0.06957004990988476
0.12712169616670427
0.1129185235817872
0.012138519533983491
0.09034672463226535
0.06791398717497919
0.21610642768720265
0.12486997669650467
0.04423091630648297
0.13112508586080088
0.04749204771201458
0.17450383164123281
0.05603508115818812
0.11591409066130853
0.14861379734317387
0.0918361868379344
0.14900810460434244
0.06358703388100809
0.1072518036898764
0.06377961623415167
0.06120324296302817
0.008771955760844632
0.0803539190851771
0.11153412129334703
0.027770843248061068
0.06390021521390464
0.04717696138305094
0.010685280956659826
0.08029366936611124
0.026638515271670802
0.04913403238696988
0.021696759106227915
0.11648973382872357
0.018770054555347634
0.043757712505926104
0.05317591988572175
0.16470538462272574
0.14725172915281023
0.040934251241802375
0.05325852279835702
0.13785383219503608
0.028521518669873753
0.1600083451542849
0.15342824142270436
0.18442172728051234
0.02682650695520986
0.14388452244715125
0.11802445607551229
0.135964852862047
0.007805189595550468
0.07026243953552797
0.05766656832188466
0.09642141607832685
0.07365175031789982
0.14061646940163192
0.16467114967574753
0.04954602483849658
0.1410419352001847
0.0213397126238192
0.2174318511445595
0.014130287472620033
0.27702551147723276
0.001046520050552116
0.35074990586037447
0.036765846118812784
0.15867572890737058
0.15815321115490635
0.08644122934853861
0.20581577103105703
0.2469242192544395
0.6398311398535301
0.2879332629149651
0.2501158635850781
0.08662819117874579
0.10038500852719244
0.0313007585548598
0.3139340880628644
0.3386074412687915
0.2554085338155019
0.14410772379385273
0.20507070345453032
0.04876950765653736
0.060102145135673926
0.022865706895239774
0.23818950940646821
0.06226047641764872
0.049447095376954096
0.15983375480597692
0.05811285659541677
0.05195316894719756
0.260469295486738
0.3185644593064163
0.20428575697200552
0.0375364213430787
0.10573802754557957
0.029387494378104537
0.13839123236916384
0.18605345645466806
0.3356668313309084
0.17448309905244938
0.04637558722945584
4.536944134787676E-4
0.14506778229501568
0.2463158238552801
0.04103004613352586
0.678002072988242
0.07460217133896523
0.07073362473196389
0.08118626444173706
0.09447187490073147
0.0290460298667921
0.14833830754707758
0.03988193991429129
0.0661901491282359
0.060814723782190855
0.15100687486602282
0.08767398647605
0.1707412415850706
0.04112116126115255
0.4819658719818064
0.22325828022322633
0.08031370969793127
0.2996653495262515
0.12549264923806933
0.09831745729498065
0.0812378476973379
0.12431911846913796
0.22426584851557305
0.10640275519847274
0.21947250625577816
0.09671030508161012
0.07496567434058775
0.03056339675625194
0.3318136889433869
0.031854031489474174
0.04390426582739976
0.04159402697220461
5.302603612775423E-4
0.09135676932601326
0.07415946442159169
0.23047924282402057
0.05509307719685965
0.05051220255734106
0.027363500179326896
0.10042738691198584
0.05749133651799116
0.05660342209472241
0.16156163990681235
0.028643595737073906
0.07389788091462211
0.08256734360327868
0.049825331908209716
0.03386430562750371
0.07519363746874157
0.24140446289028272
0.01948137604524365
0.03270576313514066
0.050022275084814855
0.29689712418336184
0.12220111252462104
0.27292967817682245
0.0994135877836484
0.05665309353870947
0.008557994409115538
0.08875161521027312
0.35042466320550575
0.012690890910353341
0.11418248865363682
0.2325322633721557
0.08495103756314838
0.13292399622401055
0.15568461473537637
0.18970693855581713
0.2505303196121876
0.08851667865329113
0.03885247601633673
0.13053347920855707
0.1405436486171129
0.14705818981815305
0.05892797531816201
0.2097732088272986
0.05890845295751313
0.15388350449523233
0.021380184884965684
0.1362255706185966
0.09888794180116671
0.16638316756368343
0.01006591316751257
0.12004426778334136
0.46598801574141324
0.15572959385304933
0.08022329742613281
0.08810217866847446
0.12822542721868843
0.2048192252582704
0.2769711665744482
0.224758200724434
0.03445311020868242
0.07408092906661361
0.26112266922058874
0.07085357370057263
0.07140087871467644
0.13756234253833094
0.5596337696939635
0.13961523404937398
0.014543399755080356
0.1721698420320028
0.10392481309849497
0.3700626022816854
0.10849777404118377
1.0
0.06143965374914622
0.09448878250614447
0.05389400732786112
0.25358452054293695
0.456397359421916
0.039134702862518266
0.5187841876167928
0.016590230655681146
0.07901957305824489
0.2416190409877344
0.17606275341180788
0.14871573048333925
0.1042009907807503
0.18642757500767013
0.060182733609116
0.22747056886430506
0.2854406037207179
0.09255784313671374
0.04979161736259294
0.0027787955260061693
0.23979493511349717
0.07424683034514595
0.11259327075787694
0.19383747495887152
0.023487468375843153
0.09921273741116277
0.15494964123035482
0.007119271553790775
0.12130035185847894
0.07300600397984038
0.11860721783684638
0.08879999474908058
0.012594672368550658
0.07979909438666544
0.06678147186642533
0.0458807784706945
0.0895625760085717
0.0074541458335017075
0.0020569284835563434
0.08484661437047678
0.18730984333300368
0.1374040366824401
0.10409146897880621
0.14516728190251102
0.16238961092950804
0.14109222295965737
0.05208385992390091
0.2863253555280783
0.22869326440350793
0.0839124834243523
0.31082988111472487
0.13446485748057577
0.1051797919807958
0.15317720153905265
0.12801428520691724
