0.2717095092946486
0.19628991366187296
0.13796342591078758
0.4856881474273298
0.2505723386674648
0.024338194178854772
0.24027312712973944
0.4737476597623958
0.11555503386978616
0.21038203245340836
0.2533259035192238
0.005756826205206536
0.16315352907265018
0.1351197768172178
0.45557209095192885
0.2884775435343464
0.23477042692718947
0.3104679319383501
0.19777028856335735
0.10536869985386225
0.3065830273682826
0.480204252841154
0.07281575402492159
0.22321468735217095
0.04121175502839338
0.15286434306585556
0.12031752123917178
0.0011141504761988169
0.06507619140092369
0.20746776009443707
0.24131548385059276
0.3581030948659519
0.059221489654055166
0.16834057703050812
0.13881450324583675
0.19248963428369203
0.24401739911950307
0.27328484611021264
0.10917924687696068
0.1577242545774933
0.025904944836524446
0.13420218192923572
0.05246716578627407
0.2834811363827221
0.046404764257348075
9.97424607129138E-4
0.20616329978234088
0.043788273437548764
0.8382750834973591
0.4940714301499723
0.2371291357850768
0.2729655830999454
0.5503007797967838
0.28335933328089624
0.18874573005850576
0.5070980520817545
0.1192927703121947
0.01731325232395263
0.15716383260299988
0.056851937952504955
0.28215504813405756
0.2540647058829259
0.8038663808567788
0.4222860124538178
0.21155449912629892
0.13843392568190413
0.3324338136900435
0.11229970763597905
0.0345112935459952
0.10650763931786632
0.03587653206455749
0.1153431414669777
0.01977115105416309
0.06223509057158843
0.16064290334441425
0.5272963828230474
0.5429572666643948
0.17563578778798247
0.0545529929114636
0.34366369256449875
0.11491765591269645
0.20066875038365353
0.0518778782884519
0.30694667014087584
0.07498150578231519
0.17453455238660479
0.10608013054450928
0.046102699977339234
0.1592053509395783
0.3157789804636498
0.1427423065817131
0.10942036776470163
0.007579486480663465
0.4329745456851202
0.4097022928175511
0.20878487613373214
0.13904211960562807
0.14823916936443035
0.34876023984865734
0.05519799531832844
0.3490100737987061
0.08456052163862715
0.28722613840639893
0.16988073740700851
0.19048870586086802
0.15876305036890612
0.03305928471551685
0.017282922712621444
0.27010592727281746
0.2060753543116029
0.2422564630928216
0.2984889206989331
0.22299677070745363
0.036327246709215215
0.14940997734387856
0.07955567458604093
0.27372049312147145
0.010978894149019439
0.13360192540888322
0.13105348929556185
0.1886338449229054
0.2503550406399984
0.1402170296393965
0.08546645350943141
0.34077592915581556
0.5666991520726422
0.023688693397575344
0.021488462698333693
0.159522371359369
0.08465226682451112
0.012214270999112167
0.12320881646573074
0.042249691104318386
0.21983829979464867
0.13100505172187707
0.0275968891132474
0.08781620045334544
0.20713940573613435
0.31452083477281717
0.37584057408321553
0.05903740475391407
0.11566692783892325
0.08146257066561607
0.03822145862548111
0.2052108639748879
0.002045705527300765
0.008119784865172073
0.10611610506236051
0.10537129299249677
0.2669483873087928
0.09472238807280979
0.2872569787241001
0.3143438149517041
0.08203457012468193
0.19019665650625403
0.4119711353160343
0.459661498998611
0.00649619345323763
0.12643354541969767
0.08904434669317482
0.06977368852932797
0.021523237857679723
0.1183555680298473
0.13713668201030269
0.03128027717496656
0.0652518098521798
0.6203542588928078
0.01969026521868973
0.2936833044245442
0.23387734727333984
0.24557492816634932
0.01156972237089538
0.14980491265300377
0.11480941128519107
0.076278667155912
0.1038153517625217
0.1469684941654636
0.22638578830703096
0.21208119710469434
0.1594867966781045
0.3801295439131098
0.22964545386201027
0.059107048817790844
0.1383378920387855
0.1951746813790629
0.22001751712778353
0.07748120557320176
0.49053068576504133
0.18953563210241278
0.22930353301620557
0.3209797872078725
0.0574060958324289
0.2423017117415621
0.36136539213561847
0.22970184924913423
0.39325508995597575
0.44726622732175847
0.2803559929794121
0.0817761034107323
0.34340440081473406
0.12001145023804877
1.0
0.07249849212474647
0.061600353658985744
0.004524450239004554
0.04674615483946066
0.038667010038822086
0.04496132814022102
0.11005266059783912
0.11030573352703796
0.22220116295028788
0.19632540979168603
0.13607548650577359
0.027067848567096136
0.010888848404978184
0.28737566113846164
0.07850890666713277
0.0853693122009308
0.04237104894703827
0.06878769461098623
0.2590569755908622
0.14781643698593222
0.08195145053644834
0.15196279376606134
0.0667209609417475
0.0940619127895135
0.09820881204709012
0.07281125777909318
0.1963635836461669
0.02989992774532132
0.16937875110225042
0.0
0.11241281204070527
0.0457907298271917
0.17614105882004782
0.3349703999150407
0.32606059523286457
0.05018816096597291
0.06739793922657068
0.26201833772263566
0.22439335406587882
0.08075796027037145
0.4100191948852983
0.1336084343945118
0.13785699467808127
0.11492334977897156
0.3763797716942665
0.3270613824248498
0.10363127596455536
0.23020040518875096
0.07556437172567501
0.369333484653498
0.0836783600248822
0.2335946283240033
0.24904659393697456
0.10717166595439416
0.11439438230989173
0.09435890036395167
0.005004805800153389
0.039988327111476894
0.13006408509865405
0.10752925193130272
0.26658200102315127
0.1579118006996924
0.0053815400614252926
0.008707927549406113
0.22156485248610838
0.2877959600414398
0.10025431484373522
0.20216962737889718
0.18067981105538922
0.14390874524356512
0.1594112629981026
0.11533361674130636
0.01612733114467827
0.20777173539522553
0.10900514832741585
0.12829208349801005
0.19849915555184497
0.14453801860827994
0.15430793725704078
0.10967249794301245
0.17578159973129576
0.22464711170313467
0.3160991423709607
0.02302957156677044
0.0687633445952567
0.09496846919946128
0.05400199626994097
0.1069101485429563
0.02511436256835642
0.2215942806210622
0.3195106060940814
0.10885905174217844
0.13318821443285525
0.09418697106058489
0.13496528377359204
0.15956408012942705
0.04332462000908653
0.1622345411209341
0.09328827349578839
0.003473820512678945
0.07672313759452115
0.07598841848490545
0.009800757723387718
0.23405387496115623
0.4063989050247321
0.25876314917977483
0.19019665650625403
0.05972023583870666
0.1684878621805182
0.19373718861650494
0.33731939461880855
0.06312744097083957
0.07562793237769184
0.143976798966963
0.20764463421833593
0.11801425045608374
0.04433072342165315
0.21949126854850876
0.28524616982654477
0.09219276470898802
0.3330760353766187
0.19601149840822898
0.2110057215481943
0.20004958644908735
0.07275507309758723
0.13147575592320201
0.292296507204682
0.08051944061229299
0.10256465180373216
0.057957025995052876
0.021789502495885984
0.026776097235788554
0.042279062442560175
0.26565916873882256
0.23474778745630379
0.06443645557752352
0.10004304934413329
0.1565187609475658
0.05417605457322799
0.003105621839421835
0.2567355832507796
0.054765461502092154
0.03822706334763536
0.05069291449274696
0.02437985104582496
0.08320756681855163
0.016729775399191887
0.43677870211839487
0.12446679987151031
0.060470574559881925
0.022694703978489612
0.011129488584115452
0.21709207837770847
0.06922272817862747
0.14370344213686698
0.012556492382005138
0.019735198916710987
0.10301395785936374
0.09860557107520673
0.16358448687529417
0.11416536891350697
0.22514283408032532
0.0347363728804743
0.08652512649627857
0.18082241160787582
0.09841646323217057
0.23910139090938068
0.06651553497322252
0.14390431667985334
0.030401067175014555
0.044692633890849445
0.06255788468208984
0.24938849994969253
0.019323133674756514
0.19285474819545073
0.11740047496604668
0.1598357272723436
0.11868924405256351
0.19590566970412704
0.050694888969944944
0.10761691464729922
0.20727972977377626
0.058200583923575806
0.012610082211193311
0.10054954188138024
0.17031907634299445
0.2866399505950341
0.2929534252010053
0.0957458933605386
0.011583524350325834
0.026227625854917877
0.020039865597911367
0.18769152954626275
0.1310469039645104
0.08822352348158055
0.13614847077455555
0.04004171134562499
0.3333639888825209
0.21307707734794606
0.08225635916694743
0.18097616642400033
0.13565026468140773
0.015787333095994793
0.020793150676301483
0.15107076109247913
0.019039883636104753
0.003005237883830187
0.06716679777323233
0.2162951230372709
0.06183350191180247
0.06965061355211424
0.12017307045285092
0.040418896996423856
0.07584614773157998
0.2003512226032466
0.3507004542000069
0.02654625444558414
0.016024088287182804
0.06330135673783233
0.030537851721016206
0.15885234175290833
0.13731287691044822
0.3502386832319353
0.22224704751582827
0.101039440779298
0.061940544000533934
0.020029201965394948
0.04357717066275565
0.2834156455124923
0.20035628418427523
0.03316916611309234
0.36546647526520976
0.18984818007555862
0.0691629806209051
0.100134232303372
0.14925649103857613
0.1345718281659593
0.015270941977681292
0.13280954092638977
0.2671101172242971
0.1279402413937267
0.06604405185909168
0.191251902464029
0.2469072496608258
0.012322932446990951
0.19652922763177338
0.4166016695692264
0.04791501522945287
0.044493124219657176
0.05570843037482473
0.032804860178258226
0.1111404449827146
0.05892470251125275
0.09730974077802566
0.00921936989272615
0.14409333747624725
0.08368357094557924
0.1106547687628256
0.12501529878049591
0.2344377734177381
0.05434190185892972
0.2344377734177381
0.12501529878049591
0.1106547687628256
0.08368357094557924
0.14409333747624725
0.00921936989272615
0.09730974077802566
0.05892470251125275
0.1111404449827146
0.032804860178258226
0.05570843037482473
0.044493124219657176
0.04791501522945287
0.4166016695692264
0.19652922763177338
0.012322932446990951
0.2469072496608258
0.191251902464029
0.06604405185909168
0.1279402413937267
0.2671101172242971
0.13280954092638977
0.015270941977681292
0.1345718281659593
0.14925649103857613
0.100134232303372
0.0691629806209051
0.18984818007555862
0.36546647526520976
0.03316916611309234
0.20035628418427523
0.2834156455124923
0.04357717066275565
0.020029201965394948
0.061940544000533934
0.101039440779298
0.22224704751582827
0.3502386832319353
0.13731287691044822
0.15885234175290833
0.030537851721016206
0.06330135673783233
0.016024088287182804
0.02654625444558414
0.3507004542000069
0.2003512226032466
0.07584614773157998
0.040418896996423856
0.12017307045285092
0.06965061355211424
0.06183350191180247
0.2162951230372709
0.06716679777323233
0.003005237883830187
0.019039883636104753
0.15107076109247913
0.020793150676301483
0.015787333095994793
0.13565026468140773
0.18097616642400033
0.08225635916694743
0.21307707734794606
0.3333639888825209
0.04004171134562499
0.13614847077455555
0.08822352348158055
0.1310469039645104
0.18769152954626275
0.020039865597911367
0.026227625854917877
0.011583524350325834
0.0957458933605386
0.2929534252010053
0.2866399505950341
0.17031907634299445
0.10054954188138024
0.012610082211193311
0.058200583923575806
0.20727972977377626
0.10761691464729922
0.050694888969944944
0.19590566970412704
0.11868924405256351
0.1598357272723436
0.11740047496604668
0.19285474819545073
0.019323133674756514
0.24938849994969253
0.06255788468208984
0.044692633890849445
0.030401067175014555
0.14390431667985334
0.06651553497322252
0.23910139090938068
0.09841646323217057
0.18082241160787582
0.08652512649627857
0.0347363728804743
0.22514283408032532
0.11416536891350697
0.16358448687529417
0.09860557107520673
0.10301395785936374
0.019735198916710987
0.012556492382005138
0.14370344213686698
0.06922272817862747
0.21709207837770847
0.011129488584115452
0.022694703978489612
0.060470574559881925
0.12446679987151031
0.43677870211839487
0.016729775399191887
0.08320756681855163
0.02437985104582496
0.05069291449274696
0.03822706334763536
0.054765461502092154
0.2567355832507796
0.003105621839421835
0.05417605457322799
0.1565187609475658
0.10004304934413329
0.06443645557752352
0.23474778745630379
0.26565916873882256
0.042279062442560175
0.026776097235788554
0.021789502495885984
0.057957025995052876
0.10256465180373216
0.08051944061229299
0.292296507204682
0.13147575592320201
0.07275507309758723
0.20004958644908735
0.2110057215481943
0.19601149840822898
0.3330760353766187
0.09219276470898802
0.28524616982654477
0.21949126854850876
0.04433072342165315
0.11801425045608374
0.20764463421833593
0.143976798966963
0.07562793237769184
0.06312744097083957
0.33731939461880855
0.19373718861650494
0.1684878621805182
0.05972023583870666
0.19019665650625403
0.25876314917977483
0.4063989050247321
0.23405387496115623
0.009800757723387718
0.07598841848490545
0.07672313759452115
0.003473820512678945
0.09328827349578839
0.1622345411209341
0.04332462000908653
0.15956408012942705
0.13496528377359204
0.09418697106058489
0.13318821443285525
0.10885905174217844
0.3195106060940814
0.2215942806210622
0.02511436256835642
0.1069101485429563
0.05400199626994097
0.09496846919946128
0.0687633445952567
0.02302957156677044
0.3160991423709607
0.22464711170313467
0.17578159973129576
0.10967249794301245
0.15430793725704078
0.14453801860827994
0.19849915555184497
0.12829208349801005
0.10900514832741585
0.20777173539522553
0.01612733114467827
0.11533361674130636
0.1594112629981026
0.14390874524356512
0.18067981105538922
0.20216962737889718
0.10025431484373522
0.2877959600414398
0.22156485248610838
0.008707927549406113
0.0053815400614252926
0.1579118006996924
0.26658200102315127
0.10752925193130272
0.13006408509865405
0.039988327111476894
0.005004805800153389
0.09435890036395167
0.11439438230989173
0.10717166595439416
0.24904659393697456
0.2335946283240033
0.0836783600248822
0.369333484653498
0.07556437172567501
0.23020040518875096
0.10363127596455536
0.3270613824248498
0.3763797716942665
0.11492334977897156
0.13785699467808127
0.1336084343945118
0.4100191948852983
0.08075796027037145
0.22439335406587882
0.26201833772263566
0.06739793922657068
0.05018816096597291
0.32606059523286457
0.3349703999150407
0.17614105882004782
0.0457907298271917
0.11241281204070527
0.0
0.16937875110225042
0.02989992774532132
0.1963635836461669
0.07281125777909318
0.09820881204709012
0.0940619127895135
0.0667209609417475
0.15196279376606134
0.08195145053644834
0.14781643698593222
0.2590569755908622
0.06878769461098623
0.04237104894703827
0.0853693122009308
0.07850890666713277
0.28737566113846164
0.010888848404978184
0.027067848567096136
0.13607548650577359
0.19632540979168603
0.22220116295028788
0.11030573352703796
0.11005266059783912
0.04496132814022102
0.038667010038822086
0.04674615483946066
0.004524450239004554
0.061600353658985744
0.07249849212474647
1.0
0.12001145023804877
0.34340440081473406
0.0817761034107323
0.2803559929794121
0.44726622732175847
0.39325508995597575
0.22970184924913423
0.36136539213561847
0.2423017117415621
0.0574060958324289
0.3209797872078725
0.22930353301620557
0.18953563210241278
0.49053068576504133
0.07748120557320176
0.22001751712778353
0.1951746813790629
0.1383378920387855
0.059107048817790844
0.22964545386201027
0.3801295439131098
0.1594867966781045
0.21208119710469434
0.22638578830703096
0.1469684941654636
0.1038153517625217
0.076278667155912
0.11480941128519107
0.14980491265300377
0.01156972237089538
0.24557492816634932
0.23387734727333984
0.2936833044245442
0.01969026521868973
0.6203542588928078
0.0652518098521798
0.03128027717496656
0.13713668201030269
0.1183555680298473
0.021523237857679723
0.06977368852932797
0.08904434669317482
0.12643354541969767
0.00649619345323763
0.459661498998611
0.4119711353160343
0.19019665650625403
0.08203457012468193
0.3143438149517041
0.2872569787241001
0.09472238807280979
0.2669483873087928
0.10537129299249677
0.10611610506236051
0.008119784865172073
0.002045705527300765
0.2052108639748879
0.03822145862548111
0.08146257066561607
0.11566692783892325
0.05903740475391407
0.37584057408321553
0.31452083477281717
0.20713940573613435
0.08781620045334544
0.0275968891132474
0.13100505172187707
0.21983829979464867
0.042249691104318386
0.12320881646573074
0.012214270999112167
0.08465226682451112
0.159522371359369
0.021488462698333693
0.023688693397575344
0.5666991520726422
0.34077592915581556
0.08546645350943141
0.1402170296393965
0.2503550406399984
0.1886338449229054
0.13105348929556185
0.13360192540888322
0.010978894149019439
0.27372049312147145
0.07955567458604093
0.14940997734387856
0.036327246709215215
0.22299677070745363
0.2984889206989331
0.2422564630928216
0.2060753543116029
0.27010592727281746
0.017282922712621444
0.03305928471551685
0.15876305036890612
0.19048870586086802
0.16988073740700851
0.28722613840639893
0.08456052163862715
0.3490100737987061
0.05519799531832844
0.34876023984865734
0.14823916936443035
0.13904211960562807
0.20878487613373214
0.4097022928175511
0.4329745456851202
0.007579486480663465
0.10942036776470163
0.1427423065817131
0.3157789804636498
0.1592053509395783
0.046102699977339234
0.10608013054450928
0.17453455238660479
0.07498150578231519
0.30694667014087584
0.0518778782884519
0.20066875038365353
0.11491765591269645
0.34366369256449875
0.0545529929114636
0.17563578778798247
0.5429572666643948
0.5272963828230474
0.16064290334441425
0.06223509057158843
0.01977115105416309
0.1153431414669777
0.03587653206455749
0.10650763931786632
0.0345112935459952
0.11229970763597905
0.3324338136900435
0.13843392568190413
0.21155449912629892
0.4222860124538178
0.8038663808567788
0.2540647058829259
0.28215504813405756
0.056851937952504955
0.15716383260299988
0.01731325232395263
0.1192927703121947
0.5070980520817545
0.18874573005850576
0.28335933328089624
0.5503007797967838
0.2729655830999454
0.2371291357850768
0.4940714301499723
0.8382750834973591
0.043788273437548764
0.20616329978234088
9.97424607129138E-4
0.046404764257348075
0.2834811363827221
0.05246716578627407
0.13420218192923572
0.025904944836524446
0.1577242545774933
0.10917924687696068
0.27328484611021264
0.24401739911950307
0.19248963428369203
0.13881450324583675
0.16834057703050812
0.059221489654055166
0.3581030948659519
0.24131548385059276
0.20746776009443707
0.06507619140092369
0.0011141504761988169
0.12031752123917178
0.15286434306585556
0.04121175502839338
0.22321468735217095
0.07281575402492159
0.480204252841154
0.3065830273682826
0.10536869985386225
0.19777028856335735
0.3104679319383501
0.23477042692718947
0.2884775435343464
0.45557209095192885
0.1351197768172178
0.16315352907265018
0.005756826205206536
0.2533259035192238
0.21038203245340836
0.11555503386978616
0.4737476597623958
0.24027312712973944
0.024338194178854772
0.2505723386674648
0.4856881474273298
0.13796342591078758
0.19628991366187296
