-0.018415678043131496
0.14072539219862223
0.08391559825459155
0.03895221470232016
0.014451912102103054
0.0016226024307749137
0.20894605053961438
0.047440327279218174
0.11813651985679828
0.007202073314145872
0.30880630393972835
0.07861199728244693
0.10601504635652033
5.701587060103571E-4
0.17415142199531444
0.1568536745048474
0.15960477657736205
0.057859399456642896
0.17761036595220606
0.016900108494667956
0.023298813030581195
0.027786397409623347
0.05121811206919866
0.018232301698946195
0.11482770926945574
0.025991707220393297
0.08436782805376024
0.03809209944207824
0.04109017552674577
0.06358876262232813
0.14835221656581177
0.01784749725709614
0.08959639798337388
0.11923714183441284
0.03986938420435463
0.21658933283134063
0.00684773458491076
0.05453408187812889
0.05027707186362604
0.02609757363119078
0.01364000453991847
0.3211006042246741
0.046609569457854834
0.045997179113583225
0.10608868679471169
0.01685651324998402
0.09639297397440119
0.040846004409933245
0.13556042185641884
0.11565926788686241
0.2561512559654999
0.22551180286887326
0.060729542135526886
0.12906814216275697
0.24379765447296203
1.0
9.696006943275819E-4
0.052443969945697284
0.20683789983473339
0.07032383356842282
0.12863795278562917
0.25077500807391373
0.18919023450305664
0.011696846611940778
0.07531462840969885
0.12023610985766375
0.12181530160988681
0.07696600702671307
0.29743789038289237
0.3573023656106757
0.11953752976976863
0.0015707700308387777
0.2226948332213233
0.09621341829937889
0.02690316580475356
0.240598643712009
0.29173684324167554
0.020882911072995815
0.03913555040844477
0.009837017160286999
0.09697174353389244
0.05711923866096988
0.25156468551953387
0.007116443314112166
0.0014048191716700574
0.024721988423249998
0.04625470611246973
0.044480244054711356
0.14652660905113207
0.12543353342359467
0.07958004688871514
0.1355211848692394
0.1899864529244032
0.03038679848739628
0.020310047231330675
0.0745417955148154
0.11072589425081263
0.10322946026256925
0.07630843313815486
0.025687545029602278
0.03868207404155737
0.043556712547634324
0.08773716739691993
0.07304987414490521
0.04493668913106375
0.08945328917401767
0.02779204791157949
0.010411616023577345
0.03713034426495687
0.07623023006589266
0.18020091498155635
0.052830220968088516
0.044429117494588874
0.5663221969147961
0.34756605645067246
0.2102339713682195
0.24731063970020858
0.7123564450879972
0.47470078519393644
0.015530369309496639
0.18739820416983688
0.4932012185135257
0.14522491342322494
0.05693269053820036
0.2783407998452335
0.2413752416540769
0.13458316508172538
0.0018458798891645093
0.14644310638757915
0.10577581388115409
0.17809477150697878
0.11389453508934975
0.05578666891386535
0.10486089346269546
0.03289946019257664
0.0408903897776856
0.07672900394872775
0.0493852622154892
0.10227127857762455
0.10929905412383406
0.10404472059671362
0.25658479097297576
0.33213637032691484
0.29167651904605085
0.07942491634376013
0.40494420554521415
0.17217812225933196
0.21987661295772837
0.06002092979207481
0.1612037794282304
0.100154859686435
0.11206469131564266
0.05606357021155094
0.002640927055352335
0.06445487315096024
0.09328106020002988
0.05462709745636259
0.12815265019594207
0.03658207940522386
0.016925392077691892
0.05360640367678405
0.06566903645617904
0.006090575024849413
0.013585667458369104
0.01717658640135567
0.2025999182219273
0.041387717490097876
0.012533963484296777
0.06652830103005782
0.09774640280245353
0.18500413919337305
0.17607610510030997
0.12953309073517327
0.030368840135680926
0.11822307576331607
0.035768044758994415
0.03135856877100923
0.02595328497609003
0.021351015956923666
0.0016404644896546817
0.05399880732605071
0.09210667443918066
0.03195634083638497
0.01613472111870175
6.560585111878981E-4
0.1477082611814686
0.20582822862102113
0.12446561094793843
0.0037843496059316163
0.1622991404663159
0.04993685607767911
0.05846296099578484
0.4520073796263942
0.0981892391769441
0.16454840211501798
0.06043797114779599
0.1755041881844969
0.11809176711240012
0.1216643533342017
0.0827679754811649
0.005933488755376144
0.02741465898322797
0.034873169244430575
0.09365695351600382
0.024536794481846147
0.2515674332291194
0.25575279224897984
0.09837884997343516
0.1505017422409425
0.053020678966577604
0.07725956122835866
0.028674345781321057
0.03565031170023895
0.0876678628489764
0.07466752042578956
0.017537825126510927
0.21143168929367034
0.03590796558574072
0.03612445260096727
0.21062822082908753
0.07665190592597032
0.1302036768971517
0.06693725487816407
0.010965094717614775
0.10762018481916674
0.001113576467636641
0.10365829284870086
0.022587697245263414
0.022973401879379178
0.14835530349976356
0.023809560852035703
0.07366271217252598
0.025064533207098574
0.042278854711608985
0.023592000942750865
0.04320210182188795
0.07656778584994972
0.06497369253767654
0.026072223154105633
0.10870968318924472
0.09950308980211409
0.06752500548616644
0.011531611057825285
0.06109278960234129
0.03337685099516716
0.06301894668614119
0.08717159411558995
0.03181288940103502
0.027601699278756848
0.016614200474304938
0.0711612891901413
0.04206479326192894
0.05560959765493201
5.513974623032566E-5
0.025835946869402927
0.04166059261357974
0.01983848423516927
0.09098209857461322
0.008294273026775784
0.028122295247289073
0.07812690638059726
0.05429088165517455
0.04561700755837258
0.11355134149547567
0.1282368327322286
0.044819716971853316
0.0590891692090796
0.06180616076726033
0.19896512759147741
0.08420094418914773
0.11102526779674501
0.0063471186481963825
8.504797394165326E-4
0.09593503447117918
0.007454645110243306
0.059658922966489634
0.02809582266303035
0.005761740774148057
0.0408311329863056
0.08288891219437934
0.09149156930049936
3.9388478762739516E-4
0.06494519048880963
0.04692582214734211
0.006493412972647454
0.07051469701667878
0.11292638030561639
0.10069556440888863
0.08232299150210742
0.04569725560736904
0.14082236059295955
0.040899375315951406
0.08910538127367364
0.033844473400130894
0.036836683665567915
0.06007017035488716
0.09483215260848882
0.04517806768754776
0.09767566372949152
0.022381609712764376
3.196785911804197E-4
0.07552592462428705
0.15655004238409842
0.040686591967332576
0.03609880435376937
0.047635337717495826
0.20182599591574174
0.1041098876951655
0.2117802974960122
0.029868182595951937
0.01756773935657488
0.022124730630741406
0.008394506770480228
0.007213341837092651
0.018358076884340813
0.09342010430828224
0.09764999137271739
0.024092677099298153
0.12083334848048724
0.018028156635453346
0.007125425156217139
0.05619915934059118
0.09572110376054069
0.06333177531001259
0.06936117179639512
0.13736924112839072
0.018708067479762978
0.04146670171818587
0.12045659823811862
0.1180509143875389
0.06853071353433944
0.031454646324891526
0.05228120493586635
0.14353258864357402
0.04066412541395294
0.028456376938452054
0.04941890405164442
0.027229276114382254
0.023243360333956294
0.04097477023051392
0.04221508153361873
0.08816080945972529
0.02716561882347126
0.013830325829281563
0.05196637074725538
0.019253352480404634
0.14112997225938492
0.08611232416645283
0.06902136619666376
0.0724837669102875
0.04041228562003655
0.014930843009373019
0.12608740428874332
0.004454315607321311
0.011942361360677226
0.006432797121062915
0.037125058742700195
0.08012002569835266
0.05076729597207568
0.003856410962786543
0.039872716845878106
0.015599023583350809
0.14701225008697225
0.03366080220278789
0.06640515689076834
0.056274172472855426
0.05711527047473333
0.08849832259703622
0.05313765733887462
0.024537506546368916
0.05353549840506601
0.059906262121536887
0.11579783443120745
0.0024149423437448605
0.032884315692837535
4.8826369537378813E-4
0.137991265463109
0.007080139987209192
0.028136790179956378
0.024584997319758554
0.07315639815920616
0.016529493373991715
0.030129739078852934
0.055525925425844946
0.07273166273110859
0.05277980109953016
0.010400858423919425
0.07896492640685608
0.06039722456181063
0.004327886032331968
0.05197860330526374
0.03308905872985105
0.0023883232089364393
0.056440790271087414
0.08187727928847667
0.03887129012926919
0.04725174346199163
0.05543641829478282
0.09976208359361664
0.011793502734013635
0.006976553151372824
0.11401635957688701
0.058616105353896476
0.07100047795113745
0.10217543600134206
0.013888712029622875
0.052298243918639686
0.09659262503485197
0.04653945143809802
0.031952970573737194
0.1321860657947853
0.03293749350368277
0.07236177354576073
0.1336916570106118
0.04321164361330867
0.009626105924352684
0.059365376535304354
0.11788007907530633
0.09845370034484116
0.044333037080057355
0.062106336440109655
0.021233055110299253
0.0014027009795917003
0.005270911693697052
0.06207133339172826
0.025494837127468556
0.009197006411619996
0.026680970589176668
0.006184451808160285
0.0275596657943352
0.055156380654854266
0.039836097326464356
7.476216143824047E-4
0.06046116683778041
0.01894524909666715
0.07270989382381753
0.03862476449952825
0.12273772286653159
0.08737950002531703
0.053922160963113565
0.023678202443172258
0.06323104418590281
0.06458644462531059
0.10688897630598228
0.03114685677183265
0.06497074538309175
0.07829078102357173
0.04872389999920581
0.014275478112711692
0.005501375740326034
0.02328358763842703
0.11885686064216672
0.0033882140507372005
0.1562020547535554
0.026041627007686252
0.07446547579669004
0.09657987797837914
0.05438623949615502
0.01676019495983766
0.08110077170402955
0.08346634424060492
0.08739690649371337
0.09207839021565749
0.08739690649371337
0.08346634424060492
0.08110077170402955
0.01676019495983766
0.05438623949615502
0.09657987797837914
0.07446547579669004
0.026041627007686252
0.1562020547535554
0.0033882140507372005
0.11885686064216672
0.02328358763842703
0.005501375740326034
0.014275478112711692
0.04872389999920581
0.07829078102357173
0.06497074538309175
0.03114685677183265
0.10688897630598228
0.06458644462531059
0.06323104418590281
0.023678202443172258
0.053922160963113565
0.08737950002531703
0.12273772286653159
0.03862476449952825
0.07270989382381753
0.01894524909666715
0.06046116683778041
7.476216143824047E-4
0.039836097326464356
0.055156380654854266
0.0275596657943352
0.006184451808160285
0.026680970589176668
0.009197006411619996
0.025494837127468556
0.06207133339172826
0.005270911693697052
0.0014027009795917003
0.021233055110299253
0.062106336440109655
0.044333037080057355
0.09845370034484116
0.11788007907530633
0.059365376535304354
0.009626105924352684
0.04321164361330867
0.1336916570106118
0.07236177354576073
0.03293749350368277
0.1321860657947853
0.031952970573737194
0.04653945143809802
0.09659262503485197
0.052298243918639686
0.013888712029622875
0.10217543600134206
0.07100047795113745
0.058616105353896476
0.11401635957688701
0.006976553151372824
0.011793502734013635
0.09976208359361664
0.05543641829478282
0.04725174346199163
0.03887129012926919
0.08187727928847667
0.056440790271087414
0.0023883232089364393
0.03308905872985105
0.05197860330526374
0.004327886032331968
0.06039722456181063
0.07896492640685608
0.010400858423919425
0.05277980109953016
0.07273166273110859
0.055525925425844946
0.030129739078852934
0.016529493373991715
0.07315639815920616
0.024584997319758554
0.028136790179956378
0.007080139987209192
0.137991265463109
4.8826369537378813E-4
0.032884315692837535
0.0024149423437448605
0.11579783443120745
0.059906262121536887
0.05353549840506601
0.024537506546368916
0.05313765733887462
0.08849832259703622
0.05711527047473333
0.056274172472855426
0.06640515689076834
0.03366080220278789
0.14701225008697225
0.015599023583350809
0.039872716845878106
0.003856410962786543
0.05076729597207568
0.08012002569835266
0.037125058742700195
0.006432797121062915
0.011942361360677226
0.004454315607321311
0.12608740428874332
0.014930843009373019
0.04041228562003655
0.0724837669102875
0.06902136619666376
0.08611232416645283
0.14112997225938492
0.019253352480404634
0.05196637074725538
0.013830325829281563
0.02716561882347126
0.08816080945972529
0.04221508153361873
0.04097477023051392
0.023243360333956294
0.027229276114382254
0.04941890405164442
0.028456376938452054
0.04066412541395294
0.14353258864357402
0.05228120493586635
0.031454646324891526
0.06853071353433944
0.1180509143875389
0.12045659823811862
0.04146670171818587
0.018708067479762978
0.13736924112839072
0.06936117179639512
0.06333177531001259
0.09572110376054069
0.05619915934059118
0.007125425156217139
0.018028156635453346
0.12083334848048724
0.024092677099298153
0.09764999137271739
0.09342010430828224
0.018358076884340813
0.007213341837092651
0.008394506770480228
0.022124730630741406
0.01756773935657488
0.029868182595951937
0.2117802974960122
0.1041098876951655
0.20182599591574174
0.047635337717495826
0.03609880435376937
0.040686591967332576
0.15655004238409842
0.07552592462428705
3.196785911804197E-4
0.022381609712764376
0.09767566372949152
0.04517806768754776
0.09483215260848882
0.06007017035488716
0.036836683665567915
0.033844473400130894
0.08910538127367364
0.040899375315951406
0.14082236059295955
0.04569725560736904
0.08232299150210742
0.10069556440888863
0.11292638030561639
0.07051469701667878
0.006493412972647454
0.04692582214734211
0.06494519048880963
3.9388478762739516E-4
0.09149156930049936
0.08288891219437934
0.0408311329863056
0.005761740774148057
0.02809582266303035
0.059658922966489634
0.007454645110243306
0.09593503447117918
8.504797394165326E-4
0.0063471186481963825
0.11102526779674501
0.08420094418914773
0.19896512759147741
0.06180616076726033
0.0590891692090796
0.044819716971853316
0.1282368327322286
0.11355134149547567
0.04561700755837258
0.05429088165517455
0.07812690638059726
0.028122295247289073
0.008294273026775784
0.09098209857461322
0.01983848423516927
0.04166059261357974
0.025835946869402927
5.513974623032566E-5
0.05560959765493201
0.04206479326192894
0.0711612891901413
0.016614200474304938
0.027601699278756848
0.03181288940103502
0.08717159411558995
0.06301894668614119
0.03337685099516716
0.06109278960234129
0.011531611057825285
0.06752500548616644
0.09950308980211409
0.10870968318924472
0.026072223154105633
0.06497369253767654
0.07656778584994972
0.04320210182188795
0.023592000942750865
0.042278854711608985
0.025064533207098574
0.07366271217252598
0.023809560852035703
0.14835530349976356
0.022973401879379178
0.022587697245263414
0.10365829284870086
0.001113576467636641
0.10762018481916674
0.010965094717614775
0.06693725487816407
0.1302036768971517
0.07665190592597032
0.21062822082908753
0.03612445260096727
0.03590796558574072
0.21143168929367034
0.017537825126510927
0.07466752042578956
0.0876678628489764
0.03565031170023895
0.028674345781321057
0.07725956122835866
0.053020678966577604
0.1505017422409425
0.09837884997343516
0.25575279224897984
0.2515674332291194
0.024536794481846147
0.09365695351600382
0.034873169244430575
0.02741465898322797
0.005933488755376144
0.0827679754811649
0.1216643533342017
0.11809176711240012
0.1755041881844969
0.06043797114779599
0.16454840211501798
0.0981892391769441
0.4520073796263942
0.05846296099578484
0.04993685607767911
0.1622991404663159
0.0037843496059316163
0.12446561094793843
0.20582822862102113
0.1477082611814686
6.560585111878981E-4
0.01613472111870175
0.03195634083638497
0.09210667443918066
0.05399880732605071
0.0016404644896546817
0.021351015956923666
0.02595328497609003
0.03135856877100923
0.035768044758994415
0.11822307576331607
0.030368840135680926
0.12953309073517327
0.17607610510030997
0.18500413919337305
0.09774640280245353
0.06652830103005782
0.012533963484296777
0.041387717490097876
0.2025999182219273
0.01717658640135567
0.013585667458369104
0.006090575024849413
0.06566903645617904
0.05360640367678405
0.016925392077691892
0.03658207940522386
0.12815265019594207
0.05462709745636259
0.09328106020002988
0.06445487315096024
0.002640927055352335
0.05606357021155094
0.11206469131564266
0.100154859686435
0.1612037794282304
0.06002092979207481
0.21987661295772837
0.17217812225933196
0.40494420554521415
0.07942491634376013
0.29167651904605085
0.33213637032691484
0.25658479097297576
0.10404472059671362
0.10929905412383406
0.10227127857762455
0.0493852622154892
0.07672900394872775
0.0408903897776856
0.03289946019257664
0.10486089346269546
0.05578666891386535
0.11389453508934975
0.17809477150697878
0.10577581388115409
0.14644310638757915
0.0018458798891645093
0.13458316508172538
0.2413752416540769
0.2783407998452335
0.05693269053820036
0.14522491342322494
0.4932012185135257
0.18739820416983688
0.015530369309496639
0.47470078519393644
0.7123564450879972
0.24731063970020858
0.2102339713682195
0.34756605645067246
0.5663221969147961
0.044429117494588874
0.052830220968088516
0.18020091498155635
0.07623023006589266
0.03713034426495687
0.010411616023577345
0.02779204791157949
0.08945328917401767
0.04493668913106375
0.07304987414490521
0.08773716739691993
0.043556712547634324
0.03868207404155737
0.025687545029602278
0.07630843313815486
0.10322946026256925
0.11072589425081263
0.0745417955148154
0.020310047231330675
0.03038679848739628
0.1899864529244032
0.1355211848692394
0.07958004688871514
0.12543353342359467
0.14652660905113207
0.044480244054711356
0.04625470611246973
0.024721988423249998
0.0014048191716700574
0.007116443314112166
0.25156468551953387
0.05711923866096988
0.09697174353389244
0.009837017160286999
0.03913555040844477
0.020882911072995815
0.29173684324167554
0.240598643712009
0.02690316580475356
0.09621341829937889
0.2226948332213233
0.0015707700308387777
0.11953752976976863
0.3573023656106757
0.29743789038289237
0.07696600702671307
0.12181530160988681
0.12023610985766375
0.07531462840969885
0.011696846611940778
0.18919023450305664
0.25077500807391373
0.12863795278562917
0.07032383356842282
0.20683789983473339
0.052443969945697284
9.696006943275819E-4
1.0
0.24379765447296203
0.12906814216275697
0.060729542135526886
0.22551180286887326
0.2561512559654999
0.11565926788686241
0.13556042185641884
0.040846004409933245
0.09639297397440119
0.01685651324998402
0.10608868679471169
0.045997179113583225
0.046609569457854834
0.3211006042246741
0.01364000453991847
0.02609757363119078
0.05027707186362604
0.05453408187812889
0.00684773458491076
0.21658933283134063
0.03986938420435463
0.11923714183441284
0.08959639798337388
0.01784749725709614
0.14835221656581177
0.06358876262232813
0.04109017552674577
0.03809209944207824
0.08436782805376024
0.025991707220393297
0.11482770926945574
0.018232301698946195
0.05121811206919866
0.027786397409623347
0.023298813030581195
0.016900108494667956
0.17761036595220606
0.057859399456642896
0.15960477657736205
0.1568536745048474
0.17415142199531444
5.701587060103571E-4
0.10601504635652033
0.07861199728244693
0.30880630393972835
0.007202073314145872
0.11813651985679828
0.047440327279218174
0.20894605053961438
0.0016226024307749137
0.014451912102103054
0.03895221470232016
0.08391559825459155
0.14072539219862223
