0.35146131567724676
0.03154582217017139
0.1580442783683083
0.16149974761374633
0.08060201179900035
0.09481380772675682
0.26614017547101765
0.01970430992046715
0.22392048893869596
0.010331888254977498
0.1647638667543371
0.06316978347254909
0.026060467101399476
0.0841098528239018
0.21106969297930414
0.07574110519581242
0.05605210366029688
0.007916958911134052
0.010189473966050943
0.14847846252859703
0.1671547398024406
0.034284373155831084
0.06700683533747237
0.042521643837178665
0.09303454253375298
0.006954678035367893
0.1375778966103004
0.03087128623040779
0.013041773409244275
0.03174995210557262
0.02093092057757639
0.12723211278411384
0.10749253065154683
0.1256425614635486
0.047652115010241455
0.1771391844766693
0.04136149055396478
0.06601706580495424
0.07222902673612508
0.12140042720650757
0.018887743466711137
0.5811094224646783
0.03992764756887772
0.09147889421099342
0.04657431099866777
0.1804050575245578
0.0107309360939772
0.1705955241545092
0.09652115277711298
0.19359196972613185
0.08522268776097104
0.1326905388950933
0.17684717345249704
0.0996815287375853
0.6100733679492578
1.0
0.2570324507263268
0.1818387321243462
0.0013440613269091752
0.1933490130169818
0.15906036988358815
0.11597250426765814
0.18804452093065752
0.25195597705413153
0.07710707712481696
0.060347067488668735
0.17547406218992262
0.12958809892392745
0.871611862617177
0.47522611710633195
0.10658909041702959
0.2282746054068997
0.08724696546763511
0.10448590906907748
0.009418288836305785
0.419260643522816
0.011011024225002648
0.05603425096332992
0.11055903761783598
0.021509766510849418
0.08748862873829139
0.04353058113522874
0.3819693544439869
0.18808785721405236
0.08047016142589904
0.20584487975911822
0.004800050081634684
0.11699669041374819
0.03310122939271957
0.21035341686549164
0.026523122785449903
0.18666634304644142
0.1277870224784942
0.09957527529842256
0.024830538937697086
0.07078920480608424
0.04583674175564406
0.03247780898949562
0.08124922514066144
0.17203948820131054
0.12378795615397087
0.02289712510579887
0.08526380601161636
0.13304235977316678
0.019380597104875063
0.028035611660092583
0.010963995511627706
0.18403266568784712
0.11531654776039285
0.16405346903431575
0.1464591209042153
0.13758359742600476
0.14138734980827322
0.07883560541481356
0.008466355236734916
0.15693510085693424
0.15990874551250017
0.12392871702223038
0.11938759919057185
0.03609205496968541
0.028717570020226547
0.006810973407514395
0.08049280732655664
0.3054129584587047
0.19347610531174125
0.03913270104469599
0.12544421201858408
0.016511647798090286
0.025579040062109797
0.1255031418373854
0.017614164471463523
0.25620001082177
0.035936124478033495
0.07018186266040094
0.06411510069839126
0.037740643702534375
0.049465312406020014
0.10260034821918214
0.04104461481920809
0.025445813140867045
0.06085958946382707
0.0012079979293020994
0.0751903383064802
0.022309491054511427
0.12175481986083879
0.18290427972571804
0.08795088615363408
0.1230867130863232
0.025373209949518114
0.018200476539353184
0.0459217621041455
0.14191839577217003
0.05707776628321573
0.00331187438720674
0.11296970861054359
0.08325966208763053
0.1114729655646282
0.2634737127572917
0.05403144717142164
0.10886861076101051
0.06416752617162476
0.16958287167486796
0.14026513751237232
0.12719808054787746
0.26880155228013397
0.12361961576385486
0.11976011234542458
0.06969514376248906
0.1324444867649527
0.05073145171227342
0.16269609284076467
0.06358094362413212
0.07166789187506567
0.10830829318032052
0.20270661010685787
0.0658599272448298
0.032590173021551073
0.33364271704851023
0.40650464445361495
0.045331423293852355
0.022605733960313453
0.2329362572052991
0.203396175859321
0.20662786920671067
0.4149012199705435
0.2025042227743057
0.12630108448374322
0.1890690086441028
0.024755400167215016
0.062098425831724834
0.06590901566436178
0.3095617225504719
0.2470615392208085
0.11018118705861273
0.06747660147453327
0.049488071283511896
0.12921221343892247
0.18220959795205674
0.6429284800881674
0.0620649262197657
0.03904476648144131
0.07192130927694652
0.16587495670878172
0.18005628396647963
0.009485780986644172
0.06313261259072082
0.09352334904055394
0.15236743838651273
0.025847183957265072
0.05674736263526235
0.06015050908536505
0.062478618757597915
0.2765247277935582
0.05343597092387297
0.03270526598924819
0.002363713004093349
0.0017727781188026956
0.026516976966226787
0.005607781246027777
0.014671641575245517
0.06888570352056374
0.007105215184264599
0.17018809712973573
0.07176246478738647
0.09048143284830247
0.11617069239331286
0.0062441742987840105
0.014759708451920301
0.12568117391625658
0.0664894331839421
0.08765059654174291
0.12552189845615955
0.07863496831621229
0.03119352991909129
0.027585203147400296
0.1501037654498789
0.03158814546642042
0.1315127210130725
0.0113796537495939
0.12039776391887376
0.03327545330047977
0.1767362942332589
0.048076435823859336
0.04532052050289079
0.04710218205874975
0.04229043383892027
0.15043544806732412
0.0291781031651911
0.06789012921627008
0.020953581179049195
0.02454752543890161
0.049982973076072856
0.07375596753480812
0.0014263147478548802
0.03000528063550992
0.05858708705881751
0.11282793102091045
0.01251636416365947
0.023081959911052496
0.033611736669719845
0.14312013353407116
0.05335635782163973
0.06360688781449894
0.09245541976551717
0.023110670143763196
0.05120609533319306
0.27075317072330374
0.04497459419875908
0.15787706626488784
0.019367336098955145
0.11662897155565415
0.004175576349962822
0.024739983385799223
0.06270763866728793
0.06712828654138507
0.08980875325492511
0.039976878158911246
0.012225079613527621
0.09300016991078498
0.11783993593887086
0.20894385383343916
0.007685187532406563
0.03478352484534388
0.20541550317607427
0.08337542896627557
0.04860147751831783
0.13965768048459945
0.014194693807681086
0.12734624534811917
0.009613850601844188
0.21113331884090897
0.07730346257608127
0.04181010300250437
0.09301720516476573
0.024072310494194938
0.01635827186534544
0.14401908120186147
0.10422935140962951
0.1328254306155042
0.11198582653564075
0.14118381049729098
0.09231432332955052
0.022773719106070338
0.029795877430827403
0.18947208055335188
0.22272376484407436
0.10703033446540608
0.19587851612419618
0.06276094922807979
0.03959033210200689
0.15005389412128525
0.07424187555312974
0.1372327338253613
0.029862130813488232
8.29042719207226E-4
0.007364593383394169
0.1374805097868633
0.031555951399317744
0.030174588839509794
0.059562432855024196
0.1181663353781363
0.32426921374922435
0.06858815697017984
0.27963958308047443
0.025042165649514673
0.035083806904053695
0.08083484590004156
0.046969233576173476
0.1535198354445191
0.1064143504151839
0.06025074691502692
0.02033480088902696
0.08965894154397028
0.007512879548484298
0.005212017321053479
0.10379076214246702
0.08099281609054736
0.05320319013956853
0.05986457886037649
3.380218459325395E-4
0.04766205573420188
0.12544695863073235
0.09039221657944183
0.044864514648881304
0.014321590686102623
0.06293775917450217
0.014511926209943255
0.05392428971806751
0.049791265428625074
0.05959403918843522
0.1670155883071849
0.012528187704615
0.010024166788207936
0.03889549440692981
0.006770077574846786
0.032749217173735995
0.15433953522924673
0.07030196304369586
0.02074935368770023
0.06642877409447207
0.06074292660959953
0.015282002909493728
0.03995229032183279
0.030570117770706253
0.08834654671412474
0.06131382570839672
0.07776217196256921
0.008033342307843703
0.02372803099337286
0.12933436912263607
0.03508914988614401
0.022821479661553807
0.007915680641334808
0.15766762433703252
0.032970640081695216
0.040255071632049874
0.08624094583933066
0.012160935100495394
0.031665295727490994
0.09900600907413061
0.055995609335847275
4.252886234776406E-4
0.03166549196555147
0.001590960652708361
0.048876675758027864
0.030929871272097995
0.14048137684407816
0.014027549893095868
0.012008915959079488
0.022592974974058003
0.11751717792851232
0.044780595210195555
0.15940289376826922
0.03331034741919533
0.12012212728570423
0.007410929164051456
0.11668386321682665
0.1742749397241413
0.047675200811133585
0.008771950705560942
0.10238440064687963
0.006008884593603425
0.0652372141358627
0.09227569471384643
0.13489539519094304
0.09269901542985372
0.08357110370891317
0.1487143592897651
0.10400013055988072
0.03852374246036647
0.001568483171661028
0.10944218832946208
0.023254927341084478
0.11939758667449245
0.09317876985167146
0.03016184767404872
0.03660070554846406
0.07161035134167398
0.012550241431940973
0.09520393371832608
0.03176849810229386
0.01759976020525368
0.051743599216288225
0.05321764905998508
0.050731374214937126
0.1861706971585895
0.11646814240244695
0.08002389710584969
0.001392776003058494
0.00356345538716957
0.04008683753962547
0.03163741944536719
0.08272894553470819
0.031172046828364382
0.05074463324494631
0.06907097841054628
9.074184297981996E-4
0.01033026271602792
0.11480836375031021
0.0019324292147803242
0.09458545216701499
0.1611613549317097
0.015118078151033087
0.0062849444137278755
0.11392835788539189
0.035097971621383846
0.23562679313147383
0.03570982323438538
0.04419813267270294
0.10494345406709635
0.046809329026442546
0.07639167300145686
0.01678950436415687
0.08276242585576035
0.14874433146026603
0.04451832715192139
0.04721907332397418
0.08934594091419527
0.06267633280518034
0.07560657850643053
0.19940197177356914
0.04885213528329649
0.0
0.04885213528329649
0.19940197177356914
0.07560657850643053
0.06267633280518034
0.08934594091419527
0.04721907332397418
0.04451832715192139
0.14874433146026603
0.08276242585576035
0.01678950436415687
0.07639167300145686
0.046809329026442546
0.10494345406709635
0.04419813267270294
0.03570982323438538
0.23562679313147383
0.035097971621383846
0.11392835788539189
0.0062849444137278755
0.015118078151033087
0.1611613549317097
0.09458545216701499
0.0019324292147803242
0.11480836375031021
0.01033026271602792
9.074184297981996E-4
0.06907097841054628
0.05074463324494631
0.031172046828364382
0.08272894553470819
0.03163741944536719
0.04008683753962547
0.00356345538716957
0.001392776003058494
0.08002389710584969
0.11646814240244695
0.1861706971585895
0.050731374214937126
0.05321764905998508
0.051743599216288225
0.01759976020525368
0.03176849810229386
0.09520393371832608
0.012550241431940973
0.07161035134167398
0.03660070554846406
0.03016184767404872
0.09317876985167146
0.11939758667449245
0.023254927341084478
0.10944218832946208
0.001568483171661028
0.03852374246036647
0.10400013055988072
0.1487143592897651
0.08357110370891317
0.09269901542985372
0.13489539519094304
0.09227569471384643
0.0652372141358627
0.006008884593603425
0.10238440064687963
0.008771950705560942
0.047675200811133585
0.1742749397241413
0.11668386321682665
0.007410929164051456
0.12012212728570423
0.03331034741919533
0.15940289376826922
0.044780595210195555
0.11751717792851232
0.022592974974058003
0.012008915959079488
0.014027549893095868
0.14048137684407816
0.030929871272097995
0.048876675758027864
0.001590960652708361
0.03166549196555147
4.252886234776406E-4
0.055995609335847275
0.09900600907413061
0.031665295727490994
0.012160935100495394
0.08624094583933066
0.040255071632049874
0.032970640081695216
0.15766762433703252
0.007915680641334808
0.022821479661553807
0.03508914988614401
0.12933436912263607
0.02372803099337286
0.008033342307843703
0.07776217196256921
0.06131382570839672
0.08834654671412474
0.030570117770706253
0.03995229032183279
0.015282002909493728
0.06074292660959953
0.06642877409447207
0.02074935368770023
0.07030196304369586
0.15433953522924673
0.032749217173735995
0.006770077574846786
0.03889549440692981
0.010024166788207936
0.012528187704615
0.1670155883071849
0.05959403918843522
0.049791265428625074
0.05392428971806751
0.014511926209943255
0.06293775917450217
0.014321590686102623
0.044864514648881304
0.09039221657944183
0.12544695863073235
0.04766205573420188
3.380218459325395E-4
0.05986457886037649
0.05320319013956853
0.08099281609054736
0.10379076214246702
0.005212017321053479
0.007512879548484298
0.08965894154397028
0.02033480088902696
0.06025074691502692
0.1064143504151839
0.1535198354445191
0.046969233576173476
0.08083484590004156
0.035083806904053695
0.025042165649514673
0.27963958308047443
0.06858815697017984
0.32426921374922435
0.1181663353781363
0.059562432855024196
0.030174588839509794
0.031555951399317744
0.1374805097868633
0.007364593383394169
8.29042719207226E-4
0.029862130813488232
0.1372327338253613
0.07424187555312974
0.15005389412128525
0.03959033210200689
0.06276094922807979
0.19587851612419618
0.10703033446540608
0.22272376484407436
0.18947208055335188
0.029795877430827403
0.022773719106070338
0.09231432332955052
0.14118381049729098
0.11198582653564075
0.1328254306155042
0.10422935140962951
0.14401908120186147
0.01635827186534544
0.024072310494194938
0.09301720516476573
0.04181010300250437
0.07730346257608127
0.21113331884090897
0.009613850601844188
0.12734624534811917
0.014194693807681086
0.13965768048459945
0.04860147751831783
0.08337542896627557
0.20541550317607427
0.03478352484534388
0.007685187532406563
0.20894385383343916
0.11783993593887086
0.09300016991078498
0.012225079613527621
0.039976878158911246
0.08980875325492511
0.06712828654138507
0.06270763866728793
0.024739983385799223
0.004175576349962822
0.11662897155565415
0.019367336098955145
0.15787706626488784
0.04497459419875908
0.27075317072330374
0.05120609533319306
0.023110670143763196
0.09245541976551717
0.06360688781449894
0.05335635782163973
0.14312013353407116
0.033611736669719845
0.023081959911052496
0.01251636416365947
0.11282793102091045
0.05858708705881751
0.03000528063550992
0.0014263147478548802
0.07375596753480812
0.049982973076072856
0.02454752543890161
0.020953581179049195
0.06789012921627008
0.0291781031651911
0.15043544806732412
0.04229043383892027
0.04710218205874975
0.04532052050289079
0.048076435823859336
0.1767362942332589
0.03327545330047977
0.12039776391887376
0.0113796537495939
0.1315127210130725
0.03158814546642042
0.1501037654498789
0.027585203147400296
0.03119352991909129
0.07863496831621229
0.12552189845615955
0.08765059654174291
0.0664894331839421
0.12568117391625658
0.014759708451920301
0.0062441742987840105
0.11617069239331286
0.09048143284830247
0.07176246478738647
0.17018809712973573
0.007105215184264599
0.06888570352056374
0.014671641575245517
0.005607781246027777
0.026516976966226787
0.0017727781188026956
0.002363713004093349
0.03270526598924819
0.05343597092387297
0.2765247277935582
0.062478618757597915
0.06015050908536505
0.05674736263526235
0.025847183957265072
0.15236743838651273
0.09352334904055394
0.06313261259072082
0.009485780986644172
0.18005628396647963
0.16587495670878172
0.07192130927694652
0.03904476648144131
0.0620649262197657
0.6429284800881674
0.18220959795205674
0.12921221343892247
0.049488071283511896
0.06747660147453327
0.11018118705861273
0.2470615392208085
0.3095617225504719
0.06590901566436178
0.062098425831724834
0.024755400167215016
0.1890690086441028
0.12630108448374322
0.2025042227743057
0.4149012199705435
0.20662786920671067
0.203396175859321
0.2329362572052991
0.022605733960313453
0.045331423293852355
0.40650464445361495
0.33364271704851023
0.032590173021551073
0.0658599272448298
0.20270661010685787
0.10830829318032052
0.07166789187506567
0.06358094362413212
0.16269609284076467
0.05073145171227342
0.1324444867649527
0.06969514376248906
0.11976011234542458
0.12361961576385486
0.26880155228013397
0.12719808054787746
0.14026513751237232
0.16958287167486796
0.06416752617162476
0.10886861076101051
0.05403144717142164
0.2634737127572917
0.1114729655646282
0.08325966208763053
0.11296970861054359
0.00331187438720674
0.05707776628321573
0.14191839577217003
0.0459217621041455
0.018200476539353184
0.025373209949518114
0.1230867130863232
0.08795088615363408
0.18290427972571804
0.12175481986083879
0.022309491054511427
0.0751903383064802
0.0012079979293020994
0.06085958946382707
0.025445813140867045
0.04104461481920809
0.10260034821918214
0.049465312406020014
0.037740643702534375
0.06411510069839126
0.07018186266040094
0.035936124478033495
0.25620001082177
0.017614164471463523
0.1255031418373854
0.025579040062109797
0.016511647798090286
0.12544421201858408
0.03913270104469599
0.19347610531174125
0.3054129584587047
0.08049280732655664
0.006810973407514395
0.028717570020226547
0.03609205496968541
0.11938759919057185
0.12392871702223038
0.15990874551250017
0.15693510085693424
0.008466355236734916
0.07883560541481356
0.14138734980827322
0.13758359742600476
0.1464591209042153
0.16405346903431575
0.11531654776039285
0.18403266568784712
0.010963995511627706
0.028035611660092583
0.019380597104875063
0.13304235977316678
0.08526380601161636
0.02289712510579887
0.12378795615397087
0.17203948820131054
0.08124922514066144
0.03247780898949562
0.04583674175564406
0.07078920480608424
0.024830538937697086
0.09957527529842256
0.1277870224784942
0.18666634304644142
0.026523122785449903
0.21035341686549164
0.03310122939271957
0.11699669041374819
0.004800050081634684
0.20584487975911822
0.08047016142589904
0.18808785721405236
0.3819693544439869
0.04353058113522874
0.08748862873829139
0.021509766510849418
0.11055903761783598
0.05603425096332992
0.011011024225002648
0.419260643522816
0.009418288836305785
0.10448590906907748
0.08724696546763511
0.2282746054068997
0.10658909041702959
0.47522611710633195
0.871611862617177
0.12958809892392745
0.17547406218992262
0.060347067488668735
0.07710707712481696
0.25195597705413153
0.18804452093065752
0.11597250426765814
0.15906036988358815
0.1933490130169818
0.0013440613269091752
0.1818387321243462
0.2570324507263268
1.0
0.6100733679492578
0.0996815287375853
0.17684717345249704
0.1326905388950933
0.08522268776097104
0.19359196972613185
0.09652115277711298
0.1705955241545092
0.0107309360939772
0.1804050575245578
0.04657431099866777
0.09147889421099342
0.03992764756887772
0.5811094224646783
0.018887743466711137
0.12140042720650757
0.07222902673612508
0.06601706580495424
0.04136149055396478
0.1771391844766693
0.047652115010241455
0.1256425614635486
0.10749253065154683
0.12723211278411384
0.02093092057757639
0.03174995210557262
0.013041773409244275
0.03087128623040779
0.1375778966103004
0.006954678035367893
0.09303454253375298
0.042521643837178665
0.06700683533747237
0.034284373155831084
0.1671547398024406
0.14847846252859703
0.010189473966050943
0.007916958911134052
0.05605210366029688
0.07574110519581242
0.21106969297930414
0.0841098528239018
0.026060467101399476
0.06316978347254909
0.1647638667543371
0.010331888254977498
0.22392048893869596
0.01970430992046715
0.26614017547101765
0.09481380772675682
0.08060201179900035
0.16149974761374633
0.1580442783683083
0.03154582217017139
