1.0
0.8400717958688393
0.44292970578447466
0.013137134688112794
0.23014710218329978
0.1681101783122785
0.1554937608637648
0.5574909168632959
0.8116280450524433
0.7675114177783051
0.42970607415195394
0.04450418679126278
0.42748084926070573
0.5404489989428226
0.3469835287032967
0.028275198227965988
0.3654364170586615
0.46509408807505304
0.2532032650031126
0.17992638155457713
0.6269164529660337
0.8719849447589947
0.8039100320388126
0.4740230333290629
0.06887732542974338
0.18795251324463036
0.1533236602198371
0.160414614285048
0.5920653293473752
0.9163196292391994
0.9620088271208009
0.7017891041105413
0.2662681942478638
0.12469796037174652
0.27734948657400027
0.12542409266998034
0.2355342085088643
0.5988101726211148
0.7553578814821436
0.6036395739136793
0.20285964208219437
0.258191684215929
0.560149301289136
0.5678604096390572
0.30072640755287444
0.07816248693921526
0.3481844329808098
0.34725720315538006
0.0568858227879472
0.38831385354173215
0.7713916251914892
0.9068021338717311
0.73735781543444
0.363629712594295
0.009398579940165597
0.18019377358048377
0.0563377347663742
0.2973791589145237
0.6934446485507205
0.9203290445825895
0.8534514004250848
0.520211052389836
0.0851747634828457
0.236519675802605
0.2918944639796484
0.06982924055079079
0.29390010753475637
0.5885778478860219
0.6394816752137681
0.39950815877081636
0.026433380564371257
0.4367523668775851
0.6389030905478525
0.5499013741864891
0.23900537950850068
0.10952806146944291
0.29372905348981676
0.2
0.13760766783944917
0.5557467939148835
0.8477660622927065
0.8719697500803854
0.6253400877537812
0.24429467480987183
0.06753651972081456
0.14630965480868138
0.04647231156392406
0.4045205575879257
0.7332572660132449
0.8522447787144483
0.6896597494951618
0.31939574952636046
0.07829926706167145
0.31159824224743843
0.2773433724562187
0.014260951198908944
0.3184231902677038
0.5253115521489607
0.4775721813261142
0.18019377358048402
0.23121760362778074
0.5619715049143212
0.6602761738656431
0.49610371151629373
0.1758252860986035
0.11460348085422774
0.20768505742665208
0.04206151545198491
0.3059720186554048
0.6632136242383609
0.8507258005881961
0.7773690912316293
0.4867496668745511
0.13336751960871418
0.09902596910142644
0.09371606225537958
0.13851944215270665
0.4661296665000446
0.7066433527517351
0.7226190979662247
0.4933006932294452
0.12469796037174649
0.20667754511532593
0.34645351777064476
0.24266999808711218
0.02818256090810837
0.3025091791344
0.4161381687184106
0.29039420192303417
0.02728307179201177
0.3890092981519777
0.6244026687658925
0.6295896943239774
0.4206448422613831
0.12386261659361908
0.09145979603817175
0.10205133559071711
0.10523360242856779
0.42750669093747284
0.7006505494317555
0.7856007107656433
0.640704992232944
0.34248961893422697
0.04450418679126287
0.10361793170558972
0.03418456977446223
0.20417748447423817
0.47329026698192767
0.6187015760825059
0.5506904043034122
0.290600692847611
0.04132080518224239
0.2895852304831385
0.3447987474178155
0.19999999999999996
0.047135733225728074
0.24675036446931342
0.27588518037313553
0.1025813790487913
0.1982962767514246
0.48519963845650443
0.6243705712035726
0.5593507961420904
0.3393044361065254
0.09188299472605824
0.044504186791262855
0.0068553503431293406
0.22167629413698703
0.4886122689437927
0.668461745884214
0.6671487241691028
0.4842104991360019
0.211820106322887
0.014475327654516945
0.08693652380255748
0.018705596357602917
0.23192738616854217
0.4257079922647913
0.4837560785356567
0.3611818733259298
0.10706149919016912
0.16231775968565004
0.32484870710719826
0.3161001641575564
0.16177744074522643
0.03730125231804693
0.1591425812254597
0.12469796037174685
0.06142655167763411
0.31452306083289316
0.5150359130014917
0.5712528315690086
0.4664727835494835
0.26632613220920553
0.0831009817976492
0.016394914750547405
0.10142372370986483
0.2917895875457258
0.4850855075327146
0.5772404509341962
0.5167808021591724
0.3307427263158277
0.1092529792659545
0.04243160291282333
0.05884373938365171
0.05254558289242515
0.21679556156103744
0.3319896611748711
0.32298861079426394
0.1801937735804837
0.03656437293175763
0.23033970774395876
0.3180342514454639
0.27310666454257815
0.13797224149458587
2.801975289939085E-4
0.05381801729729816
0.015402513802225948
0.18145284630367692
0.36672786575037986
0.48386134526975144
0.48123817563912336
0.36889898528124154
0.21181772679731442
0.09480952811142063
0.07798597149952083
0.16614404629013796
0.3076658357092023
0.4227776133233393
0.4457503813790195
0.3587568281498683
0.2
0.04255092986558433
0.044345824455208
0.030932941474552434
0.05887529972955039
0.16156767304177863
0.2082787604329563
0.1608500923313621
0.03092871311061971
0.12732986153071327
0.24640012378296464
0.28059689935916116
0.2289002320452087
0.13392600401624638
0.058314041050843035
0.05149560565740254
0.12439180417405182
0.24491616161055388
0.35593443169278904
0.4056191340109394
0.3740363130679219
0.28230585595567065
0.1801937735804839
0.11933569202190217
0.12649270517596806
0.1907024416365603
0.2704659041092984
0.31648230967441426
0.29754630725137127
0.21606111729850142
0.10554424725744882
0.012152624138797119
0.02953740458997709
0.013706333954272454
0.03516582802622452
0.07649610105477778
0.07546897658004749
0.02089815067131695
0.06998434048152205
0.16166533296495583
0.21943292114713886
0.2270745046588541
0.19409853865605167
0.14929344420170038
0.12469796037174677
0.13881660352504138
0.18781835205187147
0.24881481920370496
0.29279881002365
0.2999455356263636
0.2691953149580691
0.21751898508019715
0.1699354563825816
0.14609819076187436
0.1506595084261177
0.17214331129940275
0.1902686931016809
0.1872499897390643
0.15685978807829856
0.10670891278537997
0.0531369953478078
0.012052992294146936
0.009087612267037493
0.014055149389434307
0.01443345895590611
0.022484483007868473
0.044504186791262904
0.07818170224236806
0.11491864788772457
0.14523681499006563
0.16390099179904727
0.17193277111716643
0.17479148087428711
0.1783017565278515
0.18505324917631966
0.19340646382501364
0.19940214442122484
0.2
0.19532917764505248
0.18842944993715965
0.182732565028999
0.1791096365433013
0.1746615901740228
0.16430870346893886
0.14434091726311674
0.11564127891012195
0.08427096371543441
0.05861864828061698
0.04450418679126291
0.0411355476785817
0.040628643595887935
0.03187776227444004
0.006948463526085557
0.0335956196278979
0.0797724660736551
0.11672007345877504
0.13260848597989577
0.12564567300900215
0.10602046748861538
0.09118539999795808
0.09658350404560094
0.1267127156174388
0.17162497644458072
0.21126892804440453
0.22583249951907686
0.2067308907570406
0.1621505040119322
0.11369332831034615
0.0854013449255274
0.09075459422971655
0.12469796037174667
0.16538455325907273
0.1852294883726769
0.16572071361347188
0.10807410710436476
0.03369063589476754
0.02634667919026279
0.04754535161609987
0.02546169787241992
0.02109891946435085
0.05933290242194085
0.05966113960809318
0.011928085856132541
0.06823235001353542
0.14669922919392095
0.18842337511716867
0.17615644925433185
0.120296115324977
0.05422465641799397
0.017142427726086894
0.03320342646875707
0.09804574889527651
0.18019377358048394
0.2370521934466537
0.23736363606456895
0.17828362203616388
0.08776236164253272
0.010531689318015135
0.015265780764922066
0.02144003539060011
0.09808272351372312
0.16969063349872196
0.19237140735115651
0.14681576854938377
0.04927200047408844
0.056169992492091356
0.12031307927081966
0.11483229603414107
0.04772589272228809
0.040227831854514486
0.09653242079751401
0.08471035853415279
0.004088444991933615
0.10906049044716089
0.2
0.22419131349214289
0.17109020455816523
0.07033976945216147
0.02325458088326964
0.05836720789694514
0.014439010411989495
0.0869029599688967
0.19262256954625984
0.24589513245782862
0.21618810557777116
0.11588336036970485
0.005583966983087651
0.08730419830313171
0.08892320464303657
0.012242127329530294
0.09920658920427408
0.18268793554571153
0.18926463550578063
0.10993083132585721
0.019048945812965234
0.13468797577434197
0.1801937735804839
0.13500901369086105
0.026048262789880282
0.08603233376718707
0.13855344472057024
0.09994417470984271
0.013217025022566498
0.14443227851101065
0.22669643783893725
0.21776062362937484
0.12267016979727059
0.008453588059758288
0.1064479803488699
0.11942617653402268
0.0402884049052948
0.08917619347053558
0.19995971815783503
0.23204857122564318
0.1661799793006471
0.034346429986781765
0.0966560825653775
0.1601533424829623
0.12469796037174674
0.010837967396760507
0.11941714168054456
0.19505324077441108
0.17345271195416911
0.06304937499117265
0.08079279115933743
0.18465587223123553
0.19561414453787485
0.10918680056589099
0.028085344356242815
0.14291901258601653
0.1737565382649183
0.10322164982179047
0.03255742411996245
0.1627608093336635
0.2190266527890819
0.17144299574907634
0.04442792598238453
0.09592799854532055
0.17648240339865967
0.15546661135605827
0.04450418679126287
0.09740479719732091
0.19483280029415848
0.19557663948440354
0.09816870357948684
0.0472457760963392
0.16516912180860083
0.19437642335805033
0.12008430432631276
0.018258926008476273
0.1476774596104744
0.2
0.1476774596104744
0.018258926008476273
0.12008430432631276
0.19437642335805033
0.16516912180860083
0.0472457760963392
0.09816870357948684
0.19557663948440354
0.19483280029415848
0.09740479719732091
0.04450418679126287
0.15546661135605827
0.17648240339865967
0.09592799854532055
0.04442792598238453
0.17144299574907634
0.2190266527890819
0.1627608093336635
0.03255742411996245
0.10322164982179047
0.1737565382649183
0.14291901258601653
0.028085344356242815
0.10918680056589099
0.19561414453787485
0.18465587223123553
0.08079279115933743
0.06304937499117265
0.17345271195416911
0.19505324077441108
0.11941714168054456
0.010837967396760507
0.12469796037174674
0.1601533424829623
0.0966560825653775
0.034346429986781765
0.1661799793006471
0.23204857122564318
0.19995971815783503
0.08917619347053558
0.0402884049052948
0.11942617653402268
0.1064479803488699
0.008453588059758288
0.12267016979727059
0.21776062362937484
0.22669643783893725
0.14443227851101065
0.013217025022566498
0.09994417470984271
0.13855344472057024
0.08603233376718707
0.026048262789880282
0.13500901369086105
0.1801937735804839
0.13468797577434197
0.019048945812965234
0.10993083132585721
0.18926463550578063
0.18268793554571153
0.09920658920427408
0.012242127329530294
0.08892320464303657
0.08730419830313171
0.005583966983087651
0.11588336036970485
0.21618810557777116
0.24589513245782862
0.19262256954625984
0.0869029599688967
0.014439010411989495
0.05836720789694514
0.02325458088326964
0.07033976945216147
0.17109020455816523
0.22419131349214289
0.2
0.10906049044716089
0.004088444991933615
0.08471035853415279
0.09653242079751401
0.040227831854514486
0.04772589272228809
0.11483229603414107
0.12031307927081966
0.056169992492091356
0.04927200047408844
0.14681576854938377
0.19237140735115651
0.16969063349872196
0.09808272351372312
0.02144003539060011
0.015265780764922066
0.010531689318015135
0.08776236164253272
0.17828362203616388
0.23736363606456895
0.2370521934466537
0.18019377358048394
0.09804574889527651
0.03320342646875707
0.017142427726086894
0.05422465641799397
0.120296115324977
0.17615644925433185
0.18842337511716867
0.14669922919392095
0.06823235001353542
0.011928085856132541
0.05966113960809318
0.05933290242194085
0.02109891946435085
0.02546169787241992
0.04754535161609987
0.02634667919026279
0.03369063589476754
0.10807410710436476
0.16572071361347188
0.1852294883726769
0.16538455325907273
0.12469796037174667
0.09075459422971655
0.0854013449255274
0.11369332831034615
0.1621505040119322
0.2067308907570406
0.22583249951907686
0.21126892804440453
0.17162497644458072
0.1267127156174388
0.09658350404560094
0.09118539999795808
0.10602046748861538
0.12564567300900215
0.13260848597989577
0.11672007345877504
0.0797724660736551
0.0335956196278979
0.006948463526085557
0.03187776227444004
0.040628643595887935
0.0411355476785817
0.04450418679126291
0.05861864828061698
0.08427096371543441
0.11564127891012195
0.14434091726311674
0.16430870346893886
0.1746615901740228
0.1791096365433013
0.182732565028999
0.18842944993715965
0.19532917764505248
0.2
0.19940214442122484
0.19340646382501364
0.18505324917631966
0.1783017565278515
0.17479148087428711
0.17193277111716643
0.16390099179904727
0.14523681499006563
0.11491864788772457
0.07818170224236806
0.044504186791262904
0.022484483007868473
0.01443345895590611
0.014055149389434307
0.009087612267037493
0.012052992294146936
0.0531369953478078
0.10670891278537997
0.15685978807829856
0.1872499897390643
0.1902686931016809
0.17214331129940275
0.1506595084261177
0.14609819076187436
0.1699354563825816
0.21751898508019715
0.2691953149580691
0.2999455356263636
0.29279881002365
0.24881481920370496
0.18781835205187147
0.13881660352504138
0.12469796037174677
0.14929344420170038
0.19409853865605167
0.2270745046588541
0.21943292114713886
0.16166533296495583
0.06998434048152205
0.02089815067131695
0.07546897658004749
0.07649610105477778
0.03516582802622452
0.013706333954272454
0.02953740458997709
0.012152624138797119
0.10554424725744882
0.21606111729850142
0.29754630725137127
0.31648230967441426
0.2704659041092984
0.1907024416365603
0.12649270517596806
0.11933569202190217
0.1801937735804839
0.28230585595567065
0.3740363130679219
0.4056191340109394
0.35593443169278904
0.24491616161055388
0.12439180417405182
0.05149560565740254
0.058314041050843035
0.13392600401624638
0.2289002320452087
0.28059689935916116
0.24640012378296464
0.12732986153071327
0.03092871311061971
0.1608500923313621
0.2082787604329563
0.16156767304177863
0.05887529972955039
0.030932941474552434
0.044345824455208
0.04255092986558433
0.2
0.3587568281498683
0.4457503813790195
0.4227776133233393
0.3076658357092023
0.16614404629013796
0.07798597149952083
0.09480952811142063
0.21181772679731442
0.36889898528124154
0.48123817563912336
0.48386134526975144
0.36672786575037986
0.18145284630367692
0.015402513802225948
0.05381801729729816
2.801975289939085E-4
0.13797224149458587
0.27310666454257815
0.3180342514454639
0.23033970774395876
0.03656437293175763
0.1801937735804837
0.32298861079426394
0.3319896611748711
0.21679556156103744
0.05254558289242515
0.05884373938365171
0.04243160291282333
0.1092529792659545
0.3307427263158277
0.5167808021591724
0.5772404509341962
0.4850855075327146
0.2917895875457258
0.10142372370986483
0.016394914750547405
0.0831009817976492
0.26632613220920553
0.4664727835494835
0.5712528315690086
0.5150359130014917
0.31452306083289316
0.06142655167763411
0.12469796037174685
0.1591425812254597
0.03730125231804693
0.16177744074522643
0.3161001641575564
0.32484870710719826
0.16231775968565004
0.10706149919016912
0.3611818733259298
0.4837560785356567
0.4257079922647913
0.23192738616854217
0.018705596357602917
0.08693652380255748
0.014475327654516945
0.211820106322887
0.4842104991360019
0.6671487241691028
0.668461745884214
0.4886122689437927
0.22167629413698703
0.0068553503431293406
0.044504186791262855
0.09188299472605824
0.3393044361065254
0.5593507961420904
0.6243705712035726
0.48519963845650443
0.1982962767514246
0.1025813790487913
0.27588518037313553
0.24675036446931342
0.047135733225728074
0.19999999999999996
0.3447987474178155
0.2895852304831385
0.04132080518224239
0.290600692847611
0.5506904043034122
0.6187015760825059
0.47329026698192767
0.20417748447423817
0.03418456977446223
0.10361793170558972
0.04450418679126287
0.34248961893422697
0.640704992232944
0.7856007107656433
0.7006505494317555
0.42750669093747284
0.10523360242856779
0.10205133559071711
0.09145979603817175
0.12386261659361908
0.4206448422613831
0.6295896943239774
0.6244026687658925
0.3890092981519777
0.02728307179201177
0.29039420192303417
0.4161381687184106
0.3025091791344
0.02818256090810837
0.24266999808711218
0.34645351777064476
0.20667754511532593
0.12469796037174649
0.4933006932294452
0.7226190979662247
0.7066433527517351
0.4661296665000446
0.13851944215270665
0.09371606225537958
0.09902596910142644
0.13336751960871418
0.4867496668745511
0.7773690912316293
0.8507258005881961
0.6632136242383609
0.3059720186554048
0.04206151545198491
0.20768505742665208
0.11460348085422774
0.1758252860986035
0.49610371151629373
0.6602761738656431
0.5619715049143212
0.23121760362778074
0.18019377358048402
0.4775721813261142
0.5253115521489607
0.3184231902677038
0.014260951198908944
0.2773433724562187
0.31159824224743843
0.07829926706167145
0.31939574952636046
0.6896597494951618
0.8522447787144483
0.7332572660132449
0.4045205575879257
0.04647231156392406
0.14630965480868138
0.06753651972081456
0.24429467480987183
0.6253400877537812
0.8719697500803854
0.8477660622927065
0.5557467939148835
0.13760766783944917
0.2
0.29372905348981676
0.10952806146944291
0.23900537950850068
0.5499013741864891
0.6389030905478525
0.4367523668775851
0.026433380564371257
0.39950815877081636
0.6394816752137681
0.5885778478860219
0.29390010753475637
0.06982924055079079
0.2918944639796484
0.236519675802605
0.0851747634828457
0.520211052389836
0.8534514004250848
0.9203290445825895
0.6934446485507205
0.2973791589145237
0.0563377347663742
0.18019377358048377
0.009398579940165597
0.363629712594295
0.73735781543444
0.9068021338717311
0.7713916251914892
0.38831385354173215
0.0568858227879472
0.34725720315538006
0.3481844329808098
0.07816248693921526
0.30072640755287444
0.5678604096390572
0.560149301289136
0.258191684215929
0.20285964208219437
0.6036395739136793
0.7553578814821436
0.5988101726211148
0.2355342085088643
0.12542409266998034
0.27734948657400027
0.12469796037174652
0.2662681942478638
0.7017891041105413
0.9620088271208009
0.9163196292391994
0.5920653293473752
0.160414614285048
0.1533236602198371
0.18795251324463036
0.06887732542974338
0.4740230333290629
0.8039100320388126
0.8719849447589947
0.6269164529660337
0.17992638155457713
0.2532032650031126
0.46509408807505304
0.3654364170586615
0.028275198227965988
0.3469835287032967
0.5404489989428226
0.42748084926070573
0.04450418679126278
0.42970607415195394
0.7675114177783051
0.8116280450524433
0.5574909168632959
0.1554937608637648
0.1681101783122785
0.23014710218329978
0.013137134688112794
0.44292970578447466
0.8400717958688393
