-0.04463762355787845
0.05160550673852267
0.09219866783177197
0.07639517398413742
0.045308190386912084
0.009575077374796797
0.03497645498997286
0.10587604190309349
0.2142397293807078
0.27755517433590754
0.09909422717475382
0.06556548742685368
0.5117851165098238
0.3728792580875254
0.11885337646668923
0.22996709978571575
0.18976404750540182
0.5141939188061583
0.22743350759900416
0.1595310198855882
0.17043957505000287
0.30804807211732194
0.9266284280793687
0.6298081865893377
0.04328559668457548
0.7298275070098682
0.42532759741436593
0.11215005180918211
0.42051534678422087
0.3940716791514686
0.06462655815469964
0.04670548097588877
0.6727104341515938
0.013017501730742356
0.22427655899663934
0.10407804206725567
0.24495563517218685
0.6936579310377986
0.8565301659516362
0.267469274769219
1.0
0.8419241262351843
0.27743319343338196
0.486818113258924
0.19391801750642534
0.17141700990309233
0.3167455127955997
0.05260408335383689
0.0908614975316272
0.05244250715017549
0.35406050098146413
0.05924657484765011
0.18142581002348798
0.08503943799207796
0.009014023076294718
0.138930341453415
0.0328593965141331
0.07764576420617879
0.10185739353716708
0.022172150289387852
0.17896452618719347
0.1124857224638831
0.11472051429678694
0.020642622151258762
0.06540751929026441
0.08127414020404737
0.11365784646804747
0.055150834070017446
0.09600855909248086
0.0583058399419506
0.029960209239394485
0.021353837990641975
0.07503869750440516
0.11121059705341524
0.059027138437141816
0.04407878795240966
0.006450219254676803
0.01232738346394452
0.08939897255124113
0.19023634263674336
0.08989178354274045
2.7552110771059666E-4
0.11933713853361337
0.01965992869078902
0.0701835696209531
0.0036833047810527642
0.0043707802677105615
0.029714377282351725
0.01317965918078359
0.03192287727795558
0.054016797394598096
0.007597025839475655
0.03723369399641004
0.0831972254647028
0.021465754106306946
0.08054033890995758
0.06710870805831744
0.04259507279477174
0.08991465600239405
0.03182447313419598
0.13249604389818623
0.05387429475558607
0.051535939308140835
0.014222761627154457
0.05680336781673707
0.13677009570422263
0.008058403457216532
0.09301992839601506
0.07506412500609234
0.15216734407432156
0.029339756830693044
0.061155781052892336
0.06384794904315386
0.08363512274678607
0.011879357162428914
0.031482698170325604
0.023580821345429197
0.14430392416764384
0.032521307192344126
0.20202299523130246
0.06313789974866574
0.07186528557517853
0.03205824868591879
0.013334886845905357
0.07925470946829803
0.04818775877422331
0.10423030026696031
0.004890677224155291
0.017996066098334096
0.058726405775412806
0.00405215621851059
0.011556318282278266
0.004352188615978621
0.005248035113312157
0.013395655121215077
0.013858663958412669
0.006271535893911154
0.012225784201656327
0.028419689572643722
0.014363804749336215
0.016965599991727844
0.005653089754160302
0.02550079743652446
0.02597624213491406
0.0021997480536192935
0.014408061908685032
1.7024861799413618E-4
0.01699517950338014
0.00958444771834031
0.001449899573829691
0.001519170531072237
0.009099212919216611
0.0024081530215590307
0.0015500798610796267
0.0024924921840304417
0.02073279804138567
0.01188720486816941
0.006040707411740928
0.0022491592336178704
1.838509385155093E-4
0.006000272746337131
0.012127840437233159
0.01116452763334419
0.03450675938070529
0.0014742584149264753
0.02000943341998413
6.627604295510151E-5
0.009312445775362006
0.02078979548223864
0.016784841086447715
0.006839765721340224
0.008132974126637391
0.007911182658674439
0.005535403154169612
0.0048440248174498384
0.007829101661837605
0.0031064489907964704
2.1313104145089843E-4
0.008980436978677658
0.007196418783582075
0.005400015794213343
0.009864913413648093
0.005475635415611432
6.816630618560448E-5
0.014664357987425379
0.0037607603061488447
0.004298586005368382
0.008617076007834146
0.0018665045057296148
0.001323610867346054
0.006471459613168396
0.015803546386454884
0.006139938349044354
0.005942604004259245
0.00391970797837829
0.0024423363191854288
0.00859612670742736
0.004486406952145087
0.0026744746091667167
0.0077964824184148
0.015138286446464842
0.003287913707315971
0.003143862645670694
0.0012880132981730862
0.003156956319210547
8.47468468269184E-4
0.001411283555394245
5.824145342097505E-4
0.0018527029816224694
0.0015180136713612096
0.002097021500731914
0.002184826479714754
0.004087571034226296
0.0015154632445923313
0.005274882507970838
0.0019288240345740324
0.010848038050737661
0.0064489326157540225
0.006728022846083606
0.0014167216648143935
0.008199107410060472
0.010078929929624577
5.701756258096822E-4
0.0025234360394299385
0.0029717809531168045
0.005756814918243572
0.009075446743796957
0.0018679515673058278
1.4908409853826354E-5
0.0011036291324672011
0.004699933892393548
2.69842458669962E-4
0.004286223170638458
0.00272625878170916
0.003580664691884838
0.0012302582998882574
0.003868905849841763
0.005157119237518218
0.005065189278297123
0.0026961495395760172
0.0033258284587526434
6.903798918806328E-4
1.0666152047702717E-4
0.0038007492601409864
5.079073785240002E-4
0.0010664369937806368
0.004160050443320592
7.914829530140219E-4
2.4279542683370222E-4
0.004529890954249718
0.008209577442253794
0.005994027984747674
0.005214171004624794
0.008020073718653922
0.011433836857728311
0.006589963539127666
0.001394513475965949
0.0023796784365120796
0.0046817583169417925
0.004658323673660208
0.01244671712059422
0.009323388211732673
0.003482555385816991
0.004059722216668786
0.00281343627392585
0.004322110687943915
0.001554344746144693
0.0010320721165480978
0.005876267496437495
1.1633082798449705E-4
0.002197115766862458
0.001638038112909233
6.29915600589058E-5
0.005893313573954272
3.47719410662351E-4
0.005478126948446646
0.0038843000059733995
0.0015073164769430637
0.003247881410223182
0.0016733757743781345
0.0030140167668310514
0.0018511859203993338
2.3487398504666048E-4
0.0038399512526456243
0.0036197256652261063
0.003326009956809776
0.003645180454047116
0.0023478092646437338
0.004529294716254885
0.00210935522304648
0.004109000220869444
0.002392006906128675
0.003707113688646277
0.00402722421200404
0.002418051727003494
0.0033743444301362934
0.0040201532995432126
0.005508523474380269
1.2759559028050732E-4
0.007690673443093562
0.003939543950874929
0.003167124862295416
0.003798098724202711
5.292487105781892E-4
0.003975191813652557
0.0037671200577562374
0.0033022575693015368
0.004964595123903549
0.0032736150907066476
0.0013928003913646929
0.002542553597851038
0.002272116455259831
0.001442891518759807
0.0028192501717055965
0.003110301889167485
0.006670132381603861
0.0020854632705642143
0.002033013304556102
0.00269241629097368
0.002304208513306156
0.0040654967155669
0.0013748487972415765
0.00453765186639733
0.0017934075072310043
2.3584860036836107E-4
0.0027258449302221123
0.004076640677827297
0.004133872497424669
0.005289520050218108
0.004618864846864542
0.002861741230509461
7.34402700134698E-4
0.0035192290780094943
0.002701504906551422
0.0025326723207196407
0.005647869057782786
0.0068494578130258825
0.001451668735968048
0.0020570668499156324
0.004596753281201214
0.0030564077527207413
0.00378527288279494
0.005487833953599985
0.0027144207676263556
0.003223083950553381
0.0017534246811646463
0.0040369382285176374
0.0027592429762541035
0.0042816276266903685
0.0011797997807255357
0.0062354482812795094
0.006936613302651338
0.005396399279793393
0.005346853700131137
2.9157656878085395E-4
0.004023648625390878
2.2856555205755496E-4
0.0011091395574771273
0.0044254834385139335
0.0065249489886866525
0.004954816924785283
0.0019922160885168876
3.7521671070235216E-4
0.0018606878230250454
0.0011634154080321204
0.0016155106388093636
0.0010454305532778387
0.00458612540351996
0.004311043283296529
0.002287630017153913
0.00330394036534897
0.003986604255181582
0.002446817294082003
0.004620342263622159
9.296771335561894E-4
0.004033042267177848
6.802400826786796E-4
0.003267994250972022
0.002706503481367248
0.0024775751222186333
0.002250935547847553
0.0029522249118044035
5.211721386348638E-4
0.0022722614839740724
0.00422488135809508
0.0016760199175598297
0.0015949064667245638
0.004190820262736352
0.002101534976289744
1.7183734747164308E-4
0.003939517800469432
0.0049667807357835
0.003707217415102189
0.00355443619320989
0.002869421162716287
0.0013094280534153495
0.0028311556967352677
0.004470518852952802
0.002644107899870686
0.0017559235957939564
5.357027481305383E-4
0.0029550572845995307
0.0021563609823466606
0.002385779308112166
0.002675043967855002
0.0036976958124145093
0.0014258284569416716
0.006286658960740197
0.0016411481930670537
0.004086314535355763
0.0011353724962793322
0.0016578254923739902
0.0013552449291883205
9.575819734871175E-4
6.820530235986033E-4
0.0020651348262118938
0.0037527777190619538
0.002173492426711406
7.16743950268071E-4
0.004160074458658304
0.002627632000447833
0.0019120401107925514
0.0038208062693633176
0.0022312781002928714
0.004362056340179482
0.0032531635835598457
0.0020250501136902122
0.004093974554387715
0.0018458435840301723
2.6686302320368875E-4
0.001758037603465908
0.002345709288557405
0.005270444390520808
0.004267038299144829
0.0010934685432179804
0.002255072240759404
0.0029990203082062325
0.002256385125634823
0.0027893965319267266
0.003806190467689377
0.0038331760070163716
0.002419338831552227
0.001228276831675317
0.004141988338113774
0.002902377593642685
0.004811381487027523
0.0016919416881994982
4.204373018318058E-5
0.0022437777580851534
0.004124211222750364
0.0029535710528089294
0.002888796345460088
0.0027766646854071415
0.001239340201883209
0.003534444030911307
8.448741458149871E-5
0.002437307954762068
0.002345998356139424
0.0040668307546007625
0.004456050611976887
0.003964849584158178
0.004381189517930368
0.0016616614560202925
0.004381189517930368
0.003964849584158178
0.004456050611976887
0.0040668307546007625
0.002345998356139424
0.002437307954762068
8.448741458149871E-5
0.003534444030911307
0.001239340201883209
0.0027766646854071415
0.002888796345460088
0.0029535710528089294
0.004124211222750364
0.0022437777580851534
4.204373018318058E-5
0.0016919416881994982
0.004811381487027523
0.002902377593642685
0.004141988338113774
0.001228276831675317
0.002419338831552227
0.0038331760070163716
0.003806190467689377
0.0027893965319267266
0.002256385125634823
0.0029990203082062325
0.002255072240759404
0.0010934685432179804
0.004267038299144829
0.005270444390520808
0.002345709288557405
0.001758037603465908
2.6686302320368875E-4
0.0018458435840301723
0.004093974554387715
0.0020250501136902122
0.0032531635835598457
0.004362056340179482
0.0022312781002928714
0.0038208062693633176
0.0019120401107925514
0.002627632000447833
0.004160074458658304
7.16743950268071E-4
0.002173492426711406
0.0037527777190619538
0.0020651348262118938
6.820530235986033E-4
9.575819734871175E-4
0.0013552449291883205
0.0016578254923739902
0.0011353724962793322
0.004086314535355763
0.0016411481930670537
0.006286658960740197
0.0014258284569416716
0.0036976958124145093
0.002675043967855002
0.002385779308112166
0.0021563609823466606
0.0029550572845995307
5.357027481305383E-4
0.0017559235957939564
0.002644107899870686
0.004470518852952802
0.0028311556967352677
0.0013094280534153495
0.002869421162716287
0.00355443619320989
0.003707217415102189
0.0049667807357835
0.003939517800469432
1.7183734747164308E-4
0.002101534976289744
0.004190820262736352
0.0015949064667245638
0.0016760199175598297
0.00422488135809508
0.0022722614839740724
5.211721386348638E-4
0.0029522249118044035
0.002250935547847553
0.0024775751222186333
0.002706503481367248
0.003267994250972022
6.802400826786796E-4
0.004033042267177848
9.296771335561894E-4
0.004620342263622159
0.002446817294082003
0.003986604255181582
0.00330394036534897
0.002287630017153913
0.004311043283296529
0.00458612540351996
0.0010454305532778387
0.0016155106388093636
0.0011634154080321204
0.0018606878230250454
3.7521671070235216E-4
0.0019922160885168876
0.004954816924785283
0.0065249489886866525
0.0044254834385139335
0.0011091395574771273
2.2856555205755496E-4
0.004023648625390878
2.9157656878085395E-4
0.005346853700131137
0.005396399279793393
0.006936613302651338
0.0062354482812795094
0.0011797997807255357
0.0042816276266903685
0.0027592429762541035
0.0040369382285176374
0.0017534246811646463
0.003223083950553381
0.0027144207676263556
0.005487833953599985
0.00378527288279494
0.0030564077527207413
0.004596753281201214
0.0020570668499156324
0.001451668735968048
0.0068494578130258825
0.005647869057782786
0.0025326723207196407
0.002701504906551422
0.0035192290780094943
7.34402700134698E-4
0.002861741230509461
0.004618864846864542
0.005289520050218108
0.004133872497424669
0.004076640677827297
0.0027258449302221123
2.3584860036836107E-4
0.0017934075072310043
0.00453765186639733
0.0013748487972415765
0.0040654967155669
0.002304208513306156
0.00269241629097368
0.002033013304556102
0.0020854632705642143
0.006670132381603861
0.003110301889167485
0.0028192501717055965
0.001442891518759807
0.002272116455259831
0.002542553597851038
0.0013928003913646929
0.0032736150907066476
0.004964595123903549
0.0033022575693015368
0.0037671200577562374
0.003975191813652557
5.292487105781892E-4
0.003798098724202711
0.003167124862295416
0.003939543950874929
0.007690673443093562
1.2759559028050732E-4
0.005508523474380269
0.0040201532995432126
0.0033743444301362934
0.002418051727003494
0.00402722421200404
0.003707113688646277
0.002392006906128675
0.004109000220869444
0.00210935522304648
0.004529294716254885
0.0023478092646437338
0.003645180454047116
0.003326009956809776
0.0036197256652261063
0.0038399512526456243
2.3487398504666048E-4
0.0018511859203993338
0.0030140167668310514
0.0016733757743781345
0.003247881410223182
0.0015073164769430637
0.0038843000059733995
0.005478126948446646
3.47719410662351E-4
0.005893313573954272
6.29915600589058E-5
0.001638038112909233
0.002197115766862458
1.1633082798449705E-4
0.005876267496437495
0.0010320721165480978
0.001554344746144693
0.004322110687943915
0.00281343627392585
0.004059722216668786
0.003482555385816991
0.009323388211732673
0.01244671712059422
0.004658323673660208
0.0046817583169417925
0.0023796784365120796
0.001394513475965949
0.006589963539127666
0.011433836857728311
0.008020073718653922
0.005214171004624794
0.005994027984747674
0.008209577442253794
0.004529890954249718
2.4279542683370222E-4
7.914829530140219E-4
0.004160050443320592
0.0010664369937806368
5.079073785240002E-4
0.0038007492601409864
1.0666152047702717E-4
6.903798918806328E-4
0.0033258284587526434
0.0026961495395760172
0.005065189278297123
0.005157119237518218
0.003868905849841763
0.0012302582998882574
0.003580664691884838
0.00272625878170916
0.004286223170638458
2.69842458669962E-4
0.004699933892393548
0.0011036291324672011
1.4908409853826354E-5
0.0018679515673058278
0.009075446743796957
0.005756814918243572
0.0029717809531168045
0.0025234360394299385
5.701756258096822E-4
0.010078929929624577
0.008199107410060472
0.0014167216648143935
0.006728022846083606
0.0064489326157540225
0.010848038050737661
0.0019288240345740324
0.005274882507970838
0.0015154632445923313
0.004087571034226296
0.002184826479714754
0.002097021500731914
0.0015180136713612096
0.0018527029816224694
5.824145342097505E-4
0.001411283555394245
8.47468468269184E-4
0.003156956319210547
0.0012880132981730862
0.003143862645670694
0.003287913707315971
0.015138286446464842
0.0077964824184148
0.0026744746091667167
0.004486406952145087
0.00859612670742736
0.0024423363191854288
0.00391970797837829
0.005942604004259245
0.006139938349044354
0.015803546386454884
0.006471459613168396
0.001323610867346054
0.0018665045057296148
0.008617076007834146
0.004298586005368382
0.0037607603061488447
0.014664357987425379
6.816630618560448E-5
0.005475635415611432
0.009864913413648093
0.005400015794213343
0.007196418783582075
0.008980436978677658
2.1313104145089843E-4
0.0031064489907964704
0.007829101661837605
0.0048440248174498384
0.005535403154169612
0.007911182658674439
0.008132974126637391
0.006839765721340224
0.016784841086447715
0.02078979548223864
0.009312445775362006
6.627604295510151E-5
0.02000943341998413
0.0014742584149264753
0.03450675938070529
0.01116452763334419
0.012127840437233159
0.006000272746337131
1.838509385155093E-4
0.0022491592336178704
0.006040707411740928
0.01188720486816941
0.02073279804138567
0.0024924921840304417
0.0015500798610796267
0.0024081530215590307
0.009099212919216611
0.001519170531072237
0.001449899573829691
0.00958444771834031
0.01699517950338014
1.7024861799413618E-4
0.014408061908685032
0.0021997480536192935
0.02597624213491406
0.02550079743652446
0.005653089754160302
0.016965599991727844
0.014363804749336215
0.028419689572643722
0.012225784201656327
0.006271535893911154
0.013858663958412669
0.013395655121215077
0.005248035113312157
0.004352188615978621
0.011556318282278266
0.00405215621851059
0.058726405775412806
0.017996066098334096
0.004890677224155291
0.10423030026696031
0.04818775877422331
0.07925470946829803
0.013334886845905357
0.03205824868591879
0.07186528557517853
0.06313789974866574
0.20202299523130246
0.032521307192344126
0.14430392416764384
0.023580821345429197
0.031482698170325604
0.011879357162428914
0.08363512274678607
0.06384794904315386
0.061155781052892336
0.029339756830693044
0.15216734407432156
0.07506412500609234
0.09301992839601506
0.008058403457216532
0.13677009570422263
0.05680336781673707
0.014222761627154457
0.051535939308140835
0.05387429475558607
0.13249604389818623
0.03182447313419598
0.08991465600239405
0.04259507279477174
0.06710870805831744
0.08054033890995758
0.021465754106306946
0.0831972254647028
0.03723369399641004
0.007597025839475655
0.054016797394598096
0.03192287727795558
0.01317965918078359
0.029714377282351725
0.0043707802677105615
0.0036833047810527642
0.0701835696209531
0.01965992869078902
0.11933713853361337
2.7552110771059666E-4
0.08989178354274045
0.19023634263674336
0.08939897255124113
0.01232738346394452
0.006450219254676803
0.04407878795240966
0.059027138437141816
0.11121059705341524
0.07503869750440516
0.021353837990641975
0.029960209239394485
0.0583058399419506
0.09600855909248086
0.055150834070017446
0.11365784646804747
0.08127414020404737
0.06540751929026441
0.020642622151258762
0.11472051429678694
0.1124857224638831
0.17896452618719347
0.022172150289387852
0.10185739353716708
0.07764576420617879
0.0328593965141331
0.138930341453415
0.009014023076294718
0.08503943799207796
0.18142581002348798
0.05924657484765011
0.35406050098146413
0.05244250715017549
0.0908614975316272
0.05260408335383689
0.3167455127955997
0.17141700990309233
0.19391801750642534
0.486818113258924
0.27743319343338196
0.8419241262351843
1.0
0.267469274769219
0.8565301659516362
0.6936579310377986
0.24495563517218685
0.10407804206725567
0.22427655899663934
0.013017501730742356
0.6727104341515938
0.04670548097588877
0.06462655815469964
0.3940716791514686
0.42051534678422087
0.11215005180918211
0.42532759741436593
0.7298275070098682
0.04328559668457548
0.6298081865893377
0.9266284280793687
0.30804807211732194
0.17043957505000287
0.1595310198855882
0.22743350759900416
0.5141939188061583
0.18976404750540182
0.22996709978571575
0.11885337646668923
0.3728792580875254
0.5117851165098238
0.06556548742685368
0.09909422717475382
0.27755517433590754
0.2142397293807078
0.10587604190309349
0.03497645498997286
0.009575077374796797
0.045308190386912084
0.07639517398413742
0.09219866783177197
0.05160550673852267
