-0.04841292056300063
0.04238688643299501
0.17874673354609275
0.032853201769939624
0.05514274688648251
0.024803835021214474
0.048085616562357256
0.07652679383058113
0.1694700529862709
0.2240054885429687
0.3928909780049642
0.24378607660578266
0.11676457371706717
0.12151640413906391
0.07599406851112218
0.1758332388149164
0.01868631907889097
0.1603575245030713
0.04329919877157228
0.1609715482721253
0.17846446744969757
0.005058884417500383
0.35997445714667126
0.19989177218006293
0.13962793869602497
0.04333800958186085
1.0
0.3019322289145888
0.07428104913814605
0.23354832291773844
0.1908895902406423
0.10262435920040756
0.16928567329067967
0.7865140386611437
0.44934256564630354
0.18702465512426952
0.061567794679361805
0.08380220634398804
0.7295864850269531
0.4625619242433323
0.26508142039440247
0.4839422978934456
0.482481572294312
0.010935756333458186
0.009649071274640148
0.20902456460386307
0.16983749368382683
0.18380636871495412
0.2645836439150288
0.16914381730875108
0.32700128639337045
0.2027805753482233
0.011738025429390113
0.1624036050724395
0.08828283900271137
0.03922199250455041
0.13776921695261293
0.06954207509903218
0.30564537207793807
0.04788431373474643
0.19862662317799296
0.14198924650970882
0.10330973798790681
0.021178499602943827
0.1257661809977524
0.09262245690068228
0.026668014264399482
0.15187114716395794
0.30450387765670606
0.34187727402494783
0.20806204328969985
0.12595393250063044
0.1490622463798176
0.2142247841197655
0.065665639180202
0.04943541653643125
0.05208422041422462
0.0808687250441164
0.12773501343152457
0.0021032659920910816
0.07766042795864642
0.043552091419250386
0.048008614421246217
0.25144526445040033
0.20215153096337773
0.019136002162033754
6.027778328099164E-4
0.06424332103838987
0.14210130864546297
0.0247335702182451
0.062133576688177934
0.0025819693957063856
0.05395126977133675
0.20093994093832826
0.04640943026465216
0.08975275303690618
0.09476451071884029
0.07149073419464143
0.013155524441141165
0.2230599397522567
0.17435167914286936
0.1247321425002261
0.05330253850771967
0.2662997231351061
0.03359594516088795
0.23149012196248273
0.08180309117562529
0.07099749943909843
0.06847753660615508
0.21284748485366853
0.09930461718463829
0.08810958510354595
0.14830528075586305
0.13323093746003167
0.05359473102671929
0.09985416151684726
0.09712591739654926
0.014798520571522828
0.10396882126051572
0.172450441901557
0.05234466413891167
0.08156058608700253
0.015999422516271313
0.0358808767605499
0.08404808249898152
0.08465935372130846
0.12463982630611055
0.12401641367731171
0.010610985343524703
0.06523454925020708
0.06572434530294374
0.002323908777028547
0.08495767169628379
0.008240978122210939
0.12148791445156559
0.049566590649271054
0.041493251262335155
0.014626823916612033
0.03485644340064345
0.015071284789477458
0.008113461986218554
0.020839923424816706
0.024597331141791717
0.03793542178252912
0.03249699782683796
0.006268971106798807
0.0030783644672903467
0.012180336944461453
0.011873753340274172
0.029448063042148045
0.012125716509433778
0.025603930424740087
0.01043171476628474
0.01609917733177724
1.8813311099611556E-4
0.015058444934750202
0.0031293722785718284
0.0037448957268088803
0.009337098527130962
0.010831930546657575
0.0021374779228108503
0.013189253267485055
0.005314925220593519
0.015443382210246093
0.005198586481030368
0.01010685802945053
2.570700901517314E-4
0.00859801997869175
0.004265327204871761
0.01666440689604791
0.0017771494166483126
0.004320002487293555
0.01817505179286799
0.014101183249576313
0.005342385557942235
0.0031498036216504356
5.075317466924238E-4
0.01761504249429834
0.0047533534423384975
0.004433001139090644
0.005944907609593423
2.981566446719086E-4
0.010248716589350563
0.007069534202896295
0.0017628928052981685
0.013434757083365508
7.276210992046297E-5
0.005027344993829214
0.016499309541385968
8.09638291339118E-4
0.005586439515445142
0.01273087458529888
0.012744796090363766
0.007849697886531629
0.01000282743215256
0.010715120712823361
0.007804162064358199
0.0021593752462334376
3.0899842565912676E-4
0.004377280726691166
0.0027783236557487796
0.013244115145377927
6.506627225285311E-4
0.0040454227968883105
1.7856886879236665E-4
0.013693952232340522
0.008307451366288212
0.0018238534892614535
0.003260870521485978
0.006351093381578908
0.003423669979462105
0.00718739266716652
0.01020810655385238
8.82232476438981E-5
0.010836507917133737
0.005979762908928896
2.239093019070679E-4
0.005385694113299165
0.020140140382618785
6.419474864011497E-4
0.0063739439857465946
0.017531065875307048
0.015804935713659422
0.008722900863797844
0.0025600790088128695
0.002927224964133109
0.006033054221450523
0.01138217724409788
0.0019672973758842523
0.004896394554599188
0.006744846472354223
0.01041003214178511
0.009364467817248116
0.002330347565233588
0.010837659759093104
0.016362292991541627
0.0014864640480614147
8.450521146936296E-4
0.006513849501620874
0.0053912694073915916
0.007155556572823066
0.0021972153995566492
5.071839697396171E-4
0.007387982793647056
0.001832974773233673
0.0025762149192520086
0.008491899718078542
0.0035404499384964518
0.0012526448142904103
0.002549098265421759
0.0029477203490549664
0.00823612054048851
0.0064778529375279946
0.007512630706078923
0.0015330136563004347
0.008700044014567764
0.002107472643878141
0.0027070217445754616
4.091005239401275E-4
0.012296304920195959
0.004935084012279294
0.0026161273256623215
0.0056022101971055
0.01026104381450931
0.0010861541988655505
0.0033218013877950423
0.010972937745952406
0.008622469969113361
0.010055414687540325
0.009076122198751686
0.0015921772080295623
0.001281382272521121
0.011370557556930285
0.012758620732562766
0.0022530671529075574
0.005442514687944165
0.0067674905265026125
0.0014087677977078139
5.998506140386266E-4
9.989550936599638E-4
0.010676503420545548
0.007172460893370565
0.00660122657326242
0.005152706131537512
9.15952870922473E-4
0.006458052671044264
0.00818438036278876
0.0032277281566881737
0.010630984401967006
0.006020627196330455
0.005650809410152221
2.3722164271758748E-4
0.0014311601293035823
6.477837255705805E-4
0.0038852137521976885
0.0022052394628103308
4.1349860385015586E-5
0.0034233923507970576
0.004658506992198808
0.0038605674050776976
8.530924837533894E-4
0.001904295682036426
0.0017313908773162502
0.006810468140727478
0.002637914089150002
0.0033116312633404634
0.002122381693581162
0.0023461756928414177
1.2542207399741186E-4
0.002587597215882386
0.014830323190397813
0.007778222155961658
0.0068950705819399265
0.002205188854596787
0.0030879329844083437
0.005601136595337773
7.846675495233111E-5
7.314201980920575E-5
0.003187010606173406
2.77453877880482E-4
0.0024524493327832356
9.611110680831862E-4
0.007691176447220837
7.037029441132769E-4
0.01625573107298356
0.009106996140329622
0.0054983298746377335
0.0067652509280473035
7.644960459105063E-4
0.004836146941562686
0.002770260847158343
0.003238213536819976
0.01470091881915174
0.002266280680602506
0.002078488854724549
0.0023225897204133417
0.00821385384913959
1.4950119930322864E-4
0.002631292143143472
0.00163596394573173
6.050222334350256E-5
0.005973595201469687
0.0023816416268860456
0.0033156374097097056
7.518741272927648E-4
0.007513392272162882
6.952984719982191E-4
0.0037507782408880575
9.142008811539942E-4
0.0022422973186790817
0.003728298249097678
0.0056585580618038105
0.0023330427826839164
7.364446534856421E-4
0.009612564451628012
2.7626898516519056E-4
0.0075565151662184875
0.0049015719388203005
0.005040297259008577
0.001720787918831029
0.001456149451833576
0.00444441366727238
0.011400420568223492
0.0048908924479777694
0.006155702721525988
0.001950292554517569
0.0031895070416445882
0.010256248860232969
0.005677562939426637
5.49792841802322E-4
0.0033556228550826943
0.0029642426313539164
0.014686790217793972
0.003956189022334505
0.0030735661542084813
0.0023090645526873243
0.001237738436962885
0.011391749133081637
0.003273432105166978
0.011783501426743836
0.0027643106489527035
0.0023273114881420314
0.0025495994295722285
3.441245473701523E-4
0.006607419187296302
0.0017901073887487784
0.0017432339638035795
0.002256512686961174
0.001790164313578511
0.0020368252432363637
0.004370853048309148
8.117396205829163E-4
9.886459591174631E-5
0.009134268402362823
0.0022814921761173637
0.004078403522679984
0.002503946991597832
0.006180899050382255
0.0041474020828973475
6.987675110360986E-4
0.0054280186383631164
0.0048470456687022025
8.206096447766564E-4
0.00988816406332101
0.006406620212893198
0.0022402871937311315
0.0018692159779283269
0.006584667648180036
0.001181706083403882
0.015206885237856224
0.001549021552262519
0.003435009087519948
0.011514943092336128
2.7022007673788E-4
0.0013557877902400687
0.006136312433964676
0.0034066157567850864
0.0013427671467630387
0.010808219377922302
0.0051544397972278855
0.010112034855411242
0.009732439064541794
0.005100485687515917
0.007428936676281737
0.007540579299902742
0.006191125749515497
0.0023887241770619363
0.002995948259642628
0.0027582494376281437
0.011079382974894934
7.237062536442187E-4
0.011883256917066706
0.001072776437019382
6.333422808033471E-4
0.0021747421861543306
4.0395599768749084E-4
0.0033245187266207534
0.0029035838603009797
0.01509964630803303
0.0061631484907262715
0.010028430843149966
0.009650062658553525
0.0013292098162703382
0.003581405787283685
0.010419123356651934
6.290967521992488E-4
0.0057339540370447434
0.007251841813095916
0.005677136035377888
0.0025403455042672727
0.003952998547434613
0.001688111095324676
0.006845706803724432
0.0171532226033421
0.007155425316131548
0.002463632924757824
5.466182687787252E-4
0.0098097492120757
0.003766162977573675
0.002841909748573593
0.009133650228167933
0.007714589216430799
7.525324439844658E-4
0.007714589216430799
0.009133650228167933
0.002841909748573593
0.003766162977573675
0.0098097492120757
5.466182687787252E-4
0.002463632924757824
0.007155425316131548
0.0171532226033421
0.006845706803724432
0.001688111095324676
0.003952998547434613
0.0025403455042672727
0.005677136035377888
0.007251841813095916
0.0057339540370447434
6.290967521992488E-4
0.010419123356651934
0.003581405787283685
0.0013292098162703382
0.009650062658553525
0.010028430843149966
0.0061631484907262715
0.01509964630803303
0.0029035838603009797
0.0033245187266207534
4.0395599768749084E-4
0.0021747421861543306
6.333422808033471E-4
0.001072776437019382
0.011883256917066706
7.237062536442187E-4
0.011079382974894934
0.0027582494376281437
0.002995948259642628
0.0023887241770619363
0.006191125749515497
0.007540579299902742
0.007428936676281737
0.005100485687515917
0.009732439064541794
0.010112034855411242
0.0051544397972278855
0.010808219377922302
0.0013427671467630387
0.0034066157567850864
0.006136312433964676
0.0013557877902400687
2.7022007673788E-4
0.011514943092336128
0.003435009087519948
0.001549021552262519
0.015206885237856224
0.001181706083403882
0.006584667648180036
0.0018692159779283269
0.0022402871937311315
0.006406620212893198
0.00988816406332101
8.206096447766564E-4
0.0048470456687022025
0.0054280186383631164
6.987675110360986E-4
0.0041474020828973475
0.006180899050382255
0.002503946991597832
0.004078403522679984
0.0022814921761173637
0.009134268402362823
9.886459591174631E-5
8.117396205829163E-4
0.004370853048309148
0.0020368252432363637
0.001790164313578511
0.002256512686961174
0.0017432339638035795
0.0017901073887487784
0.006607419187296302
3.441245473701523E-4
0.0025495994295722285
0.0023273114881420314
0.0027643106489527035
0.011783501426743836
0.003273432105166978
0.011391749133081637
0.001237738436962885
0.0023090645526873243
0.0030735661542084813
0.003956189022334505
0.014686790217793972
0.0029642426313539164
0.0033556228550826943
5.49792841802322E-4
0.005677562939426637
0.010256248860232969
0.0031895070416445882
0.001950292554517569
0.006155702721525988
0.0048908924479777694
0.011400420568223492
0.00444441366727238
0.001456149451833576
0.001720787918831029
0.005040297259008577
0.0049015719388203005
0.0075565151662184875
2.7626898516519056E-4
0.009612564451628012
7.364446534856421E-4
0.0023330427826839164
0.0056585580618038105
0.003728298249097678
0.0022422973186790817
9.142008811539942E-4
0.0037507782408880575
6.952984719982191E-4
0.007513392272162882
7.518741272927648E-4
0.0033156374097097056
0.0023816416268860456
0.005973595201469687
6.050222334350256E-5
0.00163596394573173
0.002631292143143472
1.4950119930322864E-4
0.00821385384913959
0.0023225897204133417
0.002078488854724549
0.002266280680602506
0.01470091881915174
0.003238213536819976
0.002770260847158343
0.004836146941562686
7.644960459105063E-4
0.0067652509280473035
0.0054983298746377335
0.009106996140329622
0.01625573107298356
7.037029441132769E-4
0.007691176447220837
9.611110680831862E-4
0.0024524493327832356
2.77453877880482E-4
0.003187010606173406
7.314201980920575E-5
7.846675495233111E-5
0.005601136595337773
0.0030879329844083437
0.002205188854596787
0.0068950705819399265
0.007778222155961658
0.014830323190397813
0.002587597215882386
1.2542207399741186E-4
0.0023461756928414177
0.002122381693581162
0.0033116312633404634
0.002637914089150002
0.006810468140727478
0.0017313908773162502
0.001904295682036426
8.530924837533894E-4
0.0038605674050776976
0.004658506992198808
0.0034233923507970576
4.1349860385015586E-5
0.0022052394628103308
0.0038852137521976885
6.477837255705805E-4
0.0014311601293035823
2.3722164271758748E-4
0.005650809410152221
0.006020627196330455
0.010630984401967006
0.0032277281566881737
0.00818438036278876
0.006458052671044264
9.15952870922473E-4
0.005152706131537512
0.00660122657326242
0.007172460893370565
0.010676503420545548
9.989550936599638E-4
5.998506140386266E-4
0.0014087677977078139
0.0067674905265026125
0.005442514687944165
0.0022530671529075574
0.012758620732562766
0.011370557556930285
0.001281382272521121
0.0015921772080295623
0.009076122198751686
0.010055414687540325
0.008622469969113361
0.010972937745952406
0.0033218013877950423
0.0010861541988655505
0.01026104381450931
0.0056022101971055
0.0026161273256623215
0.004935084012279294
0.012296304920195959
4.091005239401275E-4
0.0027070217445754616
0.002107472643878141
0.008700044014567764
0.0015330136563004347
0.007512630706078923
0.0064778529375279946
0.00823612054048851
0.0029477203490549664
0.002549098265421759
0.0012526448142904103
0.0035404499384964518
0.008491899718078542
0.0025762149192520086
0.001832974773233673
0.007387982793647056
5.071839697396171E-4
0.0021972153995566492
0.007155556572823066
0.0053912694073915916
0.006513849501620874
8.450521146936296E-4
0.0014864640480614147
0.016362292991541627
0.010837659759093104
0.002330347565233588
0.009364467817248116
0.01041003214178511
0.006744846472354223
0.004896394554599188
0.0019672973758842523
0.01138217724409788
0.006033054221450523
0.002927224964133109
0.0025600790088128695
0.008722900863797844
0.015804935713659422
0.017531065875307048
0.0063739439857465946
6.419474864011497E-4
0.020140140382618785
0.005385694113299165
2.239093019070679E-4
0.005979762908928896
0.010836507917133737
8.82232476438981E-5
0.01020810655385238
0.00718739266716652
0.003423669979462105
0.006351093381578908
0.003260870521485978
0.0018238534892614535
0.008307451366288212
0.013693952232340522
1.7856886879236665E-4
0.0040454227968883105
6.506627225285311E-4
0.013244115145377927
0.0027783236557487796
0.004377280726691166
3.0899842565912676E-4
0.0021593752462334376
0.007804162064358199
0.010715120712823361
0.01000282743215256
0.007849697886531629
0.012744796090363766
0.01273087458529888
0.005586439515445142
8.09638291339118E-4
0.016499309541385968
0.005027344993829214
7.276210992046297E-5
0.013434757083365508
0.0017628928052981685
0.007069534202896295
0.010248716589350563
2.981566446719086E-4
0.005944907609593423
0.004433001139090644
0.0047533534423384975
0.01761504249429834
5.075317466924238E-4
0.0031498036216504356
0.005342385557942235
0.014101183249576313
0.01817505179286799
0.004320002487293555
0.0017771494166483126
0.01666440689604791
0.004265327204871761
0.00859801997869175
2.570700901517314E-4
0.01010685802945053
0.005198586481030368
0.015443382210246093
0.005314925220593519
0.013189253267485055
0.0021374779228108503
0.010831930546657575
0.009337098527130962
0.0037448957268088803
0.0031293722785718284
0.015058444934750202
1.8813311099611556E-4
0.01609917733177724
0.01043171476628474
0.025603930424740087
0.012125716509433778
0.029448063042148045
0.011873753340274172
0.012180336944461453
0.0030783644672903467
0.006268971106798807
0.03249699782683796
0.03793542178252912
0.024597331141791717
0.020839923424816706
0.008113461986218554
0.015071284789477458
0.03485644340064345
0.014626823916612033
0.041493251262335155
0.049566590649271054
0.12148791445156559
0.008240978122210939
0.08495767169628379
0.002323908777028547
0.06572434530294374
0.06523454925020708
0.010610985343524703
0.12401641367731171
0.12463982630611055
0.08465935372130846
0.08404808249898152
0.0358808767605499
0.015999422516271313
0.08156058608700253
0.05234466413891167
0.172450441901557
0.10396882126051572
0.014798520571522828
0.09712591739654926
0.09985416151684726
0.05359473102671929
0.13323093746003167
0.14830528075586305
0.08810958510354595
0.09930461718463829
0.21284748485366853
0.06847753660615508
0.07099749943909843
0.08180309117562529
0.23149012196248273
0.03359594516088795
0.2662997231351061
0.05330253850771967
0.1247321425002261
0.17435167914286936
0.2230599397522567
0.013155524441141165
0.07149073419464143
0.09476451071884029
0.08975275303690618
0.04640943026465216
0.20093994093832826
0.05395126977133675
0.0025819693957063856
0.062133576688177934
0.0247335702182451
0.14210130864546297
0.06424332103838987
6.027778328099164E-4
0.019136002162033754
0.20215153096337773
0.25144526445040033
0.048008614421246217
0.043552091419250386
0.07766042795864642
0.0021032659920910816
0.12773501343152457
0.0808687250441164
0.05208422041422462
0.04943541653643125
0.065665639180202
0.2142247841197655
0.1490622463798176
0.12595393250063044
0.20806204328969985
0.34187727402494783
0.30450387765670606
0.15187114716395794
0.026668014264399482
0.09262245690068228
0.1257661809977524
0.021178499602943827
0.10330973798790681
0.14198924650970882
0.19862662317799296
0.04788431373474643
0.30564537207793807
0.06954207509903218
0.13776921695261293
0.03922199250455041
0.08828283900271137
0.1624036050724395
0.011738025429390113
0.2027805753482233
0.32700128639337045
0.16914381730875108
0.2645836439150288
0.18380636871495412
0.16983749368382683
0.20902456460386307
0.009649071274640148
0.010935756333458186
0.482481572294312
0.4839422978934456
0.26508142039440247
0.4625619242433323
0.7295864850269531
0.08380220634398804
0.061567794679361805
0.18702465512426952
0.44934256564630354
0.7865140386611437
0.16928567329067967
0.10262435920040756
0.1908895902406423
0.23354832291773844
0.07428104913814605
0.3019322289145888
1.0
0.04333800958186085
0.13962793869602497
0.19989177218006293
0.35997445714667126
0.005058884417500383
0.17846446744969757
0.1609715482721253
0.04329919877157228
0.1603575245030713
0.01868631907889097
0.1758332388149164
0.07599406851112218
0.12151640413906391
0.11676457371706717
0.24378607660578266
0.3928909780049642
0.2240054885429687
0.1694700529862709
0.07652679383058113
0.048085616562357256
0.024803835021214474
0.05514274688648251
0.032853201769939624
0.17874673354609275
0.04238688643299501
