-0.03749779690968813
0.023163487124814582
0.10951118102291878
0.05920444353156857
0.026175073472905045
0.003465178274698833
0.12452502038290726
0.1106415134180924
0.0506718723075432
0.056838414821955216
0.06192781526946182
0.11062057989530309
0.07655274818506659
0.06403462825403719
0.22419168345069124
0.4253543275625065
0.03819889189670917
0.0010269154287977503
0.018678337805814963
0.105236814370019
0.10732680397490067
0.053552180847739106
0.13958369887726207
0.05574535776396574
0.30936409888948296
0.016233279880382413
0.17820301146538003
0.2085948033274204
0.12964195754435065
0.09367866872129225
0.006571091003649905
0.08675433424425706
0.008459019116512291
0.025718859906590372
0.06555041584184405
0.040716069731283513
0.10046205241539617
0.07916149655167265
0.15180800867079597
0.11001439732801556
0.2848804018240922
0.12416481510517517
0.003966485522572018
0.006752354125633373
0.01756003014591739
0.33139538041433975
0.5532741101593248
0.8239741980848735
1.0
0.12410196335778001
0.05850223244143398
0.11739695277241334
0.22482232832078625
0.25099990650040094
0.2624270895647991
0.29196644823691487
0.08023539467287857
0.028504611824277017
0.04545589855572345
0.10799391232809125
0.0722273578982015
0.24716448795343654
0.021208263534503644
0.5536606580865996
0.04220377693937386
0.07725227987729294
0.04689504408804255
0.2776756530177833
0.06662630922290286
0.1155418558793585
0.5876348041747892
0.2932736802980435
0.13300602754624444
0.08864867303162556
0.16016316677800677
0.024980329132452895
0.014308760304121766
0.04619919096463503
0.012936810213839543
0.040931846102382624
0.08295638839315245
0.06838378839683276
0.008489650128756276
0.10773718098931129
0.10491928449396128
0.04480750682816975
0.007916148182143454
0.0949361344186496
0.011163868436142263
0.1638921237889777
0.0333600777984527
0.024642561127747153
0.04270862203365893
0.05839499586195662
0.018428371265645144
0.06731914878374388
0.09576125482597034
0.13328475110690574
0.04285015612656372
0.08364466970488767
0.13758939026912245
0.09952003695885245
0.1604234978376587
0.001743064566160538
0.00634536430969073
0.07027700495333164
0.0618143091217939
0.03331239800098732
0.028182302736783713
0.117590196035321
0.12833351374568655
0.002774176695594539
0.02671604667676048
0.11581556240815893
0.11541372308400838
0.1890593816057081
0.20678071188060645
0.02235531762887469
0.01142297850636315
0.0963676561905995
0.06898271593294675
0.0012376691644119522
0.02220646395447244
0.03004700495736056
0.01274432864426189
0.026014150678141394
0.11591345000688476
0.05819762886736435
0.16876214799499206
0.03878851540589859
0.004815091675647353
0.028075192177137727
0.06335292372780298
0.18653256393545384
0.08093061474619055
0.11928285157461817
0.005084274807343789
0.025250687199760053
0.08505980509907136
0.07152757810032884
0.11405516901535677
0.32480519659563595
0.048761703332341255
0.06927810926621036
0.029461069890652305
0.07997458225975534
0.02445291446920544
0.053154767255910354
0.0592087053336113
0.028826579769477372
0.02308095935718071
0.036272142869339004
0.06323656354463962
0.002995720312288811
0.10624375791078304
0.06263709319529205
0.1101727513841699
0.04132614259493149
0.10020177281053409
0.0097543286106713
0.0010825497146172375
0.0385068371799399
0.04069255387510297
0.08574263969310329
0.3202857391054554
0.03312449446618276
0.0636049717413135
0.046207289743432405
0.06908646514041798
0.1146567531866528
0.1027289608923423
0.09620226286374872
0.18240992706518583
0.1905786477410668
0.02091953691950544
0.03865848968071062
0.006350670660505686
0.019842779720625203
0.05986248717629791
0.0677714166575947
0.04742705990135066
0.14341215881218608
0.025814408429963433
0.01988210904286649
0.1444173480909972
0.04554557946907399
0.09012569432645018
0.07200123065683599
0.06488526786816468
0.0432708969795866
0.04941153824566543
0.06605590725849138
4.702588961456269E-4
0.01626899818135284
0.03759367666130866
0.10913507580533326
0.15107973637565042
0.10179301398373597
0.03361468837741642
0.011676961958359683
0.009169728634795486
0.017176751012081173
0.0023575934540188796
0.07900616703982236
0.09846590618179055
0.09575690074422924
0.007989123122933772
0.009682963528223528
0.0641584411547778
0.04289665823528224
0.1030289387417987
0.04693715960247899
0.06601078779054911
0.0572869194545581
0.010638909867870845
0.00406131196004444
0.053569463883387035
0.023866802561765404
0.018334175019091747
0.0018860871628006435
0.0661227441983176
0.07454309831826249
0.014067139141522913
0.01884561936843461
0.01917316596601475
0.027308392734074642
0.0600258221604393
0.047833071335383684
0.010998645140208863
0.059515700830008546
0.10988897518378832
0.07499559381937626
0.0184208956181365
0.013197187993421008
0.0462441632396258
0.05431595977433805
0.03212459633473704
0.08433569359143152
0.10268228823710286
0.03794555984313
0.0498936017743834
0.01187313833613996
0.010595862009017522
0.006697458916847945
0.04162672261907872
0.023163912000903404
0.03406169474090595
0.06810145729721022
0.00800580068738385
0.04922401184910805
0.009700812448621914
0.16733663594195772
0.05675053551166472
0.03525830712740472
0.02688349103451023
0.03630009517401115
4.721139975870237E-5
0.076376683192303
0.05712796785983204
0.007376027989552023
0.03141015459447231
0.022177412438704566
0.02549881789326652
0.027723645443628882
0.06973861270340588
0.02266342349023287
0.016130158691585465
0.03532569480096957
0.06954685165647374
0.061396353350046194
0.11098054213078681
0.040363037171512905
0.01903634902425148
0.03677266542739531
0.05291110437725988
0.02348624368893317
0.008698436324510056
0.005297137455020259
0.0251084792001686
0.044286228136501994
0.021633057255908306
0.004903110079602125
0.044150182366423714
0.0022577494256448387
0.0751261625010058
0.050149337738239305
0.02399355988257811
0.04187460668544715
0.06836365237680897
0.023537800009110803
0.0366547515468992
0.011902327577755592
0.010747500640209465
4.327267360489916E-4
0.03217727729731539
0.028765506059552814
0.03683563675520994
0.05052085955330314
0.057064393619936225
0.04209945842285919
0.008468583374211287
0.03939117539101973
0.06658052266878979
0.015894656175362912
0.055283378778622
0.01916088393842161
0.0369771066563675
0.05859446828483574
0.018748898454844065
0.005696435738789763
0.053849985575464936
0.06240614785226632
0.04881242977280667
0.0027779868368774966
0.00792834600406812
0.018327624571149375
0.020323655290866563
0.013441350760068145
0.04336576841727139
0.013300978546787303
0.06156681300366443
0.03182191668075655
0.0461877551576724
0.055410230448957785
0.022587026972885105
0.0661563350451232
0.023257399401963523
0.0013622455123688223
0.026858209852058047
0.05145779131226768
0.06952705107515826
0.0072133190070639555
0.045034502444875606
0.05904634264940273
0.0023763594719195813
0.0603058102514043
0.06174790036406053
0.057677005453022075
0.012310791741122457
0.036885563089633755
0.008337049807079054
0.032112006081624504
0.0811010633704952
0.02206515450843527
0.033480062834505685
0.041452237831149916
0.00804569221844205
0.03302369431614187
0.00940151315721997
0.08339921203055452
0.0502621330284983
0.10685406865118555
0.019420489725061545
0.02870292206179115
0.02491293976434922
0.0584294898408131
0.03850222712699098
0.028424091716434893
0.022008214133764987
0.05211364285667943
0.001973793239667601
0.04944819491085302
0.04980398240648152
0.004188139628134948
7.913670427084595E-4
0.025263429716409703
0.06596981300260765
0.036410186680396625
0.02364124557765499
0.05586627136301222
0.03607007516097791
0.049254764446259196
0.0707541146642373
0.002510392488708125
0.03021631079338178
0.058336817022279705
0.015484079410847004
0.020087758695607975
0.08298450635598155
0.06782720863092619
0.050170748978163815
0.08228918624367575
0.02187661540856548
0.03276739782702364
0.02986172102284845
0.08369698787432317
0.0925231013272556
0.006357053831253442
0.03587290017808164
0.04663897423407454
0.028091117294672598
0.032872527981352956
0.05087273726509371
0.027370822652600855
0.0631208115683208
0.01486045692077045
0.023149284025825015
0.03244457768675316
0.0030146296866956535
0.01857003224663494
0.03573674884511179
0.005100218193114892
0.00447919428616313
0.009139006308277447
4.4568648609266676E-4
0.05883863818476749
0.03090522020931624
0.010408716771137614
0.06122443980121832
0.006208260169503053
0.05096046886885039
0.023614892972516545
0.007519024238627051
0.013021855621258968
0.05639125924936084
0.012114445371074086
0.014960009796410512
0.01343903531225091
0.03029774446722994
0.01265046281162101
0.05957908266078322
0.06087117891371539
0.08713585284085464
0.06220954742252811
0.007976839832841708
0.03952068657588584
0.0021478697045699837
0.028175391268443102
0.012113528368755884
0.0013317594543882057
0.03562089289390255
0.005603986957870829
0.008219207943205594
0.09907588737156252
0.054702400210479236
0.023499417170067125
0.01895438886609889
0.021800304109341428
0.02174334013797072
0.04527322140387412
0.039170500843838045
0.05753814589876696
0.045025057210527165
0.0639921312085142
3.8867415513635465E-4
0.02965479203980512
0.034142567844469306
0.035919867385923704
0.029624290733556997
0.009492664228600881
0.008805594275567059
0.06487774492341447
0.06113542717546703
0.06002854583167727
0.11376732552508594
0.03864788868328322
0.04842367020889413
0.023377975594543795
0.07304924812309364
0.04687424662742757
6.611886923573564E-4
0.09580064010406801
0.06249632818281355
0.09580064010406801
6.611886923573564E-4
0.04687424662742757
0.07304924812309364
0.023377975594543795
0.04842367020889413
0.03864788868328322
0.11376732552508594
0.06002854583167727
0.06113542717546703
0.06487774492341447
0.008805594275567059
0.009492664228600881
0.029624290733556997
0.035919867385923704
0.034142567844469306
0.02965479203980512
3.8867415513635465E-4
0.0639921312085142
0.045025057210527165
0.05753814589876696
0.039170500843838045
0.04527322140387412
0.02174334013797072
0.021800304109341428
0.01895438886609889
0.023499417170067125
0.054702400210479236
0.09907588737156252
0.008219207943205594
0.005603986957870829
0.03562089289390255
0.0013317594543882057
0.012113528368755884
0.028175391268443102
0.0021478697045699837
0.03952068657588584
0.007976839832841708
0.06220954742252811
0.08713585284085464
0.06087117891371539
0.05957908266078322
0.01265046281162101
0.03029774446722994
0.01343903531225091
0.014960009796410512
0.012114445371074086
0.05639125924936084
0.013021855621258968
0.007519024238627051
0.023614892972516545
0.05096046886885039
0.006208260169503053
0.06122443980121832
0.010408716771137614
0.03090522020931624
0.05883863818476749
4.4568648609266676E-4
0.009139006308277447
0.00447919428616313
0.005100218193114892
0.03573674884511179
0.01857003224663494
0.0030146296866956535
0.03244457768675316
0.023149284025825015
0.01486045692077045
0.0631208115683208
0.027370822652600855
0.05087273726509371
0.032872527981352956
0.028091117294672598
0.04663897423407454
0.03587290017808164
0.006357053831253442
0.0925231013272556
0.08369698787432317
0.02986172102284845
0.03276739782702364
0.02187661540856548
0.08228918624367575
0.050170748978163815
0.06782720863092619
0.08298450635598155
0.020087758695607975
0.015484079410847004
0.058336817022279705
0.03021631079338178
0.002510392488708125
0.0707541146642373
0.049254764446259196
0.03607007516097791
0.05586627136301222
0.02364124557765499
0.036410186680396625
0.06596981300260765
0.025263429716409703
7.913670427084595E-4
0.004188139628134948
0.04980398240648152
0.04944819491085302
0.001973793239667601
0.05211364285667943
0.022008214133764987
0.028424091716434893
0.03850222712699098
0.0584294898408131
0.02491293976434922
0.02870292206179115
0.019420489725061545
0.10685406865118555
0.0502621330284983
0.08339921203055452
0.00940151315721997
0.03302369431614187
0.00804569221844205
0.041452237831149916
0.033480062834505685
0.02206515450843527
0.0811010633704952
0.032112006081624504
0.008337049807079054
0.036885563089633755
0.012310791741122457
0.057677005453022075
0.06174790036406053
0.0603058102514043
0.0023763594719195813
0.05904634264940273
0.045034502444875606
0.0072133190070639555
0.06952705107515826
0.05145779131226768
0.026858209852058047
0.0013622455123688223
0.023257399401963523
0.0661563350451232
0.022587026972885105
0.055410230448957785
0.0461877551576724
0.03182191668075655
0.06156681300366443
0.013300978546787303
0.04336576841727139
0.013441350760068145
0.020323655290866563
0.018327624571149375
0.00792834600406812
0.0027779868368774966
0.04881242977280667
0.06240614785226632
0.053849985575464936
0.005696435738789763
0.018748898454844065
0.05859446828483574
0.0369771066563675
0.01916088393842161
0.055283378778622
0.015894656175362912
0.06658052266878979
0.03939117539101973
0.008468583374211287
0.04209945842285919
0.057064393619936225
0.05052085955330314
0.03683563675520994
0.028765506059552814
0.03217727729731539
4.327267360489916E-4
0.010747500640209465
0.011902327577755592
0.0366547515468992
0.023537800009110803
0.06836365237680897
0.04187460668544715
0.02399355988257811
0.050149337738239305
0.0751261625010058
0.0022577494256448387
0.044150182366423714
0.004903110079602125
0.021633057255908306
0.044286228136501994
0.0251084792001686
0.005297137455020259
0.008698436324510056
0.02348624368893317
0.05291110437725988
0.03677266542739531
0.01903634902425148
0.040363037171512905
0.11098054213078681
0.061396353350046194
0.06954685165647374
0.03532569480096957
0.016130158691585465
0.02266342349023287
0.06973861270340588
0.027723645443628882
0.02549881789326652
0.022177412438704566
0.03141015459447231
0.007376027989552023
0.05712796785983204
0.076376683192303
4.721139975870237E-5
0.03630009517401115
0.02688349103451023
0.03525830712740472
0.05675053551166472
0.16733663594195772
0.009700812448621914
0.04922401184910805
0.00800580068738385
0.06810145729721022
0.03406169474090595
0.023163912000903404
0.04162672261907872
0.006697458916847945
0.010595862009017522
0.01187313833613996
0.0498936017743834
0.03794555984313
0.10268228823710286
0.08433569359143152
0.03212459633473704
0.05431595977433805
0.0462441632396258
0.013197187993421008
0.0184208956181365
0.07499559381937626
0.10988897518378832
0.059515700830008546
0.010998645140208863
0.047833071335383684
0.0600258221604393
0.027308392734074642
0.01917316596601475
0.01884561936843461
0.014067139141522913
0.07454309831826249
0.0661227441983176
0.0018860871628006435
0.018334175019091747
0.023866802561765404
0.053569463883387035
0.00406131196004444
0.010638909867870845
0.0572869194545581
0.06601078779054911
0.04693715960247899
0.1030289387417987
0.04289665823528224
0.0641584411547778
0.009682963528223528
0.007989123122933772
0.09575690074422924
0.09846590618179055
0.07900616703982236
0.0023575934540188796
0.017176751012081173
0.009169728634795486
0.011676961958359683
0.03361468837741642
0.10179301398373597
0.15107973637565042
0.10913507580533326
0.03759367666130866
0.01626899818135284
4.702588961456269E-4
0.06605590725849138
0.04941153824566543
0.0432708969795866
0.06488526786816468
0.07200123065683599
0.09012569432645018
0.04554557946907399
0.1444173480909972
0.01988210904286649
0.025814408429963433
0.14341215881218608
0.04742705990135066
0.0677714166575947
0.05986248717629791
0.019842779720625203
0.006350670660505686
0.03865848968071062
0.02091953691950544
0.1905786477410668
0.18240992706518583
0.09620226286374872
0.1027289608923423
0.1146567531866528
0.06908646514041798
0.046207289743432405
0.0636049717413135
0.03312449446618276
0.3202857391054554
0.08574263969310329
0.04069255387510297
0.0385068371799399
0.0010825497146172375
0.0097543286106713
0.10020177281053409
0.04132614259493149
0.1101727513841699
0.06263709319529205
0.10624375791078304
0.002995720312288811
0.06323656354463962
0.036272142869339004
0.02308095935718071
0.028826579769477372
0.0592087053336113
0.053154767255910354
0.02445291446920544
0.07997458225975534
0.029461069890652305
0.06927810926621036
0.048761703332341255
0.32480519659563595
0.11405516901535677
0.07152757810032884
0.08505980509907136
0.025250687199760053
0.005084274807343789
0.11928285157461817
0.08093061474619055
0.18653256393545384
0.06335292372780298
0.028075192177137727
0.004815091675647353
0.03878851540589859
0.16876214799499206
0.05819762886736435
0.11591345000688476
0.026014150678141394
0.01274432864426189
0.03004700495736056
0.02220646395447244
0.0012376691644119522
0.06898271593294675
0.0963676561905995
0.01142297850636315
0.02235531762887469
0.20678071188060645
0.1890593816057081
0.11541372308400838
0.11581556240815893
0.02671604667676048
0.002774176695594539
0.12833351374568655
0.117590196035321
0.028182302736783713
0.03331239800098732
0.0618143091217939
0.07027700495333164
0.00634536430969073
0.001743064566160538
0.1604234978376587
0.09952003695885245
0.13758939026912245
0.08364466970488767
0.04285015612656372
0.13328475110690574
0.09576125482597034
0.06731914878374388
0.018428371265645144
0.05839499586195662
0.04270862203365893
0.024642561127747153
0.0333600777984527
0.1638921237889777
0.011163868436142263
0.0949361344186496
0.007916148182143454
0.04480750682816975
0.10491928449396128
0.10773718098931129
0.008489650128756276
0.06838378839683276
0.08295638839315245
0.040931846102382624
0.012936810213839543
0.04619919096463503
0.014308760304121766
0.024980329132452895
0.16016316677800677
0.08864867303162556
0.13300602754624444
0.2932736802980435
0.5876348041747892
0.1155418558793585
0.06662630922290286
0.2776756530177833
0.04689504408804255
0.07725227987729294
0.04220377693937386
0.5536606580865996
0.021208263534503644
0.24716448795343654
0.0722273578982015
0.10799391232809125
0.04545589855572345
0.028504611824277017
0.08023539467287857
0.29196644823691487
0.2624270895647991
0.25099990650040094
0.22482232832078625
0.11739695277241334
0.05850223244143398
0.12410196335778001
1.0
0.8239741980848735
0.5532741101593248
0.33139538041433975
0.01756003014591739
0.006752354125633373
0.003966485522572018
0.12416481510517517
0.2848804018240922
0.11001439732801556
0.15180800867079597
0.07916149655167265
0.10046205241539617
0.040716069731283513
0.06555041584184405
0.025718859906590372
0.008459019116512291
0.08675433424425706
0.006571091003649905
0.09367866872129225
0.12964195754435065
0.2085948033274204
0.17820301146538003
0.016233279880382413
0.30936409888948296
0.05574535776396574
0.13958369887726207
0.053552180847739106
0.10732680397490067
0.105236814370019
0.018678337805814963
0.0010269154287977503
0.03819889189670917
0.4253543275625065
0.22419168345069124
0.06403462825403719
0.07655274818506659
0.11062057989530309
0.06192781526946182
0.056838414821955216
0.0506718723075432
0.1106415134180924
0.12452502038290726
0.003465178274698833
0.026175073472905045
0.05920444353156857
0.10951118102291878
0.023163487124814582
