-0.047248617531885036
0.053224790480754666
0.022752487268512374
0.022604943761788846
0.015383707291024866
0.05298232156982449
0.023350621607824907
0.01619710939987647
0.015878117686175416
0.03939826405184624
0.013798925393658635
0.05832527697721391
0.003471994449582052
0.0034863479313969725
0.025077900094683428
0.05302000706231716
0.04745266033289136
0.00894798090646312
0.0017447218455421429
0.06145857085063525
0.027249771330644698
0.023690470819650714
0.06087859393547041
0.11029480512019772
0.023284815844308637
0.01126593783474925
0.017944650724603377
0.06291727402752183
0.0682292116462029
0.0033408299996653566
0.002100128193813714
2.1578469083183063E-4
0.016108786282819292
0.018721738236808044
0.009962359750521555
0.04502555716428955
0.006535764034945642
0.03206378307442394
0.0024276082044696634
0.08852948159774592
0.030413531413569152
0.05381633663636997
0.004862112659198885
0.05798573620400188
0.11890055798586371
0.10732461134010801
0.27817580200737846
1.0
0.6366761446583711
0.21116469074422217
0.11959888500987617
0.06201264725567869
0.09549369665086033
0.09132622781739284
0.08932166584029254
0.12743880545281816
0.025746743112775264
0.02118998720698422
0.0021055290537180644
0.08319969855984502
0.002638397727354812
0.03461991097835716
0.045344089373724035
0.06865245168604756
0.031375546829443095
0.010136890079286521
0.023643382794675982
0.057849260317407905
0.12697922019357524
0.10329497898148508
0.1748196857280994
0.39583509679970724
0.0556456977515791
0.0812761792471236
0.03018789488235386
0.01668836943770274
0.0033887510796127562
0.003023711473091509
0.0030063376759261197
0.12754259117938832
0.013886517576310254
0.004723373940769905
0.016466563116600785
0.019346842284855486
0.018540509890801412
0.03310224802396851
0.00804886937101314
0.005696776131288237
0.008420093335761667
0.003940899906580479
0.013130326638338278
0.022282034801056342
0.035683792801130466
0.08779053651048285
0.015327039709425953
0.007027072243851454
0.055904779040908556
0.010550087699583606
0.04120350796017573
0.007649411161221496
0.004626655621882736
0.018501656643149757
0.03954083487928784
0.0021542951038235015
0.028122309553693672
0.0027843887952451107
0.011481325570439118
0.01396004153552852
0.04223948189421815
0.032434595554382495
0.020308692261697073
0.024764481337863218
0.037814407510384285
0.02282954751572627
0.007147249933879818
0.04262159126854683
0.005658588713661348
0.007132085414686756
0.029870787872596567
0.10673615468219595
0.023205559890554554
0.0013577861239226538
0.027074850333508607
0.006548033691578503
0.021359050747718215
0.020913609514401785
0.003890575012960012
0.033930943513196664
0.02448954451486522
0.023175271399645005
0.03652786699503069
0.02022491093673304
0.0016512869930917903
0.01278714654812608
0.013865591832791098
0.028702007054264362
0.03197450345094267
0.020896718661665797
0.03278962333868015
0.028606396214282077
0.01717917958294579
0.027985830888509332
0.09729661467325475
0.004705635929215195
3.9757109742811293E-4
0.011759030729794106
0.0027489073591844644
0.0033922101665036894
0.016097281897420643
0.022608713531751277
0.02302206926544382
0.033456053076959924
0.023502900246304477
0.037986358257242024
0.04134254034039941
0.006769393389482263
0.07209009928384913
0.03138390250173131
0.028072060478038723
0.05630005799187892
0.04764041225305801
0.03251376620494258
0.03834970107381216
0.02042025654012881
0.07769387356464767
0.039882011447751366
0.04472726713317193
0.035016635143418816
0.003281487236055327
0.020981525663282877
0.02005965598967932
0.01079938408587797
0.0540239779635931
0.008853844703170936
0.05639376021951838
0.06826351527239811
2.634106821345E-4
8.592449400763151E-4
0.03404025217829291
0.04541343482975826
0.08676527154242342
0.13256658691773368
0.005513251175219061
0.005127440565904453
0.020116358293421205
0.005835489567539119
0.04347199018847756
0.006356454651151887
0.08063745758268744
0.04235346581027129
0.016924828506416592
0.006110408045554815
0.00746533500680745
0.009571109778443807
0.05085043290516174
0.005899189783036925
0.07381505551402735
0.00196127132690545
0.010286829900377204
0.03487167611168622
0.018549057992478628
0.0089586933637193
0.02276284342386458
0.0574904701135064
0.008093622978944986
0.003048330396406534
0.009323332000776938
0.046440838033932605
0.022915571522443723
6.292299791345846E-5
0.017692873739126334
0.006623045505565078
0.0269814294664199
0.03617346548309668
0.0011014533128485774
0.0015258409340065623
0.017035515629814216
0.010256274971505143
0.025642146770898922
0.003279930580692294
0.0018159066738101513
0.06473637981825198
0.0012646599155466214
0.023200798157064877
0.047011932936243374
0.019592871449234852
0.022045605109812776
0.006328680043985558
0.054371551488586446
0.0028182137954083585
0.03385473563190268
0.007874769588647506
0.012401533883577424
0.009549376959101795
0.027671666258898532
0.02263795406619129
0.03982625783014479
0.0899800140996348
0.009291799700773267
0.04097449242703756
0.001725791915649858
0.0019369145610061726
0.03998850207697371
0.017929960244468662
0.058240030133545354
0.004834280868601953
0.005112393175743979
0.023302605018645794
0.018003278548614984
0.021138175590407222
0.015376636241976174
0.07317654726888803
0.0481424360436481
0.06190192242776117
0.007052844507517436
0.011360863443500152
0.018657360976282896
0.0010521693596037324
0.003247383203655596
0.0019399117889922154
0.07307603862892578
0.0228850076400935
0.021660044161788013
0.004615297068806261
0.027008822813857462
5.262455235398679E-4
0.006068073849383145
0.017584867154713486
0.020318833579900962
0.011895837995216653
0.016026179017297054
0.018963388558512487
0.021360903763918946
0.008163847753668114
0.005775626347103482
0.006585736440033367
0.03723166791202177
0.03026823917541623
0.007144639543788376
0.027224833213413464
0.011250253865688814
7.415659967442775E-4
0.0016145693894639222
0.008586296680052804
0.002222124705027241
0.0315730542260855
0.006034464161541008
0.014982968609011516
0.005483389193543638
0.012730359060179493
0.032982833462058526
0.02617355235677848
0.003832965607798581
0.03297712403669168
0.002394444700887477
0.02048744207428066
0.0015615239059354484
0.030308534192353322
0.032776837246985824
0.001424442908566174
0.029279293017737157
0.013421386307889813
0.011564769541387255
0.03196615513738043
0.025114401114683105
0.015373701324657053
0.023721402728569874
0.00816937775814119
0.0059060771914856295
0.02978410012325678
0.028511180431677215
0.011912083751220643
0.0019121492606472502
0.019655397650164146
0.02912469178974601
0.0352182278341619
0.029255000948406516
0.013896300909690977
0.03907929691466547
0.009754083999234877
0.024306938557739514
0.015384603652239901
0.013160644875159947
0.024878732614588065
0.0026104435175063356
0.014462006199934251
0.013317439875160948
0.0037574718189525365
0.026825867472854283
0.0402425641244472
0.006368519134786913
0.0036071907926032948
0.02431800815236699
0.033430301772686265
0.01752731793215843
0.005986939934857002
0.018309413002114413
0.015004151329969533
0.02162736639168887
0.10616333048323125
0.022409452966632076
0.019243366505002742
0.01796460723956501
0.010561040753853869
0.00937634647240397
0.02354432686020716
7.755832867837053E-4
0.019787754943858576
0.037086857535045814
0.005022127918373034
0.022046111581446395
0.015263884385967721
0.022024469327271038
0.01278776307390447
0.005828439436961818
0.019418151692509107
0.026153419605052068
9.425235841550635E-4
0.010899151288584168
0.017395574828184397
0.016314471593719463
4.037315815557951E-4
0.021231487772151236
0.006128821268834898
0.004415059625605625
0.005993692947062564
3.652808574200374E-5
0.006071179793539534
0.019538155429034528
0.0074193612426153525
0.0641267990806696
0.0076704103515250486
0.018686633155175946
0.0055805863241556435
0.047212001178824306
0.015464794557743616
0.018123007784750476
5.284223052264085E-4
0.0361268429941692
0.008641581757364378
0.025131316995678284
0.032484699477191514
0.004371242055377489
0.0054504557090647434
0.0038229671356325486
0.016663212498527254
0.01868177884794069
0.00557597616896374
0.01775632536350878
0.00930508013218302
0.0020959440551173813
0.04598563788914166
0.039390525077193095
0.01604516326901186
0.002514498764584316
0.015535273833927941
0.03370323609409063
0.0022247539854056693
0.0026506098581068377
0.004888155894228621
0.02192572625457138
0.018595601195938602
0.03373546671842585
0.015260184281660021
0.015548284003938833
0.02058456876933306
0.02300575615041959
0.04511407718991768
0.03339963825311821
0.008102547884733722
0.002571323045174973
0.014438417325796957
0.04214766186864649
0.04391860902099221
0.013074670353430462
0.025302710283657312
0.004050582760406914
0.0067688424925411664
0.01353109163024862
0.016407754182100897
0.009850286050617007
0.03955372213813632
0.05063713619796818
0.016726218714428694
0.012095159164700605
0.0017716642749548966
0.0016375061303853565
0.01517900795468496
0.03758748770790792
0.02981580538459271
0.00849796192362552
0.03733271061398486
0.02729300035895632
0.009235373633055101
1.254897047504884E-4
0.011741099726790672
0.05311387540393823
0.01878469683777494
0.02396725659747694
0.003998103412675778
0.01878434147801451
0.011431362604036897
0.011154824806814317
0.04671545442052412
5.136560503431372E-4
0.02769824934367124
0.0011791843544670965
0.020296594965883853
0.024003156203221986
0.03466912346738289
0.004517317601453547
9.820981757595203E-4
0.031354850836544025
0.008889113562123702
0.00362459243441815
0.03923385103868028
0.005858032072296907
0.002361899097236409
0.005509849022314329
0.014121764242723354
0.02770424589018387
0.031096789407796366
0.0
0.031096789407796366
0.02770424589018387
0.014121764242723354
0.005509849022314329
0.002361899097236409
0.005858032072296907
0.03923385103868028
0.00362459243441815
0.008889113562123702
0.031354850836544025
9.820981757595203E-4
0.004517317601453547
0.03466912346738289
0.024003156203221986
0.020296594965883853
0.0011791843544670965
0.02769824934367124
5.136560503431372E-4
0.04671545442052412
0.011154824806814317
0.011431362604036897
0.01878434147801451
0.003998103412675778
0.02396725659747694
0.01878469683777494
0.05311387540393823
0.011741099726790672
1.254897047504884E-4
0.009235373633055101
0.02729300035895632
0.03733271061398486
0.00849796192362552
0.02981580538459271
0.03758748770790792
0.01517900795468496
0.0016375061303853565
0.0017716642749548966
0.012095159164700605
0.016726218714428694
0.05063713619796818
0.03955372213813632
0.009850286050617007
0.016407754182100897
0.01353109163024862
0.0067688424925411664
0.004050582760406914
0.025302710283657312
0.013074670353430462
0.04391860902099221
0.04214766186864649
0.014438417325796957
0.002571323045174973
0.008102547884733722
0.03339963825311821
0.04511407718991768
0.02300575615041959
0.02058456876933306
0.015548284003938833
0.015260184281660021
0.03373546671842585
0.018595601195938602
0.02192572625457138
0.004888155894228621
0.0026506098581068377
0.0022247539854056693
0.03370323609409063
0.015535273833927941
0.002514498764584316
0.01604516326901186
0.039390525077193095
0.04598563788914166
0.0020959440551173813
0.00930508013218302
0.01775632536350878
0.00557597616896374
0.01868177884794069
0.016663212498527254
0.0038229671356325486
0.0054504557090647434
0.004371242055377489
0.032484699477191514
0.025131316995678284
0.008641581757364378
0.0361268429941692
5.284223052264085E-4
0.018123007784750476
0.015464794557743616
0.047212001178824306
0.0055805863241556435
0.018686633155175946
0.0076704103515250486
0.0641267990806696
0.0074193612426153525
0.019538155429034528
0.006071179793539534
3.652808574200374E-5
0.005993692947062564
0.004415059625605625
0.006128821268834898
0.021231487772151236
4.037315815557951E-4
0.016314471593719463
0.017395574828184397
0.010899151288584168
9.425235841550635E-4
0.026153419605052068
0.019418151692509107
0.005828439436961818
0.01278776307390447
0.022024469327271038
0.015263884385967721
0.022046111581446395
0.005022127918373034
0.037086857535045814
0.019787754943858576
7.755832867837053E-4
0.02354432686020716
0.00937634647240397
0.010561040753853869
0.01796460723956501
0.019243366505002742
0.022409452966632076
0.10616333048323125
0.02162736639168887
0.015004151329969533
0.018309413002114413
0.005986939934857002
0.01752731793215843
0.033430301772686265
0.02431800815236699
0.0036071907926032948
0.006368519134786913
0.0402425641244472
0.026825867472854283
0.0037574718189525365
0.013317439875160948
0.014462006199934251
0.0026104435175063356
0.024878732614588065
0.013160644875159947
0.015384603652239901
0.024306938557739514
0.009754083999234877
0.03907929691466547
0.013896300909690977
0.029255000948406516
0.0352182278341619
0.02912469178974601
0.019655397650164146
0.0019121492606472502
0.011912083751220643
0.028511180431677215
0.02978410012325678
0.0059060771914856295
0.00816937775814119
0.023721402728569874
0.015373701324657053
0.025114401114683105
0.03196615513738043
0.011564769541387255
0.013421386307889813
0.029279293017737157
0.001424442908566174
0.032776837246985824
0.030308534192353322
0.0015615239059354484
0.02048744207428066
0.002394444700887477
0.03297712403669168
0.003832965607798581
0.02617355235677848
0.032982833462058526
0.012730359060179493
0.005483389193543638
0.014982968609011516
0.006034464161541008
0.0315730542260855
0.002222124705027241
0.008586296680052804
0.0016145693894639222
7.415659967442775E-4
0.011250253865688814
0.027224833213413464
0.007144639543788376
0.03026823917541623
0.03723166791202177
0.006585736440033367
0.005775626347103482
0.008163847753668114
0.021360903763918946
0.018963388558512487
0.016026179017297054
0.011895837995216653
0.020318833579900962
0.017584867154713486
0.006068073849383145
5.262455235398679E-4
0.027008822813857462
0.004615297068806261
0.021660044161788013
0.0228850076400935
0.07307603862892578
0.0019399117889922154
0.003247383203655596
0.0010521693596037324
0.018657360976282896
0.011360863443500152
0.007052844507517436
0.06190192242776117
0.0481424360436481
0.07317654726888803
0.015376636241976174
0.021138175590407222
0.018003278548614984
0.023302605018645794
0.005112393175743979
0.004834280868601953
0.058240030133545354
0.017929960244468662
0.03998850207697371
0.0019369145610061726
0.001725791915649858
0.04097449242703756
0.009291799700773267
0.0899800140996348
0.03982625783014479
0.02263795406619129
0.027671666258898532
0.009549376959101795
0.012401533883577424
0.007874769588647506
0.03385473563190268
0.0028182137954083585
0.054371551488586446
0.006328680043985558
0.022045605109812776
0.019592871449234852
0.047011932936243374
0.023200798157064877
0.0012646599155466214
0.06473637981825198
0.0018159066738101513
0.003279930580692294
0.025642146770898922
0.010256274971505143
0.017035515629814216
0.0015258409340065623
0.0011014533128485774
0.03617346548309668
0.0269814294664199
0.006623045505565078
0.017692873739126334
6.292299791345846E-5
0.022915571522443723
0.046440838033932605
0.009323332000776938
0.003048330396406534
0.008093622978944986
0.0574904701135064
0.02276284342386458
0.0089586933637193
0.018549057992478628
0.03487167611168622
0.010286829900377204
0.00196127132690545
0.07381505551402735
0.005899189783036925
0.05085043290516174
0.009571109778443807
0.00746533500680745
0.006110408045554815
0.016924828506416592
0.04235346581027129
0.08063745758268744
0.006356454651151887
0.04347199018847756
0.005835489567539119
0.020116358293421205
0.005127440565904453
0.005513251175219061
0.13256658691773368
0.08676527154242342
0.04541343482975826
0.03404025217829291
8.592449400763151E-4
2.634106821345E-4
0.06826351527239811
0.05639376021951838
0.008853844703170936
0.0540239779635931
0.01079938408587797
0.02005965598967932
0.020981525663282877
0.003281487236055327
0.035016635143418816
0.04472726713317193
0.039882011447751366
0.07769387356464767
0.02042025654012881
0.03834970107381216
0.03251376620494258
0.04764041225305801
0.05630005799187892
0.028072060478038723
0.03138390250173131
0.07209009928384913
0.006769393389482263
0.04134254034039941
0.037986358257242024
0.023502900246304477
0.033456053076959924
0.02302206926544382
0.022608713531751277
0.016097281897420643
0.0033922101665036894
0.0027489073591844644
0.011759030729794106
3.9757109742811293E-4
0.004705635929215195
0.09729661467325475
0.027985830888509332
0.01717917958294579
0.028606396214282077
0.03278962333868015
0.020896718661665797
0.03197450345094267
0.028702007054264362
0.013865591832791098
0.01278714654812608
0.0016512869930917903
0.02022491093673304
0.03652786699503069
0.023175271399645005
0.02448954451486522
0.033930943513196664
0.003890575012960012
0.020913609514401785
0.021359050747718215
0.006548033691578503
0.027074850333508607
0.0013577861239226538
0.023205559890554554
0.10673615468219595
0.029870787872596567
0.007132085414686756
0.005658588713661348
0.04262159126854683
0.007147249933879818
0.02282954751572627
0.037814407510384285
0.024764481337863218
0.020308692261697073
0.032434595554382495
0.04223948189421815
0.01396004153552852
0.011481325570439118
0.0027843887952451107
0.028122309553693672
0.0021542951038235015
0.03954083487928784
0.018501656643149757
0.004626655621882736
0.007649411161221496
0.04120350796017573
0.010550087699583606
0.055904779040908556
0.007027072243851454
0.015327039709425953
0.08779053651048285
0.035683792801130466
0.022282034801056342
0.013130326638338278
0.003940899906580479
0.008420093335761667
0.005696776131288237
0.00804886937101314
0.03310224802396851
0.018540509890801412
0.019346842284855486
0.016466563116600785
0.004723373940769905
0.013886517576310254
0.12754259117938832
0.0030063376759261197
0.003023711473091509
0.0033887510796127562
0.01668836943770274
0.03018789488235386
0.0812761792471236
0.0556456977515791
0.39583509679970724
0.1748196857280994
0.10329497898148508
0.12697922019357524
0.057849260317407905
0.023643382794675982
0.010136890079286521
0.031375546829443095
0.06865245168604756
0.045344089373724035
0.03461991097835716
0.002638397727354812
0.08319969855984502
0.0021055290537180644
0.02118998720698422
0.025746743112775264
0.12743880545281816
0.08932166584029254
0.09132622781739284
0.09549369665086033
0.06201264725567869
0.11959888500987617
0.21116469074422217
0.6366761446583711
1.0
0.27817580200737846
0.10732461134010801
0.11890055798586371
0.05798573620400188
0.004862112659198885
0.05381633663636997
0.030413531413569152
0.08852948159774592
0.0024276082044696634
0.03206378307442394
0.006535764034945642
0.04502555716428955
0.009962359750521555
0.018721738236808044
0.016108786282819292
2.1578469083183063E-4
0.002100128193813714
0.0033408299996653566
0.0682292116462029
0.06291727402752183
0.017944650724603377
0.01126593783474925
0.023284815844308637
0.11029480512019772
0.06087859393547041
0.023690470819650714
0.027249771330644698
0.06145857085063525
0.0017447218455421429
0.00894798090646312
0.04745266033289136
0.05302000706231716
0.025077900094683428
0.0034863479313969725
0.003471994449582052
0.05832527697721391
0.013798925393658635
0.03939826405184624
0.015878117686175416
0.01619710939987647
0.023350621607824907
0.05298232156982449
0.015383707291024866
0.022604943761788846
0.022752487268512374
0.053224790480754666
