0.18984710220359347
0.0010589481128300579
0.03249572292900622
0.011039225085894147
0.1493444876569714
0.006517570156529682
0.06297645669512
0.06538502671780033
0.2653067181498175
0.048761317249089164
0.0018028231146616947
0.16537144382924177
0.04814723053228644
0.03779938383794687
0.045345000826939284
0.10822453787123856
0.04219086006737289
0.030580942098392027
0.01586405441798104
0.14515572914991026
0.02497487043595659
0.00202036658583489
0.06454617648056155
0.03526270731043179
0.05423394828828786
0.0921143004810362
0.06353970115664803
0.09368568288241605
0.04981007910773358
0.1098129327942148
0.028041647621398418
0.14154570671098507
0.028819122060938153
0.032987185308206116
4.408399587341873E-4
0.023648750433617107
0.054077852591103294
0.0877910344925508
0.05051429858925838
0.06376159816054851
0.08207758586401213
0.09310336298284433
0.03406578475598992
0.12195555660679483
0.15766529832276419
0.36197221499388454
1.0
0.4620682050323107
0.10267821824643837
0.06259740728171534
0.16992513164177742
0.19127086184198433
0.12285624349428749
0.07713675076000466
0.4923024500384941
0.17790618108857506
0.01781422814090917
0.16015184542356226
0.012421897832007967
0.1357210287391636
0.01213547002813273
0.057554548407887825
0.006317893457507021
0.019155575333682996
0.055620668158205225
0.03538355859968494
0.12583596371466957
0.0314147162647844
0.07087557399260921
0.4808513502113753
0.5158568944892917
0.1674751000434944
0.021938657934851495
0.01593071305298875
0.038392977017860125
0.012939069041163898
0.12869702988696466
0.7238528226338398
0.02198171512963471
0.06257163555519764
0.032282941819462216
0.1265341338260965
0.036856130384707815
0.001672915593241173
0.050240911591321484
0.16510315379778642
0.02492391166691205
0.02094118322089521
0.004154145640295687
0.07105695424042568
0.042148903979712674
0.057605967799880094
0.030155716050649917
0.15539908239899344
0.04104961487577937
0.015214336603000743
0.014905410372969394
0.07153101709346475
0.017093199956985803
0.0352553293726022
0.1322579917746923
0.02529834751142292
0.04076147851444896
0.028117281432363906
0.003122988032146351
0.08879937123325449
0.001232776460737537
0.025509699632414198
0.2695340357631785
0.015548736392082358
0.004916348353286709
0.053829413501723135
0.10781908051172423
0.028395361021579767
0.012875330457128213
0.0122598796766366
0.03662089786359348
0.047587369947171124
0.06253653769962837
0.004359993924300274
0.04239810737893565
0.01659863750725139
0.0037202199959643946
0.04919506126957847
0.032902770365398154
0.14444177071232323
0.010047794598638114
1.8085490117499258E-4
0.0055049837206158254
0.009586148299715396
0.0475055968027994
0.26155684199928453
0.026348449045241442
0.0836279961789872
0.08041738482039874
0.036050521866741715
0.06663477704669814
0.0848017600662488
0.088236805781373
0.08241311201210397
0.0426897531195541
0.07765261289067737
0.01082906660613203
0.08330065481685704
0.04870386031726116
0.16624768848167443
0.06980224200478496
0.09715219828211862
0.004851817639755016
0.05023997320540272
0.02484739620449939
0.06342724866178095
0.009111568817612057
0.041911469212035105
0.24860930050470573
0.20922112818586544
0.08255919520459322
0.0040304019839551
0.12582879284017462
0.03499541548726572
0.039156102695912146
0.07558038436219848
0.039249214202521955
0.0015770199413554058
0.02303204981143878
0.01688475473861635
0.044720098306636986
0.006278750543643942
0.016586450964598515
0.06629108924168074
0.05304146370537576
0.06004039516928071
0.0030810329398231243
0.0370763302747391
0.04900513499270827
0.017677410702130147
0.03611201662797065
0.043302627099594704
0.10437384614426914
0.057299643629099485
0.04954274965851069
0.07929929955371136
0.080969910680503
0.005985792580555602
0.1521351756824715
0.19648911367441801
0.045205791959273746
0.034512569016133726
0.06050751558225903
0.018290139492829146
0.024080065647608388
0.09234056342932984
0.033250202807984616
0.09116751388913387
0.04016005917594256
0.068207578868093
0.05812600609848726
0.019546592006377227
0.04466105643239027
0.06584050005603292
0.09581529911933709
0.1436167983721821
0.1689974292171464
0.029640971332296834
0.03244567755529977
0.020262478583539235
0.005200294307168983
0.0755849617392734
0.12505536277731402
0.03391346994941818
0.031687192044897824
0.019501266341676253
0.011613606190314789
0.02646400218280195
0.005678693813760467
0.07250406087999647
0.023689939074628675
0.009049369224173806
0.02946585540514414
0.0353948944325087
0.05011491444075766
0.029066777889136055
0.008942540706067825
0.08843250096651153
0.051797804856081195
0.038397159489613676
0.04792294170439062
0.05598197926490417
0.02415258636753879
0.006483804214881811
0.022148389622802505
0.018080676400342235
0.007828635015910627
0.016174529217035372
0.004775768223481758
0.015882202826972613
0.06227536121415088
0.029775442465920732
0.008605159713686446
0.16294801395685865
0.08482616094505274
0.0872044902151387
0.03817827449053931
0.011908947437586795
0.006389989042914759
0.050841212931660135
0.040720059397208894
0.060863909723660965
0.051268586500437585
0.09979166331563835
0.020270492542061733
0.03263163634944596
0.01727371848935627
0.018954998752732568
0.039476262936813056
0.06376772355487809
0.009715942284461272
0.01257805962605592
0.01121209221936653
0.0923476944427127
0.03130650608641533
0.08467770349432213
0.003580296755549511
0.06727958611207203
0.02945219902199458
0.07759739981253751
0.046381916321184824
0.028000588049983392
0.07589088411445322
0.06486541773740369
0.057196055410369005
0.08064470388130694
0.005567293592690107
0.04827232290189892
0.012778295515795918
0.026648887849724592
0.03924463923844256
0.05792235206985259
0.06801584256992929
0.018970184811946234
0.0438164140304647
0.003340938212108892
0.018916288665478627
0.028759541916046148
0.06426074987798343
0.08046864733029918
0.025128434433423587
0.0742275770449035
0.01817030010909574
0.032739314801384756
0.0011196736740120552
0.019605257372708147
0.013795873625363657
0.09472541519622527
0.006134966355097783
0.017642044371521358
0.017905749620345215
0.062331864481944055
0.05431344369908657
0.01802345217018528
0.03940852091851918
0.02499040345690401
0.03918303976011867
0.02826033223562613
0.07298688912002041
0.054880368773261495
0.04539665237143396
0.11035783218355373
0.0678025365012834
0.002463900811344331
0.0565182454663616
0.011748242527341147
0.012112912579942058
0.04643557531013285
0.021325404298446614
0.0034084951654708233
0.031162227469979743
0.05611036387691846
0.015502457303066826
0.06128620249411867
0.041152841111684775
0.00313889512066449
0.03759978496349308
0.10889571499778739
0.1176970926654421
0.016842921895544247
0.021440411868656983
0.016777054400858863
0.010275669446660264
0.008055294665741702
0.06003160395730367
0.031907076415677756
0.05279470673271528
0.007535131724282305
0.07362684715436013
0.024247783438531186
0.005718454002813752
0.021011759469963007
0.018481913041667384
0.099814216779517
0.07484641357709969
0.020374286012172612
0.038660997020468255
0.06810676889271848
0.03331247989447709
0.030809253431377734
0.05926820149741375
0.027675922008566656
0.00914656180567192
0.0796495332981224
0.07317006596186765
0.002904681057534257
0.0934308741019651
0.02791347013722736
0.042624734890400785
0.018046991155718898
0.06563642351310213
0.036880570441565924
0.0669392428324551
0.06648260420987373
0.010369999698647079
0.00908327498190823
0.03627551842136106
0.043962524217879315
0.027387862853952154
5.816214219267264E-4
0.009414453866134615
0.07724907753506942
0.01013576129147316
0.05966732926435993
0.06839201620386832
0.03297859496315829
0.012503343697071076
0.08811676694821666
0.029678570858833485
0.030089649795409068
0.06567377987694556
0.03136866577965496
0.05237876065788206
4.117240562379056E-4
0.041684649296801886
0.010419043098146234
0.02951620605997507
0.046317874533207196
0.02668264777546721
0.0277467812206637
0.017746442280005856
0.003575098658611054
0.04038290396126147
0.01619648486973811
0.041776823337800036
0.0021035771273342904
0.01778168435836035
0.051042571106854596
0.032018646151683525
0.09180448991164056
0.02415946436663711
0.04059628925128113
0.015901267412381622
0.023417978681201827
0.01757722810323775
0.05390385968407121
0.02864605432368533
0.036786101201404374
0.01576593675824508
0.04959604527580061
0.03771626032417514
0.04057613912799107
0.0158298869388994
0.00989105790003117
0.026043647076618767
0.03775412197479431
0.011688276059233676
0.07767791603942631
0.024598185572649048
0.008277083652306895
0.01720534467969202
0.0653281437180366
0.028786599509905916
3.528081419433084E-4
0.014144354253877701
0.08002370326987499
0.012511477156025835
0.014622652169257387
0.0488645975482787
0.03516458490289406
0.013495777396758358
0.036501485130336755
0.04141595255404313
0.01031473422406294
0.002658848593316545
0.030061083961046734
0.03963547151695851
5.708668619404572E-4
0.0024053323088491277
0.011309127207866093
0.03750193158154769
0.04216192189550337
0.060203949188255036
0.05996879630783469
0.05104541565411062
0.017829044365204202
0.04310508835756143
0.030125899407824733
0.03638005982970401
0.009440529933731321
0.016780808727977176
0.011362706841582467
0.0010776047171355756
0.010327253143632661
0.03925345018192248
0.03312005499720062
0.04333623015561404
0.05505344625480022
0.04006992379010172
2.9047837130072237E-4
0.027516042399908246
0.03265747677974667
0.003767972072063909
0.046998445250160815
0.05989527809774597
0.009224781547827889
0.04520169100085559
0.009224781547827889
0.05989527809774597
0.046998445250160815
0.003767972072063909
0.03265747677974667
0.027516042399908246
2.9047837130072237E-4
0.04006992379010172
0.05505344625480022
0.04333623015561404
0.03312005499720062
0.03925345018192248
0.010327253143632661
0.0010776047171355756
0.011362706841582467
0.016780808727977176
0.009440529933731321
0.03638005982970401
0.030125899407824733
0.04310508835756143
0.017829044365204202
0.05104541565411062
0.05996879630783469
0.060203949188255036
0.04216192189550337
0.03750193158154769
0.011309127207866093
0.0024053323088491277
5.708668619404572E-4
0.03963547151695851
0.030061083961046734
0.002658848593316545
0.01031473422406294
0.04141595255404313
0.036501485130336755
0.013495777396758358
0.03516458490289406
0.0488645975482787
0.014622652169257387
0.012511477156025835
0.08002370326987499
0.014144354253877701
3.528081419433084E-4
0.028786599509905916
0.0653281437180366
0.01720534467969202
0.008277083652306895
0.024598185572649048
0.07767791603942631
0.011688276059233676
0.03775412197479431
0.026043647076618767
0.00989105790003117
0.0158298869388994
0.04057613912799107
0.03771626032417514
0.04959604527580061
0.01576593675824508
0.036786101201404374
0.02864605432368533
0.05390385968407121
0.01757722810323775
0.023417978681201827
0.015901267412381622
0.04059628925128113
0.02415946436663711
0.09180448991164056
0.032018646151683525
0.051042571106854596
0.01778168435836035
0.0021035771273342904
0.041776823337800036
0.01619648486973811
0.04038290396126147
0.003575098658611054
0.017746442280005856
0.0277467812206637
0.02668264777546721
0.046317874533207196
0.02951620605997507
0.010419043098146234
0.041684649296801886
4.117240562379056E-4
0.05237876065788206
0.03136866577965496
0.06567377987694556
0.030089649795409068
0.029678570858833485
0.08811676694821666
0.012503343697071076
0.03297859496315829
0.06839201620386832
0.05966732926435993
0.01013576129147316
0.07724907753506942
0.009414453866134615
5.816214219267264E-4
0.027387862853952154
0.043962524217879315
0.03627551842136106
0.00908327498190823
0.010369999698647079
0.06648260420987373
0.0669392428324551
0.036880570441565924
0.06563642351310213
0.018046991155718898
0.042624734890400785
0.02791347013722736
0.0934308741019651
0.002904681057534257
0.07317006596186765
0.0796495332981224
0.00914656180567192
0.027675922008566656
0.05926820149741375
0.030809253431377734
0.03331247989447709
0.06810676889271848
0.038660997020468255
0.020374286012172612
0.07484641357709969
0.099814216779517
0.018481913041667384
0.021011759469963007
0.005718454002813752
0.024247783438531186
0.07362684715436013
0.007535131724282305
0.05279470673271528
0.031907076415677756
0.06003160395730367
0.008055294665741702
0.010275669446660264
0.016777054400858863
0.021440411868656983
0.016842921895544247
0.1176970926654421
0.10889571499778739
0.03759978496349308
0.00313889512066449
0.041152841111684775
0.06128620249411867
0.015502457303066826
0.05611036387691846
0.031162227469979743
0.0034084951654708233
0.021325404298446614
0.04643557531013285
0.012112912579942058
0.011748242527341147
0.0565182454663616
0.002463900811344331
0.0678025365012834
0.11035783218355373
0.04539665237143396
0.054880368773261495
0.07298688912002041
0.02826033223562613
0.03918303976011867
0.02499040345690401
0.03940852091851918
0.01802345217018528
0.05431344369908657
0.062331864481944055
0.017905749620345215
0.017642044371521358
0.006134966355097783
0.09472541519622527
0.013795873625363657
0.019605257372708147
0.0011196736740120552
0.032739314801384756
0.01817030010909574
0.0742275770449035
0.025128434433423587
0.08046864733029918
0.06426074987798343
0.028759541916046148
0.018916288665478627
0.003340938212108892
0.0438164140304647
0.018970184811946234
0.06801584256992929
0.05792235206985259
0.03924463923844256
0.026648887849724592
0.012778295515795918
0.04827232290189892
0.005567293592690107
0.08064470388130694
0.057196055410369005
0.06486541773740369
0.07589088411445322
0.028000588049983392
0.046381916321184824
0.07759739981253751
0.02945219902199458
0.06727958611207203
0.003580296755549511
0.08467770349432213
0.03130650608641533
0.0923476944427127
0.01121209221936653
0.01257805962605592
0.009715942284461272
0.06376772355487809
0.039476262936813056
0.018954998752732568
0.01727371848935627
0.03263163634944596
0.020270492542061733
0.09979166331563835
0.051268586500437585
0.060863909723660965
0.040720059397208894
0.050841212931660135
0.006389989042914759
0.011908947437586795
0.03817827449053931
0.0872044902151387
0.08482616094505274
0.16294801395685865
0.008605159713686446
0.029775442465920732
0.06227536121415088
0.015882202826972613
0.004775768223481758
0.016174529217035372
0.007828635015910627
0.018080676400342235
0.022148389622802505
0.006483804214881811
0.02415258636753879
0.05598197926490417
0.04792294170439062
0.038397159489613676
0.051797804856081195
0.08843250096651153
0.008942540706067825
0.029066777889136055
0.05011491444075766
0.0353948944325087
0.02946585540514414
0.009049369224173806
0.023689939074628675
0.07250406087999647
0.005678693813760467
0.02646400218280195
0.011613606190314789
0.019501266341676253
0.031687192044897824
0.03391346994941818
0.12505536277731402
0.0755849617392734
0.005200294307168983
0.020262478583539235
0.03244567755529977
0.029640971332296834
0.1689974292171464
0.1436167983721821
0.09581529911933709
0.06584050005603292
0.04466105643239027
0.019546592006377227
0.05812600609848726
0.068207578868093
0.04016005917594256
0.09116751388913387
0.033250202807984616
0.09234056342932984
0.024080065647608388
0.018290139492829146
0.06050751558225903
0.034512569016133726
0.045205791959273746
0.19648911367441801
0.1521351756824715
0.005985792580555602
0.080969910680503
0.07929929955371136
0.04954274965851069
0.057299643629099485
0.10437384614426914
0.043302627099594704
0.03611201662797065
0.017677410702130147
0.04900513499270827
0.0370763302747391
0.0030810329398231243
0.06004039516928071
0.05304146370537576
0.06629108924168074
0.016586450964598515
0.006278750543643942
0.044720098306636986
0.01688475473861635
0.02303204981143878
0.0015770199413554058
0.039249214202521955
0.07558038436219848
0.039156102695912146
0.03499541548726572
0.12582879284017462
0.0040304019839551
0.08255919520459322
0.20922112818586544
0.24860930050470573
0.041911469212035105
0.009111568817612057
0.06342724866178095
0.02484739620449939
0.05023997320540272
0.004851817639755016
0.09715219828211862
0.06980224200478496
0.16624768848167443
0.04870386031726116
0.08330065481685704
0.01082906660613203
0.07765261289067737
0.0426897531195541
0.08241311201210397
0.088236805781373
0.0848017600662488
0.06663477704669814
0.036050521866741715
0.08041738482039874
0.0836279961789872
0.026348449045241442
0.26155684199928453
0.0475055968027994
0.009586148299715396
0.0055049837206158254
1.8085490117499258E-4
0.010047794598638114
0.14444177071232323
0.032902770365398154
0.04919506126957847
0.0037202199959643946
0.01659863750725139
0.04239810737893565
0.004359993924300274
0.06253653769962837
0.047587369947171124
0.03662089786359348
0.0122598796766366
0.012875330457128213
0.028395361021579767
0.10781908051172423
0.053829413501723135
0.004916348353286709
0.015548736392082358
0.2695340357631785
0.025509699632414198
0.001232776460737537
0.08879937123325449
0.003122988032146351
0.028117281432363906
0.04076147851444896
0.02529834751142292
0.1322579917746923
0.0352553293726022
0.017093199956985803
0.07153101709346475
0.014905410372969394
0.015214336603000743
0.04104961487577937
0.15539908239899344
0.030155716050649917
0.057605967799880094
0.042148903979712674
0.07105695424042568
0.004154145640295687
0.02094118322089521
0.02492391166691205
0.16510315379778642
0.050240911591321484
0.001672915593241173
0.036856130384707815
0.1265341338260965
0.032282941819462216
0.06257163555519764
0.02198171512963471
0.7238528226338398
0.12869702988696466
0.012939069041163898
0.038392977017860125
0.01593071305298875
0.021938657934851495
0.1674751000434944
0.5158568944892917
0.4808513502113753
0.07087557399260921
0.0314147162647844
0.12583596371466957
0.03538355859968494
0.055620668158205225
0.019155575333682996
0.006317893457507021
0.057554548407887825
0.01213547002813273
0.1357210287391636
0.012421897832007967
0.16015184542356226
0.01781422814090917
0.17790618108857506
0.4923024500384941
0.07713675076000466
0.12285624349428749
0.19127086184198433
0.16992513164177742
0.06259740728171534
0.10267821824643837
0.4620682050323107
1.0
0.36197221499388454
0.15766529832276419
0.12195555660679483
0.03406578475598992
0.09310336298284433
0.08207758586401213
0.06376159816054851
0.05051429858925838
0.0877910344925508
0.054077852591103294
0.023648750433617107
4.408399587341873E-4
0.032987185308206116
0.028819122060938153
0.14154570671098507
0.028041647621398418
0.1098129327942148
0.04981007910773358
0.09368568288241605
0.06353970115664803
0.0921143004810362
0.05423394828828786
0.03526270731043179
0.06454617648056155
0.00202036658583489
0.02497487043595659
0.14515572914991026
0.01586405441798104
0.030580942098392027
0.04219086006737289
0.10822453787123856
0.045345000826939284
0.03779938383794687
0.04814723053228644
0.16537144382924177
0.0018028231146616947
0.048761317249089164
0.2653067181498175
0.06538502671780033
0.06297645669512
0.006517570156529682
0.1493444876569714
0.011039225085894147
0.03249572292900622
0.0010589481128300579
