0.03874499127035689
0.11216496485012174
0.16004366040354973
0.043069355338600276
4.934832368644968E-4
0.004271214136452137
0.07555753337612989
0.15843657948831852
0.08312407137726921
0.08218419423641282
0.004275552382917463
0.13305394984601784
0.14968601765542078
0.07108585746626368
0.10243469155208716
0.08349998929475555
0.11132076852366307
0.07911886961161865
0.07820688212337609
0.06910322427232228
0.02870089399612428
0.09583081464762785
0.06210457508189479
0.028430641931064666
0.14107465522838925
0.0433722863607216
0.02285846578717513
0.1095000505583775
0.04596085533201632
0.03190573512761614
0.04793977610507863
0.027345941076295205
0.07617787191826118
0.07110170425973136
0.05578098654072937
0.0839071598630116
0.11950534231071355
0.0298050801057738
0.01937571923493323
0.11292999520547632
0.04171735780838149
0.11609071234761689
0.03564573654737676
0.07223950550051257
0.12016821598905846
0.034285171865633554
0.2912046179297178
0.5169401056732581
0.09505933807489689
0.08101403272650858
0.2310184458332749
0.06373675677617449
0.13527855563427088
0.1724503772182835
0.569224417417099
0.9347034589939367
0.21534045314702216
0.16143624656742184
0.05293656928337557
0.09653988112794287
0.07832096597422078
0.014606346449085653
0.08285751026965886
0.06832020142984015
3.0393575132126407E-4
0.013552854937804983
0.060988253682532266
0.018425194512213028
0.08524733072204459
0.30839059657786516
1.0
0.5226731050197825
0.1808921076169015
0.11442523217892228
0.010489343126497352
0.0721351021395694
0.03897052483112209
0.07050097667718518
0.2716439183516723
0.086273508019536
0.0086698079590283
0.05972409282636143
0.07471678472932726
0.05837674118771248
0.008159367148791136
0.035910823029123455
0.00222170810363279
7.354842857102964E-4
0.018586983684634996
0.09203332299075619
0.0374581766945554
0.02680337921554701
0.006210690675627791
0.03608337865698326
0.1204420793959351
0.014856511679212881
0.07987414258281238
0.035905600465975324
0.042863031555172015
0.017117464481130665
0.033575644965592136
9.041672986040516E-5
0.023966079355728472
0.035388391319612654
7.64492908614375E-4
0.02882587472819086
0.03608110235682002
0.013006588718978092
0.17241077737530283
0.16323540094764727
0.10017982244136787
0.06264071256343487
0.023419677572765425
0.018252791135001434
0.0672754139815495
0.02737241334202705
0.0981580188813961
0.036443753751381966
0.04139435452043747
0.009764929988319524
0.05885108407773802
0.045975778201964294
0.016227152317174236
0.002091973900891399
0.02835828590177663
0.040327034417611984
0.011209951003836373
0.0025351375531104106
0.017202400123189018
0.04153512167791573
0.02682886302492969
0.044966406626504404
0.03279538490185007
0.0287894178737464
0.07029977544179612
0.042117536984898785
0.01292573953356485
0.05625268139680064
0.04461333187890895
0.03712131690298245
0.006410746967999582
0.02966161931583643
0.015886647498707013
0.00786008010861637
0.059692631133508055
0.07425374950476683
0.008307030341968098
0.011228176673292832
0.004682948317165406
0.02753564704307686
0.06946402627900472
0.06127743942982135
0.03885472782564078
0.015171231267117597
0.007748998254071374
0.032090496687081624
0.11380520694246131
0.03519181765882751
0.01511491550556449
0.0027720195980736302
0.011227989092249306
0.019571532862926084
0.008979387050026249
0.059217848940624054
0.06937756894347949
0.0024841844402372273
0.04670864915912685
0.04411472620764572
0.10488340934335587
0.03607838402730298
0.025436323000118118
0.022672273401069754
0.04796845396365351
0.0628818934542762
0.0048036977269190154
0.07946941482305772
0.011399778175877845
0.03680460611894831
0.005590372823653301
0.028026083129631608
0.059224622333270506
0.05746525625600859
0.06692331746970497
0.027800724003541784
0.05503018109040936
0.09619483661155347
0.09622782205807585
0.11927149905810885
0.10077681784638505
0.05676172163072036
0.011303724515773961
0.012154288530768954
0.00927212111629784
0.0031939697984787485
0.06761862298714255
0.1182209527950519
0.13207895865264332
0.0052951167447725465
0.025549170971382748
0.017702557825563698
0.03980531804112672
0.03178798158707753
0.09253021481469305
0.1420171380949733
1.982020035329084E-4
0.020279458012227646
0.00670101974904849
0.07155265158745525
0.05844388223212771
0.06808202561534221
0.019325938707762277
0.031838961725928254
0.0755846440285719
0.0028154297956644726
0.025039099926977715
0.02030368698043848
0.007861578767812127
0.07823551167506605
0.04047987054522678
0.03185868576702113
0.056048938407149765
0.008557414212476274
0.02172393336116016
0.018651025585197826
0.03377017495454929
0.04158277647285344
0.047787496021316066
0.010436358028487936
0.025056497439405707
0.026378475976112033
0.04281480608421114
0.054242987778499646
0.02228839620875358
0.07723826676347925
0.024074245547398836
0.07049602155179142
0.004107415439851738
0.04465556803076481
0.04490620411737558
0.019231979918091762
0.03852699256345518
0.11572736592990605
0.04468945880251351
0.010463104029456344
0.06658515176823804
0.052936317286405236
0.043828298565735044
0.04679592089481304
0.04938500631723235
0.07296457427776111
0.11445540770338695
0.015882058909212803
0.05932229244745488
0.03579421888390834
0.0439819730008322
0.017949058986353274
0.012988543182258373
0.009767043234717752
0.14977234827128952
0.01443217412471376
0.00269666033396241
0.0316253467365518
0.004678101456401196
0.030300569144149074
0.08007759894635472
0.006477095750370791
0.008206822151974345
0.02669512962345142
0.009367465386250079
0.017479060604052108
0.010121122119151256
0.023683325645211344
0.07169044840519766
0.022975006276737917
0.012336094462173156
0.017195818491249078
6.576023643410253E-4
0.01072009358622371
0.033361502745158325
0.01259263728087755
0.04897146522096106
0.030122057342393174
0.0011142301789035195
0.018096219490172188
0.048530216356227084
0.056883515200875256
0.04619930530127778
0.014957962617817906
0.007392428883431234
0.17165020758402125
0.004326025812445255
7.80243063369068E-4
0.03972783174082382
0.0268189208528307
0.02106907105868908
0.043290269987433946
0.06829019448043461
0.03778054705315049
0.08508084475036709
0.03561463880606504
0.021998833633404522
0.017883341972466864
0.04853010017823357
0.03054371317152008
0.005371311289316462
0.04509208172343167
0.016810310280027847
0.027642230166436504
0.015497996508142759
0.020101222290164183
0.015179824051508858
0.014549189687292659
0.0825145795824229
0.034975250595320764
0.06620469751585863
0.025226403570856266
0.0010930775261306592
0.030158728618786088
0.022005483840210754
0.020735180048486294
0.007720238940288707
0.019870976247847134
0.00757243307525545
0.029597464608788447
0.06541813053567587
0.02073594359838893
0.015437654341270321
0.013775460676461642
0.0127009563253634
0.025917731856282974
0.04132104653826287
0.01743553087194227
0.0294913972696007
0.06382292837449877
0.06593109662006064
0.005529913209376441
0.11007403826995335
0.02499596286065705
0.011677531944651895
0.012761645383017809
0.002763893033231965
0.042328168930384165
0.03133524724122386
0.0862464600921062
0.10481802522734034
0.023722210549459607
0.049041995155908395
0.04321913451742206
0.0037888080634826955
0.014925083328386943
0.05120418296002431
0.00816049175019382
0.02262195096855012
0.01922995813086714
0.02857687707989625
0.03860747843991444
0.04922402090794474
0.010173632631872117
0.011108775157202083
0.008610210687855157
0.032866562539070145
0.03592696579875101
0.0018460729362864518
0.007664314420529256
4.078436081436989E-4
0.03815689468735273
0.0035404805440541207
0.002378729224488926
0.0481005378772596
0.0530371295046027
0.014588028102389992
0.021786461719827024
0.03480284464965844
0.018869909942646822
0.03986133360167726
0.03057123750873047
0.024033750029529965
0.04337750247332921
0.0028388092774206254
0.06052145986222239
0.0179370392094343
0.005365257934176721
0.04122235019138307
0.060523007897795515
0.006032149196003286
0.030236000625742727
0.010527367805320317
0.003505830242210686
0.013667600646386354
0.0017625456922987122
0.04384657818761307
0.09791393403767816
0.07361856654396076
0.011812034822181234
0.007816545635053738
0.019584592043033307
0.026333269369173393
0.044526920787248646
0.018126822165339347
0.022569069614758883
0.0032929149889819043
0.013623358188229294
0.013694292545674112
0.02141396810867311
0.04454426297309429
0.04136816799367522
0.0423479592615828
0.014568516142306694
0.020684298917610037
0.01037844788987194
0.0028034577738169342
0.01160480493827339
0.03570587027091034
0.04162465461265211
0.06752675038408075
0.03358038148207487
0.040507649597659116
0.017387969714475853
0.035183620846182366
0.009368208597901771
0.08499415960507813
2.1701126738851096E-4
0.0023284562940087987
0.03465758550110291
0.013576765478618266
0.013682832006127663
0.03576054087282925
0.03935614588663
0.006284908628161315
0.022693870217305383
0.02014454243266084
0.04955906856712965
0.062003287779415744
0.01012462173672092
0.006729457488516944
0.0040456019126782474
0.060443035266302104
0.032758794692080144
8.787993451500704E-4
0.02191297509732188
6.778571406241431E-4
0.019199067228922364
0.026735312962255762
0.08887519301186393
0.049680927300650574
0.04822607478532242
0.02309211664518846
0.01375352196465128
0.05053921804780794
0.022099581432793898
1.4122829432791994E-4
0.05521039211545741
0.04281340974844132
0.003893368158480908
0.008503481553425587
0.03366510830181961
0.011113204057676731
0.04230102013164196
0.024031511620632103
0.026263032375448418
0.046524954230405244
0.025318271229162106
0.03874499127035689
0.025318271229162106
0.046524954230405244
0.026263032375448418
0.024031511620632103
0.04230102013164196
0.011113204057676731
0.03366510830181961
0.008503481553425587
0.003893368158480908
0.04281340974844132
0.05521039211545741
1.4122829432791994E-4
0.022099581432793898
0.05053921804780794
0.01375352196465128
0.02309211664518846
0.04822607478532242
0.049680927300650574
0.08887519301186393
0.026735312962255762
0.019199067228922364
6.778571406241431E-4
0.02191297509732188
8.787993451500704E-4
0.032758794692080144
0.060443035266302104
0.0040456019126782474
0.006729457488516944
0.01012462173672092
0.062003287779415744
0.04955906856712965
0.02014454243266084
0.022693870217305383
0.006284908628161315
0.03935614588663
0.03576054087282925
0.013682832006127663
0.013576765478618266
0.03465758550110291
0.0023284562940087987
2.1701126738851096E-4
0.08499415960507813
0.009368208597901771
0.035183620846182366
0.017387969714475853
0.040507649597659116
0.03358038148207487
0.06752675038408075
0.04162465461265211
0.03570587027091034
0.01160480493827339
0.0028034577738169342
0.01037844788987194
0.020684298917610037
0.014568516142306694
0.0423479592615828
0.04136816799367522
0.04454426297309429
0.02141396810867311
0.013694292545674112
0.013623358188229294
0.0032929149889819043
0.022569069614758883
0.018126822165339347
0.044526920787248646
0.026333269369173393
0.019584592043033307
0.007816545635053738
0.011812034822181234
0.07361856654396076
0.09791393403767816
0.04384657818761307
0.0017625456922987122
0.013667600646386354
0.003505830242210686
0.010527367805320317
0.030236000625742727
0.006032149196003286
0.060523007897795515
0.04122235019138307
0.005365257934176721
0.0179370392094343
0.06052145986222239
0.0028388092774206254
0.04337750247332921
0.024033750029529965
0.03057123750873047
0.03986133360167726
0.018869909942646822
0.03480284464965844
0.021786461719827024
0.014588028102389992
0.0530371295046027
0.0481005378772596
0.002378729224488926
0.0035404805440541207
0.03815689468735273
4.078436081436989E-4
0.007664314420529256
0.0018460729362864518
0.03592696579875101
0.032866562539070145
0.008610210687855157
0.011108775157202083
0.010173632631872117
0.04922402090794474
0.03860747843991444
0.02857687707989625
0.01922995813086714
0.02262195096855012
0.00816049175019382
0.05120418296002431
0.014925083328386943
0.0037888080634826955
0.04321913451742206
0.049041995155908395
0.023722210549459607
0.10481802522734034
0.0862464600921062
0.03133524724122386
0.042328168930384165
0.002763893033231965
0.012761645383017809
0.011677531944651895
0.02499596286065705
0.11007403826995335
0.005529913209376441
0.06593109662006064
0.06382292837449877
0.0294913972696007
0.01743553087194227
0.04132104653826287
0.025917731856282974
0.0127009563253634
0.013775460676461642
0.015437654341270321
0.02073594359838893
0.06541813053567587
0.029597464608788447
0.00757243307525545
0.019870976247847134
0.007720238940288707
0.020735180048486294
0.022005483840210754
0.030158728618786088
0.0010930775261306592
0.025226403570856266
0.06620469751585863
0.034975250595320764
0.0825145795824229
0.014549189687292659
0.015179824051508858
0.020101222290164183
0.015497996508142759
0.027642230166436504
0.016810310280027847
0.04509208172343167
0.005371311289316462
0.03054371317152008
0.04853010017823357
0.017883341972466864
0.021998833633404522
0.03561463880606504
0.08508084475036709
0.03778054705315049
0.06829019448043461
0.043290269987433946
0.02106907105868908
0.0268189208528307
0.03972783174082382
7.80243063369068E-4
0.004326025812445255
0.17165020758402125
0.007392428883431234
0.014957962617817906
0.04619930530127778
0.056883515200875256
0.048530216356227084
0.018096219490172188
0.0011142301789035195
0.030122057342393174
0.04897146522096106
0.01259263728087755
0.033361502745158325
0.01072009358622371
6.576023643410253E-4
0.017195818491249078
0.012336094462173156
0.022975006276737917
0.07169044840519766
0.023683325645211344
0.010121122119151256
0.017479060604052108
0.009367465386250079
0.02669512962345142
0.008206822151974345
0.006477095750370791
0.08007759894635472
0.030300569144149074
0.004678101456401196
0.0316253467365518
0.00269666033396241
0.01443217412471376
0.14977234827128952
0.009767043234717752
0.012988543182258373
0.017949058986353274
0.0439819730008322
0.03579421888390834
0.05932229244745488
0.015882058909212803
0.11445540770338695
0.07296457427776111
0.04938500631723235
0.04679592089481304
0.043828298565735044
0.052936317286405236
0.06658515176823804
0.010463104029456344
0.04468945880251351
0.11572736592990605
0.03852699256345518
0.019231979918091762
0.04490620411737558
0.04465556803076481
0.004107415439851738
0.07049602155179142
0.024074245547398836
0.07723826676347925
0.02228839620875358
0.054242987778499646
0.04281480608421114
0.026378475976112033
0.025056497439405707
0.010436358028487936
0.047787496021316066
0.04158277647285344
0.03377017495454929
0.018651025585197826
0.02172393336116016
0.008557414212476274
0.056048938407149765
0.03185868576702113
0.04047987054522678
0.07823551167506605
0.007861578767812127
0.02030368698043848
0.025039099926977715
0.0028154297956644726
0.0755846440285719
0.031838961725928254
0.019325938707762277
0.06808202561534221
0.05844388223212771
0.07155265158745525
0.00670101974904849
0.020279458012227646
1.982020035329084E-4
0.1420171380949733
0.09253021481469305
0.03178798158707753
0.03980531804112672
0.017702557825563698
0.025549170971382748
0.0052951167447725465
0.13207895865264332
0.1182209527950519
0.06761862298714255
0.0031939697984787485
0.00927212111629784
0.012154288530768954
0.011303724515773961
0.05676172163072036
0.10077681784638505
0.11927149905810885
0.09622782205807585
0.09619483661155347
0.05503018109040936
0.027800724003541784
0.06692331746970497
0.05746525625600859
0.059224622333270506
0.028026083129631608
0.005590372823653301
0.03680460611894831
0.011399778175877845
0.07946941482305772
0.0048036977269190154
0.0628818934542762
0.04796845396365351
0.022672273401069754
0.025436323000118118
0.03607838402730298
0.10488340934335587
0.04411472620764572
0.04670864915912685
0.0024841844402372273
0.06937756894347949
0.059217848940624054
0.008979387050026249
0.019571532862926084
0.011227989092249306
0.0027720195980736302
0.01511491550556449
0.03519181765882751
0.11380520694246131
0.032090496687081624
0.007748998254071374
0.015171231267117597
0.03885472782564078
0.06127743942982135
0.06946402627900472
0.02753564704307686
0.004682948317165406
0.011228176673292832
0.008307030341968098
0.07425374950476683
0.059692631133508055
0.00786008010861637
0.015886647498707013
0.02966161931583643
0.006410746967999582
0.03712131690298245
0.04461333187890895
0.05625268139680064
0.01292573953356485
0.042117536984898785
0.07029977544179612
0.0287894178737464
0.03279538490185007
0.044966406626504404
0.02682886302492969
0.04153512167791573
0.017202400123189018
0.0025351375531104106
0.011209951003836373
0.040327034417611984
0.02835828590177663
0.002091973900891399
0.016227152317174236
0.045975778201964294
0.05885108407773802
0.009764929988319524
0.04139435452043747
0.036443753751381966
0.0981580188813961
0.02737241334202705
0.0672754139815495
0.018252791135001434
0.023419677572765425
0.06264071256343487
0.10017982244136787
0.16323540094764727
0.17241077737530283
0.013006588718978092
0.03608110235682002
0.02882587472819086
7.64492908614375E-4
0.035388391319612654
0.023966079355728472
9.041672986040516E-5
0.033575644965592136
0.017117464481130665
0.042863031555172015
0.035905600465975324
0.07987414258281238
0.014856511679212881
0.1204420793959351
0.03608337865698326
0.006210690675627791
0.02680337921554701
0.0374581766945554
0.09203332299075619
0.018586983684634996
7.354842857102964E-4
0.00222170810363279
0.035910823029123455
0.008159367148791136
0.05837674118771248
0.07471678472932726
0.05972409282636143
0.0086698079590283
0.086273508019536
0.2716439183516723
0.07050097667718518
0.03897052483112209
0.0721351021395694
0.010489343126497352
0.11442523217892228
0.1808921076169015
0.5226731050197825
1.0
0.30839059657786516
0.08524733072204459
0.018425194512213028
0.060988253682532266
0.013552854937804983
3.0393575132126407E-4
0.06832020142984015
0.08285751026965886
0.014606346449085653
0.07832096597422078
0.09653988112794287
0.05293656928337557
0.16143624656742184
0.21534045314702216
0.9347034589939367
0.569224417417099
0.1724503772182835
0.13527855563427088
0.06373675677617449
0.2310184458332749
0.08101403272650858
0.09505933807489689
0.5169401056732581
0.2912046179297178
0.034285171865633554
0.12016821598905846
0.07223950550051257
0.03564573654737676
0.11609071234761689
0.04171735780838149
0.11292999520547632
0.01937571923493323
0.0298050801057738
0.11950534231071355
0.0839071598630116
0.05578098654072937
0.07110170425973136
0.07617787191826118
0.027345941076295205
0.04793977610507863
0.03190573512761614
0.04596085533201632
0.1095000505583775
0.02285846578717513
0.0433722863607216
0.14107465522838925
0.028430641931064666
0.06210457508189479
0.09583081464762785
0.02870089399612428
0.06910322427232228
0.07820688212337609
0.07911886961161865
0.11132076852366307
0.08349998929475555
0.10243469155208716
0.07108585746626368
0.14968601765542078
0.13305394984601784
0.004275552382917463
0.08218419423641282
0.08312407137726921
0.15843657948831852
0.07555753337612989
0.004271214136452137
4.934832368644968E-4
0.043069355338600276
0.16004366040354973
0.11216496485012174
