-0.06810104968736981
0.002382979694690759
0.1001243916319588
0.06746235319629543
0.04033863407991358
0.036397811837436705
0.005539749131605201
0.0808254981554733
0.08510250100728424
0.17289233587320627
0.06281564236412462
0.062348750504708894
0.03070600541298024
0.0040706132408840036
0.03660021052917599
0.09688649943815761
0.04716605661777111
0.0769783836240069
0.053151648624547125
0.03377019567742953
0.026396069660497824
0.037539039484318526
0.0468315188907396
0.0644990413149078
0.040098021588166076
0.06255532829371421
0.01421429098856592
0.06852800984868399
0.06835482070032942
0.06578355953515243
0.04127111497267397
0.0310326981723273
0.16844197024778684
0.03526963313920315
0.04744774581715797
0.06004681488966531
0.019409916349375732
0.0210072829470723
0.0363292269469243
0.020752909921890557
0.0347644787601429
0.017021476735755426
0.07570518283434323
0.12870177801422664
0.056910007249510036
0.07307022317770286
0.11205069369437962
0.036742635255738905
0.04701577346348739
0.01293340509572742
0.010749663884367452
0.044075145784476896
0.07581358713870182
0.16478048668451986
0.24747125148581672
1.0
0.09191346604077617
0.003563476513236235
0.050081721160948924
0.04917923890126247
0.03510129257555223
0.11006104931861843
0.009276444394709612
0.09222580551250782
0.09360417436766856
0.017938792958927932
0.08366176184223083
0.14379833652065627
0.1670047978416142
0.21186721837805475
0.9775813451943466
0.9851211607705516
0.22192955258972805
0.1506451841611124
0.08143094141073803
0.1147472307284938
0.07257079191934128
0.06404602273904926
0.03682844959754697
0.03446815321789089
0.054608015066765644
0.012974490556189124
0.00861548604915133
0.007676651474665604
0.04879959911395379
0.008174859411519925
0.20123661469696114
0.06494128486592156
0.04165414247995291
0.011827662735680885
0.13209699657907784
0.03030766052874443
9.525888000769241E-4
0.04297882081747945
0.02488460659725875
0.10865793536827323
0.05383731669321397
0.009747429793104419
0.02320467947946979
0.04513330843829804
0.07413807526705687
0.061900275237677
0.08948534242725553
0.026020264478466233
0.06870497225271759
0.013678822324149435
0.05625535713272755
0.048770488040183295
0.04068769087764488
0.05669056362959042
0.18229441516933068
0.15015612193349098
0.06139636928333147
0.09557232429705058
4.666525959702818E-4
0.01693924224446214
0.0026158862516237327
0.1183316374420659
0.009913325085213781
0.0392422985705736
0.038217254087129615
0.02346561498640061
0.011492640337353331
0.03487420709277893
0.03182955646639446
0.016603957716855685
0.02345294386658161
0.012644821503503339
0.06087071151542318
0.06432395973217875
0.05092817793759678
0.04274896697012284
0.012988233266252067
0.0343639493529101
0.08092616114891517
0.0639101421180421
0.018111208788463583
0.04627423804120517
0.04665587903471892
0.012880593481339384
0.001859786266366186
0.014223177751601023
0.005576647885690402
0.010110869357360969
0.06843323297551318
0.014632307079555451
0.03891931232241301
0.08630603186229813
0.08544225512931605
0.00909884716531494
0.012826317926775528
0.014488295597363235
0.01464572541914418
0.002889105643311196
1.6801634080902173E-18
0.03039641247173099
0.07042652756091371
0.0013178127476801674
0.036673742781173774
0.01830096856743019
0.0017517823914112007
0.033231483207369954
0.06264854819440084
0.06581088394318028
0.04868983216185142
0.051125980807297966
0.06490756217810428
0.007568037196948957
0.0365390853605183
0.03888108894537181
0.026652949196464246
0.009782626819065226
0.09908786088528572
0.0522589568873038
0.030400836738204682
0.039055718393531946
0.058176856157598836
0.05352853823659388
0.013687492344302077
0.013242901621135018
0.13789654245204613
0.10604807498152631
0.01770323655675818
0.04251007676835931
0.00642785574659971
0.0015201365917644277
0.004148587676116458
0.041761925438687376
0.2255786092473335
0.008988643740270977
0.004578794501123876
0.014018099985899844
0.0030089026322004456
0.014815967719882578
0.04722960554971514
0.022776657101593566
0.1792600063525697
0.010760605305198415
0.032958633585912764
0.018040671191371534
0.048778940091869796
0.046671061187836024
0.006748354725944832
0.005988355124256778
0.1457709152044871
0.008369799368848737
0.05303073153702792
0.0961560053371878
0.04263344448106171
0.0050425084702246095
0.06317778675901789
0.05449734943039133
0.015608771545433081
0.017090148524388504
0.005156666311798156
0.05243531912663182
0.028990468310077202
0.06397469884403163
0.02233657464900577
0.11988439403808879
0.05105275431102303
0.049752057459202685
0.04052897557252175
0.06641960375358706
0.019270535734843976
0.01603951221014509
0.01767412147117388
0.04453399368579095
0.10024864508220949
0.029858107460526105
0.05103288103494137
0.06053426638877316
0.005904632369182275
0.030655409482589498
0.04301191960871031
7.117266051966092E-4
0.03279540594516949
0.043305223533090444
0.017794950763978946
0.07092622743295145
0.0075047260133181
0.03820393097192369
0.042044772564570496
0.055762986076880364
0.0530074735600585
0.04392427274038509
0.025184672787704504
0.050593613498884665
0.021729227281969587
0.04786834830044068
0.021163072673912636
0.07120127152261697
0.05126227987229265
0.011561471412589055
0.043302736517474016
0.011629673073131107
0.004829644585065122
0.030344524449479663
0.06913827970834252
0.10188901346755863
0.012594425672214074
0.012548220531973471
0.0027523514880437323
0.021150891085137666
0.007484417862992149
0.00888006370778734
0.00841120686231551
0.02727531714159687
0.039024110465527874
0.05070088871905466
0.08442804389090906
0.02583047788599814
0.0764968702482977
0.04955242375298916
0.027220647339932097
0.016094486386081384
0.0029727890788545206
0.008233065263170806
0.022726867666062897
0.03228397256283184
0.017645556783380537
0.012185047065320049
0.021122840596322454
0.02038798701241071
0.02214048314239707
0.00989806486684434
0.04649076786665479
0.022696072041612666
0.0013338112172878226
0.056111800134842384
0.15282637250291065
0.05318522248189092
0.05765386334375945
0.03710201772019664
0.024613630433046402
0.007132759092196141
0.0264262739891027
0.13232755289756734
0.11719035263974938
0.008866313959101722
0.03088895929559987
0.01485557874413128
0.06037974096089155
0.010011490117725327
0.05468617243553821
0.044634017084390326
0.033852044654784835
0.03256532482898326
5.0404902242706514E-18
0.03346991416536474
0.010688929339226952
0.01573587291804677
0.0038867791924823633
0.1854891588783409
0.050968829877256504
0.012557972881242175
0.04259520662732025
0.023798736950840324
0.043441555139018644
0.030189227453569403
0.0577452296744931
0.029988673268439212
0.061084184466336275
0.011456162538904338
4.3212747979124523E-4
0.02240901118858468
0.016547647254783502
0.04356810947897305
0.019154476963605664
0.005138788982885667
0.036314879677543446
0.003727142924287794
0.008630374679234143
0.06236766581875445
0.00456973120773731
0.04103768300679167
0.04139599427343827
0.022016956366473033
0.031221034096499005
0.0545526928085449
0.001378574278293706
0.015246524465158362
0.04038816805236706
0.02525033050081906
0.025200525643815575
0.11451404971330752
0.012301196473767146
0.014552949904809818
0.010239977867084454
0.013470741805444369
0.017743922755261272
0.03101008312505676
0.012941949739786927
0.0022525857406792567
0.05149068695792353
0.015662122605055926
0.00820646347371116
0.03804589155426266
0.010481313345490286
0.029291145843643507
0.04289965167752356
0.03576382984166597
0.04136328513991971
0.041048057812915865
0.04591557245747254
0.021968546796668705
0.014841608885648068
0.02627163871660961
0.013097032823206673
0.07199873249614404
0.0017969297102191479
0.008568275056754383
0.0010371070706422373
0.0018764273773694202
0.0051474271349086454
0.0031973794849468272
0.03522473787892699
0.0026364214796915
0.01364491321657564
0.0428175530503331
0.040994409709372244
0.030946869031172643
0.03007473779226139
0.021182524523408946
0.03925070772997437
0.011621810246917198
0.02740907054920166
0.026947452033954756
0.009461637975187447
0.02522360934857356
0.042153170053957315
0.023192118191258007
0.09618361319118211
0.01831928242347631
0.038651046938636364
2.659928834237845E-4
0.03955434024694487
0.0019685525660071376
0.03733906728051535
0.062250764806750424
0.0467448233218791
0.06275497327462579
0.020296559963823763
0.04343633885542775
0.03884735262887572
0.020795381375197663
0.011391432593638616
0.011225485060443552
0.005415614004627163
0.007104267899672026
0.0219663097705118
0.010731962998427075
0.03992269152965569
0.020643461464862935
0.0046877754696386074
0.01101648613509751
0.014404724215168654
0.025832942749172534
0.017275931484018982
0.031004200820047994
0.022080171054921556
0.03407382471277135
0.03468896809193737
0.0286264006700098
0.030356502803703354
0.011834314772903426
0.01373594437890791
0.062368353946355023
0.009551604460061262
0.0520339978710652
0.0017306314599923826
0.007426102423219783
0.032608817784310365
0.015931389401094016
0.04460108909323825
0.037370687468538194
0.009811685273160245
0.029216222336407343
0.01722280476355807
0.011022494742504118
0.035949361187768175
0.007412493498242558
0.009744177172115068
0.006273194831996328
0.019114275784782433
2.1045192957819852E-4
0.016762695446535386
0.0477642367217916
0.028457201997048345
0.003522707974956662
0.023938547178745644
0.02441015722510024
0.05232139837136879
0.0010056654289493786
0.04266271258092568
0.03690531116121657
4.350959711828209E-4
0.04898904260772328
0.002119286907679219
0.05152152223442664
0.021046160301437963
0.007526258676176476
0.06810104968736981
0.007526258676176476
0.021046160301437963
0.05152152223442664
0.002119286907679219
0.04898904260772328
4.350959711828209E-4
0.03690531116121657
0.04266271258092568
0.0010056654289493786
0.05232139837136879
0.02441015722510024
0.023938547178745644
0.003522707974956662
0.028457201997048345
0.0477642367217916
0.016762695446535386
2.1045192957819852E-4
0.019114275784782433
0.006273194831996328
0.009744177172115068
0.007412493498242558
0.035949361187768175
0.011022494742504118
0.01722280476355807
0.029216222336407343
0.009811685273160245
0.037370687468538194
0.04460108909323825
0.015931389401094016
0.032608817784310365
0.007426102423219783
0.0017306314599923826
0.0520339978710652
0.009551604460061262
0.062368353946355023
0.01373594437890791
0.011834314772903426
0.030356502803703354
0.0286264006700098
0.03468896809193737
0.03407382471277135
0.022080171054921556
0.031004200820047994
0.017275931484018982
0.025832942749172534
0.014404724215168654
0.01101648613509751
0.0046877754696386074
0.020643461464862935
0.03992269152965569
0.010731962998427075
0.0219663097705118
0.007104267899672026
0.005415614004627163
0.011225485060443552
0.011391432593638616
0.020795381375197663
0.03884735262887572
0.04343633885542775
0.020296559963823763
0.06275497327462579
0.0467448233218791
0.062250764806750424
0.03733906728051535
0.0019685525660071376
0.03955434024694487
2.659928834237845E-4
0.038651046938636364
0.01831928242347631
0.09618361319118211
0.023192118191258007
0.042153170053957315
0.02522360934857356
0.009461637975187447
0.026947452033954756
0.02740907054920166
0.011621810246917198
0.03925070772997437
0.021182524523408946
0.03007473779226139
0.030946869031172643
0.040994409709372244
0.0428175530503331
0.01364491321657564
0.0026364214796915
0.03522473787892699
0.0031973794849468272
0.0051474271349086454
0.0018764273773694202
0.0010371070706422373
0.008568275056754383
0.0017969297102191479
0.07199873249614404
0.013097032823206673
0.02627163871660961
0.014841608885648068
0.021968546796668705
0.04591557245747254
0.041048057812915865
0.04136328513991971
0.03576382984166597
0.04289965167752356
0.029291145843643507
0.010481313345490286
0.03804589155426266
0.00820646347371116
0.015662122605055926
0.05149068695792353
0.0022525857406792567
0.012941949739786927
0.03101008312505676
0.017743922755261272
0.013470741805444369
0.010239977867084454
0.014552949904809818
0.012301196473767146
0.11451404971330752
0.025200525643815575
0.02525033050081906
0.04038816805236706
0.015246524465158362
0.001378574278293706
0.0545526928085449
0.031221034096499005
0.022016956366473033
0.04139599427343827
0.04103768300679167
0.00456973120773731
0.06236766581875445
0.008630374679234143
0.003727142924287794
0.036314879677543446
0.005138788982885667
0.019154476963605664
0.04356810947897305
0.016547647254783502
0.02240901118858468
4.3212747979124523E-4
0.011456162538904338
0.061084184466336275
0.029988673268439212
0.0577452296744931
0.030189227453569403
0.043441555139018644
0.023798736950840324
0.04259520662732025
0.012557972881242175
0.050968829877256504
0.1854891588783409
0.0038867791924823633
0.01573587291804677
0.010688929339226952
0.03346991416536474
5.0404902242706514E-18
0.03256532482898326
0.033852044654784835
0.044634017084390326
0.05468617243553821
0.010011490117725327
0.06037974096089155
0.01485557874413128
0.03088895929559987
0.008866313959101722
0.11719035263974938
0.13232755289756734
0.0264262739891027
0.007132759092196141
0.024613630433046402
0.03710201772019664
0.05765386334375945
0.05318522248189092
0.15282637250291065
0.056111800134842384
0.0013338112172878226
0.022696072041612666
0.04649076786665479
0.00989806486684434
0.02214048314239707
0.02038798701241071
0.021122840596322454
0.012185047065320049
0.017645556783380537
0.03228397256283184
0.022726867666062897
0.008233065263170806
0.0029727890788545206
0.016094486386081384
0.027220647339932097
0.04955242375298916
0.0764968702482977
0.02583047788599814
0.08442804389090906
0.05070088871905466
0.039024110465527874
0.02727531714159687
0.00841120686231551
0.00888006370778734
0.007484417862992149
0.021150891085137666
0.0027523514880437323
0.012548220531973471
0.012594425672214074
0.10188901346755863
0.06913827970834252
0.030344524449479663
0.004829644585065122
0.011629673073131107
0.043302736517474016
0.011561471412589055
0.05126227987229265
0.07120127152261697
0.021163072673912636
0.04786834830044068
0.021729227281969587
0.050593613498884665
0.025184672787704504
0.04392427274038509
0.0530074735600585
0.055762986076880364
0.042044772564570496
0.03820393097192369
0.0075047260133181
0.07092622743295145
0.017794950763978946
0.043305223533090444
0.03279540594516949
7.117266051966092E-4
0.04301191960871031
0.030655409482589498
0.005904632369182275
0.06053426638877316
0.05103288103494137
0.029858107460526105
0.10024864508220949
0.04453399368579095
0.01767412147117388
0.01603951221014509
0.019270535734843976
0.06641960375358706
0.04052897557252175
0.049752057459202685
0.05105275431102303
0.11988439403808879
0.02233657464900577
0.06397469884403163
0.028990468310077202
0.05243531912663182
0.005156666311798156
0.017090148524388504
0.015608771545433081
0.05449734943039133
0.06317778675901789
0.0050425084702246095
0.04263344448106171
0.0961560053371878
0.05303073153702792
0.008369799368848737
0.1457709152044871
0.005988355124256778
0.006748354725944832
0.046671061187836024
0.048778940091869796
0.018040671191371534
0.032958633585912764
0.010760605305198415
0.1792600063525697
0.022776657101593566
0.04722960554971514
0.014815967719882578
0.0030089026322004456
0.014018099985899844
0.004578794501123876
0.008988643740270977
0.2255786092473335
0.041761925438687376
0.004148587676116458
0.0015201365917644277
0.00642785574659971
0.04251007676835931
0.01770323655675818
0.10604807498152631
0.13789654245204613
0.013242901621135018
0.013687492344302077
0.05352853823659388
0.058176856157598836
0.039055718393531946
0.030400836738204682
0.0522589568873038
0.09908786088528572
0.009782626819065226
0.026652949196464246
0.03888108894537181
0.0365390853605183
0.007568037196948957
0.06490756217810428
0.051125980807297966
0.04868983216185142
0.06581088394318028
0.06264854819440084
0.033231483207369954
0.0017517823914112007
0.01830096856743019
0.036673742781173774
0.0013178127476801674
0.07042652756091371
0.03039641247173099
1.6801634080902173E-18
0.002889105643311196
0.01464572541914418
0.014488295597363235
0.012826317926775528
0.00909884716531494
0.08544225512931605
0.08630603186229813
0.03891931232241301
0.014632307079555451
0.06843323297551318
0.010110869357360969
0.005576647885690402
0.014223177751601023
0.001859786266366186
0.012880593481339384
0.04665587903471892
0.04627423804120517
0.018111208788463583
0.0639101421180421
0.08092616114891517
0.0343639493529101
0.012988233266252067
0.04274896697012284
0.05092817793759678
0.06432395973217875
0.06087071151542318
0.012644821503503339
0.02345294386658161
0.016603957716855685
0.03182955646639446
0.03487420709277893
0.011492640337353331
0.02346561498640061
0.038217254087129615
0.0392422985705736
0.009913325085213781
0.1183316374420659
0.0026158862516237327
0.01693924224446214
4.666525959702818E-4
0.09557232429705058
0.06139636928333147
0.15015612193349098
0.18229441516933068
0.05669056362959042
0.04068769087764488
0.048770488040183295
0.05625535713272755
0.013678822324149435
0.06870497225271759
0.026020264478466233
0.08948534242725553
0.061900275237677
0.07413807526705687
0.04513330843829804
0.02320467947946979
0.009747429793104419
0.05383731669321397
0.10865793536827323
0.02488460659725875
0.04297882081747945
9.525888000769241E-4
0.03030766052874443
0.13209699657907784
0.011827662735680885
0.04165414247995291
0.06494128486592156
0.20123661469696114
0.008174859411519925
0.04879959911395379
0.007676651474665604
0.00861548604915133
0.012974490556189124
0.054608015066765644
0.03446815321789089
0.03682844959754697
0.06404602273904926
0.07257079191934128
0.1147472307284938
0.08143094141073803
0.1506451841611124
0.22192955258972805
0.9851211607705516
0.9775813451943466
0.21186721837805475
0.1670047978416142
0.14379833652065627
0.08366176184223083
0.017938792958927932
0.09360417436766856
0.09222580551250782
0.009276444394709612
0.11006104931861843
0.03510129257555223
0.04917923890126247
0.050081721160948924
0.003563476513236235
0.09191346604077617
1.0
0.24747125148581672
0.16478048668451986
0.07581358713870182
0.044075145784476896
0.010749663884367452
0.01293340509572742
0.04701577346348739
0.036742635255738905
0.11205069369437962
0.07307022317770286
0.056910007249510036
0.12870177801422664
0.07570518283434323
0.017021476735755426
0.0347644787601429
0.020752909921890557
0.0363292269469243
0.0210072829470723
0.019409916349375732
0.06004681488966531
0.04744774581715797
0.03526963313920315
0.16844197024778684
0.0310326981723273
0.04127111497267397
0.06578355953515243
0.06835482070032942
0.06852800984868399
0.01421429098856592
0.06255532829371421
0.040098021588166076
0.0644990413149078
0.0468315188907396
0.037539039484318526
0.026396069660497824
0.03377019567742953
0.053151648624547125
0.0769783836240069
0.04716605661777111
0.09688649943815761
0.03660021052917599
0.0040706132408840036
0.03070600541298024
0.062348750504708894
0.06281564236412462
0.17289233587320627
0.08510250100728424
0.0808254981554733
0.005539749131605201
0.036397811837436705
0.04033863407991358
0.06746235319629543
0.1001243916319588
0.002382979694690759
