0.27166733073283594
0.29843763816253305
0.31905654304676756
0.22393466186947836
0.1847253610105124
0.21905291277934533
0.25520274909310753
0.2368345313214848
0.27092172753535315
0.02525933162251422
0.2165515291384542
0.45976769352434615
0.28870403740868494
0.43095003744932187
0.41516874328416686
0.1293847983118554
0.14576769470362788
0.16139631192847514
0.4766851800424995
0.5320850493305848
0.21049234156192403
0.7688287819184255
0.46370996101918543
0.11356462345270513
0.6925463125053857
0.1778372371819243
0.1956543514439891
0.03628902693229005
0.08231587339645666
0.39711650926965936
0.26983666565571873
1.0
0.007528592034845677
0.22484109413643324
0.08848462379286838
0.7621021709888349
0.3719577398754129
0.21304135290631365
0.010926819170729333
0.4378269975094338
0.25370374535774465
0.3495178647271138
0.7093373147179939
0.7590951819651697
0.9919714726824379
0.9139251996581403
0.24791277480965507
0.43921732783440204
0.8692285809283747
0.16176126209177333
0.6066970524582458
0.1235746492081077
0.06422086748601262
0.03728819052183141
0.2243233970612645
0.37347275013995745
0.01622637403164923
0.22388326573074357
0.32665233342173783
0.08363377408123725
0.32267450360926186
0.28694397558539453
0.2195175668140095
0.002327479801459349
0.19036648411356755
0.0764039153886538
0.40688363261738236
0.1384299905883568
0.18593732238791466
0.3808884145109215
0.6432401389597849
0.00989522970710039
0.17957317222976968
0.2565517796332387
0.34531813498512176
0.10661864984194049
0.1478377809467093
0.25760729880874056
0.2011991097887368
0.35078768581185743
0.18122399802759354
0.30006286651391717
0.03430666994518593
0.02299043921732244
0.3860442564505314
0.0970565148050084
0.020921003752093714
0.02808268200477574
0.0895933634834392
0.18135369509047986
0.06550211224739307
0.18606804852356862
0.051554610362133296
0.26929191537369696
0.04717295666755284
0.28488291827414247
0.15384745875649616
0.30727079487456943
0.2931754406498861
0.5894534864984489
0.03646837559226522
0.12082775251759259
0.45688391797713296
0.22948700035498204
0.04145856869839069
0.20560417911990833
0.13582073154038132
0.14390209240149657
0.03112458995423881
0.07842892715244232
0.10817320619986642
0.31776717027634077
0.07772420400687921
0.06637103660518118
0.2021809720995556
0.21814335228850879
0.4300439960438294
0.20097673905209656
0.2543984564220901
0.1277701185231592
0.045216016019046554
0.08511239060456059
0.0593877090896801
0.12618991543262875
0.010261759974472137
0.025338137179863236
0.25668387666017806
0.2129781914739014
0.029633782797121394
0.0910607575794639
0.09390364514621041
0.015362230296609323
0.149198148916838
0.053826452921387685
0.07236935812573911
0.014907260825609206
0.010030837395687681
0.019222575297189643
0.07524768168557978
0.007880283666445317
0.038350954829024585
1.5592498732678553E-4
0.026616590576300038
0.051750087413651356
0.0017084185348998626
0.002309253000525064
0.01810399626562998
0.009888628605041215
0.0015488271098961434
0.020921297515226443
0.004843484393947046
0.014149032382716403
0.06389051538890285
0.004184803212420588
0.05020893675980655
0.03593557412451834
0.03374891075503759
0.01766232652538131
0.04926949840426512
0.02233270203385756
0.012334375199899585
0.012760500753031097
0.035537551894594614
0.015341739285223607
0.037619789206154726
0.01524494030502635
0.018126476070077464
0.023653306145435482
0.001098769067619208
0.024473365645238204
0.02784519101540927
0.015812143153971305
0.033631435948178225
0.009945608438692192
0.036359905488101536
0.004984519034387763
0.013137896579918594
0.018619715904416086
0.0026255970410983525
0.0023107390407777367
6.152354375099786E-4
0.01184988561459679
0.024118139808826572
0.009736343369261057
0.03356354872928353
0.01510308471935406
0.011402679143353281
0.005981822223611757
0.004161668474418447
0.006817388642521442
0.017638670602801294
0.030433924278083384
0.010488868883583843
3.5070126839620346E-6
0.012019439069223509
0.0276142334811459
0.034446597290440105
0.010109212868654491
0.021501683116040962
0.021572087265221394
0.011790540506254495
0.013756841378179301
0.016667020612851517
0.010205471795260391
0.022155763693242545
0.013224998661078029
0.016331446700288434
0.02473997677427055
0.005227253997051627
0.0037146321281029218
0.01204708474106973
0.0016467439341396925
0.03874056132156002
0.006973223247262815
0.008079744508120707
0.019440590666489503
0.0134829592252007
0.003459703523852882
0.017515760304690715
0.027345260392191182
0.007755174689344771
0.0038231932856283533
0.002981669694533659
0.004917958994484303
0.015806134486455955
0.0054223081299148105
0.01600841754968846
0.007545487043743087
0.01457168529061105
0.015887210116623186
0.012041761968428235
0.011408272771891126
0.037608878021825574
0.018731276157974628
0.009486687570672607
0.02568764609258417
0.01660212198431312
0.008150371183595797
0.010727951390352918
0.011412192876028652
0.016031949651301527
0.026404342314293658
0.004212237192574749
0.002225789755226376
0.009302661262783528
9.94566186558627E-4
0.027728750451498724
0.016139244867961918
0.008928428647647433
0.020068358270968104
0.003581135443919628
0.013046407938448818
0.001814979160782192
0.007030398259401218
0.022328681732535934
0.023664820498893156
0.0026303801424991317
0.00176949262015432
0.010315756385365882
4.6123852076219903E-4
0.01688106100264097
6.38774865329016E-4
0.007312904485126217
0.001447347148372727
0.006031416391452654
0.022154104482670526
0.012950653544885534
5.956730246756543E-4
0.014500325088627915
0.009432144102589253
0.007302789537316341
0.01367789539413187
0.0022274008072027764
0.011815575697313724
0.004787174600761227
0.005587332439620653
0.009370173667006258
0.0016919311247755712
6.338997244813238E-4
0.01285850951816943
0.005304863741582863
0.013687448753442548
0.008311528080224985
8.974748991338162E-4
0.0016378250220149468
0.010730055924010976
0.006838439477393564
0.004333129990670539
0.002416875198016137
0.014369881278381704
0.0011559522828199483
0.004953324084871919
0.015352440558476805
0.012646139836871467
0.002200535529391841
0.004889110136132448
0.0015908947755320512
0.00602035138917052
8.905358025674011E-4
0.008930187396488588
3.0807052144693915E-4
0.0024114857843647213
0.024262568053312755
0.01826390656170367
0.013509401668862291
0.006310911940603118
0.007105108292134626
0.017670279669954325
0.007960717813352607
0.005403259758210679
0.004003370499596667
0.018821087362467688
0.008839196780795287
0.004189216945207904
0.010255777577363616
0.009933102785162793
8.634707901056692E-5
0.011506807368745457
0.0029902500463889385
0.0018888295157984006
0.014879917017743704
0.007257671683427388
0.01178939855270975
0.008636557341285775
0.010720918173493367
0.004900630130237569
0.008824309829070754
0.005806286841914618
0.0011400814264395111
0.01019175098039456
0.020172925781153216
1.7097169990642263E-4
0.013801446713015577
0.00982446766612121
0.005045131124488838
0.002733222252129966
0.009520588029562094
0.0022302401682553503
0.002394337491213876
0.013303514494518515
0.00538789961033661
0.008514095465594066
0.0038832766248710284
0.014728457734329313
0.007621427765783892
0.008579878149093258
5.56665137621798E-4
0.014454074446514822
0.003959030860256732
9.765338286821507E-5
0.012322289495228955
1.7828180484703632E-4
3.243480760558064E-4
0.009580933248115263
0.013657907353489637
0.006648704576349909
0.02986695614717133
0.002582930771160102
0.018880338440730584
0.011607144202466717
0.010345422018907629
0.0010323796583253917
0.002397643063167917
0.009781412045586153
0.006999877007167606
0.005776259280109201
0.0023492917340005885
0.016422516290584447
0.014936445172772303
0.006556719596213971
3.533190138832746E-4
0.005360155981073167
0.004707190220071031
0.010053096163968009
0.007697402944616468
0.0035013517347104437
0.009059584539885328
0.011173683083135162
0.0070569980834536096
0.004346962664525031
0.008654495315943847
0.007688751891673408
0.0023371187630606134
0.0018272482239465578
0.007096006479856169
0.002902490421916106
0.004379408907102132
0.008135118621764935
0.0024475965647204508
0.0067937771462650036
0.005817148903462517
0.016347384903272314
0.008900951630254743
0.0019695413941829658
0.007399228994435885
0.0017114247086131098
0.0022574039075124847
0.003075847862295164
0.004571227973470584
0.0012691252539441013
0.013508798225471906
0.009161337428854268
4.4449647611791143E-4
0.011704674014716289
0.017827266140821967
0.02624859326359068
8.032988692576763E-5
0.008424949096797458
0.019937069711568244
0.010830515942492196
0.008836585047827788
0.012362828611660588
0.00907459255883633
0.005743607964669861
7.289611664711419E-4
0.009491336956082687
0.006832795842314831
0.02415727760720167
0.018600997428512546
0.010918061592590454
0.0025702783081564752
0.005851202711266712
0.004938026909991226
0.022812905702051762
0.01788136535020522
0.006899464958083164
0.012033475132193563
0.0038922133882768727
0.007880376769842209
0.03876464506775833
0.010192766558545854
0.018638979727165883
0.004865686860885454
0.015800544275011832
8.951627610949059E-4
0.006321066910154314
0.016962458159493227
0.01773681208293745
4.896379154615698E-4
0.014255180292978759
0.00327199607719104
0.017321133341994813
0.004263091359461442
0.007812482947301223
0.006847698697716961
0.004900140456292336
0.024231606409178343
0.004148542205694972
0.004495026952652163
0.011096399376584127
0.016219824579200934
0.0010412946775964957
0.010160843711754757
0.032976716359484036
0.015426200280495503
0.005554053595520873
0.018479003676829076
0.008592032934997247
0.0016434194082542756
0.011098686139774203
0.011866127907019512
0.007499168189446886
0.004137065950246233
0.007499168189446886
0.011866127907019512
0.011098686139774203
0.0016434194082542756
0.008592032934997247
0.018479003676829076
0.005554053595520873
0.015426200280495503
0.032976716359484036
0.010160843711754757
0.0010412946775964957
0.016219824579200934
0.011096399376584127
0.004495026952652163
0.004148542205694972
0.024231606409178343
0.004900140456292336
0.006847698697716961
0.007812482947301223
0.004263091359461442
0.017321133341994813
0.00327199607719104
0.014255180292978759
4.896379154615698E-4
0.01773681208293745
0.016962458159493227
0.006321066910154314
8.951627610949059E-4
0.015800544275011832
0.004865686860885454
0.018638979727165883
0.010192766558545854
0.03876464506775833
0.007880376769842209
0.0038922133882768727
0.012033475132193563
0.006899464958083164
0.01788136535020522
0.022812905702051762
0.004938026909991226
0.005851202711266712
0.0025702783081564752
0.010918061592590454
0.018600997428512546
0.02415727760720167
0.006832795842314831
0.009491336956082687
7.289611664711419E-4
0.005743607964669861
0.00907459255883633
0.012362828611660588
0.008836585047827788
0.010830515942492196
0.019937069711568244
0.008424949096797458
8.032988692576763E-5
0.02624859326359068
0.017827266140821967
0.011704674014716289
4.4449647611791143E-4
0.009161337428854268
0.013508798225471906
0.0012691252539441013
0.004571227973470584
0.003075847862295164
0.0022574039075124847
0.0017114247086131098
0.007399228994435885
0.0019695413941829658
0.008900951630254743
0.016347384903272314
0.005817148903462517
0.0067937771462650036
0.0024475965647204508
0.008135118621764935
0.004379408907102132
0.002902490421916106
0.007096006479856169
0.0018272482239465578
0.0023371187630606134
0.007688751891673408
0.008654495315943847
0.004346962664525031
0.0070569980834536096
0.011173683083135162
0.009059584539885328
0.0035013517347104437
0.007697402944616468
0.010053096163968009
0.004707190220071031
0.005360155981073167
3.533190138832746E-4
0.006556719596213971
0.014936445172772303
0.016422516290584447
0.0023492917340005885
0.005776259280109201
0.006999877007167606
0.009781412045586153
0.002397643063167917
0.0010323796583253917
0.010345422018907629
0.011607144202466717
0.018880338440730584
0.002582930771160102
0.02986695614717133
0.006648704576349909
0.013657907353489637
0.009580933248115263
3.243480760558064E-4
1.7828180484703632E-4
0.012322289495228955
9.765338286821507E-5
0.003959030860256732
0.014454074446514822
5.56665137621798E-4
0.008579878149093258
0.007621427765783892
0.014728457734329313
0.0038832766248710284
0.008514095465594066
0.00538789961033661
0.013303514494518515
0.002394337491213876
0.0022302401682553503
0.009520588029562094
0.002733222252129966
0.005045131124488838
0.00982446766612121
0.013801446713015577
1.7097169990642263E-4
0.020172925781153216
0.01019175098039456
0.0011400814264395111
0.005806286841914618
0.008824309829070754
0.004900630130237569
0.010720918173493367
0.008636557341285775
0.01178939855270975
0.007257671683427388
0.014879917017743704
0.0018888295157984006
0.0029902500463889385
0.011506807368745457
8.634707901056692E-5
0.009933102785162793
0.010255777577363616
0.004189216945207904
0.008839196780795287
0.018821087362467688
0.004003370499596667
0.005403259758210679
0.007960717813352607
0.017670279669954325
0.007105108292134626
0.006310911940603118
0.013509401668862291
0.01826390656170367
0.024262568053312755
0.0024114857843647213
3.0807052144693915E-4
0.008930187396488588
8.905358025674011E-4
0.00602035138917052
0.0015908947755320512
0.004889110136132448
0.002200535529391841
0.012646139836871467
0.015352440558476805
0.004953324084871919
0.0011559522828199483
0.014369881278381704
0.002416875198016137
0.004333129990670539
0.006838439477393564
0.010730055924010976
0.0016378250220149468
8.974748991338162E-4
0.008311528080224985
0.013687448753442548
0.005304863741582863
0.01285850951816943
6.338997244813238E-4
0.0016919311247755712
0.009370173667006258
0.005587332439620653
0.004787174600761227
0.011815575697313724
0.0022274008072027764
0.01367789539413187
0.007302789537316341
0.009432144102589253
0.014500325088627915
5.956730246756543E-4
0.012950653544885534
0.022154104482670526
0.006031416391452654
0.001447347148372727
0.007312904485126217
6.38774865329016E-4
0.01688106100264097
4.6123852076219903E-4
0.010315756385365882
0.00176949262015432
0.0026303801424991317
0.023664820498893156
0.022328681732535934
0.007030398259401218
0.001814979160782192
0.013046407938448818
0.003581135443919628
0.020068358270968104
0.008928428647647433
0.016139244867961918
0.027728750451498724
9.94566186558627E-4
0.009302661262783528
0.002225789755226376
0.004212237192574749
0.026404342314293658
0.016031949651301527
0.011412192876028652
0.010727951390352918
0.008150371183595797
0.01660212198431312
0.02568764609258417
0.009486687570672607
0.018731276157974628
0.037608878021825574
0.011408272771891126
0.012041761968428235
0.015887210116623186
0.01457168529061105
0.007545487043743087
0.01600841754968846
0.0054223081299148105
0.015806134486455955
0.004917958994484303
0.002981669694533659
0.0038231932856283533
0.007755174689344771
0.027345260392191182
0.017515760304690715
0.003459703523852882
0.0134829592252007
0.019440590666489503
0.008079744508120707
0.006973223247262815
0.03874056132156002
0.0016467439341396925
0.01204708474106973
0.0037146321281029218
0.005227253997051627
0.02473997677427055
0.016331446700288434
0.013224998661078029
0.022155763693242545
0.010205471795260391
0.016667020612851517
0.013756841378179301
0.011790540506254495
0.021572087265221394
0.021501683116040962
0.010109212868654491
0.034446597290440105
0.0276142334811459
0.012019439069223509
3.5070126839620346E-6
0.010488868883583843
0.030433924278083384
0.017638670602801294
0.006817388642521442
0.004161668474418447
0.005981822223611757
0.011402679143353281
0.01510308471935406
0.03356354872928353
0.009736343369261057
0.024118139808826572
0.01184988561459679
6.152354375099786E-4
0.0023107390407777367
0.0026255970410983525
0.018619715904416086
0.013137896579918594
0.004984519034387763
0.036359905488101536
0.009945608438692192
0.033631435948178225
0.015812143153971305
0.02784519101540927
0.024473365645238204
0.001098769067619208
0.023653306145435482
0.018126476070077464
0.01524494030502635
0.037619789206154726
0.015341739285223607
0.035537551894594614
0.012760500753031097
0.012334375199899585
0.02233270203385756
0.04926949840426512
0.01766232652538131
0.03374891075503759
0.03593557412451834
0.05020893675980655
0.004184803212420588
0.06389051538890285
0.014149032382716403
0.004843484393947046
0.020921297515226443
0.0015488271098961434
0.009888628605041215
0.01810399626562998
0.002309253000525064
0.0017084185348998626
0.051750087413651356
0.026616590576300038
1.5592498732678553E-4
0.038350954829024585
0.007880283666445317
0.07524768168557978
0.019222575297189643
0.010030837395687681
0.014907260825609206
0.07236935812573911
0.053826452921387685
0.149198148916838
0.015362230296609323
0.09390364514621041
0.0910607575794639
0.029633782797121394
0.2129781914739014
0.25668387666017806
0.025338137179863236
0.010261759974472137
0.12618991543262875
0.0593877090896801
0.08511239060456059
0.045216016019046554
0.1277701185231592
0.2543984564220901
0.20097673905209656
0.4300439960438294
0.21814335228850879
0.2021809720995556
0.06637103660518118
0.07772420400687921
0.31776717027634077
0.10817320619986642
0.07842892715244232
0.03112458995423881
0.14390209240149657
0.13582073154038132
0.20560417911990833
0.04145856869839069
0.22948700035498204
0.45688391797713296
0.12082775251759259
0.03646837559226522
0.5894534864984489
0.2931754406498861
0.30727079487456943
0.15384745875649616
0.28488291827414247
0.04717295666755284
0.26929191537369696
0.051554610362133296
0.18606804852356862
0.06550211224739307
0.18135369509047986
0.0895933634834392
0.02808268200477574
0.020921003752093714
0.0970565148050084
0.3860442564505314
0.02299043921732244
0.03430666994518593
0.30006286651391717
0.18122399802759354
0.35078768581185743
0.2011991097887368
0.25760729880874056
0.1478377809467093
0.10661864984194049
0.34531813498512176
0.2565517796332387
0.17957317222976968
0.00989522970710039
0.6432401389597849
0.3808884145109215
0.18593732238791466
0.1384299905883568
0.40688363261738236
0.0764039153886538
0.19036648411356755
0.002327479801459349
0.2195175668140095
0.28694397558539453
0.32267450360926186
0.08363377408123725
0.32665233342173783
0.22388326573074357
0.01622637403164923
0.37347275013995745
0.2243233970612645
0.03728819052183141
0.06422086748601262
0.1235746492081077
0.6066970524582458
0.16176126209177333
0.8692285809283747
0.43921732783440204
0.24791277480965507
0.9139251996581403
0.9919714726824379
0.7590951819651697
0.7093373147179939
0.3495178647271138
0.25370374535774465
0.4378269975094338
0.010926819170729333
0.21304135290631365
0.3719577398754129
0.7621021709888349
0.08848462379286838
0.22484109413643324
0.007528592034845677
1.0
0.26983666565571873
0.39711650926965936
0.08231587339645666
0.03628902693229005
0.1956543514439891
0.1778372371819243
0.6925463125053857
0.11356462345270513
0.46370996101918543
0.7688287819184255
0.21049234156192403
0.5320850493305848
0.4766851800424995
0.16139631192847514
0.14576769470362788
0.1293847983118554
0.41516874328416686
0.43095003744932187
0.28870403740868494
0.45976769352434615
0.2165515291384542
0.02525933162251422
0.27092172753535315
0.2368345313214848
0.25520274909310753
0.21905291277934533
0.1847253610105124
0.22393466186947836
0.31905654304676756
0.29843763816253305
