0.1221749547392968
0.04671162927124543
0.002562873008563234
0.03609463234894014
0.0015587898284844738
0.04279652101658964
0.013835053723324883
0.15560654950451305
0.3187536752525297
0.12602644564941543
0.011614094663969609
0.0691339369098723
0.0837323312329629
0.04500053108668063
0.13092064236665213
0.20140550819326417
0.11165015487563086
0.08452332578969865
0.06304136973683887
0.012023779971722643
0.019622115088751994
0.09114088372336589
0.10463553768040974
0.0561639632087039
8.41129781489836E-4
0.11697617740085159
0.036070154807897936
0.04288911890904402
0.05856302190471775
0.03509172260950497
0.18393125744486372
0.17682338729385663
0.06596396691501086
0.0861392581198414
0.11465325184965876
0.01245912744169465
0.042689629353327825
0.06438545087245014
0.014104726233152017
0.002804856621330259
0.028632476131230118
0.19303057081202415
0.032668450006029755
0.11216363883298264
0.1132451403592928
0.24086425158764255
0.48371079958279933
0.15144275764816081
0.024722223191327213
0.06861709418798331
0.11463235134172117
0.11062029579398101
0.07375379013991214
0.2077774234123408
0.25885044351310255
0.31067366663088114
0.06794254621301038
0.03312079956208848
0.008185616905954365
0.17196013369968977
0.01770413565197525
0.2230994382216923
0.11965938365027576
0.17649065493799485
0.009347668981207185
0.024477948272836295
0.07624193228234273
0.05322228132980047
0.19989700757662338
1.0
0.11428329513981621
0.13077238661118798
0.023444460833427563
0.046572554508737554
0.020052546633601773
0.07311627310275101
0.10464324870078172
0.026279004238126423
0.0980381788448445
0.012657906023594779
0.03314774520730869
0.0484228758387633
0.013711209161172827
0.11253742544563032
0.25215179477093647
0.013144352902917234
0.0022319932014980364
0.03511391670952143
0.06161171631193535
0.02679980514014551
0.04395463285444607
0.05438764898468155
0.3603912331870855
0.027187629203959375
0.03265714884529963
0.03130594839272512
0.11748413645022028
0.08901011007027206
0.06517149410917036
0.0172679286597899
0.0071228409629047066
0.11491964004234287
0.02407765682270693
0.05714034261659495
0.013000664108033562
0.05795697796389011
0.10022425564721053
0.08436120377101407
0.0742857972703572
0.04084997172361051
0.014706475778432223
0.007844254578623991
0.06871204615060995
0.08945178732662758
0.04384503949354768
0.1666600799219408
0.004452838351871087
0.01867586774682308
0.0314195867495139
0.02337882871401183
0.04918060662719554
0.038439820073814794
0.040892986152024316
0.015972425098368135
0.06090441170544372
0.018731545285468054
0.045415175361604845
0.014621535313693897
0.05298471040146083
0.020461708633298808
0.0654995393794033
0.042303888400454306
0.04256616738389632
0.036169221577173394
0.028601980740982014
0.040675256857268104
0.11217139209374753
0.16213496828917623
0.050030472480774
0.03726850665619514
0.04391033671192395
0.0015537141042469115
0.060366204753261654
0.03465796274423979
0.03227597863211727
0.006519221836994447
0.03189288987921053
0.0722263986450952
9.731492773945655E-4
0.014584625563836
0.013487357359143023
0.07280547073459387
0.04538182984181601
0.06797956178148969
0.022213628134417584
0.06834335983274074
0.06088972866754227
0.09994776380006905
0.00438518639093263
0.08979560439812471
0.07039288260800919
0.09027168681570744
0.06811816888469406
0.04420600245461566
0.06551961950855016
0.004057298813955146
0.057897886471582595
0.05696789870452476
0.27231442173436443
0.2479564301850951
0.037286031047195904
0.07200050785825154
0.0037759263221064997
0.09985928576044581
0.030444240736097243
0.015850154953072793
0.012492335534987572
0.1861691754050058
0.036939930889868376
0.0317366545878498
0.006842357994094857
0.01735297896006859
0.03629143063340953
0.07517081170363688
0.24104922482867436
0.25075815902828974
0.07818548334557106
0.046188014042321056
0.028675413184469277
0.022520581059545793
0.11626171131731117
0.28119261014910146
0.24934801302169626
0.17906797880928402
0.04221445887956303
0.014435994489515292
0.018391959537075467
0.026670369946284984
0.042281220704928395
0.12157118312650554
0.03238479254537391
0.005873596498927758
0.08192353683047164
0.018595905663309452
0.06454819128755446
0.028709981364574446
0.07212650601281814
0.12706640965866065
0.15149805799491495
0.11155985548313994
0.010723641151433237
0.054214970262101356
0.054417945454205634
0.07306592887430506
0.023642423330369672
0.05793026725375014
0.0289917775146899
0.07642070262145458
0.04524793680688992
0.01035869018242035
0.11301868242732886
0.08365593162493871
0.02585696834786302
0.007823818878403296
0.030967070908775613
0.01324721796369008
0.06141807931504849
0.1310270145333827
0.022758379993459688
0.003352887409569528
4.628339842643574E-4
0.0666408844032528
0.008170501399333632
0.052558160420978564
0.055081278212436684
0.043292234851939025
0.006298312032189399
0.00837153125323037
0.04457797350190035
0.02688743792265539
0.02527246646155902
0.020933544425344626
0.02980407403526531
0.049132912773462115
0.08371910056942898
0.039777712291786435
0.003065864423565133
0.014960637432359402
0.034163542745234254
0.03501265717961831
0.007270260139455742
0.0011680049225455435
0.017152219751499758
0.027558036610021267
0.050416962034825125
0.051690833147706144
0.0129587082353664
0.04606106010271125
0.008643603537381235
0.04867290033437681
0.030832027660098772
0.061983469181779556
0.07112973946409053
0.045140374199275586
0.01995998221403231
0.010758881836743893
0.010235121645618444
0.0377719351389589
0.0264448865349389
0.04341098121855053
0.007153652911737565
0.022534001845657726
0.03170917887229576
0.13253407606034368
0.03932182916498456
0.012520989457350971
0.026097012470761582
0.03235741353586206
0.006691219880710902
0.020430957245881697
0.03164384897442823
0.043104104518324346
0.04417976517917193
0.0559615950179288
0.04865971574058014
0.07430194647653383
0.004165668289693558
0.06144511107728687
0.048009830055264165
0.09845127260611099
0.061908043730242224
0.05224166605686245
0.007087663275297208
0.051105575610075095
0.004841676571147545
0.006736747363148459
0.009847964799551976
0.011315008817868233
0.057042675395427525
0.023541481223062526
0.030611631939678363
0.06895198644104734
0.07693467513499781
0.035669805713181714
0.0526031678309476
0.06582828070457589
0.018748496205096613
0.01624221720302848
0.011106814067208782
0.10215429590722579
0.013478343790743606
0.04428853792704441
0.04552513970780233
0.10035942487680745
0.02432568988477233
0.10112650768776159
0.027543771924875095
0.035789531942430584
0.0117041777633048
0.027120252602088737
0.07686371828711344
0.05263851798975897
0.04467910270793907
0.012785989058223845
0.013381878254839217
0.08069841313661397
0.004296752550206611
0.1251748754332395
0.015771737823938828
9.242010117626943E-5
0.01046654469142098
0.0041654044601576725
0.03955423424539116
0.02388659957639546
0.012229075225166046
0.022858377109716027
0.06085549418211951
0.06194035241326585
0.03870537266845672
0.002440698085320292
0.025436101990507148
0.00431960942363392
0.0529580812516287
0.013960605551570004
0.054516349315838354
0.09967000366731121
0.016168961555291187
0.015716444304198527
0.02480211737204475
0.031208784196506315
0.019564328962734814
0.07733556463817892
0.016898282868711617
0.030515922200837705
0.03354770214646532
0.020849262750825305
0.02320797701305451
0.0016803225679111339
0.06994051488635177
0.024954117457481797
0.01646454352605746
0.006304195415276515
0.04726708918099023
0.02519588075185772
0.04681793871569712
0.034808346501312655
0.037664388012797395
0.035042785955159285
0.006097579096002248
0.04256296374667432
0.001167181668275809
0.009997117801758678
0.02626296324713484
0.048558009861214536
0.05580697389939946
0.04249641260862432
0.00847389620394566
0.13011666085968362
0.027222027257888033
0.04954934955533706
0.06749288436380141
0.008074346663667327
0.0367372230360118
0.05399047880662051
0.0038695921658287516
0.00704143796350002
0.033054954245565815
0.05694135611798596
0.031619610679521064
0.08155325634025896
0.010890837707147398
0.011463546513370922
0.03669277500624055
0.022808040968643657
0.007720161894526147
0.014609790851107274
0.07075561920857704
0.07315064236358587
0.03517582644046806
0.054971832439660716
0.08963920059418042
0.04590076829952818
0.013824588087370719
0.00487594766198174
0.052511092758386765
0.028843561391628667
0.05346416164162191
0.027453275825617223
0.04191631322434425
0.011964008182165337
0.0276716605789242
0.06248047910302839
0.023480619007491963
0.008358826942095561
0.01997132048861402
0.04950944444980046
0.03296853346747151
0.02781199639867
0.022645036429066814
0.052959677643603376
0.008400843257563826
0.04093573575488522
0.03056840524184021
0.03407162057097128
0.03401990775787849
0.04410998147468813
0.008224651582219763
0.01155459245096673
0.021912492284252193
0.0038018860073026103
0.06254675178088222
0.04422532629039609
0.03685584768449728
0.06881436605184763
0.0345265186628208
0.01265131181545374
0.05275500473246826
0.05651193342563282
0.009941665364832139
0.0036871044879537218
0.006998647743807722
0.018340711051870576
0.02532724350351607
2.061893734329506E-4
0.023102725947875817
0.08663698741140624
0.02105896502334548
0.012482333554440046
0.07160333972780827
0.025623285067058854
0.03757730859695222
0.03651466772764653
0.03357121353908715
0.056942673283884616
0.016905529858320043
0.015012227333872908
0.0032087381602317507
0.023712964976850093
0.054991056548948355
0.016202627589784125
0.0020352244313399568
0.006831387125029814
0.0111068140672088
0.006831387125029814
0.0020352244313399568
0.016202627589784125
0.054991056548948355
0.023712964976850093
0.0032087381602317507
0.015012227333872908
0.016905529858320043
0.056942673283884616
0.03357121353908715
0.03651466772764653
0.03757730859695222
0.025623285067058854
0.07160333972780827
0.012482333554440046
0.02105896502334548
0.08663698741140624
0.023102725947875817
2.061893734329506E-4
0.02532724350351607
0.018340711051870576
0.006998647743807722
0.0036871044879537218
0.009941665364832139
0.05651193342563282
0.05275500473246826
0.01265131181545374
0.0345265186628208
0.06881436605184763
0.03685584768449728
0.04422532629039609
0.06254675178088222
0.0038018860073026103
0.021912492284252193
0.01155459245096673
0.008224651582219763
0.04410998147468813
0.03401990775787849
0.03407162057097128
0.03056840524184021
0.04093573575488522
0.008400843257563826
0.052959677643603376
0.022645036429066814
0.02781199639867
0.03296853346747151
0.04950944444980046
0.01997132048861402
0.008358826942095561
0.023480619007491963
0.06248047910302839
0.0276716605789242
0.011964008182165337
0.04191631322434425
0.027453275825617223
0.05346416164162191
0.028843561391628667
0.052511092758386765
0.00487594766198174
0.013824588087370719
0.04590076829952818
0.08963920059418042
0.054971832439660716
0.03517582644046806
0.07315064236358587
0.07075561920857704
0.014609790851107274
0.007720161894526147
0.022808040968643657
0.03669277500624055
0.011463546513370922
0.010890837707147398
0.08155325634025896
0.031619610679521064
0.05694135611798596
0.033054954245565815
0.00704143796350002
0.0038695921658287516
0.05399047880662051
0.0367372230360118
0.008074346663667327
0.06749288436380141
0.04954934955533706
0.027222027257888033
0.13011666085968362
0.00847389620394566
0.04249641260862432
0.05580697389939946
0.048558009861214536
0.02626296324713484
0.009997117801758678
0.001167181668275809
0.04256296374667432
0.006097579096002248
0.035042785955159285
0.037664388012797395
0.034808346501312655
0.04681793871569712
0.02519588075185772
0.04726708918099023
0.006304195415276515
0.01646454352605746
0.024954117457481797
0.06994051488635177
0.0016803225679111339
0.02320797701305451
0.020849262750825305
0.03354770214646532
0.030515922200837705
0.016898282868711617
0.07733556463817892
0.019564328962734814
0.031208784196506315
0.02480211737204475
0.015716444304198527
0.016168961555291187
0.09967000366731121
0.054516349315838354
0.013960605551570004
0.0529580812516287
0.00431960942363392
0.025436101990507148
0.002440698085320292
0.03870537266845672
0.06194035241326585
0.06085549418211951
0.022858377109716027
0.012229075225166046
0.02388659957639546
0.03955423424539116
0.0041654044601576725
0.01046654469142098
9.242010117626943E-5
0.015771737823938828
0.1251748754332395
0.004296752550206611
0.08069841313661397
0.013381878254839217
0.012785989058223845
0.04467910270793907
0.05263851798975897
0.07686371828711344
0.027120252602088737
0.0117041777633048
0.035789531942430584
0.027543771924875095
0.10112650768776159
0.02432568988477233
0.10035942487680745
0.04552513970780233
0.04428853792704441
0.013478343790743606
0.10215429590722579
0.011106814067208782
0.01624221720302848
0.018748496205096613
0.06582828070457589
0.0526031678309476
0.035669805713181714
0.07693467513499781
0.06895198644104734
0.030611631939678363
0.023541481223062526
0.057042675395427525
0.011315008817868233
0.009847964799551976
0.006736747363148459
0.004841676571147545
0.051105575610075095
0.007087663275297208
0.05224166605686245
0.061908043730242224
0.09845127260611099
0.048009830055264165
0.06144511107728687
0.004165668289693558
0.07430194647653383
0.04865971574058014
0.0559615950179288
0.04417976517917193
0.043104104518324346
0.03164384897442823
0.020430957245881697
0.006691219880710902
0.03235741353586206
0.026097012470761582
0.012520989457350971
0.03932182916498456
0.13253407606034368
0.03170917887229576
0.022534001845657726
0.007153652911737565
0.04341098121855053
0.0264448865349389
0.0377719351389589
0.010235121645618444
0.010758881836743893
0.01995998221403231
0.045140374199275586
0.07112973946409053
0.061983469181779556
0.030832027660098772
0.04867290033437681
0.008643603537381235
0.04606106010271125
0.0129587082353664
0.051690833147706144
0.050416962034825125
0.027558036610021267
0.017152219751499758
0.0011680049225455435
0.007270260139455742
0.03501265717961831
0.034163542745234254
0.014960637432359402
0.003065864423565133
0.039777712291786435
0.08371910056942898
0.049132912773462115
0.02980407403526531
0.020933544425344626
0.02527246646155902
0.02688743792265539
0.04457797350190035
0.00837153125323037
0.006298312032189399
0.043292234851939025
0.055081278212436684
0.052558160420978564
0.008170501399333632
0.0666408844032528
4.628339842643574E-4
0.003352887409569528
0.022758379993459688
0.1310270145333827
0.06141807931504849
0.01324721796369008
0.030967070908775613
0.007823818878403296
0.02585696834786302
0.08365593162493871
0.11301868242732886
0.01035869018242035
0.04524793680688992
0.07642070262145458
0.0289917775146899
0.05793026725375014
0.023642423330369672
0.07306592887430506
0.054417945454205634
0.054214970262101356
0.010723641151433237
0.11155985548313994
0.15149805799491495
0.12706640965866065
0.07212650601281814
0.028709981364574446
0.06454819128755446
0.018595905663309452
0.08192353683047164
0.005873596498927758
0.03238479254537391
0.12157118312650554
0.042281220704928395
0.026670369946284984
0.018391959537075467
0.014435994489515292
0.04221445887956303
0.17906797880928402
0.24934801302169626
0.28119261014910146
0.11626171131731117
0.022520581059545793
0.028675413184469277
0.046188014042321056
0.07818548334557106
0.25075815902828974
0.24104922482867436
0.07517081170363688
0.03629143063340953
0.01735297896006859
0.006842357994094857
0.0317366545878498
0.036939930889868376
0.1861691754050058
0.012492335534987572
0.015850154953072793
0.030444240736097243
0.09985928576044581
0.0037759263221064997
0.07200050785825154
0.037286031047195904
0.2479564301850951
0.27231442173436443
0.05696789870452476
0.057897886471582595
0.004057298813955146
0.06551961950855016
0.04420600245461566
0.06811816888469406
0.09027168681570744
0.07039288260800919
0.08979560439812471
0.00438518639093263
0.09994776380006905
0.06088972866754227
0.06834335983274074
0.022213628134417584
0.06797956178148969
0.04538182984181601
0.07280547073459387
0.013487357359143023
0.014584625563836
9.731492773945655E-4
0.0722263986450952
0.03189288987921053
0.006519221836994447
0.03227597863211727
0.03465796274423979
0.060366204753261654
0.0015537141042469115
0.04391033671192395
0.03726850665619514
0.050030472480774
0.16213496828917623
0.11217139209374753
0.040675256857268104
0.028601980740982014
0.036169221577173394
0.04256616738389632
0.042303888400454306
0.0654995393794033
0.020461708633298808
0.05298471040146083
0.014621535313693897
0.045415175361604845
0.018731545285468054
0.06090441170544372
0.015972425098368135
0.040892986152024316
0.038439820073814794
0.04918060662719554
0.02337882871401183
0.0314195867495139
0.01867586774682308
0.004452838351871087
0.1666600799219408
0.04384503949354768
0.08945178732662758
0.06871204615060995
0.007844254578623991
0.014706475778432223
0.04084997172361051
0.0742857972703572
0.08436120377101407
0.10022425564721053
0.05795697796389011
0.013000664108033562
0.05714034261659495
0.02407765682270693
0.11491964004234287
0.0071228409629047066
0.0172679286597899
0.06517149410917036
0.08901011007027206
0.11748413645022028
0.03130594839272512
0.03265714884529963
0.027187629203959375
0.3603912331870855
0.05438764898468155
0.04395463285444607
0.02679980514014551
0.06161171631193535
0.03511391670952143
0.0022319932014980364
0.013144352902917234
0.25215179477093647
0.11253742544563032
0.013711209161172827
0.0484228758387633
0.03314774520730869
0.012657906023594779
0.0980381788448445
0.026279004238126423
0.10464324870078172
0.07311627310275101
0.020052546633601773
0.046572554508737554
0.023444460833427563
0.13077238661118798
0.11428329513981621
1.0
0.19989700757662338
0.05322228132980047
0.07624193228234273
0.024477948272836295
0.009347668981207185
0.17649065493799485
0.11965938365027576
0.2230994382216923
0.01770413565197525
0.17196013369968977
0.008185616905954365
0.03312079956208848
0.06794254621301038
0.31067366663088114
0.25885044351310255
0.2077774234123408
0.07375379013991214
0.11062029579398101
0.11463235134172117
0.06861709418798331
0.024722223191327213
0.15144275764816081
0.48371079958279933
0.24086425158764255
0.1132451403592928
0.11216363883298264
0.032668450006029755
0.19303057081202415
0.028632476131230118
0.002804856621330259
0.014104726233152017
0.06438545087245014
0.042689629353327825
0.01245912744169465
0.11465325184965876
0.0861392581198414
0.06596396691501086
0.17682338729385663
0.18393125744486372
0.03509172260950497
0.05856302190471775
0.04288911890904402
0.036070154807897936
0.11697617740085159
8.41129781489836E-4
0.0561639632087039
0.10463553768040974
0.09114088372336589
0.019622115088751994
0.012023779971722643
0.06304136973683887
0.08452332578969865
0.11165015487563086
0.20140550819326417
0.13092064236665213
0.04500053108668063
0.0837323312329629
0.0691339369098723
0.011614094663969609
0.12602644564941543
0.3187536752525297
0.15560654950451305
0.013835053723324883
0.04279652101658964
0.0015587898284844738
0.03609463234894014
0.002562873008563234
0.04671162927124543
