-0.01211452034166544
0.06516542322258112
0.05474590599790938
0.14360274345508295
0.1390108999100465
0.17975252603315273
0.2259292976987811
0.03882051360469606
0.037459976727709336
0.10366939467539563
0.1527483619220424
0.12082278087489759
0.022281725676017865
0.03662234462471689
0.07490079101273868
0.09058231893717482
0.05782152823255038
0.19908967227275506
0.14656230003134807
0.03118630906461049
0.018441455035007145
0.07102864803313975
0.04788309045957676
0.11654366954562825
0.03850315247856965
0.08903128876390423
0.03490101286702776
0.1167547180639015
0.06529701780230299
0.003977014352705644
0.34904158019281073
0.13706883281533322
0.09791510068354824
0.00410305157005451
0.0017075944616526306
0.011307830179530352
0.02192943776240491
0.17602547450011574
0.08684672169145527
0.005669788517483616
0.024911628947368182
0.044226958729386104
0.09932401744387191
0.08580150664966395
0.20918794889905667
0.37863103698206646
0.22705514947718455
0.0773059736436725
0.14288997917711885
0.005202912490578168
0.1155712938866208
0.055704411391772665
0.03735686101875368
0.2679865451632107
0.08536142776813153
0.1453456913104702
0.08152239222704749
0.01979258333946628
0.015020820256008866
0.011223569429612664
0.1389052065798312
0.130787565961877
0.028866441406978208
0.14144864808054056
0.06448593496354593
0.01386463623586952
0.18445773190055495
0.04599849391345539
1.0
0.08747758658039981
0.10435129101012941
0.021646949102438827
0.04376789667984719
0.018205069818047898
0.07194919500350744
0.28042439465069136
0.44876114865164723
0.15218475881464463
0.06880487139335216
0.11312425717844363
0.01922607806239241
0.01350455436696573
0.060812560122813296
0.23965462188259576
0.0989852817570672
0.08833188388977334
0.030027196870454343
0.02821836430808356
0.018849238831858184
0.02377267965610821
0.06983669284688117
0.14401972991426545
0.11305057004546513
0.034679187633297665
0.11124724470233642
0.03565835753042211
0.031220532564759942
0.1242250205601914
0.07539750098597243
0.06162623869517188
0.020697309875333872
0.08973993571158258
0.04674884195215555
0.002650408963750581
0.10995958223209229
0.055175756698942334
0.07499038689597554
0.03422946127784455
0.07078961981842925
0.033445203050851316
0.1586559241652691
0.10502735775939287
0.043621169534713344
0.11626587241067922
0.032711164589779906
0.0149189260173611
0.17452036261789328
0.05487491101030074
0.00938021416980481
8.855317051953015E-4
0.12354303234636278
0.05249966221047919
0.04668909343258441
0.09795483095485702
0.017986745640599034
0.06807719295860074
0.06019138238264189
0.14879202384283685
0.011159172037196676
0.12045507839371364
0.08741895725010011
0.10841593469311847
0.15367007653566003
0.07591250415109332
0.0020789861014372324
0.03448455002888863
0.06985537356982392
0.09498050238734634
0.09511585787058263
0.133127592450436
0.04560007591387867
0.006652616176677534
0.05449183870794203
0.05673898585799628
0.04209558773586227
0.0370964693231088
0.03808517854365202
0.05598127457938089
0.021197417042306457
0.032793835113973865
0.07198302073889475
0.164942166979012
0.046007929262374174
0.029196257190729116
0.04845808136666176
0.047720834928613266
0.06320918901182947
0.04063947620412071
0.11910112832352444
0.017301693992595728
0.037895006620287275
0.052220748244990546
0.017827771042323425
0.026387694512168307
0.07809144298674295
0.08502998939943056
0.03668027886992277
0.06266279555912926
0.04252827814714247
0.007970207798920907
0.045295355087520424
0.045887107094151086
0.008503353192752541
0.07557883792727614
0.16048438517430458
0.09259888960433295
0.06350073666823247
0.00661952484586821
0.08279273296915958
0.05776077258935157
0.03128236170870597
0.19348686589528583
0.18707294604444683
0.0701934833330691
0.19537278925435686
0.0800907085048782
0.13590721127447433
0.07181528653495588
0.14479572176628927
0.5288697806117024
0.03554527103379797
0.06087012162585087
0.031400653475993634
0.05108644203118625
0.0446312477899116
0.008670268668004173
0.04267221717400482
0.07944425960128466
0.01814566240734756
0.036943904309749726
0.003204574040413605
0.013095271188891353
0.006878427217634922
0.13205636230934298
0.19306020759919765
0.020321604228837085
0.21228684843666665
0.02511962818704769
0.04816802654899655
0.11412201508027056
0.02120109299569628
0.06391986482349961
0.0372550375334074
0.07272497639381957
0.05908286368466425
0.07531639632032648
0.017540131451566528
0.002767394467866826
0.05269730725131963
0.1179157868144771
0.05740445846648681
0.0400498720284818
0.041065257214541004
0.10771691457505922
0.014487864895683768
0.012779258976136342
0.015375352355079587
0.09016592594772321
0.02588323987437646
0.12489387878153539
0.0017454820674413939
0.02422904068333088
0.07311598912758076
0.07441528555339905
0.07869747220790356
0.016713334137430546
0.01922399944791869
0.05688814534923971
0.059471519528693895
0.039266912244765
0.03875556177914892
0.022677625559981523
0.006291081440251093
0.008352793919654324
0.01340556478549619
0.02389278992165392
0.06644587813291539
0.0010521763007875172
0.04702743152261526
0.04975504357022097
0.11281709408180335
0.008079903190738447
0.07558866862353857
0.014344788801049857
0.05076555178616268
0.010681827859052853
0.0772610515731425
0.007174320936052539
0.042091905452590866
0.06454675380277967
0.03313062795880507
0.0035587029600868346
0.002399422357581153
0.09805322319312189
0.024722351378474137
0.012006091472271118
0.015980305549748667
0.0011824662236873766
0.006878543298828569
0.015477267097055884
0.018916491214993055
0.07206959443169192
0.04384290286229713
0.020670712468569906
0.02817182460523123
0.04102109508305833
0.06170335314468223
0.0016600854416192572
0.05474057727076844
0.06400912145529326
0.03713706111431365
0.027490140417197242
0.09256847725774682
0.01674111528316331
0.04005780501559433
0.06832091920248058
0.001273351060607944
9.020952015326466E-4
0.032541270415153305
0.05085408616792166
0.01991195013464037
0.0362127938348545
0.0019529135529520085
0.0029591204366463996
0.03183929391828772
0.06502321019411873
0.04511493408549254
0.009486744005384379
0.0704249319606421
0.014135328185265555
0.03650339696530892
0.10148697453435535
0.12082457241055748
0.046964220218452785
0.08352982230452909
0.0024633332010866957
0.05339761431024937
0.0024798471783206246
0.01211452034166544
0.06524393784079414
0.045285227216112195
0.07133610094961594
0.09573595873719087
0.027860885986705844
0.01119193111911888
0.040398301011013465
0.03815164880708293
0.005948340026789995
0.12351774892832848
0.005046700943095913
0.02845838414895968
0.004941048238000097
0.06459168380810065
0.0047810341933736625
0.09377413758927652
0.07373128348517793
0.08449661926719995
0.04725157923009451
0.037467603308651405
0.002061203566564619
0.03300010952458629
0.006991393975604806
0.13662121399715352
0.03562640128409364
0.05543920219549703
0.10643008859404375
0.033228447873511154
0.0618930789168006
0.0819559280432789
0.007113964513572497
0.06275834964048624
0.08979233297067687
0.08786863312314865
0.056146608538774394
0.0014011859108142022
0.0011269427450341454
0.035535520455212966
0.013742740712152687
0.01867205527299269
0.003042280952323781
0.03727676917514795
0.04010463316047177
0.01603590929637013
0.021053526882809415
0.006585977063788814
0.006963422891562701
0.023633771778935598
0.028128335919681422
0.018687915458656612
0.06571000858584874
0.039263060174713205
0.07347867408512042
0.06725492646763716
0.004045676420056446
0.0037107611148705314
0.04600974672633197
0.053836016509515645
0.017357996701721588
0.04648321907935759
0.04378403393773257
0.021107675883647276
0.006974974650450838
0.06499115238900746
0.052166077455558534
0.028877739798157564
0.014005341616840111
0.0064324164564182355
0.039472580996287136
0.0042653934553077
0.019462804923120938
0.014245054643495444
0.014592544071510827
0.031532979978868926
0.04317346609603235
0.044686086027577634
0.0053040056270060925
0.04309221420207873
0.0700281493497089
0.04009810203797992
0.08071820715509799
0.0056861907369529716
0.014774268798448209
0.03951846058669844
0.013697100186582791
0.008431844837651196
0.021458097749314446
0.09260416413218961
0.065985801424021
0.07720077976121964
0.04065974556746824
0.017858479060090728
0.07926732560630177
0.03847644797982326
0.09075079882117204
0.0031378204711497762
0.042442814264527756
0.011241264775774374
0.011434310216766231
0.018966255222511524
0.016000710327132853
0.011484441115187038
0.011898361404651432
0.042249231724185016
0.0012593969083880311
0.0718232262245468
0.03565486853902568
0.035268639176178035
0.08089091276362498
0.0519659835692275
0.035175750788616456
0.008212488821202013
0.015903720722726142
0.010631636963262817
0.02878421066524751
0.03311320231621041
0.11681124565835335
0.008097976899836094
0.003410070814070172
0.006473539373644146
0.0821816423817676
0.037058456376884166
0.016792396268728697
0.01799927428800905
0.07048838385737709
0.06667357053630099
0.01031096987943002
0.006694243728006982
0.004529673800172295
0.0858590195243015
0.03758305820189469
0.005814424344297062
0.0448032062900601
0.036582263684165214
0.00321134303635978
0.07533143853828304
0.015318531231475432
0.06934173269771794
0.07493727839248904
0.012479117353462592
0.002265410752794356
0.048595473522283106
0.07380903721133869
0.07667571432398343
0.053349058301286945
0.031926405500129824
0.010831979466882734
0.02444460475482783
0.04526825615705179
0.01614379828634927
0.023694657745528282
0.01122722203249063
0.03759694365140668
0.08480164239165808
0.03759694365140668
0.01122722203249063
0.023694657745528282
0.01614379828634927
0.04526825615705179
0.02444460475482783
0.010831979466882734
0.031926405500129824
0.053349058301286945
0.07667571432398343
0.07380903721133869
0.048595473522283106
0.002265410752794356
0.012479117353462592
0.07493727839248904
0.06934173269771794
0.015318531231475432
0.07533143853828304
0.00321134303635978
0.036582263684165214
0.0448032062900601
0.005814424344297062
0.03758305820189469
0.0858590195243015
0.004529673800172295
0.006694243728006982
0.01031096987943002
0.06667357053630099
0.07048838385737709
0.01799927428800905
0.016792396268728697
0.037058456376884166
0.0821816423817676
0.006473539373644146
0.003410070814070172
0.008097976899836094
0.11681124565835335
0.03311320231621041
0.02878421066524751
0.010631636963262817
0.015903720722726142
0.008212488821202013
0.035175750788616456
0.0519659835692275
0.08089091276362498
0.035268639176178035
0.03565486853902568
0.0718232262245468
0.0012593969083880311
0.042249231724185016
0.011898361404651432
0.011484441115187038
0.016000710327132853
0.018966255222511524
0.011434310216766231
0.011241264775774374
0.042442814264527756
0.0031378204711497762
0.09075079882117204
0.03847644797982326
0.07926732560630177
0.017858479060090728
0.04065974556746824
0.07720077976121964
0.065985801424021
0.09260416413218961
0.021458097749314446
0.008431844837651196
0.013697100186582791
0.03951846058669844
0.014774268798448209
0.0056861907369529716
0.08071820715509799
0.04009810203797992
0.0700281493497089
0.04309221420207873
0.0053040056270060925
0.044686086027577634
0.04317346609603235
0.031532979978868926
0.014592544071510827
0.014245054643495444
0.019462804923120938
0.0042653934553077
0.039472580996287136
0.0064324164564182355
0.014005341616840111
0.028877739798157564
0.052166077455558534
0.06499115238900746
0.006974974650450838
0.021107675883647276
0.04378403393773257
0.04648321907935759
0.017357996701721588
0.053836016509515645
0.04600974672633197
0.0037107611148705314
0.004045676420056446
0.06725492646763716
0.07347867408512042
0.039263060174713205
0.06571000858584874
0.018687915458656612
0.028128335919681422
0.023633771778935598
0.006963422891562701
0.006585977063788814
0.021053526882809415
0.01603590929637013
0.04010463316047177
0.03727676917514795
0.003042280952323781
0.01867205527299269
0.013742740712152687
0.035535520455212966
0.0011269427450341454
0.0014011859108142022
0.056146608538774394
0.08786863312314865
0.08979233297067687
0.06275834964048624
0.007113964513572497
0.0819559280432789
0.0618930789168006
0.033228447873511154
0.10643008859404375
0.05543920219549703
0.03562640128409364
0.13662121399715352
0.006991393975604806
0.03300010952458629
0.002061203566564619
0.037467603308651405
0.04725157923009451
0.08449661926719995
0.07373128348517793
0.09377413758927652
0.0047810341933736625
0.06459168380810065
0.004941048238000097
0.02845838414895968
0.005046700943095913
0.12351774892832848
0.005948340026789995
0.03815164880708293
0.040398301011013465
0.01119193111911888
0.027860885986705844
0.09573595873719087
0.07133610094961594
0.045285227216112195
0.06524393784079414
0.01211452034166544
0.0024798471783206246
0.05339761431024937
0.0024633332010866957
0.08352982230452909
0.046964220218452785
0.12082457241055748
0.10148697453435535
0.03650339696530892
0.014135328185265555
0.0704249319606421
0.009486744005384379
0.04511493408549254
0.06502321019411873
0.03183929391828772
0.0029591204366463996
0.0019529135529520085
0.0362127938348545
0.01991195013464037
0.05085408616792166
0.032541270415153305
9.020952015326466E-4
0.001273351060607944
0.06832091920248058
0.04005780501559433
0.01674111528316331
0.09256847725774682
0.027490140417197242
0.03713706111431365
0.06400912145529326
0.05474057727076844
0.0016600854416192572
0.06170335314468223
0.04102109508305833
0.02817182460523123
0.020670712468569906
0.04384290286229713
0.07206959443169192
0.018916491214993055
0.015477267097055884
0.006878543298828569
0.0011824662236873766
0.015980305549748667
0.012006091472271118
0.024722351378474137
0.09805322319312189
0.002399422357581153
0.0035587029600868346
0.03313062795880507
0.06454675380277967
0.042091905452590866
0.007174320936052539
0.0772610515731425
0.010681827859052853
0.05076555178616268
0.014344788801049857
0.07558866862353857
0.008079903190738447
0.11281709408180335
0.04975504357022097
0.04702743152261526
0.0010521763007875172
0.06644587813291539
0.02389278992165392
0.01340556478549619
0.008352793919654324
0.006291081440251093
0.022677625559981523
0.03875556177914892
0.039266912244765
0.059471519528693895
0.05688814534923971
0.01922399944791869
0.016713334137430546
0.07869747220790356
0.07441528555339905
0.07311598912758076
0.02422904068333088
0.0017454820674413939
0.12489387878153539
0.02588323987437646
0.09016592594772321
0.015375352355079587
0.012779258976136342
0.014487864895683768
0.10771691457505922
0.041065257214541004
0.0400498720284818
0.05740445846648681
0.1179157868144771
0.05269730725131963
0.002767394467866826
0.017540131451566528
0.07531639632032648
0.05908286368466425
0.07272497639381957
0.0372550375334074
0.06391986482349961
0.02120109299569628
0.11412201508027056
0.04816802654899655
0.02511962818704769
0.21228684843666665
0.020321604228837085
0.19306020759919765
0.13205636230934298
0.006878427217634922
0.013095271188891353
0.003204574040413605
0.036943904309749726
0.01814566240734756
0.07944425960128466
0.04267221717400482
0.008670268668004173
0.0446312477899116
0.05108644203118625
0.031400653475993634
0.06087012162585087
0.03554527103379797
0.5288697806117024
0.14479572176628927
0.07181528653495588
0.13590721127447433
0.0800907085048782
0.19537278925435686
0.0701934833330691
0.18707294604444683
0.19348686589528583
0.03128236170870597
0.05776077258935157
0.08279273296915958
0.00661952484586821
0.06350073666823247
0.09259888960433295
0.16048438517430458
0.07557883792727614
0.008503353192752541
0.045887107094151086
0.045295355087520424
0.007970207798920907
0.04252827814714247
0.06266279555912926
0.03668027886992277
0.08502998939943056
0.07809144298674295
0.026387694512168307
0.017827771042323425
0.052220748244990546
0.037895006620287275
0.017301693992595728
0.11910112832352444
0.04063947620412071
0.06320918901182947
0.047720834928613266
0.04845808136666176
0.029196257190729116
0.046007929262374174
0.164942166979012
0.07198302073889475
0.032793835113973865
0.021197417042306457
0.05598127457938089
0.03808517854365202
0.0370964693231088
0.04209558773586227
0.05673898585799628
0.05449183870794203
0.006652616176677534
0.04560007591387867
0.133127592450436
0.09511585787058263
0.09498050238734634
0.06985537356982392
0.03448455002888863
0.0020789861014372324
0.07591250415109332
0.15367007653566003
0.10841593469311847
0.08741895725010011
0.12045507839371364
0.011159172037196676
0.14879202384283685
0.06019138238264189
0.06807719295860074
0.017986745640599034
0.09795483095485702
0.04668909343258441
0.05249966221047919
0.12354303234636278
8.855317051953015E-4
0.00938021416980481
0.05487491101030074
0.17452036261789328
0.0149189260173611
0.032711164589779906
0.11626587241067922
0.043621169534713344
0.10502735775939287
0.1586559241652691
0.033445203050851316
0.07078961981842925
0.03422946127784455
0.07499038689597554
0.055175756698942334
0.10995958223209229
0.002650408963750581
0.04674884195215555
0.08973993571158258
0.020697309875333872
0.06162623869517188
0.07539750098597243
0.1242250205601914
0.031220532564759942
0.03565835753042211
0.11124724470233642
0.034679187633297665
0.11305057004546513
0.14401972991426545
0.06983669284688117
0.02377267965610821
0.018849238831858184
0.02821836430808356
0.030027196870454343
0.08833188388977334
0.0989852817570672
0.23965462188259576
0.060812560122813296
0.01350455436696573
0.01922607806239241
0.11312425717844363
0.06880487139335216
0.15218475881464463
0.44876114865164723
0.28042439465069136
0.07194919500350744
0.018205069818047898
0.04376789667984719
0.021646949102438827
0.10435129101012941
0.08747758658039981
1.0
0.04599849391345539
0.18445773190055495
0.01386463623586952
0.06448593496354593
0.14144864808054056
0.028866441406978208
0.130787565961877
0.1389052065798312
0.011223569429612664
0.015020820256008866
0.01979258333946628
0.08152239222704749
0.1453456913104702
0.08536142776813153
0.2679865451632107
0.03735686101875368
0.055704411391772665
0.1155712938866208
0.005202912490578168
0.14288997917711885
0.0773059736436725
0.22705514947718455
0.37863103698206646
0.20918794889905667
0.08580150664966395
0.09932401744387191
0.044226958729386104
0.024911628947368182
0.005669788517483616
0.08684672169145527
0.17602547450011574
0.02192943776240491
0.011307830179530352
0.0017075944616526306
0.00410305157005451
0.09791510068354824
0.13706883281533322
0.34904158019281073
0.003977014352705644
0.06529701780230299
0.1167547180639015
0.03490101286702776
0.08903128876390423
0.03850315247856965
0.11654366954562825
0.04788309045957676
0.07102864803313975
0.018441455035007145
0.03118630906461049
0.14656230003134807
0.19908967227275506
0.05782152823255038
0.09058231893717482
0.07490079101273868
0.03662234462471689
0.022281725676017865
0.12082278087489759
0.1527483619220424
0.10366939467539563
0.037459976727709336
0.03882051360469606
0.2259292976987811
0.17975252603315273
0.1390108999100465
0.14360274345508295
0.05474590599790938
0.06516542322258112
