-0.039646618684782337
0.018742262695423388
0.10348615147690733
0.01964513275826405
0.05408780232665449
0.003941793406284028
0.026105562404468187
0.2008513809010743
0.19067581500609695
0.05257742426600454
0.12367064276413156
0.04950727310021722
0.068270801986758
0.1113665657491409
0.0315342806643271
8.299420713859637E-4
0.057687002909090485
0.2191817546860068
0.1464027477410358
0.021850422503697953
0.014920670449951929
0.027205124277418575
0.034910345274683514
0.10588370032438608
0.04717046217384003
0.07823596454863357
0.12621103341448064
0.022290816790151505
0.026642902231381615
0.12817579667154239
0.1472660343542414
0.09590038368196646
0.09478631890742481
0.03977610827797882
0.10953965629209496
0.04848716747003068
0.01010701522305382
0.003941621949867743
0.015026169706836567
0.0022655071141793413
0.021181354869487738
0.12784840616946494
0.03434588018320938
0.08592009441594317
0.012807263456863434
0.0037694495065842813
0.14305132049035968
0.13258397237166286
0.001849570995135684
0.0566836415718742
0.030880066828711007
0.016386157565856842
0.007758353165623643
0.8633933524480768
0.09758619404354829
0.11907295681839448
0.02238264843041297
0.026097573963960754
0.049002963941100514
0.06192539753844286
0.027342816835923687
0.06383848666389744
0.06908928460887508
0.09973898342449193
0.1632391387932148
0.0740140020244786
0.13624345577452535
0.11042775975761482
1.0
0.2680482047840153
0.043250177137686
0.03219955942494153
0.09721202829081033
0.09142220010278654
0.06115741424673541
0.0024350645579937318
0.09707097012423763
0.05778620570076375
0.006764143667596852
0.09374319581864138
0.007293045487701964
0.010011746959697435
0.014452330500128226
0.24845634865692962
0.11540813458070226
0.007603458562870892
0.002073431368317871
0.0657271629798185
0.03490847543269969
0.027356912104242653
0.053915625103094396
0.05736327695048627
0.05197368528059526
0.004772409935686825
0.05193213984690434
0.013102852232967028
0.007915446995809478
0.03425731840288746
0.013275710558764153
0.052013574918411055
0.0028733703303279313
0.06256448613067225
0.06421783086074742
0.09557320782230294
0.07646399015804194
0.05078379994283602
0.04255429730583562
0.06529153155619288
0.1026966494103052
0.02254418469318857
0.015216577535467993
0.12284884201244119
0.014270486796151716
0.08045501825887232
0.21857587749811053
0.01137633959181161
0.01714730178080272
0.049356003566271185
0.00890945354931674
0.027403534734635023
0.059162191553817293
0.0164127205248203
0.02464198413791971
0.0010870146105578075
0.023131993747308247
0.021618233156789745
0.02910114663250872
0.02813904667044873
0.013164508329348337
0.15581417813950715
0.006709444373322138
0.009033872171420404
0.015546744251607533
0.03512617788820652
7.990732049243214E-4
0.0873398384629886
0.048159242575236
0.04776743621791118
0.07754010493976315
0.06373983118663094
0.044619222066904274
0.0018471184200751522
0.027623809571924635
0.008244916787185879
0.07841023598625808
0.02409081066494728
0.00828831096297994
0.011331998545637547
0.01742550244585803
0.0120378454995207
0.09567030519432747
0.07460651131953311
0.08869300413017459
0.01241930943010499
0.03964661868478234
0.010445504600679988
0.0041350200689030175
0.02180266643753816
0.02089129128063795
0.09181816416003753
0.07452712909334956
0.058710299699060935
0.06563615728406301
0.0020188543006798313
0.03477463870316052
0.002104303443707417
0.06500506957700027
0.23742680100931857
0.03155746560225243
0.014420203731322587
0.04938242569571616
0.026234292757081973
0.033350873404317985
0.06670965592949306
0.21302164748446514
0.06017056141412634
0.11278128737653903
0.002583319747463949
0.03736920995443301
0.031449063406075804
0.06003908135114554
0.16298228461696823
0.22243474670037572
0.04312624143231775
0.05701187997127982
0.09618392251667587
0.12348128199530486
0.12516010235149969
0.17415617699552152
0.33787256233292445
0.19579677619958022
0.12337528890930602
0.010745315427314347
0.042897631315456604
0.07512582917357334
0.026581927954420444
0.05290918476444491
0.10972052929767241
0.011961300235129398
0.014787706229973606
0.047448819021527255
0.018486579598510598
0.06584870469796346
0.0466707864882244
0.0723003318753629
0.09145286402992171
0.04043836652673106
0.01305285320096798
0.0018880622542245386
0.008649803203151635
0.02726549725228202
0.03776369940920145
0.039192685702765725
0.011718137171897527
0.015519599430866669
0.00920381281966599
0.019281156839440525
0.025063611285196113
0.05308059614126473
0.011354736673208637
0.018827983386734276
0.03298481063666149
0.061889544028872166
0.06469912055990482
0.04266839711091932
0.018746582897667476
0.007011343779181709
0.020293381942348858
0.045639145952494485
0.10432237862743551
0.014179371432786962
0.059469928027173505
0.05379258237535477
0.03809948991763777
0.04802789232034802
0.04448971735172367
0.04458643213028311
0.009943954014357336
0.01905127764259739
0.004144486321184648
0.009635432675727649
0.05585813446280179
0.015666723778974864
0.024494948371174153
0.055220279943580586
0.003870490251662861
0.023107565818853978
0.049163338038531915
0.04924880304423446
0.025453334654929848
0.03219607315710024
0.018900538419295194
0.027594935478729255
0.04262488103667349
0.03470141822221652
0.0532631861314822
0.014631861902772717
0.0016727876662333567
0.05646647373943952
0.0418010410926304
0.052879842657138965
0.025570515128910308
0.03679873814187185
0.014299504096102951
0.02061046125740452
0.04805198071287009
0.023973290108521093
0.007446217658015905
0.017383728194508077
0.012267998503133556
0.038407071040436454
0.03662190869059451
0.017297351654110834
0.03429354246514654
0.03526418560557945
0.03209706823226356
0.04891282740298864
0.007919744875927765
0.006980307851214283
0.0096438000497111
0.04429491803153586
0.024319490769081388
0.050538305691129756
0.06390433543643695
0.05146082801411423
0.0361312691567152
0.01759488672501386
0.044797610105241456
0.015882598113089338
0.04550102408830966
0.013933992395073327
0.07740502069387627
0.0011662266306069874
0.0393841836125758
0.056961012592215726
0.06391323523136999
0.0824606149798235
0.02654120851663138
0.012730921473868562
0.0029662450377822597
0.005808264896105703
0.01780852730302596
0.005747501518275583
0.08961997666812893
0.007793424365850283
0.04804956142374029
0.0212049311001827
0.026356858893918443
0.009911654671195586
0.009329963972527399
0.06531829771567137
0.10836541746295784
0.09617484937311647
0.01747602159532327
0.031563562514266695
0.018278549836094525
0.009138841550204568
0.08170410666245635
0.013257989246276974
0.00778097206993791
0.07467308988796954
0.015431942972627302
0.0317371108059686
0.06286168800922061
0.0016420354116210114
0.015041682646303255
0.05809050666375522
0.006894356704162655
0.05496439765035148
0.01500453838602077
0.010381718729474635
0.036266198801059975
0.0017488594071396108
0.08809682151912115
0.01971722711909111
0.008521791086862145
0.004020077001240497
0.025147541566967323
0.01937790015926269
0.04724665921924175
0.015819772417082986
0.006022703654874239
0.04650717896999782
0.0013375021267801842
0.04033990043322292
0.006066243796935528
0.030521607886807342
0.048272896618353066
0.056631415347013235
0.009285509088303725
0.03380993465349293
0.0027384545270108273
0.006223839195256981
0.033332806028974614
0.019538020270603123
0.031976869994058126
0.02321465913970388
0.009106376211998665
0.014077237231096886
0.003117617355569908
0.022459635507334985
0.010149912528884237
0.01791379719128999
0.10755725341338945
0.010850922426791521
0.06309137016278615
0.03161678062982036
0.0037352167749242376
0.014807497122780188
5.57411777916914E-4
0.029424985522158168
0.04139630745918824
0.058052328607996806
0.03060508992638158
0.0285710810196707
0.003060366566161195
0.04297518345827825
0.0506033205254325
0.11367256764298174
0.02179986556929578
0.01961767966454632
0.01790840007538599
0.018686958059790554
0.006508283411763547
0.04528370430376958
0.02805124168717699
0.03423902021849046
0.012706816577753296
0.014991964339032205
0.01186665750236963
0.018465872499376847
0.048253635995763364
0.024503185466072757
0.0036310567114557378
0.01993878411670863
0.025498603506058315
0.016333896166620874
0.01706315039483059
0.03093250001660438
0.023865456459248795
0.04238886495507522
0.01786617224913372
0.007552158868730922
0.029198592686585013
0.04427349373499448
0.009812384292604566
0.001803347254375736
0.02286687987196361
0.03889841340010641
0.023288831090993018
0.01808865734440929
0.04603746087294944
0.009450146642212873
0.03768404701565158
0.0033288058779266387
1.5372855836478242E-4
0.0073254708431867285
0.00786875836287071
0.015761303562091974
0.01871692830128627
0.04101317766901821
0.025030026228176388
0.02151677468842699
0.027295842839087772
0.009920232944823082
0.06214817124795748
0.031365871815158604
0.02862389620610907
0.041062546872778105
0.03488015519222626
0.037433528433031486
0.06814482714316561
0.004310277915507134
0.05761295171073642
0.009636486637845842
0.017590262921839996
0.01326122947667605
0.02228224310015385
0.057757071198791476
0.03317696738882289
0.04169931508085943
0.048672258499046446
0.10342080899768713
0.06244475539026349
0.024335985112273934
0.01008678977428323
0.04839934280183105
0.03078383813359265
0.0016572966833298744
0.005353925836688215
0.005581725605860132
0.05803949622225373
0.06304910845117831
0.016517480270832115
0.06896462351885344
0.006115115086680797
0.011610064789641593
0.09347344471334443
0.023885533707234192
0.01799604546586651
0.05705089860287301
0.016124652844415315
0.039646618684782337
0.016124652844415315
0.05705089860287301
0.01799604546586651
0.023885533707234192
0.09347344471334443
0.011610064789641593
0.006115115086680797
0.06896462351885344
0.016517480270832115
0.06304910845117831
0.05803949622225373
0.005581725605860132
0.005353925836688215
0.0016572966833298744
0.03078383813359265
0.04839934280183105
0.01008678977428323
0.024335985112273934
0.06244475539026349
0.10342080899768713
0.048672258499046446
0.04169931508085943
0.03317696738882289
0.057757071198791476
0.02228224310015385
0.01326122947667605
0.017590262921839996
0.009636486637845842
0.05761295171073642
0.004310277915507134
0.06814482714316561
0.037433528433031486
0.03488015519222626
0.041062546872778105
0.02862389620610907
0.031365871815158604
0.06214817124795748
0.009920232944823082
0.027295842839087772
0.02151677468842699
0.025030026228176388
0.04101317766901821
0.01871692830128627
0.015761303562091974
0.00786875836287071
0.0073254708431867285
1.5372855836478242E-4
0.0033288058779266387
0.03768404701565158
0.009450146642212873
0.04603746087294944
0.01808865734440929
0.023288831090993018
0.03889841340010641
0.02286687987196361
0.001803347254375736
0.009812384292604566
0.04427349373499448
0.029198592686585013
0.007552158868730922
0.01786617224913372
0.04238886495507522
0.023865456459248795
0.03093250001660438
0.01706315039483059
0.016333896166620874
0.025498603506058315
0.01993878411670863
0.0036310567114557378
0.024503185466072757
0.048253635995763364
0.018465872499376847
0.01186665750236963
0.014991964339032205
0.012706816577753296
0.03423902021849046
0.02805124168717699
0.04528370430376958
0.006508283411763547
0.018686958059790554
0.01790840007538599
0.01961767966454632
0.02179986556929578
0.11367256764298174
0.0506033205254325
0.04297518345827825
0.003060366566161195
0.0285710810196707
0.03060508992638158
0.058052328607996806
0.04139630745918824
0.029424985522158168
5.57411777916914E-4
0.014807497122780188
0.0037352167749242376
0.03161678062982036
0.06309137016278615
0.010850922426791521
0.10755725341338945
0.01791379719128999
0.010149912528884237
0.022459635507334985
0.003117617355569908
0.014077237231096886
0.009106376211998665
0.02321465913970388
0.031976869994058126
0.019538020270603123
0.033332806028974614
0.006223839195256981
0.0027384545270108273
0.03380993465349293
0.009285509088303725
0.056631415347013235
0.048272896618353066
0.030521607886807342
0.006066243796935528
0.04033990043322292
0.0013375021267801842
0.04650717896999782
0.006022703654874239
0.015819772417082986
0.04724665921924175
0.01937790015926269
0.025147541566967323
0.004020077001240497
0.008521791086862145
0.01971722711909111
0.08809682151912115
0.0017488594071396108
0.036266198801059975
0.010381718729474635
0.01500453838602077
0.05496439765035148
0.006894356704162655
0.05809050666375522
0.015041682646303255
0.0016420354116210114
0.06286168800922061
0.0317371108059686
0.015431942972627302
0.07467308988796954
0.00778097206993791
0.013257989246276974
0.08170410666245635
0.009138841550204568
0.018278549836094525
0.031563562514266695
0.01747602159532327
0.09617484937311647
0.10836541746295784
0.06531829771567137
0.009329963972527399
0.009911654671195586
0.026356858893918443
0.0212049311001827
0.04804956142374029
0.007793424365850283
0.08961997666812893
0.005747501518275583
0.01780852730302596
0.005808264896105703
0.0029662450377822597
0.012730921473868562
0.02654120851663138
0.0824606149798235
0.06391323523136999
0.056961012592215726
0.0393841836125758
0.0011662266306069874
0.07740502069387627
0.013933992395073327
0.04550102408830966
0.015882598113089338
0.044797610105241456
0.01759488672501386
0.0361312691567152
0.05146082801411423
0.06390433543643695
0.050538305691129756
0.024319490769081388
0.04429491803153586
0.0096438000497111
0.006980307851214283
0.007919744875927765
0.04891282740298864
0.03209706823226356
0.03526418560557945
0.03429354246514654
0.017297351654110834
0.03662190869059451
0.038407071040436454
0.012267998503133556
0.017383728194508077
0.007446217658015905
0.023973290108521093
0.04805198071287009
0.02061046125740452
0.014299504096102951
0.03679873814187185
0.025570515128910308
0.052879842657138965
0.0418010410926304
0.05646647373943952
0.0016727876662333567
0.014631861902772717
0.0532631861314822
0.03470141822221652
0.04262488103667349
0.027594935478729255
0.018900538419295194
0.03219607315710024
0.025453334654929848
0.04924880304423446
0.049163338038531915
0.023107565818853978
0.003870490251662861
0.055220279943580586
0.024494948371174153
0.015666723778974864
0.05585813446280179
0.009635432675727649
0.004144486321184648
0.01905127764259739
0.009943954014357336
0.04458643213028311
0.04448971735172367
0.04802789232034802
0.03809948991763777
0.05379258237535477
0.059469928027173505
0.014179371432786962
0.10432237862743551
0.045639145952494485
0.020293381942348858
0.007011343779181709
0.018746582897667476
0.04266839711091932
0.06469912055990482
0.061889544028872166
0.03298481063666149
0.018827983386734276
0.011354736673208637
0.05308059614126473
0.025063611285196113
0.019281156839440525
0.00920381281966599
0.015519599430866669
0.011718137171897527
0.039192685702765725
0.03776369940920145
0.02726549725228202
0.008649803203151635
0.0018880622542245386
0.01305285320096798
0.04043836652673106
0.09145286402992171
0.0723003318753629
0.0466707864882244
0.06584870469796346
0.018486579598510598
0.047448819021527255
0.014787706229973606
0.011961300235129398
0.10972052929767241
0.05290918476444491
0.026581927954420444
0.07512582917357334
0.042897631315456604
0.010745315427314347
0.12337528890930602
0.19579677619958022
0.33787256233292445
0.17415617699552152
0.12516010235149969
0.12348128199530486
0.09618392251667587
0.05701187997127982
0.04312624143231775
0.22243474670037572
0.16298228461696823
0.06003908135114554
0.031449063406075804
0.03736920995443301
0.002583319747463949
0.11278128737653903
0.06017056141412634
0.21302164748446514
0.06670965592949306
0.033350873404317985
0.026234292757081973
0.04938242569571616
0.014420203731322587
0.03155746560225243
0.23742680100931857
0.06500506957700027
0.002104303443707417
0.03477463870316052
0.0020188543006798313
0.06563615728406301
0.058710299699060935
0.07452712909334956
0.09181816416003753
0.02089129128063795
0.02180266643753816
0.0041350200689030175
0.010445504600679988
0.03964661868478234
0.01241930943010499
0.08869300413017459
0.07460651131953311
0.09567030519432747
0.0120378454995207
0.01742550244585803
0.011331998545637547
0.00828831096297994
0.02409081066494728
0.07841023598625808
0.008244916787185879
0.027623809571924635
0.0018471184200751522
0.044619222066904274
0.06373983118663094
0.07754010493976315
0.04776743621791118
0.048159242575236
0.0873398384629886
7.990732049243214E-4
0.03512617788820652
0.015546744251607533
0.009033872171420404
0.006709444373322138
0.15581417813950715
0.013164508329348337
0.02813904667044873
0.02910114663250872
0.021618233156789745
0.023131993747308247
0.0010870146105578075
0.02464198413791971
0.0164127205248203
0.059162191553817293
0.027403534734635023
0.00890945354931674
0.049356003566271185
0.01714730178080272
0.01137633959181161
0.21857587749811053
0.08045501825887232
0.014270486796151716
0.12284884201244119
0.015216577535467993
0.02254418469318857
0.1026966494103052
0.06529153155619288
0.04255429730583562
0.05078379994283602
0.07646399015804194
0.09557320782230294
0.06421783086074742
0.06256448613067225
0.0028733703303279313
0.052013574918411055
0.013275710558764153
0.03425731840288746
0.007915446995809478
0.013102852232967028
0.05193213984690434
0.004772409935686825
0.05197368528059526
0.05736327695048627
0.053915625103094396
0.027356912104242653
0.03490847543269969
0.0657271629798185
0.002073431368317871
0.007603458562870892
0.11540813458070226
0.24845634865692962
0.014452330500128226
0.010011746959697435
0.007293045487701964
0.09374319581864138
0.006764143667596852
0.05778620570076375
0.09707097012423763
0.0024350645579937318
0.06115741424673541
0.09142220010278654
0.09721202829081033
0.03219955942494153
0.043250177137686
0.2680482047840153
1.0
0.11042775975761482
0.13624345577452535
0.0740140020244786
0.1632391387932148
0.09973898342449193
0.06908928460887508
0.06383848666389744
0.027342816835923687
0.06192539753844286
0.049002963941100514
0.026097573963960754
0.02238264843041297
0.11907295681839448
0.09758619404354829
0.8633933524480768
0.007758353165623643
0.016386157565856842
0.030880066828711007
0.0566836415718742
0.001849570995135684
0.13258397237166286
0.14305132049035968
0.0037694495065842813
0.012807263456863434
0.08592009441594317
0.03434588018320938
0.12784840616946494
0.021181354869487738
0.0022655071141793413
0.015026169706836567
0.003941621949867743
0.01010701522305382
0.04848716747003068
0.10953965629209496
0.03977610827797882
0.09478631890742481
0.09590038368196646
0.1472660343542414
0.12817579667154239
0.026642902231381615
0.022290816790151505
0.12621103341448064
0.07823596454863357
0.04717046217384003
0.10588370032438608
0.034910345274683514
0.027205124277418575
0.014920670449951929
0.021850422503697953
0.1464027477410358
0.2191817546860068
0.057687002909090485
8.299420713859637E-4
0.0315342806643271
0.1113665657491409
0.068270801986758
0.04950727310021722
0.12367064276413156
0.05257742426600454
0.19067581500609695
0.2008513809010743
0.026105562404468187
0.003941793406284028
0.05408780232665449
0.01964513275826405
0.10348615147690733
0.018742262695423388
