-0.25050315256605965
0.13137753986324094
0.2201293193914283
0.08961338917635144
0.1947564104736045
0.028453565461423067
0.10791776353484654
0.18980230417869792
0.05955123695437516
0.04361241004941986
0.2606457683821465
0.007196454233234582
0.07649482387397534
0.01964026832904398
0.31922138376748094
0.10721772445982561
0.15524147973918503
0.08547866555008424
0.011683199754236168
0.14952671948163532
0.28868152857413687
0.009631800313569397
0.14370864733946628
0.11169803798635743
0.09159847492142836
0.06904184446443819
0.12280290704242257
0.028933218736147945
0.012066481883698053
0.10335189196191182
0.4056357378109267
0.2600613249640891
0.26861315280674075
0.024187588277373686
0.09477324972552456
0.11330235465584466
0.007245951801459766
0.08272760173028099
0.05516601301312145
0.02083999874039861
0.1315878799585808
0.27069524075495177
0.13611773840179425
0.02180265429056618
0.3684351636994382
0.7047547049920685
0.9918218885177116
0.15578634555709744
0.1489648032489944
0.08371681474162575
0.05612151395919512
8.215246524585968E-4
0.21951732651603922
0.7353580380619698
0.7457096358594669
0.2640515547905556
0.12926177543730666
0.048656507099428654
0.11259463071927155
0.0523246056743669
0.017345488706703622
0.1430479222445466
0.01885210610656433
0.07360698581661684
0.046621143576144795
0.20852844747588817
0.09801809185851834
0.07224809935333414
0.26052601249166163
1.0
0.2505231149548773
0.07309489230308827
0.22746270922748177
0.11625428915094305
0.10865938132301942
0.053527903069610215
0.21911413230560056
0.18534020522415984
0.14021097704667304
0.2301214860368954
0.009625514129724394
0.0140687525601276
0.16698504863796804
0.04415510032219627
0.08491082628790965
0.11305482731177774
0.00467781431089195
0.07099523193933903
0.07605260163052371
0.14682472896426418
0.03785772564650343
0.04096901726012842
0.28595691198992373
0.008412958678128201
0.1114288024225614
0.05269653589890654
0.08611396167344153
0.19498521648065803
0.1036315918434075
0.18291709145788346
0.1749301635527959
0.19471266819298652
0.028600088543030387
0.06344622476045489
0.016816847680940432
0.03380022270237783
0.13371043028937896
0.13682634931499438
0.22787922028261903
0.0057130200279133115
0.012293651688401129
0.07481914402545976
0.08294649682465871
0.015638032215290334
0.13238797428088628
0.1815771537015972
0.012520746733198
0.015034548942158638
0.006891532341707881
0.03663039005391834
0.040148260790952184
0.014509769271472866
0.012389877658589274
0.00923540440919086
0.07250700494355682
0.020442213500918297
0.04109628077401455
0.015891199807105617
0.08922981458418083
0.09439759401848508
0.2434281349922681
0.11083716468826266
0.002571653075977284
0.015516976523155033
0.13694066889943157
0.13435600080823376
0.03076973506734621
0.134345793862599
0.055891626064344606
0.15936522467926714
0.288179025807488
0.1482050716747636
0.011122948689718812
0.2800919185925097
0.10471347926999301
0.2404319616975898
0.02450160335138413
0.03168660366432547
0.1469144791997667
0.10538648998924012
0.021201886059740428
0.10154243278312423
0.061693442817451496
0.11328512409125087
0.06680084068428256
0.17664251498653344
0.03966730315767825
0.24147667119599928
0.09817127847419037
0.0038573664991855454
0.19966541556221917
0.12110333837364076
0.151273642747291
0.08601301370908512
0.1796844721424023
0.02795327706063546
0.11411711754769259
0.16610826022903477
0.3556542351986208
0.28507502251551786
0.010290174852854638
0.13552647433220652
0.05605296115345269
0.0701974604473924
0.04738631879346293
0.014591110222486419
0.17495421370192055
0.1643086784296875
0.024355536836479362
0.0851681689986529
0.07905167419685614
0.0875172547201542
0.19358433641299647
0.1597992033502862
0.06279037215971306
0.03191029609988191
0.021385976522177618
0.08424676740700833
0.05887257406574986
0.09876959214180962
0.486237594809506
0.08785380383132997
0.12768710845919898
0.03585690507733468
0.06929652985028886
0.027589219244601237
0.04460653295671916
0.16885388501645252
0.13684448485147896
0.05657422101789898
0.0066405331448487846
0.11902950270531418
0.05897109785135749
0.08942381202306324
0.12081085607758524
0.15510385968717177
0.22507079999197113
0.030810951126300532
0.06291138000006992
0.01746543486238156
0.012055127583076843
0.022364098614683955
0.024177220140037356
0.08743130802212214
0.07410193769037537
0.09940364620891493
0.011247395479450332
0.0022591268920299674
0.012093588428412398
0.0483866341489861
0.019841020766459282
0.1118209425049333
0.003991799013079135
0.025107052705126184
0.0155971510630878
0.04616540061901303
0.06269134460094533
0.038701576170828984
0.07322099081195349
0.08916308738595215
0.051356032739117374
0.03340042034214129
0.08677601617616536
0.06581360039022044
0.023784506920834104
0.003975296875693058
0.007151661982885124
0.06273995342395312
0.0943026154155104
0.03304573178494169
0.0011944429683409376
0.07369640810493294
0.0657081988796674
0.04931236238254836
0.1166838784073377
0.10080081889189244
0.005717967874775505
0.09294769408700533
0.06658006452928102
0.03087125385756542
0.0036018906031887615
0.06277000258929079
0.028328114779280322
0.03252553075221138
0.047642859191197415
0.0036046380156258195
0.06027718856861119
0.018191490385676398
0.002313747448562691
0.04974119723519594
0.010172989477591437
0.0716409848917574
0.04251219281019958
0.1090446943436142
0.005369987084042049
0.007971477533780481
0.04739104068372585
0.1717457916119639
0.19414959800795767
0.039820490388442466
0.1003439294351318
0.008988244162351682
0.013258901994306476
0.011547617295869169
0.15953540306910194
0.06323973013321836
0.006903348676109894
0.04170716701402052
0.07088787698533502
0.016703876453854988
0.12084011677541467
0.06569424387731922
6.6988066814976E-4
0.0762860374215308
0.03810248933746086
0.016789862098489535
0.03511304387177695
0.020805629735349586
0.018213567721251593
0.11999494917935671
0.07597616548984779
0.012012708467700587
0.006428544685383238
0.061745649851994884
0.06480086134388593
0.010398374113470542
0.1370448277989529
0.062008824277824795
0.05051199128475293
0.042603480130849476
0.047210711267967435
0.08275713191142692
0.02100947530059246
0.118118069846706
0.043879153820627306
0.07927477210021741
0.0014889191857330461
0.05158049706509801
0.050100630513211945
0.047397115890587434
0.011381075009962301
0.08358623828910215
0.09583518257989924
0.028502491758629497
0.11949581608554265
0.09742374570653202
0.05746184960028628
0.1189138882108509
0.029162097132677173
0.10713933225882227
0.0605747126573573
0.07549208805323573
0.033038314240895185
0.005411356411599466
0.12753356505802824
0.009626330981781315
0.12017064280270907
0.0400230678209488
0.09556148875362232
0.05937666124472664
0.12817570871774583
0.09327481479142971
0.028744521446674772
0.004886624687873869
0.05716024054885736
0.010056206270730087
0.04326209657301783
0.07897258028832967
0.06427085285204182
0.01753355480474464
0.004396299724663616
0.027104917350696988
0.04379111142875704
0.003918623411043352
0.02313397920499892
0.01848883566672159
0.10733580585049082
0.11144991677938358
0.013255997312236041
0.05846846397092417
0.04555198439745124
0.004749568813951094
0.03920796673082358
0.10173772423565096
0.02388125930473054
0.030059959653344535
0.05069016970958358
0.010755143995570492
0.05372169882033033
0.10066963792925232
0.023873190341852684
0.011275663295766779
0.07741653213580983
0.026551583026095303
0.009092116534035199
0.010181593705762163
0.01183595950142424
0.11446192617726209
0.06610748160559583
0.036394411516704736
0.0709491213034491
0.032251010699883856
0.01800068619686173
0.0629814217672441
0.022471707635346897
0.05123133601064312
0.08891358908167063
0.09645322415118565
0.05394381997158339
0.08014258716181165
0.03749619100563547
0.010638828598714374
0.0031660392528282994
0.035060718678171704
0.021389627566417952
0.09856336768404111
0.03380221039669922
0.042388501763846106
0.018964475641333772
0.025989211321289302
0.018795093493959133
0.04840157228846925
0.018210903687285215
0.017439480015479646
0.13731475737636115
0.07605913746501251
0.042158990353192705
0.004827605861403113
0.05896915360516081
0.0034426621187497114
0.06508539485158477
0.09925344206879129
0.11299670520305556
0.0199975319852619
0.026846182532297303
0.03197267070573107
0.021107098148844632
0.01171903209073533
0.034344150238477596
0.02045164508946658
0.018536814552645123
0.028549210081958088
0.04169329248024893
0.03434712411566809
0.03180561530160607
0.011107384586958492
0.053463336096505894
0.06442859143640373
0.037142201934134214
0.005287704524632021
0.11512765340124699
0.014153701339020299
0.02469049121724635
0.10103644452484746
0.008729957898171563
0.029968552981566688
0.008363025280146553
0.04041156785875552
0.030968612851626078
0.049592183271800316
0.06239023177667607
0.07896277321118945
0.011262901525606939
0.0874552573970335
0.05099066191579338
0.0591968907049507
0.03837785831196198
0.01702499998462622
0.005462482558281875
0.025066040466539225
0.0504297733926045
0.04897077883953435
0.049570614310914654
0.0759441191343993
0.010089104683707356
0.061142256460899026
0.05060454004023149
0.039926496297135336
0.027843961543007875
0.022062327936539314
0.013183204606482877
0.019125489986691283
0.006594575286191095
0.05223683548177353
7.419696995442876E-4
0.002150649198685124
0.10504381837664965
0.013682073385106217
0.06955374918211889
0.04759872647039773
0.02344147948550915
0.04861780045525387
0.016700210171070644
0.04861780045525387
0.02344147948550915
0.04759872647039773
0.06955374918211889
0.013682073385106217
0.10504381837664965
0.002150649198685124
7.419696995442876E-4
0.05223683548177353
0.006594575286191095
0.019125489986691283
0.013183204606482877
0.022062327936539314
0.027843961543007875
0.039926496297135336
0.05060454004023149
0.061142256460899026
0.010089104683707356
0.0759441191343993
0.049570614310914654
0.04897077883953435
0.0504297733926045
0.025066040466539225
0.005462482558281875
0.01702499998462622
0.03837785831196198
0.0591968907049507
0.05099066191579338
0.0874552573970335
0.011262901525606939
0.07896277321118945
0.06239023177667607
0.049592183271800316
0.030968612851626078
0.04041156785875552
0.008363025280146553
0.029968552981566688
0.008729957898171563
0.10103644452484746
0.02469049121724635
0.014153701339020299
0.11512765340124699
0.005287704524632021
0.037142201934134214
0.06442859143640373
0.053463336096505894
0.011107384586958492
0.03180561530160607
0.03434712411566809
0.04169329248024893
0.028549210081958088
0.018536814552645123
0.02045164508946658
0.034344150238477596
0.01171903209073533
0.021107098148844632
0.03197267070573107
0.026846182532297303
0.0199975319852619
0.11299670520305556
0.09925344206879129
0.06508539485158477
0.0034426621187497114
0.05896915360516081
0.004827605861403113
0.042158990353192705
0.07605913746501251
0.13731475737636115
0.017439480015479646
0.018210903687285215
0.04840157228846925
0.018795093493959133
0.025989211321289302
0.018964475641333772
0.042388501763846106
0.03380221039669922
0.09856336768404111
0.021389627566417952
0.035060718678171704
0.0031660392528282994
0.010638828598714374
0.03749619100563547
0.08014258716181165
0.05394381997158339
0.09645322415118565
0.08891358908167063
0.05123133601064312
0.022471707635346897
0.0629814217672441
0.01800068619686173
0.032251010699883856
0.0709491213034491
0.036394411516704736
0.06610748160559583
0.11446192617726209
0.01183595950142424
0.010181593705762163
0.009092116534035199
0.026551583026095303
0.07741653213580983
0.011275663295766779
0.023873190341852684
0.10066963792925232
0.05372169882033033
0.010755143995570492
0.05069016970958358
0.030059959653344535
0.02388125930473054
0.10173772423565096
0.03920796673082358
0.004749568813951094
0.04555198439745124
0.05846846397092417
0.013255997312236041
0.11144991677938358
0.10733580585049082
0.01848883566672159
0.02313397920499892
0.003918623411043352
0.04379111142875704
0.027104917350696988
0.004396299724663616
0.01753355480474464
0.06427085285204182
0.07897258028832967
0.04326209657301783
0.010056206270730087
0.05716024054885736
0.004886624687873869
0.028744521446674772
0.09327481479142971
0.12817570871774583
0.05937666124472664
0.09556148875362232
0.0400230678209488
0.12017064280270907
0.009626330981781315
0.12753356505802824
0.005411356411599466
0.033038314240895185
0.07549208805323573
0.0605747126573573
0.10713933225882227
0.029162097132677173
0.1189138882108509
0.05746184960028628
0.09742374570653202
0.11949581608554265
0.028502491758629497
0.09583518257989924
0.08358623828910215
0.011381075009962301
0.047397115890587434
0.050100630513211945
0.05158049706509801
0.0014889191857330461
0.07927477210021741
0.043879153820627306
0.118118069846706
0.02100947530059246
0.08275713191142692
0.047210711267967435
0.042603480130849476
0.05051199128475293
0.062008824277824795
0.1370448277989529
0.010398374113470542
0.06480086134388593
0.061745649851994884
0.006428544685383238
0.012012708467700587
0.07597616548984779
0.11999494917935671
0.018213567721251593
0.020805629735349586
0.03511304387177695
0.016789862098489535
0.03810248933746086
0.0762860374215308
6.6988066814976E-4
0.06569424387731922
0.12084011677541467
0.016703876453854988
0.07088787698533502
0.04170716701402052
0.006903348676109894
0.06323973013321836
0.15953540306910194
0.011547617295869169
0.013258901994306476
0.008988244162351682
0.1003439294351318
0.039820490388442466
0.19414959800795767
0.1717457916119639
0.04739104068372585
0.007971477533780481
0.005369987084042049
0.1090446943436142
0.04251219281019958
0.0716409848917574
0.010172989477591437
0.04974119723519594
0.002313747448562691
0.018191490385676398
0.06027718856861119
0.0036046380156258195
0.047642859191197415
0.03252553075221138
0.028328114779280322
0.06277000258929079
0.0036018906031887615
0.03087125385756542
0.06658006452928102
0.09294769408700533
0.005717967874775505
0.10080081889189244
0.1166838784073377
0.04931236238254836
0.0657081988796674
0.07369640810493294
0.0011944429683409376
0.03304573178494169
0.0943026154155104
0.06273995342395312
0.007151661982885124
0.003975296875693058
0.023784506920834104
0.06581360039022044
0.08677601617616536
0.03340042034214129
0.051356032739117374
0.08916308738595215
0.07322099081195349
0.038701576170828984
0.06269134460094533
0.04616540061901303
0.0155971510630878
0.025107052705126184
0.003991799013079135
0.1118209425049333
0.019841020766459282
0.0483866341489861
0.012093588428412398
0.0022591268920299674
0.011247395479450332
0.09940364620891493
0.07410193769037537
0.08743130802212214
0.024177220140037356
0.022364098614683955
0.012055127583076843
0.01746543486238156
0.06291138000006992
0.030810951126300532
0.22507079999197113
0.15510385968717177
0.12081085607758524
0.08942381202306324
0.05897109785135749
0.11902950270531418
0.0066405331448487846
0.05657422101789898
0.13684448485147896
0.16885388501645252
0.04460653295671916
0.027589219244601237
0.06929652985028886
0.03585690507733468
0.12768710845919898
0.08785380383132997
0.486237594809506
0.09876959214180962
0.05887257406574986
0.08424676740700833
0.021385976522177618
0.03191029609988191
0.06279037215971306
0.1597992033502862
0.19358433641299647
0.0875172547201542
0.07905167419685614
0.0851681689986529
0.024355536836479362
0.1643086784296875
0.17495421370192055
0.014591110222486419
0.04738631879346293
0.0701974604473924
0.05605296115345269
0.13552647433220652
0.010290174852854638
0.28507502251551786
0.3556542351986208
0.16610826022903477
0.11411711754769259
0.02795327706063546
0.1796844721424023
0.08601301370908512
0.151273642747291
0.12110333837364076
0.19966541556221917
0.0038573664991855454
0.09817127847419037
0.24147667119599928
0.03966730315767825
0.17664251498653344
0.06680084068428256
0.11328512409125087
0.061693442817451496
0.10154243278312423
0.021201886059740428
0.10538648998924012
0.1469144791997667
0.03168660366432547
0.02450160335138413
0.2404319616975898
0.10471347926999301
0.2800919185925097
0.011122948689718812
0.1482050716747636
0.288179025807488
0.15936522467926714
0.055891626064344606
0.134345793862599
0.03076973506734621
0.13435600080823376
0.13694066889943157
0.015516976523155033
0.002571653075977284
0.11083716468826266
0.2434281349922681
0.09439759401848508
0.08922981458418083
0.015891199807105617
0.04109628077401455
0.020442213500918297
0.07250700494355682
0.00923540440919086
0.012389877658589274
0.014509769271472866
0.040148260790952184
0.03663039005391834
0.006891532341707881
0.015034548942158638
0.012520746733198
0.1815771537015972
0.13238797428088628
0.015638032215290334
0.08294649682465871
0.07481914402545976
0.012293651688401129
0.0057130200279133115
0.22787922028261903
0.13682634931499438
0.13371043028937896
0.03380022270237783
0.016816847680940432
0.06344622476045489
0.028600088543030387
0.19471266819298652
0.1749301635527959
0.18291709145788346
0.1036315918434075
0.19498521648065803
0.08611396167344153
0.05269653589890654
0.1114288024225614
0.008412958678128201
0.28595691198992373
0.04096901726012842
0.03785772564650343
0.14682472896426418
0.07605260163052371
0.07099523193933903
0.00467781431089195
0.11305482731177774
0.08491082628790965
0.04415510032219627
0.16698504863796804
0.0140687525601276
0.009625514129724394
0.2301214860368954
0.14021097704667304
0.18534020522415984
0.21911413230560056
0.053527903069610215
0.10865938132301942
0.11625428915094305
0.22746270922748177
0.07309489230308827
0.2505231149548773
1.0
0.26052601249166163
0.07224809935333414
0.09801809185851834
0.20852844747588817
0.046621143576144795
0.07360698581661684
0.01885210610656433
0.1430479222445466
0.017345488706703622
0.0523246056743669
0.11259463071927155
0.048656507099428654
0.12926177543730666
0.2640515547905556
0.7457096358594669
0.7353580380619698
0.21951732651603922
8.215246524585968E-4
0.05612151395919512
0.08371681474162575
0.1489648032489944
0.15578634555709744
0.9918218885177116
0.7047547049920685
0.3684351636994382
0.02180265429056618
0.13611773840179425
0.27069524075495177
0.1315878799585808
0.02083999874039861
0.05516601301312145
0.08272760173028099
0.007245951801459766
0.11330235465584466
0.09477324972552456
0.024187588277373686
0.26861315280674075
0.2600613249640891
0.4056357378109267
0.10335189196191182
0.012066481883698053
0.028933218736147945
0.12280290704242257
0.06904184446443819
0.09159847492142836
0.11169803798635743
0.14370864733946628
0.009631800313569397
0.28868152857413687
0.14952671948163532
0.011683199754236168
0.08547866555008424
0.15524147973918503
0.10721772445982561
0.31922138376748094
0.01964026832904398
0.07649482387397534
0.007196454233234582
0.2606457683821465
0.04361241004941986
0.05955123695437516
0.18980230417869792
0.10791776353484654
0.028453565461423067
0.1947564104736045
0.08961338917635144
0.2201293193914283
0.13137753986324094
