0.09608573697577823
0.2425421997100817
0.1694230155653163
0.33745633863667995
0.04066874991230901
0.3192942537468785
0.2848127106725379
0.57377595501723
0.5939455171843854
0.02944261721821867
0.020838029049492116
0.6224237481354485
0.29206295806565424
0.37708589596945485
0.3324930102328013
0.0646151760614989
0.14770806472997203
0.21920879142741992
0.28942908621872276
0.06693778087784749
0.1689070035740574
0.13900958112264536
0.2553417463746427
0.2330537387505807
0.06948089728793971
0.5314872178027842
0.1507561003172992
0.1114131946132654
0.05344259465715882
0.21433298958024424
0.1986262146799139
0.5740972813937593
0.19361356843711006
0.05291665131505486
0.3818285525263089
0.12485257174143177
0.24716334442153068
0.13903266657774174
0.015804077671412113
0.1338029890710342
0.2829825958782163
0.24092744332280322
0.041392337199087643
0.2269259657353911
0.4174038100181701
0.028214503992378525
1.0
0.04867814574878124
0.09489564060230159
0.24906630393189252
0.002937253571850509
0.3846169644898535
0.1568918464938029
0.07568774182099587
0.6128172557982808
0.2021849424398801
0.16363211018510718
0.0225240432719122
0.1523583609800933
0.044419900707755394
0.020094154542513502
0.18350901733687813
0.288337181018494
0.29756589243843895
0.25692304409418615
0.16839712568180354
0.2506146694025449
0.12681026661819314
0.4768139057019173
0.635670506343559
0.6767719666552822
0.3039572489814304
0.023026945743646412
0.16832383820616362
0.04603904686118861
0.27501815205704605
0.17773190339815334
0.2625111153005256
0.3602606656662215
0.3054228970904407
0.26219176437281677
0.10491560217571438
0.24930214161391467
0.23217519358134295
0.1417223263803631
0.09535414012498582
0.2938796184195911
0.0789166926693027
0.20429730979082356
0.26093992955360495
0.015985297751273154
0.10767338468309162
0.14840239050891835
0.13705022770796113
0.3507982195035764
0.07462033333218447
0.16897477109638692
0.03491193454807327
0.16376346186554305
0.13670104913284115
0.24683447755740823
0.3028315676107153
0.32101115239458444
0.5104342149738396
0.28924409783566035
0.2939808623261585
0.30695075537358546
0.30397751955807245
0.607963714559702
0.006476706423157506
0.07880083356561884
0.202141438422064
0.17330051960109363
0.24265984531279478
0.02929766535614656
0.12335077909765516
0.1583039896657945
0.20983718905773016
0.03330492098328934
0.07718601694791904
0.08155970646794662
0.41078067033005594
0.15323306826305227
0.3943696867983898
0.04858095977170785
0.34352397191365386
0.1873183459590864
0.2924482744537269
0.3703998972222024
0.2686250696143211
0.030257482585237933
0.20681399388126498
0.12721504018474133
0.19220282453931636
0.29493106982180955
0.15978948833383003
0.16255146485284347
0.10180977332317995
0.27782209523097934
0.22876046694953983
0.49883744418901205
0.13725662091026233
0.07092915459366077
0.18689440599736645
0.19839901678527172
0.28666838062318567
0.3896232799287394
0.09472719008860161
0.05255665301993338
0.2676755883614524
0.11756610220850093
0.3251655288327663
0.10655379824012486
0.21906584101364787
0.04804286848788913
0.21719090408916766
0.10054314761630272
0.1856656615666215
0.01227278357067539
0.007992364383002847
0.30517978287233344
0.3987354187828206
0.058096462754994034
0.07545767411636262
0.0714716214708668
0.1674168135888578
0.22834724403299606
0.21356609116123595
0.2779970446028228
0.2209731026870032
0.39368836760685305
8.515271416827515E-4
0.1628910758352932
0.13533183090906203
0.1556081414165777
0.07668553003543205
0.03798454773985934
0.1235834358772337
0.29206484745920663
0.004517378590625957
0.12890918581056
0.21234346079866032
0.04782110112745825
0.2164349961397609
0.04354991723455294
0.3204034360343737
0.10866407606305611
0.021382013900216636
0.05287244768428799
0.06883772697613806
0.017734396327169843
0.06190301373643806
0.3262313830278762
0.038261156151480645
0.2243553387250937
0.22625645004118486
0.14868198249358067
0.22319547732667577
0.08298758266378944
0.1188549198389907
0.26466165168230305
0.023019286201759567
0.3405051689352744
0.11334407476356165
0.04865577039298656
0.10858994670220048
0.13048165609351273
0.013098452875411316
0.13353455630233024
0.23319264110756177
0.15470030668486617
0.04927924455113156
0.06065911971163369
0.03559078426047036
0.012611578506993371
0.14326685359563757
0.048310342050555566
0.25833100574749973
0.22263084896715815
0.09089706902710172
0.18328061507369467
0.18084087110487065
0.0032021962431088395
0.2649636742401412
0.030188601311597313
0.032556173772635005
0.0096574432098045
0.14422843212260955
0.029448983666034784
0.2900201983277212
0.08241535317593593
0.19217147395155645
0.011064036189358833
0.06523807141620136
0.13737496114940229
0.026314871461461393
0.1421824805750244
0.09828866637914126
0.11288667410502684
0.17396424536598598
0.04172578840276114
0.12040390147511
0.10888760116448593
0.03878542494792437
0.2321366732801735
0.044918855368596314
0.04034738216460755
0.11029587418973184
0.002633119440255765
0.17487655986965941
0.054166084124210014
0.19124427127216687
0.10111042289170016
0.12641074601659638
0.32134655393939693
0.2223748906355457
0.03596654715034843
0.12142230491112564
0.03945886150691228
0.04182044885591924
0.09581970499756716
0.05533601350791169
0.024629204904515336
0.028971019434523633
0.027313892242025517
0.13742673794977167
0.26911090624905537
0.001346574082982848
0.25906534636769735
0.08854816219661413
0.11467643282023089
0.08868357875261725
0.04126613789898527
0.040060070332955854
0.02135765144045481
0.09935956542792022
0.1709426051643302
0.001709413621544411
0.0853311717389043
0.0036652649366554916
0.08214855838478514
0.02668559317265135
0.11866683069054666
0.04783339244215601
0.038803058091126524
0.06657953828979547
0.10915707293456452
0.023036914143662407
0.07918334928541436
0.02951570445965455
0.028439959958070995
0.07700266501660612
0.09227085451643194
0.07049796209465724
0.1458879974349043
0.034702065942997795
0.1665980326056162
0.09229395940505186
0.07520368815851922
0.10356488966984978
0.06784281255059234
0.044041443502669836
0.08932786813539807
0.1457546026787812
0.1449840915950555
0.04189871597456885
0.0813862344028517
0.028010414573096
0.04804286848788908
0.026450527647584127
0.007555894673332197
0.18156953417935137
0.1310087908850419
0.021426970240902694
0.10357295985515817
0.022756592354509494
0.052324855856995284
0.043774002815124426
0.07902220912746649
0.005748497599586222
4.483791780871606E-4
0.10797732526090865
0.10104678127836979
0.09991185669381313
0.060647981776276685
0.13218733084566445
0.02524579294421708
0.09204603863312041
0.14066860196243064
0.09166676128881328
0.12063012418857917
0.1083719698468365
0.11279973476559055
0.17994211773650495
0.06857565768871625
0.1916591608379252
0.04356310403589352
0.1636912702760898
0.030053424211504542
0.012256976868848486
0.060027215267711945
0.07624396746556626
0.0553738638422049
0.12989217347910778
0.06391110792506473
0.07868406456986754
0.05825425147219031
0.10069575358847653
0.11259901716392269
0.030637011568979664
0.006280232669800328
0.15033255402539383
0.19452240857742775
0.14854890833553713
0.05932364211462421
0.06886261284702937
0.05904228353796733
0.07494017002268133
0.08500253334468602
0.19838971087569704
0.18430870720660128
0.036636242737337135
0.008896076018561157
0.04302438219259383
0.042760044605098746
0.05013308930075292
0.09056942534842569
0.01187258122711726
0.07650010290597684
0.049997844291473484
0.09839796120097076
0.020037143134862444
0.05877080870246004
0.03082884691261939
0.07993393375231371
0.053953316181877375
0.15319988248859512
0.07020428358945278
0.047215434576724766
0.07547897077864814
0.05644620772367217
0.13522822653050393
0.059720280660990166
0.1458845916337032
0.02577529895121874
0.07033964134896918
0.10556896697523994
0.0638919766872373
0.15172729792863854
0.03940601410628309
0.05765555924028236
0.022313425497433922
0.16050237086244373
0.08171718094937169
0.1505923869158726
0.09008274102232443
0.05185827945482653
0.04844156507402589
0.07928357784438152
0.022449117657613437
0.0010372659465633556
0.09451762894138904
0.008717257359407248
0.03782789571366962
0.0868825211455819
0.01513437049348422
0.053280039191315
9.548786150243148E-4
0.1952009052871535
0.13257912338871536
0.05732540988551289
0.11593429623460465
0.055089578684154844
0.012811270085268507
0.19035306844669164
0.07140779297019118
0.22130376747074842
0.12149693501800282
0.033779092969308526
0.039856412825622065
0.012121523943889564
0.0813816142330561
0.13192494019896286
0.05615998430273038
0.10691730861376697
0.0586655101672772
0.01789939643784012
0.01782993737260554
0.0014791770699877748
0.011226612480137975
0.026058850763788964
0.17781618861209214
0.14216667755548856
0.1059626685358495
0.11252564789336139
0.03796401296814513
0.12736656416653577
0.09408514055883253
0.026052962533619026
0.07227816987765524
0.15463820267574616
0.026732184421699612
0.08180505874957747
0.028506722882711485
0.031219368907126288
0.13038336047535526
0.10015658592315865
0.12122384434901354
0.11257120836072891
0.07911774202398822
0.09559357916956723
0.17788379590711134
0.1806500114373896
0.042084375823666066
0.05244794842099337
0.020386756231430814
0.12522405615796547
0.027824204318988657
0.12511284346653478
0.0726933304669036
0.06871992859178795
0.003414335347860128
0.09608573697577823
0.003414335347860128
0.06871992859178795
0.0726933304669036
0.12511284346653478
0.027824204318988657
0.12522405615796547
0.020386756231430814
0.05244794842099337
0.042084375823666066
0.1806500114373896
0.17788379590711134
0.09559357916956723
0.07911774202398822
0.11257120836072891
0.12122384434901354
0.10015658592315865
0.13038336047535526
0.031219368907126288
0.028506722882711485
0.08180505874957747
0.026732184421699612
0.15463820267574616
0.07227816987765524
0.026052962533619026
0.09408514055883253
0.12736656416653577
0.03796401296814513
0.11252564789336139
0.1059626685358495
0.14216667755548856
0.17781618861209214
0.026058850763788964
0.011226612480137975
0.0014791770699877748
0.01782993737260554
0.01789939643784012
0.0586655101672772
0.10691730861376697
0.05615998430273038
0.13192494019896286
0.0813816142330561
0.012121523943889564
0.039856412825622065
0.033779092969308526
0.12149693501800282
0.22130376747074842
0.07140779297019118
0.19035306844669164
0.012811270085268507
0.055089578684154844
0.11593429623460465
0.05732540988551289
0.13257912338871536
0.1952009052871535
9.548786150243148E-4
0.053280039191315
0.01513437049348422
0.0868825211455819
0.03782789571366962
0.008717257359407248
0.09451762894138904
0.0010372659465633556
0.022449117657613437
0.07928357784438152
0.04844156507402589
0.05185827945482653
0.09008274102232443
0.1505923869158726
0.08171718094937169
0.16050237086244373
0.022313425497433922
0.05765555924028236
0.03940601410628309
0.15172729792863854
0.0638919766872373
0.10556896697523994
0.07033964134896918
0.02577529895121874
0.1458845916337032
0.059720280660990166
0.13522822653050393
0.05644620772367217
0.07547897077864814
0.047215434576724766
0.07020428358945278
0.15319988248859512
0.053953316181877375
0.07993393375231371
0.03082884691261939
0.05877080870246004
0.020037143134862444
0.09839796120097076
0.049997844291473484
0.07650010290597684
0.01187258122711726
0.09056942534842569
0.05013308930075292
0.042760044605098746
0.04302438219259383
0.008896076018561157
0.036636242737337135
0.18430870720660128
0.19838971087569704
0.08500253334468602
0.07494017002268133
0.05904228353796733
0.06886261284702937
0.05932364211462421
0.14854890833553713
0.19452240857742775
0.15033255402539383
0.006280232669800328
0.030637011568979664
0.11259901716392269
0.10069575358847653
0.05825425147219031
0.07868406456986754
0.06391110792506473
0.12989217347910778
0.0553738638422049
0.07624396746556626
0.060027215267711945
0.012256976868848486
0.030053424211504542
0.1636912702760898
0.04356310403589352
0.1916591608379252
0.06857565768871625
0.17994211773650495
0.11279973476559055
0.1083719698468365
0.12063012418857917
0.09166676128881328
0.14066860196243064
0.09204603863312041
0.02524579294421708
0.13218733084566445
0.060647981776276685
0.09991185669381313
0.10104678127836979
0.10797732526090865
4.483791780871606E-4
0.005748497599586222
0.07902220912746649
0.043774002815124426
0.052324855856995284
0.022756592354509494
0.10357295985515817
0.021426970240902694
0.1310087908850419
0.18156953417935137
0.007555894673332197
0.026450527647584127
0.04804286848788908
0.028010414573096
0.0813862344028517
0.04189871597456885
0.1449840915950555
0.1457546026787812
0.08932786813539807
0.044041443502669836
0.06784281255059234
0.10356488966984978
0.07520368815851922
0.09229395940505186
0.1665980326056162
0.034702065942997795
0.1458879974349043
0.07049796209465724
0.09227085451643194
0.07700266501660612
0.028439959958070995
0.02951570445965455
0.07918334928541436
0.023036914143662407
0.10915707293456452
0.06657953828979547
0.038803058091126524
0.04783339244215601
0.11866683069054666
0.02668559317265135
0.08214855838478514
0.0036652649366554916
0.0853311717389043
0.001709413621544411
0.1709426051643302
0.09935956542792022
0.02135765144045481
0.040060070332955854
0.04126613789898527
0.08868357875261725
0.11467643282023089
0.08854816219661413
0.25906534636769735
0.001346574082982848
0.26911090624905537
0.13742673794977167
0.027313892242025517
0.028971019434523633
0.024629204904515336
0.05533601350791169
0.09581970499756716
0.04182044885591924
0.03945886150691228
0.12142230491112564
0.03596654715034843
0.2223748906355457
0.32134655393939693
0.12641074601659638
0.10111042289170016
0.19124427127216687
0.054166084124210014
0.17487655986965941
0.002633119440255765
0.11029587418973184
0.04034738216460755
0.044918855368596314
0.2321366732801735
0.03878542494792437
0.10888760116448593
0.12040390147511
0.04172578840276114
0.17396424536598598
0.11288667410502684
0.09828866637914126
0.1421824805750244
0.026314871461461393
0.13737496114940229
0.06523807141620136
0.011064036189358833
0.19217147395155645
0.08241535317593593
0.2900201983277212
0.029448983666034784
0.14422843212260955
0.0096574432098045
0.032556173772635005
0.030188601311597313
0.2649636742401412
0.0032021962431088395
0.18084087110487065
0.18328061507369467
0.09089706902710172
0.22263084896715815
0.25833100574749973
0.048310342050555566
0.14326685359563757
0.012611578506993371
0.03559078426047036
0.06065911971163369
0.04927924455113156
0.15470030668486617
0.23319264110756177
0.13353455630233024
0.013098452875411316
0.13048165609351273
0.10858994670220048
0.04865577039298656
0.11334407476356165
0.3405051689352744
0.023019286201759567
0.26466165168230305
0.1188549198389907
0.08298758266378944
0.22319547732667577
0.14868198249358067
0.22625645004118486
0.2243553387250937
0.038261156151480645
0.3262313830278762
0.06190301373643806
0.017734396327169843
0.06883772697613806
0.05287244768428799
0.021382013900216636
0.10866407606305611
0.3204034360343737
0.04354991723455294
0.2164349961397609
0.04782110112745825
0.21234346079866032
0.12890918581056
0.004517378590625957
0.29206484745920663
0.1235834358772337
0.03798454773985934
0.07668553003543205
0.1556081414165777
0.13533183090906203
0.1628910758352932
8.515271416827515E-4
0.39368836760685305
0.2209731026870032
0.2779970446028228
0.21356609116123595
0.22834724403299606
0.1674168135888578
0.0714716214708668
0.07545767411636262
0.058096462754994034
0.3987354187828206
0.30517978287233344
0.007992364383002847
0.01227278357067539
0.1856656615666215
0.10054314761630272
0.21719090408916766
0.04804286848788913
0.21906584101364787
0.10655379824012486
0.3251655288327663
0.11756610220850093
0.2676755883614524
0.05255665301993338
0.09472719008860161
0.3896232799287394
0.28666838062318567
0.19839901678527172
0.18689440599736645
0.07092915459366077
0.13725662091026233
0.49883744418901205
0.22876046694953983
0.27782209523097934
0.10180977332317995
0.16255146485284347
0.15978948833383003
0.29493106982180955
0.19220282453931636
0.12721504018474133
0.20681399388126498
0.030257482585237933
0.2686250696143211
0.3703998972222024
0.2924482744537269
0.1873183459590864
0.34352397191365386
0.04858095977170785
0.3943696867983898
0.15323306826305227
0.41078067033005594
0.08155970646794662
0.07718601694791904
0.03330492098328934
0.20983718905773016
0.1583039896657945
0.12335077909765516
0.02929766535614656
0.24265984531279478
0.17330051960109363
0.202141438422064
0.07880083356561884
0.006476706423157506
0.607963714559702
0.30397751955807245
0.30695075537358546
0.2939808623261585
0.28924409783566035
0.5104342149738396
0.32101115239458444
0.3028315676107153
0.24683447755740823
0.13670104913284115
0.16376346186554305
0.03491193454807327
0.16897477109638692
0.07462033333218447
0.3507982195035764
0.13705022770796113
0.14840239050891835
0.10767338468309162
0.015985297751273154
0.26093992955360495
0.20429730979082356
0.0789166926693027
0.2938796184195911
0.09535414012498582
0.1417223263803631
0.23217519358134295
0.24930214161391467
0.10491560217571438
0.26219176437281677
0.3054228970904407
0.3602606656662215
0.2625111153005256
0.17773190339815334
0.27501815205704605
0.04603904686118861
0.16832383820616362
0.023026945743646412
0.3039572489814304
0.6767719666552822
0.635670506343559
0.4768139057019173
0.12681026661819314
0.2506146694025449
0.16839712568180354
0.25692304409418615
0.29756589243843895
0.288337181018494
0.18350901733687813
0.020094154542513502
0.044419900707755394
0.1523583609800933
0.0225240432719122
0.16363211018510718
0.2021849424398801
0.6128172557982808
0.07568774182099587
0.1568918464938029
0.3846169644898535
0.002937253571850509
0.24906630393189252
0.09489564060230159
0.04867814574878124
1.0
0.028214503992378525
0.4174038100181701
0.2269259657353911
0.041392337199087643
0.24092744332280322
0.2829825958782163
0.1338029890710342
0.015804077671412113
0.13903266657774174
0.24716334442153068
0.12485257174143177
0.3818285525263089
0.05291665131505486
0.19361356843711006
0.5740972813937593
0.1986262146799139
0.21433298958024424
0.05344259465715882
0.1114131946132654
0.1507561003172992
0.5314872178027842
0.06948089728793971
0.2330537387505807
0.2553417463746427
0.13900958112264536
0.1689070035740574
0.06693778087784749
0.28942908621872276
0.21920879142741992
0.14770806472997203
0.0646151760614989
0.3324930102328013
0.37708589596945485
0.29206295806565424
0.6224237481354485
0.020838029049492116
0.02944261721821867
0.5939455171843854
0.57377595501723
0.2848127106725379
0.3192942537468785
0.04066874991230901
0.33745633863667995
0.1694230155653163
0.2425421997100817
