-0.24913672507596565
0.15487942370000835
0.5020382309576178
0.03234560212173397
0.2527529549397293
0.22397018690406978
0.013024793109051138
0.23437427641070224
0.7623488654718537
0.23438969925336067
0.454286030062034
0.44048791768435724
0.25185764959425444
0.5070626637951247
0.19765098322162133
0.19837138285079045
0.41915015620977103
0.15953951086527007
0.33941058256811835
0.14428923448903444
0.2921460310636802
0.18500304429072895
0.08709485303686271
0.40854790156958426
0.0470883206510956
0.0870110002384995
0.72263003019635
0.1692753230708228
0.07511272336884701
0.11904054434048095
0.7047892755081532
0.46269729448117947
0.2807475645540275
0.09330085663044352
0.1564232926903119
0.4154965820061127
0.22027922879196815
0.19441492412324254
0.4184059447695963
0.13936088256330403
0.09750062513988382
0.537085820123259
0.11727585066222247
0.026413723960648006
0.042626421348638505
0.41959193617354074
0.198658471816506
0.5800567692489333
0.23635909681986614
0.24196447926842668
0.3532141360058821
0.5045495678901131
0.22971893272849675
0.5097154950901086
0.5295993593244684
0.16488060799015178
0.042232133724448714
0.09055376751711744
0.2475074667498998
0.3867942933270264
0.03795951441007577
0.39394844090104986
0.1876492079565359
0.06567587128928225
0.10725082969796035
0.3932341269508005
0.2096451218579741
0.12102145674326446
0.07907908006273051
1.0
0.07250193061814338
0.01676359047131674
0.2416515214788875
0.34183183100715636
0.21776383772851632
0.21970043358047878
0.14096375896098592
0.4344986678762571
0.02937131165275114
0.24312599433261037
0.22536884723377681
0.12472223076663688
0.05904706801001496
0.08311129917699524
0.5261940825216757
0.41881974712119613
0.29342992160848996
0.48767840598658074
0.31570469121907047
0.12942290232212164
0.3453098112190432
0.3692486616018522
0.27430891196105517
0.42503423908041377
0.05331153158777928
0.08812857332591109
0.21444628395444804
0.4315475901756398
0.29813113182596324
0.03329869020220868
0.31842960887729144
0.14527524211666645
0.19709023862409353
0.4006010272008402
0.1104090123890708
0.021740846435586058
0.0530682005434542
0.2490685231322584
0.6492609130999124
0.09832175127903599
0.007296546851760238
0.3435608469993685
0.6258872069496859
0.04419409924737613
0.0677881870749024
0.38484697714969357
0.10832591598436632
0.10368030699775761
0.2631856946677039
0.03385342162844219
0.2885932796800011
0.007038284041146848
0.1522358712935932
0.15543386728409211
0.1798113533321234
0.301974103996185
0.39915355946688064
0.45972701770420693
0.3195487781792405
0.22706148605294463
0.5986101857714126
0.21537398868094135
0.053809253412451824
0.1557975037618732
0.07125787377620155
0.13377509703105356
0.32981813330293286
0.25896650236256463
0.20358275945943788
0.03687290058658546
0.2536696782364564
0.12290271846828266
0.32176642687152646
0.19759757045822904
0.02617229714592254
0.1588285500386042
0.6056343560623622
0.13643483204352133
0.2807057959840948
0.21924389761926596
0.011414591352298218
0.36756495968400504
0.20449719325507618
0.1173390306012276
0.45675066263927033
0.08958896203105528
0.11118887073003904
0.15995847157408405
0.13255689995763548
0.15868121956123035
0.06346567924886572
0.2825269333125689
0.16475557021965884
0.05218566223774908
0.3701243693473211
0.023043408597087152
0.10294235921326293
0.05800665518746007
0.4027377289840065
0.4547629625518625
0.31079209250076933
0.0026408038228624593
0.08970157003691666
0.2474955590806979
0.11458116589070391
0.097077876204894
0.29104872297122864
0.20652996033495424
0.048219779583723234
0.1983255294420483
0.03299045548036651
0.016558059107936313
0.0291028933263825
0.17773371951767158
0.002568606491692086
0.5159587687631247
0.058274754830631464
0.12520963924714676
0.24523654485363094
0.3143908854765053
0.0655060742204734
0.33840272395169224
0.24998009484973946
0.24677525024122524
0.03290184496838275
0.0873312098658745
0.1185504300228537
0.2392216355733125
0.02670347622602591
0.12598240885143544
0.20411092622699978
0.13892552052326548
0.03567824021867127
0.20042241028932795
0.18870416122248268
0.1725632320242414
0.10619029581279757
0.4898086182117326
0.12771762554976088
0.05678423416268866
0.2487878894623469
0.17552111029627937
0.19494577442203948
0.12265216831018867
0.11427568012687898
0.17462177483593302
0.13241369473388123
0.022555203350248205
0.023788994885814166
0.021790696378268075
0.1754718838645036
0.12164711529982798
0.19918657451463367
0.14999389804988292
0.1882316529885883
0.23667461934142578
0.20240137234767666
0.03817171485793152
0.25516574301991485
0.13110177815973312
0.10499443679647374
0.16609115005064376
0.09174302095706625
0.11180340701394428
0.18102286528113995
0.055943783648118424
0.22565111970460683
0.06877080862258916
0.05148329392479135
0.06562674922957823
0.01751435019084027
0.18142540073120386
0.027578024017287765
0.15357141246603573
0.10631591744089929
0.08223587853157459
0.24549657605003078
0.008715836453947735
0.05472117651626619
0.27199482947948805
0.22571669196094823
0.12338797025885491
0.0055337472157254135
0.2589498713176944
0.0038144164112961956
0.060649906425215075
0.028882036918616183
0.024035651126828723
0.018103842462037265
0.2025737756709981
0.01555449580859545
0.011481508886877972
0.14178389472549902
0.021764266836193525
0.2133051894869129
0.24216447398215882
0.0486676765080197
0.09647976861263248
0.27739717549924786
0.17553145673986217
0.022583529795229287
0.07370314523563866
0.027099550177410787
0.02446698789493129
0.10161463559167513
0.1877446510622254
0.10616983536936703
0.00936116846396703
0.10270427088565372
0.09948640906271668
0.13779314454487115
0.09077774275634815
0.06362994145994819
0.04643116610743556
0.26611969344984376
0.017137121641095817
0.024685382509154547
0.04884893991343287
0.0056180812143510695
0.004224935764117416
0.162098748141078
0.008185034967582463
0.18157024019550275
0.056227756910992556
0.09948214629760903
0.002754201208520061
0.0063728674901629475
0.023043408597087162
0.10520952151965095
0.09449272713056862
0.12294436301342546
0.10986689767924414
0.08700686329642329
0.013590522713644406
0.03299895230871207
0.01981652412686937
0.03798310272129997
0.17025451677530443
0.12456836253798283
0.09190670242673828
0.0026672596387402967
0.11078700229807271
0.05509661481366796
0.12104217465168014
0.07909745479153962
0.0747590339557705
0.04843020942776875
0.24360995829811352
0.07507105435017607
0.005452337423562351
0.08335235415516427
0.0358165268249334
0.09067162275195059
0.1820971389972612
0.05334149308254988
0.0958672277657686
0.10464208313270781
0.1409016773539619
0.09399141763578664
0.0909190336297375
0.012788126991965607
0.018688432285663033
0.1951920709108304
0.2261365969083559
0.01991798423109269
0.07499492759373219
0.1091177126681994
0.08130137419954445
0.12609554149546007
0.14688153412764604
0.06516452215631503
0.0695732958562256
0.19197188194071316
0.08535882637490462
0.011431833290881729
0.030853884817392922
0.044671221159896204
0.06266433723551756
0.18843420034225403
0.07348260188274063
0.029260996872086057
0.10369856442927365
0.06983155866683899
0.12319704638521013
0.08946430299799323
0.02394868344896073
0.17647947789711396
0.08302701553135956
0.13625293139276934
0.08843460462765365
0.11985832196194514
0.03660698617437221
0.029684051706867564
0.03329869020220875
0.11580516408973213
0.07374074335860409
0.033407821341531495
0.028618488332323694
0.11663360513445596
0.07342333506322668
0.044778446725820986
0.09215522565232025
0.08255538032826877
0.15768944813291083
0.11265478333727909
0.17806697806114632
0.14523501202256367
0.02965496891099182
0.13114978318756576
0.049583997070540585
0.003735177155095801
0.22393719218771063
0.04649853846178619
0.051443714220139256
0.12151581697772172
0.14682035730099605
0.06469989653633619
0.047273491275156475
0.04956846280478471
0.009479204810903207
0.20571852603582477
0.12099101502196774
0.16383113214206235
0.0776873451256473
0.17970349097865965
0.016336677346016217
0.25573193905214836
0.20596373359271733
0.03556273847016934
0.07091306821873977
0.09132890744083542
0.1908960504040036
0.09961094496321336
0.017476494233980518
0.056387085663868686
0.10343040807442457
0.05970543788245841
0.1508534974902314
0.09958026781734383
0.03301876121118068
0.12736026585749982
0.15333751433951873
0.31940257709956243
0.0406343155213787
0.011590433035711452
0.04753535422108786
0.20165007047552921
0.05822198719909538
0.10516143316371712
0.006679332928056402
0.10514198111114453
0.023521905090402487
0.0011826875371462142
0.11794639374559812
0.15782991664533808
0.04379545726668944
0.14317108674763185
0.20846054026599584
0.026268914558711446
0.09330085663044348
0.12811616723221309
0.06296444073143741
0.0692046685232899
0.17431678320925906
0.0033961300739929617
0.17715327538110412
0.1054990363915176
0.023344562019117228
0.040872691170838034
0.17467099698809369
0.22863925244352037
0.15944453601421812
0.0347153934576686
0.0174860154755976
0.15695424944467343
0.10140108276764243
0.04864373483590955
0.009538121713429897
0.013518249454514058
0.1068512791994726
0.09468159561870484
0.23743800980256588
0.047066602668263874
0.15009570169695655
0.21140836343466957
0.3233956364461689
4.840844243104406E-4
0.02485372620373504
0.1539373744761564
0.09459110604993753
0.07127828774977717
0.10961789729410057
0.08304557502532188
0.10961789729410057
0.07127828774977717
0.09459110604993753
0.1539373744761564
0.02485372620373504
4.840844243104406E-4
0.3233956364461689
0.21140836343466957
0.15009570169695655
0.047066602668263874
0.23743800980256588
0.09468159561870484
0.1068512791994726
0.013518249454514058
0.009538121713429897
0.04864373483590955
0.10140108276764243
0.15695424944467343
0.0174860154755976
0.0347153934576686
0.15944453601421812
0.22863925244352037
0.17467099698809369
0.040872691170838034
0.023344562019117228
0.1054990363915176
0.17715327538110412
0.0033961300739929617
0.17431678320925906
0.0692046685232899
0.06296444073143741
0.12811616723221309
0.09330085663044348
0.026268914558711446
0.20846054026599584
0.14317108674763185
0.04379545726668944
0.15782991664533808
0.11794639374559812
0.0011826875371462142
0.023521905090402487
0.10514198111114453
0.006679332928056402
0.10516143316371712
0.05822198719909538
0.20165007047552921
0.04753535422108786
0.011590433035711452
0.0406343155213787
0.31940257709956243
0.15333751433951873
0.12736026585749982
0.03301876121118068
0.09958026781734383
0.1508534974902314
0.05970543788245841
0.10343040807442457
0.056387085663868686
0.017476494233980518
0.09961094496321336
0.1908960504040036
0.09132890744083542
0.07091306821873977
0.03556273847016934
0.20596373359271733
0.25573193905214836
0.016336677346016217
0.17970349097865965
0.0776873451256473
0.16383113214206235
0.12099101502196774
0.20571852603582477
0.009479204810903207
0.04956846280478471
0.047273491275156475
0.06469989653633619
0.14682035730099605
0.12151581697772172
0.051443714220139256
0.04649853846178619
0.22393719218771063
0.003735177155095801
0.049583997070540585
0.13114978318756576
0.02965496891099182
0.14523501202256367
0.17806697806114632
0.11265478333727909
0.15768944813291083
0.08255538032826877
0.09215522565232025
0.044778446725820986
0.07342333506322668
0.11663360513445596
0.028618488332323694
0.033407821341531495
0.07374074335860409
0.11580516408973213
0.03329869020220875
0.029684051706867564
0.03660698617437221
0.11985832196194514
0.08843460462765365
0.13625293139276934
0.08302701553135956
0.17647947789711396
0.02394868344896073
0.08946430299799323
0.12319704638521013
0.06983155866683899
0.10369856442927365
0.029260996872086057
0.07348260188274063
0.18843420034225403
0.06266433723551756
0.044671221159896204
0.030853884817392922
0.011431833290881729
0.08535882637490462
0.19197188194071316
0.0695732958562256
0.06516452215631503
0.14688153412764604
0.12609554149546007
0.08130137419954445
0.1091177126681994
0.07499492759373219
0.01991798423109269
0.2261365969083559
0.1951920709108304
0.018688432285663033
0.012788126991965607
0.0909190336297375
0.09399141763578664
0.1409016773539619
0.10464208313270781
0.0958672277657686
0.05334149308254988
0.1820971389972612
0.09067162275195059
0.0358165268249334
0.08335235415516427
0.005452337423562351
0.07507105435017607
0.24360995829811352
0.04843020942776875
0.0747590339557705
0.07909745479153962
0.12104217465168014
0.05509661481366796
0.11078700229807271
0.0026672596387402967
0.09190670242673828
0.12456836253798283
0.17025451677530443
0.03798310272129997
0.01981652412686937
0.03299895230871207
0.013590522713644406
0.08700686329642329
0.10986689767924414
0.12294436301342546
0.09449272713056862
0.10520952151965095
0.023043408597087162
0.0063728674901629475
0.002754201208520061
0.09948214629760903
0.056227756910992556
0.18157024019550275
0.008185034967582463
0.162098748141078
0.004224935764117416
0.0056180812143510695
0.04884893991343287
0.024685382509154547
0.017137121641095817
0.26611969344984376
0.04643116610743556
0.06362994145994819
0.09077774275634815
0.13779314454487115
0.09948640906271668
0.10270427088565372
0.00936116846396703
0.10616983536936703
0.1877446510622254
0.10161463559167513
0.02446698789493129
0.027099550177410787
0.07370314523563866
0.022583529795229287
0.17553145673986217
0.27739717549924786
0.09647976861263248
0.0486676765080197
0.24216447398215882
0.2133051894869129
0.021764266836193525
0.14178389472549902
0.011481508886877972
0.01555449580859545
0.2025737756709981
0.018103842462037265
0.024035651126828723
0.028882036918616183
0.060649906425215075
0.0038144164112961956
0.2589498713176944
0.0055337472157254135
0.12338797025885491
0.22571669196094823
0.27199482947948805
0.05472117651626619
0.008715836453947735
0.24549657605003078
0.08223587853157459
0.10631591744089929
0.15357141246603573
0.027578024017287765
0.18142540073120386
0.01751435019084027
0.06562674922957823
0.05148329392479135
0.06877080862258916
0.22565111970460683
0.055943783648118424
0.18102286528113995
0.11180340701394428
0.09174302095706625
0.16609115005064376
0.10499443679647374
0.13110177815973312
0.25516574301991485
0.03817171485793152
0.20240137234767666
0.23667461934142578
0.1882316529885883
0.14999389804988292
0.19918657451463367
0.12164711529982798
0.1754718838645036
0.021790696378268075
0.023788994885814166
0.022555203350248205
0.13241369473388123
0.17462177483593302
0.11427568012687898
0.12265216831018867
0.19494577442203948
0.17552111029627937
0.2487878894623469
0.05678423416268866
0.12771762554976088
0.4898086182117326
0.10619029581279757
0.1725632320242414
0.18870416122248268
0.20042241028932795
0.03567824021867127
0.13892552052326548
0.20411092622699978
0.12598240885143544
0.02670347622602591
0.2392216355733125
0.1185504300228537
0.0873312098658745
0.03290184496838275
0.24677525024122524
0.24998009484973946
0.33840272395169224
0.0655060742204734
0.3143908854765053
0.24523654485363094
0.12520963924714676
0.058274754830631464
0.5159587687631247
0.002568606491692086
0.17773371951767158
0.0291028933263825
0.016558059107936313
0.03299045548036651
0.1983255294420483
0.048219779583723234
0.20652996033495424
0.29104872297122864
0.097077876204894
0.11458116589070391
0.2474955590806979
0.08970157003691666
0.0026408038228624593
0.31079209250076933
0.4547629625518625
0.4027377289840065
0.05800665518746007
0.10294235921326293
0.023043408597087152
0.3701243693473211
0.05218566223774908
0.16475557021965884
0.2825269333125689
0.06346567924886572
0.15868121956123035
0.13255689995763548
0.15995847157408405
0.11118887073003904
0.08958896203105528
0.45675066263927033
0.1173390306012276
0.20449719325507618
0.36756495968400504
0.011414591352298218
0.21924389761926596
0.2807057959840948
0.13643483204352133
0.6056343560623622
0.1588285500386042
0.02617229714592254
0.19759757045822904
0.32176642687152646
0.12290271846828266
0.2536696782364564
0.03687290058658546
0.20358275945943788
0.25896650236256463
0.32981813330293286
0.13377509703105356
0.07125787377620155
0.1557975037618732
0.053809253412451824
0.21537398868094135
0.5986101857714126
0.22706148605294463
0.3195487781792405
0.45972701770420693
0.39915355946688064
0.301974103996185
0.1798113533321234
0.15543386728409211
0.1522358712935932
0.007038284041146848
0.2885932796800011
0.03385342162844219
0.2631856946677039
0.10368030699775761
0.10832591598436632
0.38484697714969357
0.0677881870749024
0.04419409924737613
0.6258872069496859
0.3435608469993685
0.007296546851760238
0.09832175127903599
0.6492609130999124
0.2490685231322584
0.0530682005434542
0.021740846435586058
0.1104090123890708
0.4006010272008402
0.19709023862409353
0.14527524211666645
0.31842960887729144
0.03329869020220868
0.29813113182596324
0.4315475901756398
0.21444628395444804
0.08812857332591109
0.05331153158777928
0.42503423908041377
0.27430891196105517
0.3692486616018522
0.3453098112190432
0.12942290232212164
0.31570469121907047
0.48767840598658074
0.29342992160848996
0.41881974712119613
0.5261940825216757
0.08311129917699524
0.05904706801001496
0.12472223076663688
0.22536884723377681
0.24312599433261037
0.02937131165275114
0.4344986678762571
0.14096375896098592
0.21970043358047878
0.21776383772851632
0.34183183100715636
0.2416515214788875
0.01676359047131674
0.07250193061814338
1.0
0.07907908006273051
0.12102145674326446
0.2096451218579741
0.3932341269508005
0.10725082969796035
0.06567587128928225
0.1876492079565359
0.39394844090104986
0.03795951441007577
0.3867942933270264
0.2475074667498998
0.09055376751711744
0.042232133724448714
0.16488060799015178
0.5295993593244684
0.5097154950901086
0.22971893272849675
0.5045495678901131
0.3532141360058821
0.24196447926842668
0.23635909681986614
0.5800567692489333
0.198658471816506
0.41959193617354074
0.042626421348638505
0.026413723960648006
0.11727585066222247
0.537085820123259
0.09750062513988382
0.13936088256330403
0.4184059447695963
0.19441492412324254
0.22027922879196815
0.4154965820061127
0.1564232926903119
0.09330085663044352
0.2807475645540275
0.46269729448117947
0.7047892755081532
0.11904054434048095
0.07511272336884701
0.1692753230708228
0.72263003019635
0.0870110002384995
0.0470883206510956
0.40854790156958426
0.08709485303686271
0.18500304429072895
0.2921460310636802
0.14428923448903444
0.33941058256811835
0.15953951086527007
0.41915015620977103
0.19837138285079045
0.19765098322162133
0.5070626637951247
0.25185764959425444
0.44048791768435724
0.454286030062034
0.23438969925336067
0.7623488654718537
0.23437427641070224
0.013024793109051138
0.22397018690406978
0.2527529549397293
0.03234560212173397
0.5020382309576178
0.15487942370000835
