0.11227686020252094
0.17839464248665327
0.14322360646491988
0.1247652691917401
0.13218632600547361
0.35571143966506535
0.17815617980110457
0.21182226068421578
0.46678385922796
0.7287305082644384
1.0
0.02533487035098064
0.30334278459527897
0.03964236962298678
0.14478176110357585
0.005577855946000175
0.16003697694383515
0.18253623018841691
0.16519906403678816
0.13312718703435236
0.11703768319084522
0.4748199220148941
0.559546431781128
0.5831499193019853
0.1558567198215874
0.6650618306313999
0.5908032207020276
0.3348918256668704
0.5907986022214574
0.31181959283413685
0.011402263394167418
0.20814785376665684
0.20222204283567247
0.4735315469974661
0.08445046622578019
0.11456226443888139
0.14886107126661807
0.006558889236851367
0.009422146783715684
0.12517377406551702
0.31765491833828713
0.04172492357395654
0.08629956341726862
0.2308043247255127
0.0247897139418534
0.07900525778132127
0.11327691578194497
0.061913209043115314
0.04710894472675407
0.1495712782720299
0.09209077573029498
0.005644782237118189
0.12521080870147852
0.052946254633410246
0.015924650731139
0.042448412400019536
0.012270396697657506
0.09000235503971468
0.036790234114739244
0.04693712740584208
0.11847599613924235
0.04306049733449184
0.048009194190305214
0.17975952319548727
0.07054000257047481
0.25699270754029413
0.15604100438862378
0.0653161030759195
0.07333905282022528
0.1144056711938719
0.1258457293682871
0.1836451803338198
0.16459287491496968
0.11881653049142679
0.07199425920600043
0.11161730395197295
0.05274928801941675
0.0026808397837886
0.013544328194355493
0.10636062237571944
0.14640378518955824
0.14241753843588847
0.08656205354413671
0.12956361192812166
0.09675397057753092
0.024797488380837524
0.06707537895270671
0.09632778893620991
0.0077433804138062725
0.0496429869657439
0.10748220931101735
0.03441103166345823
0.05672438750142438
0.02121101508703646
0.0944225330987044
0.10737130607044272
0.17820993306632982
0.14897827354812856
0.07028559910710099
0.08183683672948905
0.04652742007660397
0.035577251795247206
9.469440713178183E-5
0.17515882311452796
0.055908625677083615
0.035023999239190313
0.04872451617860453
0.12005005925969608
0.08532708672346233
0.0012340323296542938
0.2011061055223573
0.02630419969281251
0.25991616777566046
0.04393850819916851
0.020374896088023273
0.028462323199581828
0.010864925415971297
0.15779477792202593
0.06810185707164647
0.02274596477886466
0.047805074462693976
0.017442827531380867
0.05979256155905641
0.011666365912058612
0.12336414927989645
0.015271578145096762
0.1397703338569311
0.036842132990591
0.10347639453155683
0.034221289068784196
0.0017685061604488276
0.02102479535526788
0.06119609988948194
0.06194853717842994
0.012182214682743709
0.01292621089871371
0.02435945056564222
0.045426711528205176
0.05371687069875614
0.038441274869099776
0.053091363405406884
0.058765226072143385
0.052086370353669
0.05754755280724889
0.03689830113227369
0.018331290776510814
0.03432168389684049
0.05671210242373799
0.04048868792483697
0.0559305783689009
0.061973320358054994
0.040398075390383495
0.011112439786877166
0.02094773156340696
0.015315946891478749
0.020351862601064554
0.034566648964814886
0.02922243621120923
0.022662539485517167
0.014529176398625974
0.026151543392320724
0.028596550330280995
0.03567479380709408
0.03085005509748021
0.024452449735872447
0.02671822640082147
0.02157034472801702
0.02846301184705271
0.012111606969815319
0.0013201425638737782
0.012957194966275662
0.0025907604362307014
0.010940107472982312
0.012286258954862394
0.007404424467064166
0.007668078515429517
0.011583783294353351
0.002461812602341781
0.013478220293799581
0.02384576032061813
0.020993754379115905
0.023998312698620648
0.025116979344871344
0.012007113578552775
0.016140793205974995
0.005399094263504116
0.021343773432998574
0.025022305230760215
0.02890497516702639
0.024248000170174953
0.015058448500503571
0.004955827819258451
0.006687093996091179
0.007106759188963523
0.003334298466410428
0.0013646329434688835
0.009295922663504071
0.008086366947150344
0.00966700196280637
0.013293675145053573
0.021082747620731635
0.015867924966551962
0.015030554376668573
0.0014495071929010103
0.013486172870563834
0.022891922467365523
0.02152468280529148
0.024266113048182058
0.031607155514241814
0.017488772664156462
0.024326669496392363
0.012515788460961238
0.013384264028677978
0.009227750424154513
0.0015934205129245003
0.005823622843700603
0.01654689786045773
0.018287642962055418
0.023579712541640287
0.01677326514577942
0.011149465407144218
0.0036106885512091607
0.0018352050500365282
0.007348220788400676
0.009283837429200229
0.012942957046187913
0.01760273007791564
0.0034372935468194744
0.0020997881918728228
0.007515226792081412
0.0065481403236986495
0.009167089395890095
0.018492710903008587
0.013283132628635317
0.010467977915474509
0.004585475163009925
2.3925684684400364E-4
0.004926244717325012
0.0047374337807450815
0.008947209879807821
0.00946331345926692
0.0017823580586112048
2.7377950180400697E-4
0.0012815017651331775
0.002083467679432112
0.0031277115480793025
0.003204611788240115
8.580755133184614E-4
0.002267290798443209
0.01708397057725926
0.014425777594020753
0.02104024895676267
0.009159189677474923
0.01575694889041139
0.009204655865478115
0.0024616308661110247
0.0027054522093668044
0.008842724458294121
0.004012578182439526
9.249907916117273E-4
0.003070580480361728
0.0032283316304031265
0.0018239009287976814
0.010656503098190736
0.006015566039326781
0.003593810810308435
0.004434504214513157
6.667687403604229E-4
0.004040762998580285
0.0067841092162466326
0.005245168254711711
0.006030258712134896
0.006234717564780893
0.012362310474563421
0.014689574215161573
0.020157033689862672
0.0186501025210048
0.017082423397087355
0.012857036903221942
0.006786130996151726
0.0027972785933621713
0.001250609318983998
0.004504316841429108
0.005183986411445972
0.0023120800308011
0.001819207496820758
0.0039698117577061575
0.006261459730241054
0.0075061177940725175
0.004008092121788971
0.0012404073908624021
0.0010491977710061977
0.0029366317122551883
0.008991361103387437
0.01069109345500106
0.013555129676071443
0.012174693710713756
0.009188073510871071
0.0065469940865895805
5.488563453707948E-5
3.2063640276594225E-4
0.004130392271170123
0.004361481080539379
0.0037887817374469735
0.004035420300862953
1.9492726538542334E-4
0.005606732844242249
0.00497121418986073
0.0038818527541737763
0.0014237563531605026
0.003000907902943871
0.001039130834824216
6.907916051520449E-4
0.0038491885682314774
0.0069661547539595576
0.0052335637543422155
0.007357725002358103
0.004620517244012378
7.511477414560187E-4
0.004887145185785441
0.00716502280962619
0.005593962935349122
0.004953194790267701
0.005935068022760821
0.006749477145045573
0.0060165421875848285
0.005312785961781804
0.0050301338629558205
0.007600165799363451
0.012515560576247121
0.013344346289133049
0.012686325863953195
0.011366269107084374
0.008940921186357082
0.006971963696015094
0.003709696392746378
0.003117798011480919
0.0020265620961587277
0.0027261173740716514
0.0055066201658031
0.008189283689943984
0.0084525954051425
0.007732877850532615
0.005013201449903449
0.004776486265161867
0.005786368376403398
0.0019285827360744443
3.6428273263524794E-4
0.0030692646699986784
0.002602634868552777
9.676466717950414E-4
0.0020301318148045248
0.002937615647697306
0.005509438969866701
0.0045245198566947874
0.005519288679811784
0.005602588365676392
0.00608652221965571
0.004076372499543344
0.0032783134263819564
0.003745073677163326
0.0012171898577103546
0.0012078677184832532
0.003276126554931149
0.005042074419809034
0.005087880292040356
0.002743440623612873
0.0016847877509111554
1.5953792335097265E-4
2.4182063356510176E-4
6.399692230245994E-5
8.24467585029042E-4
3.77087763497122E-4
6.208171362521335E-4
0.0016546549460650785
8.769351968809135E-4
8.791098794851208E-5
0.0011322883760042154
0.0012547224224085968
0.002433702584286961
0.0011098530042157292
6.047085833810103E-4
1.8332648076575003E-4
0.0013151453140035926
0.0013620959443979294
1.9341873255269016E-5
8.963288127001332E-4
9.465584937496468E-4
4.4559144393042433E-4
0.0015431918677566324
0.0013156876860989175
0.0012287189694254607
0.0014441840847974946
8.067268888969307E-4
0.0016401533303954043
0.001344183873835801
0.0015066193000902385
0.003759842657861998
0.0036488534607898556
0.0031234284713531632
0.0031067239380496957
0.00461518842228539
0.005140967157997128
0.004966214988527798
0.004514282013117214
0.004925468450281573
0.005754815428247775
0.006139206104728129
0.0043939989576739094
0.0020301938693357987
1.0061623626835112E-4
4.253101743003986E-5
1.293567942530156E-4
9.536029808047871E-4
0.0011078269812833735
1.309278054004502E-4
7.483112581138434E-4
2.3694400477547757E-4
7.67849918327148E-4
1.5594351917334968E-4
0.0020286598744427434
0.0023099259630203883
5.536850142507568E-4
7.861679310522419E-4
7.78818894932351E-4
0.004171034298106484
0.006261530148805872
0.006188930335248014
0.0062353578441094355
0.00698317226576546
0.0077985553247693256
0.006598196314927159
0.004445805835097521
0.0026882260745453045
0.0018997902327703622
7.726395844599174E-4
3.747435937318523E-4
8.344763793393822E-4
1.9454492659757788E-4
3.559005012015489E-4
2.9307547862020115E-4
0.001293624822708035
0.0015103026591914055
1.9328967791585187E-4
0.001013672463910197
0.0016425989815516179
9.893990831466254E-4
6.246431612553406E-4
0.0011182860930973046
0.002208430169612034
0.0020872485631452946
0.0013216251767969197
0.001207798097368993
0.0024043708243342015
0.0038047232528068526
0.004097765941148607
0.0036698238194974647
0.002840960145241483
0.00136069841333407
8.05933990676187E-4
0.002002340036455129
0.0019023855065317945
0.0014833234760734438
0.0019023855065317945
0.002002340036455129
8.05933990676187E-4
0.00136069841333407
0.002840960145241483
0.0036698238194974647
0.004097765941148607
0.0038047232528068526
0.0024043708243342015
0.001207798097368993
0.0013216251767969197
0.0020872485631452946
0.002208430169612034
0.0011182860930973046
6.246431612553406E-4
9.893990831466254E-4
0.0016425989815516179
0.001013672463910197
1.9328967791585187E-4
0.0015103026591914055
0.001293624822708035
2.9307547862020115E-4
3.559005012015489E-4
1.9454492659757788E-4
8.344763793393822E-4
3.747435937318523E-4
7.726395844599174E-4
0.0018997902327703622
0.0026882260745453045
0.004445805835097521
0.006598196314927159
0.0077985553247693256
0.00698317226576546
0.0062353578441094355
0.006188930335248014
0.006261530148805872
0.004171034298106484
7.78818894932351E-4
7.861679310522419E-4
5.536850142507568E-4
0.0023099259630203883
0.0020286598744427434
1.5594351917334968E-4
7.67849918327148E-4
2.3694400477547757E-4
7.483112581138434E-4
1.309278054004502E-4
0.0011078269812833735
9.536029808047871E-4
1.293567942530156E-4
4.253101743003986E-5
1.0061623626835112E-4
0.0020301938693357987
0.0043939989576739094
0.006139206104728129
0.005754815428247775
0.004925468450281573
0.004514282013117214
0.004966214988527798
0.005140967157997128
0.00461518842228539
0.0031067239380496957
0.0031234284713531632
0.0036488534607898556
0.003759842657861998
0.0015066193000902385
0.001344183873835801
0.0016401533303954043
8.067268888969307E-4
0.0014441840847974946
0.0012287189694254607
0.0013156876860989175
0.0015431918677566324
4.4559144393042433E-4
9.465584937496468E-4
8.963288127001332E-4
1.9341873255269016E-5
0.0013620959443979294
0.0013151453140035926
1.8332648076575003E-4
6.047085833810103E-4
0.0011098530042157292
0.002433702584286961
0.0012547224224085968
0.0011322883760042154
8.791098794851208E-5
8.769351968809135E-4
0.0016546549460650785
6.208171362521335E-4
3.77087763497122E-4
8.24467585029042E-4
6.399692230245994E-5
2.4182063356510176E-4
1.5953792335097265E-4
0.0016847877509111554
0.002743440623612873
0.005087880292040356
0.005042074419809034
0.003276126554931149
0.0012078677184832532
0.0012171898577103546
0.003745073677163326
0.0032783134263819564
0.004076372499543344
0.00608652221965571
0.005602588365676392
0.005519288679811784
0.0045245198566947874
0.005509438969866701
0.002937615647697306
0.0020301318148045248
9.676466717950414E-4
0.002602634868552777
0.0030692646699986784
3.6428273263524794E-4
0.0019285827360744443
0.005786368376403398
0.004776486265161867
0.005013201449903449
0.007732877850532615
0.0084525954051425
0.008189283689943984
0.0055066201658031
0.0027261173740716514
0.0020265620961587277
0.003117798011480919
0.003709696392746378
0.006971963696015094
0.008940921186357082
0.011366269107084374
0.012686325863953195
0.013344346289133049
0.012515560576247121
0.007600165799363451
0.0050301338629558205
0.005312785961781804
0.0060165421875848285
0.006749477145045573
0.005935068022760821
0.004953194790267701
0.005593962935349122
0.00716502280962619
0.004887145185785441
7.511477414560187E-4
0.004620517244012378
0.007357725002358103
0.0052335637543422155
0.0069661547539595576
0.0038491885682314774
6.907916051520449E-4
0.001039130834824216
0.003000907902943871
0.0014237563531605026
0.0038818527541737763
0.00497121418986073
0.005606732844242249
1.9492726538542334E-4
0.004035420300862953
0.0037887817374469735
0.004361481080539379
0.004130392271170123
3.2063640276594225E-4
5.488563453707948E-5
0.0065469940865895805
0.009188073510871071
0.012174693710713756
0.013555129676071443
0.01069109345500106
0.008991361103387437
0.0029366317122551883
0.0010491977710061977
0.0012404073908624021
0.004008092121788971
0.0075061177940725175
0.006261459730241054
0.0039698117577061575
0.001819207496820758
0.0023120800308011
0.005183986411445972
0.004504316841429108
0.001250609318983998
0.0027972785933621713
0.006786130996151726
0.012857036903221942
0.017082423397087355
0.0186501025210048
0.020157033689862672
0.014689574215161573
0.012362310474563421
0.006234717564780893
0.006030258712134896
0.005245168254711711
0.0067841092162466326
0.004040762998580285
6.667687403604229E-4
0.004434504214513157
0.003593810810308435
0.006015566039326781
0.010656503098190736
0.0018239009287976814
0.0032283316304031265
0.003070580480361728
9.249907916117273E-4
0.004012578182439526
0.008842724458294121
0.0027054522093668044
0.0024616308661110247
0.009204655865478115
0.01575694889041139
0.009159189677474923
0.02104024895676267
0.014425777594020753
0.01708397057725926
0.002267290798443209
8.580755133184614E-4
0.003204611788240115
0.0031277115480793025
0.002083467679432112
0.0012815017651331775
2.7377950180400697E-4
0.0017823580586112048
0.00946331345926692
0.008947209879807821
0.0047374337807450815
0.004926244717325012
2.3925684684400364E-4
0.004585475163009925
0.010467977915474509
0.013283132628635317
0.018492710903008587
0.009167089395890095
0.0065481403236986495
0.007515226792081412
0.0020997881918728228
0.0034372935468194744
0.01760273007791564
0.012942957046187913
0.009283837429200229
0.007348220788400676
0.0018352050500365282
0.0036106885512091607
0.011149465407144218
0.01677326514577942
0.023579712541640287
0.018287642962055418
0.01654689786045773
0.005823622843700603
0.0015934205129245003
0.009227750424154513
0.013384264028677978
0.012515788460961238
0.024326669496392363
0.017488772664156462
0.031607155514241814
0.024266113048182058
0.02152468280529148
0.022891922467365523
0.013486172870563834
0.0014495071929010103
0.015030554376668573
0.015867924966551962
0.021082747620731635
0.013293675145053573
0.00966700196280637
0.008086366947150344
0.009295922663504071
0.0013646329434688835
0.003334298466410428
0.007106759188963523
0.006687093996091179
0.004955827819258451
0.015058448500503571
0.024248000170174953
0.02890497516702639
0.025022305230760215
0.021343773432998574
0.005399094263504116
0.016140793205974995
0.012007113578552775
0.025116979344871344
0.023998312698620648
0.020993754379115905
0.02384576032061813
0.013478220293799581
0.002461812602341781
0.011583783294353351
0.007668078515429517
0.007404424467064166
0.012286258954862394
0.010940107472982312
0.0025907604362307014
0.012957194966275662
0.0013201425638737782
0.012111606969815319
0.02846301184705271
0.02157034472801702
0.02671822640082147
0.024452449735872447
0.03085005509748021
0.03567479380709408
0.028596550330280995
0.026151543392320724
0.014529176398625974
0.022662539485517167
0.02922243621120923
0.034566648964814886
0.020351862601064554
0.015315946891478749
0.02094773156340696
0.011112439786877166
0.040398075390383495
0.061973320358054994
0.0559305783689009
0.04048868792483697
0.05671210242373799
0.03432168389684049
0.018331290776510814
0.03689830113227369
0.05754755280724889
0.052086370353669
0.058765226072143385
0.053091363405406884
0.038441274869099776
0.05371687069875614
0.045426711528205176
0.02435945056564222
0.01292621089871371
0.012182214682743709
0.06194853717842994
0.06119609988948194
0.02102479535526788
0.0017685061604488276
0.034221289068784196
0.10347639453155683
0.036842132990591
0.1397703338569311
0.015271578145096762
0.12336414927989645
0.011666365912058612
0.05979256155905641
0.017442827531380867
0.047805074462693976
0.02274596477886466
0.06810185707164647
0.15779477792202593
0.010864925415971297
0.028462323199581828
0.020374896088023273
0.04393850819916851
0.25991616777566046
0.02630419969281251
0.2011061055223573
0.0012340323296542938
0.08532708672346233
0.12005005925969608
0.04872451617860453
0.035023999239190313
0.055908625677083615
0.17515882311452796
9.469440713178183E-5
0.035577251795247206
0.04652742007660397
0.08183683672948905
0.07028559910710099
0.14897827354812856
0.17820993306632982
0.10737130607044272
0.0944225330987044
0.02121101508703646
0.05672438750142438
0.03441103166345823
0.10748220931101735
0.0496429869657439
0.0077433804138062725
0.09632778893620991
0.06707537895270671
0.024797488380837524
0.09675397057753092
0.12956361192812166
0.08656205354413671
0.14241753843588847
0.14640378518955824
0.10636062237571944
0.013544328194355493
0.0026808397837886
0.05274928801941675
0.11161730395197295
0.07199425920600043
0.11881653049142679
0.16459287491496968
0.1836451803338198
0.1258457293682871
0.1144056711938719
0.07333905282022528
0.0653161030759195
0.15604100438862378
0.25699270754029413
0.07054000257047481
0.17975952319548727
0.048009194190305214
0.04306049733449184
0.11847599613924235
0.04693712740584208
0.036790234114739244
0.09000235503971468
0.012270396697657506
0.042448412400019536
0.015924650731139
0.052946254633410246
0.12521080870147852
0.005644782237118189
0.09209077573029498
0.1495712782720299
0.04710894472675407
0.061913209043115314
0.11327691578194497
0.07900525778132127
0.0247897139418534
0.2308043247255127
0.08629956341726862
0.04172492357395654
0.31765491833828713
0.12517377406551702
0.009422146783715684
0.006558889236851367
0.14886107126661807
0.11456226443888139
0.08445046622578019
0.4735315469974661
0.20222204283567247
0.20814785376665684
0.011402263394167418
0.31181959283413685
0.5907986022214574
0.3348918256668704
0.5908032207020276
0.6650618306313999
0.1558567198215874
0.5831499193019853
0.559546431781128
0.4748199220148941
0.11703768319084522
0.13312718703435236
0.16519906403678816
0.18253623018841691
0.16003697694383515
0.005577855946000175
0.14478176110357585
0.03964236962298678
0.30334278459527897
0.02533487035098064
1.0
0.7287305082644384
0.46678385922796
0.21182226068421578
0.17815617980110457
0.35571143966506535
0.13218632600547361
0.1247652691917401
0.14322360646491988
0.17839464248665327
