0.022985074244939663
0.021598004324548992
0.011402116656390349
0.03490674355343102
0.023023130537319653
0.010142965183649608
0.2423170707822211
0.2011705588209776
0.011480449427336272
0.14051415207326468
0.09563265426172902
0.5957914306708277
0.24658501917466072
0.060820304163519356
0.12294969296496025
0.14437543382800824
0.11666247882196683
0.3987398343267567
0.22019857597431433
0.18119701323967935
0.3694240857228554
0.3627390901706439
0.5009361495769316
0.0733778863749888
0.7915051082656007
0.6332110789825804
0.5949045197442727
0.16778199389985557
0.6356939231165029
0.15290454796851005
1.0
0.1962991825921777
0.4323453009818226
0.12756664552139962
0.4151879429552844
0.32307812055455537
0.38518011331047103
0.43923633750922514
0.28987282311429535
0.4173551249920559
0.1873696521666627
0.2781484298846133
0.21678380534903194
0.11922471786449917
0.31878618291013333
0.46637964313632063
0.13628328287747637
0.1618167743858721
0.1056387498857499
0.01477734577876166
0.2935864100226318
0.1451967890241002
0.19688213263216844
0.03644811718235525
0.04597668031756567
0.039308511048128464
0.04092265617554608
0.04422813801846744
0.18067516258930627
0.03949391060613475
0.0412424646979747
0.11734748808966422
0.08756418730107088
0.12608360134047752
0.1133091341262472
0.11460960741527373
0.03307262019825409
0.06941944464281888
0.006480102624001717
0.0922600848341888
0.09320112696593376
0.069934514838769
0.04958165646187862
0.04620041872323065
0.12254459733704617
0.03278640876121563
0.0412268055366943
0.028792633284598523
0.09607159247777021
0.1032970977246076
0.06426716288102473
0.02768962802155857
0.008799265139761706
0.07972413548529785
0.005588411203751745
0.009000551624316813
0.01992981957192073
0.0950796686333591
0.050363373710706275
0.21405106876600904
0.12757655942430532
0.13747730155528767
0.14893365121531385
0.11579816594620339
0.04838608748247602
0.22150957792710543
0.0868774747130923
0.089425985180315
0.14526282700133783
0.09021543699211043
0.05342651192624561
0.12328524973051279
0.04915663047924311
0.16124449512740022
0.09106775983912509
0.04521633404984273
0.21279003990206977
0.09942584555405451
0.09722394680222211
0.08177496555285929
0.028222418783299504
0.21111014968814285
0.2993644028997442
0.39961305711963735
0.10538066249338195
0.03463656973692887
0.15702587444329974
0.05782208931323485
0.025805923673287434
0.19565795093088004
0.1244508691241572
0.03612239295610687
0.17152707167490844
0.06864062194296733
0.04636136940258368
0.07026827073202165
0.1727631140873397
0.07512852948137805
0.01642862501460117
0.054440436233269954
0.0037716104062054025
0.028980590862861807
0.014584940313091847
0.051254222507645456
0.14057922597746178
0.11567908614931174
0.06805554902537346
0.07227143041772367
0.09786576803018668
0.05061174207584308
0.005021123937211035
0.01443057754159364
0.03133642564058333
0.0017719808987811058
0.013984057507481143
0.023428572657799816
0.018699371062384312
0.007635707671126734
0.013160211117738898
0.04220297665479368
0.025917457000845148
0.032928084985486196
0.019505701992659462
0.022696879939096047
0.027004328871334204
0.03087654364745082
0.019171856256849643
0.016252428961592482
0.02328878470516745
0.007517177723951807
0.013240669862231826
0.019844135389895875
0.012902459514854867
0.017743442567997196
0.020622151007641164
0.01295448114104234
0.015494970021763128
0.009228669929752386
0.010425755783113628
0.01637404992414244
0.018230124459897242
0.01987015943681442
0.028394201812053616
0.014918285169684044
0.027459868111764138
0.02849783220489083
0.019097814649075305
0.014533680737318661
0.008742724893399233
0.004233294987653105
0.0029489077237017302
0.0018844118021899856
0.01721542036805267
0.018982704349226248
3.4055768739855546E-4
1.9205618871192124E-4
0.012008691286764912
0.02718797708687282
0.020934932620501126
0.006058196145704566
0.02279838404164004
0.01494763264636998
0.004314268191259847
0.015763436311639026
0.01088747157925563
0.00603849101114213
0.014132553149079798
0.011168091283643046
0.01339482662270399
0.014656489163473993
0.012789686015066632
0.009893779307654038
0.02057296975005796
0.01639554732909921
0.018967137344002037
0.007194459490201148
0.01183511097573951
0.018910902577473354
0.005997563662802672
0.01749819790293217
0.012123437540301478
0.018000889499806827
0.024766432061518222
0.011061807882833655
0.022171258911348593
0.0033658185467656285
0.012733366941815214
0.007478714299060903
0.010998341412595388
0.012359261341619483
0.008088614058053006
0.014009266119613409
0.002091114947891773
0.013690408405149238
0.008141417675632989
0.006008325724293264
0.01284629631457003
0.014082628717487843
0.007616541795734456
0.017247829328319905
0.010106762538370962
0.00908594890129971
0.015260855655488284
0.005560015958821186
0.014427031277504441
0.019393419946271924
0.006034943460388562
0.006551798373229167
0.008100731702240575
0.01089589574863224
0.010085787451075788
0.007709761679636945
0.009623731081884261
0.010085841914390924
0.011978268460331728
0.014780037436232898
0.011329327468631717
0.010487184474527894
0.013786651661346582
0.012387178362609047
0.008984393860779408
0.010642941191581844
0.006658138105117179
5.549985907363635E-4
0.012013011121854876
0.008731745051541766
0.007750710557839583
0.003358246085166919
0.009931220327097142
0.003114726211391979
0.007227188287171824
0.005977805142944954
0.009147432740027509
0.005125153564148109
0.00958197587124257
0.010784447388636445
0.01584979283867671
0.012535836029518172
0.011890084959257644
0.011918594102652407
0.011121003275387484
0.014894843833892927
0.008493372544385541
0.011060875647627776
0.013155416674341941
0.005865196328529511
0.013761254285088467
0.011147086135010656
0.018874447209329626
0.013889975611228011
0.012231523071135255
0.01614925017981877
0.014804049440827069
0.009049684762063009
0.011759127080599225
0.006384183822587774
0.008618995609930229
0.011990840511794748
0.009503333816326434
0.011065966915429793
0.007760513979630418
0.008923220134651215
0.007643864561945407
0.009314974166707762
0.010523571145716252
0.008963936458041057
0.006428195825958695
0.011884128960263852
0.012515403851391198
0.010526321212978857
0.00725473211390309
0.01003084724876123
0.011712266956732682
0.008325003354292364
0.008800614325718499
0.009189031368579466
0.008747336167261484
0.009766173182168656
0.01063920342280907
0.01087740283436189
0.009335326595632226
0.006529559965576051
0.007266168406333327
0.009068916445441923
0.010757353115050034
0.011527936509291778
0.009282862761503308
0.008480229445545147
0.008637150360061277
0.008134573938986589
0.008569833004211918
0.006281925248728035
0.009464434627914674
0.00922294488497148
0.01084924796824002
0.009829591372017239
0.010851969212513007
0.009261278404749829
0.009103895842984022
0.00828110537658262
0.01045239322374804
0.009265356320280782
0.00906932638580404
0.0123501881189707
0.008220189640021061
0.007781840777895337
0.01079087059414514
0.007671112399719371
0.009452389417602541
0.009844951751572713
0.008280996548784876
0.009441669608245343
0.010205463348046924
0.008382771552421333
0.009518641734075359
0.011597545919450203
0.009852695083348456
0.008626497209100545
0.008980253326692885
0.010120926021263556
0.009547622081691092
0.010662115970462587
0.008932012171206821
0.00798769722927283
0.00888412632140387
0.009534136027179278
0.009846806162232649
0.009147866415756881
0.010075917813814957
0.010455351433917938
0.009213506167552062
0.007744531454033208
0.008402888530258064
0.009066116419265007
0.009968357308158942
0.010779839206658752
0.010079945505783696
0.010333527129158882
0.010176810755068851
0.008768776116460224
0.010863801182320684
0.009393110174896956
0.008927502606988331
0.008917353967940425
0.00925044642805977
0.009454619667507588
0.008599728638754186
0.009539056547387162
0.009434446853461693
0.00887429277609673
0.008605903116127826
0.00976322250955697
0.009788922941362981
0.00945919662072242
0.009810811095324386
0.009246435660031286
0.009994843768465544
0.00941761255875616
0.008858886171773581
0.009645607090914072
0.009006030110340449
0.009170016543349055
0.00921052085743247
0.00957280106041575
0.009024733661102027
0.009929288399607144
0.00964902584800187
0.009216440845645723
0.00981635575497561
0.009410898926666928
0.009023025335000242
0.009535724460106183
0.009511528341895389
0.009512726686260945
0.00947723315245963
0.009622612831916195
0.00950623371819693
0.009396628871958043
0.00913471512513454
0.009385661705858821
0.009384096765523283
0.009421356573396562
0.009425163001299783
0.009234030209867107
0.00922142044892571
0.009531181478091708
0.009449510681853956
0.009455830800384176
0.009371723294428088
0.009432169260031821
0.009376518365106853
0.009340108942535646
0.00914151150699712
0.009292762893030162
0.009291402747850444
0.009381397544722263
0.00937486010902652
0.00947512225724423
0.009367275418775292
0.009346219890091005
0.009372584876054977
0.009413373678596243
0.009298554213856334
0.00920217798005899
0.009403301282209892
0.009248489554007554
0.009530591011645925
0.009309937493019277
0.009433849884329888
0.009352871371631488
0.009422070206579414
0.00945300941388959
0.009349616329400751
0.009405664803291787
0.009384333642990864
0.009445477685678104
0.009269182537039651
0.009085078352878027
0.00938541185728102
0.009444320099330205
0.009303979448724228
0.00933826322017506
0.009381438368847526
0.009391175756172127
0.00941511390842291
0.009356304507514169
0.009176382510877
0.009377437813895877
0.009322993929713228
0.009358407392550378
0.009416227011551885
0.009340291679933431
0.009181984548948705
0.009340291679933431
0.009416227011551885
0.009358407392550378
0.009322993929713228
0.009377437813895877
0.009176382510877
0.009356304507514169
0.00941511390842291
0.009391175756172127
0.009381438368847526
0.00933826322017506
0.009303979448724228
0.009444320099330205
0.00938541185728102
0.009085078352878027
0.009269182537039651
0.009445477685678104
0.009384333642990864
0.009405664803291787
0.009349616329400751
0.00945300941388959
0.009422070206579414
0.009352871371631488
0.009433849884329888
0.009309937493019277
0.009530591011645925
0.009248489554007554
0.009403301282209892
0.00920217798005899
0.009298554213856334
0.009413373678596243
0.009372584876054977
0.009346219890091005
0.009367275418775292
0.00947512225724423
0.00937486010902652
0.009381397544722263
0.009291402747850444
0.009292762893030162
0.00914151150699712
0.009340108942535646
0.009376518365106853
0.009432169260031821
0.009371723294428088
0.009455830800384176
0.009449510681853956
0.009531181478091708
0.00922142044892571
0.009234030209867107
0.009425163001299783
0.009421356573396562
0.009384096765523283
0.009385661705858821
0.00913471512513454
0.009396628871958043
0.00950623371819693
0.009622612831916195
0.00947723315245963
0.009512726686260945
0.009511528341895389
0.009535724460106183
0.009023025335000242
0.009410898926666928
0.00981635575497561
0.009216440845645723
0.00964902584800187
0.009929288399607144
0.009024733661102027
0.00957280106041575
0.00921052085743247
0.009170016543349055
0.009006030110340449
0.009645607090914072
0.008858886171773581
0.00941761255875616
0.009994843768465544
0.009246435660031286
0.009810811095324386
0.00945919662072242
0.009788922941362981
0.00976322250955697
0.008605903116127826
0.00887429277609673
0.009434446853461693
0.009539056547387162
0.008599728638754186
0.009454619667507588
0.00925044642805977
0.008917353967940425
0.008927502606988331
0.009393110174896956
0.010863801182320684
0.008768776116460224
0.010176810755068851
0.010333527129158882
0.010079945505783696
0.010779839206658752
0.009968357308158942
0.009066116419265007
0.008402888530258064
0.007744531454033208
0.009213506167552062
0.010455351433917938
0.010075917813814957
0.009147866415756881
0.009846806162232649
0.009534136027179278
0.00888412632140387
0.00798769722927283
0.008932012171206821
0.010662115970462587
0.009547622081691092
0.010120926021263556
0.008980253326692885
0.008626497209100545
0.009852695083348456
0.011597545919450203
0.009518641734075359
0.008382771552421333
0.010205463348046924
0.009441669608245343
0.008280996548784876
0.009844951751572713
0.009452389417602541
0.007671112399719371
0.01079087059414514
0.007781840777895337
0.008220189640021061
0.0123501881189707
0.00906932638580404
0.009265356320280782
0.01045239322374804
0.00828110537658262
0.009103895842984022
0.009261278404749829
0.010851969212513007
0.009829591372017239
0.01084924796824002
0.00922294488497148
0.009464434627914674
0.006281925248728035
0.008569833004211918
0.008134573938986589
0.008637150360061277
0.008480229445545147
0.009282862761503308
0.011527936509291778
0.010757353115050034
0.009068916445441923
0.007266168406333327
0.006529559965576051
0.009335326595632226
0.01087740283436189
0.01063920342280907
0.009766173182168656
0.008747336167261484
0.009189031368579466
0.008800614325718499
0.008325003354292364
0.011712266956732682
0.01003084724876123
0.00725473211390309
0.010526321212978857
0.012515403851391198
0.011884128960263852
0.006428195825958695
0.008963936458041057
0.010523571145716252
0.009314974166707762
0.007643864561945407
0.008923220134651215
0.007760513979630418
0.011065966915429793
0.009503333816326434
0.011990840511794748
0.008618995609930229
0.006384183822587774
0.011759127080599225
0.009049684762063009
0.014804049440827069
0.01614925017981877
0.012231523071135255
0.013889975611228011
0.018874447209329626
0.011147086135010656
0.013761254285088467
0.005865196328529511
0.013155416674341941
0.011060875647627776
0.008493372544385541
0.014894843833892927
0.011121003275387484
0.011918594102652407
0.011890084959257644
0.012535836029518172
0.01584979283867671
0.010784447388636445
0.00958197587124257
0.005125153564148109
0.009147432740027509
0.005977805142944954
0.007227188287171824
0.003114726211391979
0.009931220327097142
0.003358246085166919
0.007750710557839583
0.008731745051541766
0.012013011121854876
5.549985907363635E-4
0.006658138105117179
0.010642941191581844
0.008984393860779408
0.012387178362609047
0.013786651661346582
0.010487184474527894
0.011329327468631717
0.014780037436232898
0.011978268460331728
0.010085841914390924
0.009623731081884261
0.007709761679636945
0.010085787451075788
0.01089589574863224
0.008100731702240575
0.006551798373229167
0.006034943460388562
0.019393419946271924
0.014427031277504441
0.005560015958821186
0.015260855655488284
0.00908594890129971
0.010106762538370962
0.017247829328319905
0.007616541795734456
0.014082628717487843
0.01284629631457003
0.006008325724293264
0.008141417675632989
0.013690408405149238
0.002091114947891773
0.014009266119613409
0.008088614058053006
0.012359261341619483
0.010998341412595388
0.007478714299060903
0.012733366941815214
0.0033658185467656285
0.022171258911348593
0.011061807882833655
0.024766432061518222
0.018000889499806827
0.012123437540301478
0.01749819790293217
0.005997563662802672
0.018910902577473354
0.01183511097573951
0.007194459490201148
0.018967137344002037
0.01639554732909921
0.02057296975005796
0.009893779307654038
0.012789686015066632
0.014656489163473993
0.01339482662270399
0.011168091283643046
0.014132553149079798
0.00603849101114213
0.01088747157925563
0.015763436311639026
0.004314268191259847
0.01494763264636998
0.02279838404164004
0.006058196145704566
0.020934932620501126
0.02718797708687282
0.012008691286764912
1.9205618871192124E-4
3.4055768739855546E-4
0.018982704349226248
0.01721542036805267
0.0018844118021899856
0.0029489077237017302
0.004233294987653105
0.008742724893399233
0.014533680737318661
0.019097814649075305
0.02849783220489083
0.027459868111764138
0.014918285169684044
0.028394201812053616
0.01987015943681442
0.018230124459897242
0.01637404992414244
0.010425755783113628
0.009228669929752386
0.015494970021763128
0.01295448114104234
0.020622151007641164
0.017743442567997196
0.012902459514854867
0.019844135389895875
0.013240669862231826
0.007517177723951807
0.02328878470516745
0.016252428961592482
0.019171856256849643
0.03087654364745082
0.027004328871334204
0.022696879939096047
0.019505701992659462
0.032928084985486196
0.025917457000845148
0.04220297665479368
0.013160211117738898
0.007635707671126734
0.018699371062384312
0.023428572657799816
0.013984057507481143
0.0017719808987811058
0.03133642564058333
0.01443057754159364
0.005021123937211035
0.05061174207584308
0.09786576803018668
0.07227143041772367
0.06805554902537346
0.11567908614931174
0.14057922597746178
0.051254222507645456
0.014584940313091847
0.028980590862861807
0.0037716104062054025
0.054440436233269954
0.01642862501460117
0.07512852948137805
0.1727631140873397
0.07026827073202165
0.04636136940258368
0.06864062194296733
0.17152707167490844
0.03612239295610687
0.1244508691241572
0.19565795093088004
0.025805923673287434
0.05782208931323485
0.15702587444329974
0.03463656973692887
0.10538066249338195
0.39961305711963735
0.2993644028997442
0.21111014968814285
0.028222418783299504
0.08177496555285929
0.09722394680222211
0.09942584555405451
0.21279003990206977
0.04521633404984273
0.09106775983912509
0.16124449512740022
0.04915663047924311
0.12328524973051279
0.05342651192624561
0.09021543699211043
0.14526282700133783
0.089425985180315
0.0868774747130923
0.22150957792710543
0.04838608748247602
0.11579816594620339
0.14893365121531385
0.13747730155528767
0.12757655942430532
0.21405106876600904
0.050363373710706275
0.0950796686333591
0.01992981957192073
0.009000551624316813
0.005588411203751745
0.07972413548529785
0.008799265139761706
0.02768962802155857
0.06426716288102473
0.1032970977246076
0.09607159247777021
0.028792633284598523
0.0412268055366943
0.03278640876121563
0.12254459733704617
0.04620041872323065
0.04958165646187862
0.069934514838769
0.09320112696593376
0.0922600848341888
0.006480102624001717
0.06941944464281888
0.03307262019825409
0.11460960741527373
0.1133091341262472
0.12608360134047752
0.08756418730107088
0.11734748808966422
0.0412424646979747
0.03949391060613475
0.18067516258930627
0.04422813801846744
0.04092265617554608
0.039308511048128464
0.04597668031756567
0.03644811718235525
0.19688213263216844
0.1451967890241002
0.2935864100226318
0.01477734577876166
0.1056387498857499
0.1618167743858721
0.13628328287747637
0.46637964313632063
0.31878618291013333
0.11922471786449917
0.21678380534903194
0.2781484298846133
0.1873696521666627
0.4173551249920559
0.28987282311429535
0.43923633750922514
0.38518011331047103
0.32307812055455537
0.4151879429552844
0.12756664552139962
0.4323453009818226
0.1962991825921777
1.0
0.15290454796851005
0.6356939231165029
0.16778199389985557
0.5949045197442727
0.6332110789825804
0.7915051082656007
0.0733778863749888
0.5009361495769316
0.3627390901706439
0.3694240857228554
0.18119701323967935
0.22019857597431433
0.3987398343267567
0.11666247882196683
0.14437543382800824
0.12294969296496025
0.060820304163519356
0.24658501917466072
0.5957914306708277
0.09563265426172902
0.14051415207326468
0.011480449427336272
0.2011705588209776
0.2423170707822211
0.010142965183649608
0.023023130537319653
0.03490674355343102
0.011402116656390349
0.021598004324548992
