-0.21096426990267397
0.21981386296058458
0.24528780364902442
0.28427150249266686
0.3319292826220319
0.3821995624226539
0.4284164940411973
0.46399521460381377
0.48311144410001805
0.4813067468293962
0.4559583016904913
0.4065657369653923
0.3348260884965985
0.24448936217868483
0.14100935326442765
0.031025051430397646
0.07827495095189779
0.17984085835152544
0.2674334259987748
0.336211388243912
0.3831755105474843
0.40742482234770283
0.4101996926233651
0.3947080732555344
0.36575326040499473
0.3292016776917524
0.2913454233998819
0.2582250004849879
0.23498167977203152
0.22530592378351924
0.23103852650238615
0.251965592520472
0.28582876083890296
0.3285501720378054
0.3746498028141481
0.41781316654481737
0.4515519928427052
0.46989091441912306
0.46801038023695885
0.4427802683814992
0.393129563587117
0.3202138942022557
0.22736303195388063
0.11981259269358455
0.004245899743768098
0.11180891273770267
0.22066690334370176
0.31519121872614136
0.38944498139934564
0.4392256338511674
0.4624290687045447
0.4592080415142995
0.4319100924892601
0.38480239791169457
0.32361238563737615
0.2549314159942545
0.18554248298728668
0.12174035241274234
0.06871307238819847
0.030047320612537176
0.00740725235538069
4.1868591660781013E-4
0.006769419466712127
0.022514351756203338
0.042553125185248605
0.06123035060405574
0.07299590225970858
0.07305656590227982
0.05795111521306997
0.02598860393249144
0.02249648586514033
0.0851000070532471
0.15752114234796935
0.23393682063405435
0.3075411750308427
0.3711967404474934
0.41813253053757427
0.4426191161283206
0.44055286303891594
0.4098903766352865
0.35088904980079555
0.26612892329019894
0.16031289394104056
0.0398644436131527
0.0876377249245527
0.21413251000078892
0.3317904105514956
0.4336984535853128
0.5144489039415868
0.5705744690855216
0.6007883229846066
0.6060070540795327
0.5891565885964977
0.5547830293962306
0.5085099666288707
0.4563991754083049
0.40428116553384696
0.35712482634021153
0.3185111401896998
0.2902650596719123
0.2722832650150827
0.2625753058956728
0.25751364077517874
0.2522665524704472
0.24136903003770319
0.2193723852737756
0.18150507541513589
0.12427577944452234
0.04595537459108967
0.05311347919842247
0.1704131325745861
0.3013673009406874
0.43966796784720713
0.5777824858947622
0.7075921990085776
0.8211004583059798
0.9111406896943459
0.9720149290845262
1.0
0.9936715896939168
0.954014565531266
0.8843091391673682
0.789804786298067
0.6772149144688265
0.5540830139508705
0.42808363889818696
0.30632777920203325
0.19474137670712732
0.09757800223312907
0.017112832847563014
0.04645353627909008
0.09487435481998975
0.1315340708408907
0.1609593180575177
0.18821594748101442
0.21825601330301012
0.25528358998021394
0.3022062317013673
0.3602299994471003
0.4286411792703299
0.5047986029933056
0.5843388116519188
0.6615743749031832
0.7300457250068211
0.7831709113287603
0.8149273549750788
0.8204960377750319
0.7968019732562792
0.7428949421385984
0.6601303126208496
0.552129709507403
0.42452333249117163
0.2844976262634326
0.14019155961527036
2.3421738981918458E-17
0.1281479663872633
0.2374653688258062
0.32287246269022424
0.3813958772615614
0.4123636916443599
0.4173787713334326
0.40007488615506853
0.3656818241131755
0.32044472500144827
0.27095726487210847
0.22347667646697525
0.18329005370008275
0.1541958203766901
0.13815221662469632
0.13512739690304293
0.14316499632842034
0.15865691436356555
0.17679383159071205
0.19214577183208864
0.19931169587643854
0.19357001704720508
0.17146178321072647
0.1312450898743136
0.07317238341272606
4.396457749002555E-4
0.0853567232654469
0.17577722007768878
0.2648521172796046
0.3453234143144892
0.4102174004333044
0.45352333884773166
0.4707892645924607
0.4595746604478003
0.4197139414611412
0.35336352022911893
0.26482684094390363
0.16017397761470167
0.046692947671806526
0.0677732803022549
0.175538706601899
0.26976494997519296
0.3450626734755523
0.3979449145872618
0.4270884452143003
0.433378682885938
0.41973550591078723
0.39073938393776286
0.35209729105492016
0.31000389442688525
0.27046388959337914
0.23864503851529692
0.21832809112277127
0.21150968366032633
0.2181985356000578
0.2364254149897157
0.26246542656060956
0.2912494231473527
0.3169219575245955
0.3334881465564645
0.3354826404404817
0.3185915097913807
0.2801625259022261
0.21955054414938396
0.13826137007854025
0.0398779037824007
0.0702255480031576
0.18535337061981572
0.2980969427073037
0.4010207960237648
0.48735824127556615
0.551646925224029
0.5902406693009857
0.6016462611597507
0.5866513854140666
0.5482308196688653
0.4912402712007769
0.42192853980534795
0.3473169096255007
0.2745079562010973
0.20999296264018455
0.1590271637639829
0.12513507886402317
0.10979495837225131
0.11233319829736291
0.13003830889663537
0.158481813717804
0.19201254964819553
0.2243733529450606
0.2493768184675147
0.26157095166049543
0.25682668581886087
0.23278729003365645
0.18913382626533246
0.12763959163006844
0.05200799831604094
0.032489584546657145
0.11953911436865236
0.20241873465532795
0.2746784643742785
0.3307953499112082
0.36673713725444596
0.38037674836749236
0.37171493962987373
0.34288795299364394
0.2979587732968066
0.242512568537227
0.18309678755554543
0.12656220392165246
0.07937132139641886
0.046943966370154994
0.033106237359211164
0.039698627570451436
0.06638312869376246
0.11066908007614458
0.16815547380913876
0.23296559334204525
0.29833045932008695
0.3572625441585507
0.40325211482622425
0.43091629182922575
0.4365357006688996
0.41842495491945786
0.37709999711739484
0.3152258357224108
0.23735037766768508
0.14945162414941657
0.05834429054894173
0.028993970580731342
0.10610854819077813
0.16769675144566062
0.21011619878660925
0.23172165541231948
0.23299674854747945
0.21646786973237708
0.18640972385461643
0.1483731594992619
0.10858396740947106
0.07327443318470776
0.048016248743803
0.03712323322440923
0.04318520333437131
0.06678098639263347
0.10640033930461118
0.1585832716034314
0.21826312652506086
0.27927899650335164
0.3350057461601352
0.37903784302955784
0.4058575806552901
0.4114196933054985
0.3935926674086423
0.35241141500329876
0.2901149387815284
0.21096426990267397
0.12085810935158735
0.02678401100624161
0.06384045453877714
0.14387100137998693
0.20711433635909896
0.24891277671050643
0.266577648693623
0.2596285661211313
0.22981523378511506
0.18092030825975106
0.11836386374733164
0.04864992749761608
0.02128864516544281
0.08478058828482136
0.13607219489411881
0.17088278831171957
0.18680401782096817
0.18350330264736583
0.1627117520328763
0.12799886545116212
0.08435803594230129
0.03764613810058068
0.006064672841130348
0.041155898684079595
0.06308321937019996
0.06888438089382042
0.057521707697544146
0.030023345952640848
0.010592141058878384
0.05960110371630845
0.1110418967048042
0.15831695060930007
0.19486915444048725
0.21486412144092448
0.21380907740505747
0.18904529211890914
0.14006355001046508
0.06860985768202985
0.021430373706336343
0.12435918006548356
0.23317222198632864
0.34019454444165215
0.43778314314965394
0.5190268521522947
0.5783743564903445
0.612128392355112
0.6187576896790843
0.5989965732544446
0.5557235104284496
0.4936321144423747
0.4187289355973967
0.33770969299294173
0.2572776683006623
0.18347358303622335
0.12108485073044098
0.07319378618988076
0.04091001340803499
0.02331340019796057
0.017612282780725075
0.019499717106535218
0.023670241637410636
0.024443214432048957
0.01642786280140576
0.004839133832754978
0.042349978320045514
0.09723295731790267
0.1685521494836964
0.25332171063846803
0.3467349616531117
0.4425865996381035
0.5338466090412447
0.6133288702027913
0.674387631417615
0.71157192775319
0.7211720139049608
0.7016025320057737
0.6535833860309946
0.5800995029318394
0.4861427866249859
0.3782613797492607
0.26396063667799147
0.15101503135889963
0.04675907874937231
0.04257265412979307
0.11239143154231532
0.1601327136894574
0.18543055917095685
0.19007223942207263
0.17773941791150502
0.1535637422275674
0.12354333515649041
0.09388056762595204
0.07030924906032039
0.05748019930947518
0.058467992703987344
0.07444912036567068
0.1045841785568038
0.14611575148701234
0.19467154379266155
0.24474127672508048
0.29027802987876006
0.32536189852358166
0.34485734766812126
0.34499613917579774
0.32382514072097934
0.2814719447525415
0.22019965401524777
0.1442435616133649
0.05944460306469991
0.02728485952266874
0.10861024232549998
0.1774744373567753
0.22777819098760854
0.2549730818817317
0.2565076227112605
0.23208162612556518
0.1836831277410795
0.1154039141737497
0.03305186549881366
0.05640134913232479
0.14548223954664988
0.22692124344345402
0.2943321173119676
0.3427976449909221
0.3693039358086279
0.37298098795166035
0.3551268421020351
0.3190145547452888
0.26950316179851125
0.2124935605097776
0.15428581225573154
0.10090418674062912
0.05745933886823469
0.02761302696852078
0.013200153827340645
0.014046722241648817
0.02800219045888781
0.05118273257415041
0.07840028729896732
0.10373321159495079
0.12117978059672964
0.12532717381148456
0.11196683601717407
0.07859238142248007
0.02472799040428851
0.04794766082038206
0.13569622496911524
0.23302538955508295
0.33317618574235497
0.4287441423017017
0.5123728455615842
0.5774509722209381
0.6187433178656931
0.632892809708022
0.6187433178656931
0.5774509722209381
0.5123728455615842
0.4287441423017017
0.33317618574235497
0.23302538955508295
0.13569622496911524
0.04794766082038206
0.02472799040428851
0.07859238142248007
0.11196683601717407
0.12532717381148456
0.12117978059672964
0.10373321159495079
0.07840028729896732
0.05118273257415041
0.02800219045888781
0.014046722241648817
0.013200153827340645
0.02761302696852078
0.05745933886823469
0.10090418674062912
0.15428581225573154
0.2124935605097776
0.26950316179851125
0.3190145547452888
0.3551268421020351
0.37298098795166035
0.3693039358086279
0.3427976449909221
0.2943321173119676
0.22692124344345402
0.14548223954664988
0.05640134913232479
0.03305186549881366
0.1154039141737497
0.1836831277410795
0.23208162612556518
0.2565076227112605
0.2549730818817317
0.22777819098760854
0.1774744373567753
0.10861024232549998
0.02728485952266874
0.05944460306469991
0.1442435616133649
0.22019965401524777
0.2814719447525415
0.32382514072097934
0.34499613917579774
0.34485734766812126
0.32536189852358166
0.29027802987876006
0.24474127672508048
0.19467154379266155
0.14611575148701234
0.1045841785568038
0.07444912036567068
0.058467992703987344
0.05748019930947518
0.07030924906032039
0.09388056762595204
0.12354333515649041
0.1535637422275674
0.17773941791150502
0.19007223942207263
0.18543055917095685
0.1601327136894574
0.11239143154231532
0.04257265412979307
0.04675907874937231
0.15101503135889963
0.26396063667799147
0.3782613797492607
0.4861427866249859
0.5800995029318394
0.6535833860309946
0.7016025320057737
0.7211720139049608
0.71157192775319
0.674387631417615
0.6133288702027913
0.5338466090412447
0.4425865996381035
0.3467349616531117
0.25332171063846803
0.1685521494836964
0.09723295731790267
0.042349978320045514
0.004839133832754978
0.01642786280140576
0.024443214432048957
0.023670241637410636
0.019499717106535218
0.017612282780725075
0.02331340019796057
0.04091001340803499
0.07319378618988076
0.12108485073044098
0.18347358303622335
0.2572776683006623
0.33770969299294173
0.4187289355973967
0.4936321144423747
0.5557235104284496
0.5989965732544446
0.6187576896790843
0.612128392355112
0.5783743564903445
0.5190268521522947
0.43778314314965394
0.34019454444165215
0.23317222198632864
0.12435918006548356
0.021430373706336343
0.06860985768202985
0.14006355001046508
0.18904529211890914
0.21380907740505747
0.21486412144092448
0.19486915444048725
0.15831695060930007
0.1110418967048042
0.05960110371630845
0.010592141058878384
0.030023345952640848
0.057521707697544146
0.06888438089382042
0.06308321937019996
0.041155898684079595
0.006064672841130348
0.03764613810058068
0.08435803594230129
0.12799886545116212
0.1627117520328763
0.18350330264736583
0.18680401782096817
0.17088278831171957
0.13607219489411881
0.08478058828482136
0.02128864516544281
0.04864992749761608
0.11836386374733164
0.18092030825975106
0.22981523378511506
0.2596285661211313
0.266577648693623
0.24891277671050643
0.20711433635909896
0.14387100137998693
0.06384045453877714
0.02678401100624161
0.12085810935158735
0.21096426990267397
0.2901149387815284
0.35241141500329876
0.3935926674086423
0.4114196933054985
0.4058575806552901
0.37903784302955784
0.3350057461601352
0.27927899650335164
0.21826312652506086
0.1585832716034314
0.10640033930461118
0.06678098639263347
0.04318520333437131
0.03712323322440923
0.048016248743803
0.07327443318470776
0.10858396740947106
0.1483731594992619
0.18640972385461643
0.21646786973237708
0.23299674854747945
0.23172165541231948
0.21011619878660925
0.16769675144566062
0.10610854819077813
0.028993970580731342
0.05834429054894173
0.14945162414941657
0.23735037766768508
0.3152258357224108
0.37709999711739484
0.41842495491945786
0.4365357006688996
0.43091629182922575
0.40325211482622425
0.3572625441585507
0.29833045932008695
0.23296559334204525
0.16815547380913876
0.11066908007614458
0.06638312869376246
0.039698627570451436
0.033106237359211164
0.046943966370154994
0.07937132139641886
0.12656220392165246
0.18309678755554543
0.242512568537227
0.2979587732968066
0.34288795299364394
0.37171493962987373
0.38037674836749236
0.36673713725444596
0.3307953499112082
0.2746784643742785
0.20241873465532795
0.11953911436865236
0.032489584546657145
0.05200799831604094
0.12763959163006844
0.18913382626533246
0.23278729003365645
0.25682668581886087
0.26157095166049543
0.2493768184675147
0.2243733529450606
0.19201254964819553
0.158481813717804
0.13003830889663537
0.11233319829736291
0.10979495837225131
0.12513507886402317
0.1590271637639829
0.20999296264018455
0.2745079562010973
0.3473169096255007
0.42192853980534795
0.4912402712007769
0.5482308196688653
0.5866513854140666
0.6016462611597507
0.5902406693009857
0.551646925224029
0.48735824127556615
0.4010207960237648
0.2980969427073037
0.18535337061981572
0.0702255480031576
0.0398779037824007
0.13826137007854025
0.21955054414938396
0.2801625259022261
0.3185915097913807
0.3354826404404817
0.3334881465564645
0.3169219575245955
0.2912494231473527
0.26246542656060956
0.2364254149897157
0.2181985356000578
0.21150968366032633
0.21832809112277127
0.23864503851529692
0.27046388959337914
0.31000389442688525
0.35209729105492016
0.39073938393776286
0.41973550591078723
0.433378682885938
0.4270884452143003
0.3979449145872618
0.3450626734755523
0.26976494997519296
0.175538706601899
0.0677732803022549
0.046692947671806526
0.16017397761470167
0.26482684094390363
0.35336352022911893
0.4197139414611412
0.4595746604478003
0.4707892645924607
0.45352333884773166
0.4102174004333044
0.3453234143144892
0.2648521172796046
0.17577722007768878
0.0853567232654469
4.396457749002555E-4
0.07317238341272606
0.1312450898743136
0.17146178321072647
0.19357001704720508
0.19931169587643854
0.19214577183208864
0.17679383159071205
0.15865691436356555
0.14316499632842034
0.13512739690304293
0.13815221662469632
0.1541958203766901
0.18329005370008275
0.22347667646697525
0.27095726487210847
0.32044472500144827
0.3656818241131755
0.40007488615506853
0.4173787713334326
0.4123636916443599
0.3813958772615614
0.32287246269022424
0.2374653688258062
0.1281479663872633
2.3421738981918458E-17
0.14019155961527036
0.2844976262634326
0.42452333249117163
0.552129709507403
0.6601303126208496
0.7428949421385984
0.7968019732562792
0.8204960377750319
0.8149273549750788
0.7831709113287603
0.7300457250068211
0.6615743749031832
0.5843388116519188
0.5047986029933056
0.4286411792703299
0.3602299994471003
0.3022062317013673
0.25528358998021394
0.21825601330301012
0.18821594748101442
0.1609593180575177
0.1315340708408907
0.09487435481998975
0.04645353627909008
0.017112832847563014
0.09757800223312907
0.19474137670712732
0.30632777920203325
0.42808363889818696
0.5540830139508705
0.6772149144688265
0.789804786298067
0.8843091391673682
0.954014565531266
0.9936715896939168
1.0
0.9720149290845262
0.9111406896943459
0.8211004583059798
0.7075921990085776
0.5777824858947622
0.43966796784720713
0.3013673009406874
0.1704131325745861
0.05311347919842247
0.04595537459108967
0.12427577944452234
0.18150507541513589
0.2193723852737756
0.24136903003770319
0.2522665524704472
0.25751364077517874
0.2625753058956728
0.2722832650150827
0.2902650596719123
0.3185111401896998
0.35712482634021153
0.40428116553384696
0.4563991754083049
0.5085099666288707
0.5547830293962306
0.5891565885964977
0.6060070540795327
0.6007883229846066
0.5705744690855216
0.5144489039415868
0.4336984535853128
0.3317904105514956
0.21413251000078892
0.0876377249245527
0.0398644436131527
0.16031289394104056
0.26612892329019894
0.35088904980079555
0.4098903766352865
0.44055286303891594
0.4426191161283206
0.41813253053757427
0.3711967404474934
0.3075411750308427
0.23393682063405435
0.15752114234796935
0.0851000070532471
0.02249648586514033
0.02598860393249144
0.05795111521306997
0.07305656590227982
0.07299590225970858
0.06123035060405574
0.042553125185248605
0.022514351756203338
0.006769419466712127
4.1868591660781013E-4
0.00740725235538069
0.030047320612537176
0.06871307238819847
0.12174035241274234
0.18554248298728668
0.2549314159942545
0.32361238563737615
0.38480239791169457
0.4319100924892601
0.4592080415142995
0.4624290687045447
0.4392256338511674
0.38944498139934564
0.31519121872614136
0.22066690334370176
0.11180891273770267
0.004245899743768098
0.11981259269358455
0.22736303195388063
0.3202138942022557
0.393129563587117
0.4427802683814992
0.46801038023695885
0.46989091441912306
0.4515519928427052
0.41781316654481737
0.3746498028141481
0.3285501720378054
0.28582876083890296
0.251965592520472
0.23103852650238615
0.22530592378351924
0.23498167977203152
0.2582250004849879
0.2913454233998819
0.3292016776917524
0.36575326040499473
0.3947080732555344
0.4101996926233651
0.40742482234770283
0.3831755105474843
0.336211388243912
0.2674334259987748
0.17984085835152544
0.07827495095189779
0.031025051430397646
0.14100935326442765
0.24448936217868483
0.3348260884965985
0.4065657369653923
0.4559583016904913
0.4813067468293962
0.48311144410001805
0.46399521460381377
0.4284164940411973
0.3821995624226539
0.3319292826220319
0.28427150249266686
0.24528780364902442
0.21981386296058458
