-0.5415228687139847
0.5027737416118842
0.1166241143218173
0.2550483836987604
0.16660040965327974
0.6884288322067676
0.5284637763962002
0.2367020948956119
0.044025492357156554
0.13951892655177883
0.20685539959134533
0.730626896552718
0.48347928821400177
0.020187993170275694
0.04828346397672624
0.04259456965373636
0.2526371647785398
0.6197852216456168
0.3946166033084314
0.18954159911151797
0.1374543650338135
0.21623658731885856
0.3074011974244914
0.4032943972042422
0.2566850942487215
0.23556668600639474
0.18933147602781228
0.3149102045179
0.3568960170032562
0.16405042797270614
0.08312422191845519
0.17589452331116445
0.17585155826559548
0.31055382799379283
0.37546796727855025
0.01596521449188394
0.09168671515705785
0.06796874759533841
0.09182742985617191
0.22447447181781163
0.3412812269197615
0.09024104112531567
0.2231085267988991
0.021431378270829523
0.03859093447557032
0.11448473236247748
0.2515643658574176
0.06486568864623628
0.27583000101134
0.04829601461161203
0.17034884314065485
0.04490721380856714
0.12835516263460886
0.008772487591511181
0.24250466506880233
0.009819441996398242
0.25742010644345575
0.05420881497461689
0.010084468870043179
0.0611286017335622
0.15091264815448813
0.05881849396302447
0.2743223834773938
0.13583389716815708
0.06776595459437167
0.037905130312130386
0.05428345290287904
0.10641478625657068
0.2278482193395296
0.24108787014651933
0.09304372821368188
0.07604035219143979
0.007955553441783312
0.09452031790342835
0.1523015229501637
0.30213552852439163
0.08682995474500207
0.2526238574376303
0.043062456996120706
0.018316052235283282
0.09006043491546187
0.26367713851056945
0.09598362017949548
0.43658887014649833
0.15033595076939327
0.09054030651477582
0.06728942569293078
0.10821558850999548
0.1702342528311023
0.5723951201434667
0.28283133096234164
0.17982119541401315
0.07778626060109874
0.13642784338205088
0.3342352569086643
0.6281999294733212
0.37728091531784724
0.20275391403027987
0.08434907389211013
0.40970246777716773
0.5686680067562077
0.6057689396413967
0.3843479590629893
0.1408751266670453
0.03825273244393553
0.6437861366932494
0.8110958355015286
0.5330716721075459
0.29312608059237766
0.01260862775609627
0.09220088320990379
0.7892180996600899
0.9781357185718701
0.4452839764161128
0.13752000649271962
0.13591974080941205
0.2985574893141739
0.8291282799310865
1.0
0.36532201346369664
0.01923953706423396
0.2523434313413683
0.5272683409645021
0.7771934548536622
0.8518186583288576
0.2943046935557852
0.11489899559085856
0.30058410583581785
0.6972903335670126
0.6629942892804942
0.5668873518934842
0.2162014305796249
0.11866257923863038
0.27351503047533465
0.7335015930907522
0.5143322204467605
0.22501117700759432
0.11287654012206552
0.046726708349054125
0.1906453101837658
0.6009178128439133
0.34641649850878914
0.07930428248461886
0.019841910608436517
0.04520712481746689
0.08376990749105634
0.3234602520555165
0.16282488186360466
0.27451682936823046
0.16465817231254204
0.08928885049872474
0.020505653079732136
0.022302706107831846
0.03420421485632423
0.33845179294624045
0.2883653560425227
0.03969426876857375
0.11164027702860733
0.33649897088123704
0.232113046699507
0.30168927239180465
0.3574681459786692
0.10306771898229548
0.19423059255465336
0.5355854464615174
0.4036271488586923
0.22715134363021658
0.35514912814284055
0.2898783888325537
0.27725285207239275
0.584555995997111
0.5137617131391321
0.176372437809544
0.2900330058935085
0.44437971007416294
0.36119420812357983
0.507448091680369
0.5353240463915674
0.17902519829476546
0.1917233839072692
0.4981619733093298
0.43190855330923045
0.37202575426311624
0.4644143248719556
0.22027088427791924
0.09545719207929437
0.42318376252498596
0.4658996639494633
0.2564889257789439
0.3265525715006396
0.25147720738716894
0.024369898058189572
0.24607372558559074
0.4446826432462961
0.2141037751646074
0.16858465440033554
0.21829920997533123
0.020650387817296403
0.03756531496301379
0.36990766287720284
0.2519893143696286
0.03913222515109353
0.0917333643382571
0.05764412725372829
0.11792873866829091
0.2695409938646869
0.3329530475705646
0.0330575524497375
0.11342223726546154
0.10847261143735479
0.15839018226428755
0.18962729199196687
0.39798763760276423
0.05164452295912673
0.34180291686293784
0.18049993948095494
0.06942719565333379
0.17394402869779368
0.3973847208789781
0.04903363546258382
0.5207320689051512
0.25602405573095616
0.11225098816101642
0.24106494940736212
0.31499920483750715
0.06765381287795244
0.592113361007569
0.2967386714284514
0.31751538043575256
0.37093380075181115
0.174418405666212
0.13538071717849617
0.5376678752939094
0.2624856472459598
0.47581808711549795
0.5092651328673113
0.02526403498117482
0.2479076525001357
0.3858537115244411
0.13534753011867875
0.543630101312016
0.5895245752540527
0.08230986691276158
0.367870788631775
0.19795222645048494
0.063804485762871
0.5177580136337335
0.5631239796797126
0.12154054569368304
0.44220724547701296
0.04078765079726779
0.27645381477221503
0.42915161662128015
0.4235432670810497
0.09964361824709367
0.4296955187058995
0.040560040799678475
0.4270379264893167
0.3224948642052628
0.21215617723839403
0.050721886215479024
0.3248235476142582
0.037589090978690294
0.4548020124073152
0.23319611939397883
0.0019000262107411103
0.015841121438697186
0.16523374329687132
0.02480294766422688
0.34224386190944084
0.17342721755176693
0.134364609015454
0.021328517962176566
0.01773521305579662
0.10592858578684101
0.1260538363300201
0.133006698979271
0.1562117100051162
0.06655635131268024
0.05144823885886736
0.17108993595850353
0.11587397341654075
0.09256843412228592
0.07333094387700964
0.126859100248167
0.008244239354888131
0.20627456295551172
0.29653546330815955
0.0401070087161598
0.06011078403577157
0.1689814481985568
0.13143261001866607
0.21934869366176907
0.35682750684672515
0.019116954475561002
0.17192837224642848
0.16999955235773961
0.306993511752114
0.22911022575421752
0.2904981178075213
0.06487271839697616
0.2065898359813928
0.12932455973217635
0.4400316937323745
0.2500046868230376
0.14538585776206298
0.07466395199047378
0.15142014982808064
0.06769035858924811
0.4705478201522693
0.28202312522857365
3.112854292182549E-4
0.03894449839076193
0.04170303001784543
0.014440148123176002
0.3854918762652673
0.3115807206313631
0.07158783238681167
0.03053953202719454
0.05771195032422224
0.009154344165019163
0.22588967891729986
0.3222901222346884
0.035968006969234134
0.10475490111188793
0.08524901158646359
8.657199871152074E-4
0.06883811957713429
0.30845680345313453
0.08841867117142847
0.15209885511836183
0.013818184199800899
0.02337545257059505
0.0074450662233936215
0.2823042608552376
0.24039083799702426
0.15586243876613373
0.13484175258677328
0.04140819912344158
0.040698383548789886
0.2694583614993485
0.3462325334451093
0.12449402989465533
0.29966697498832795
0.040492976207873226
0.20245739041983088
0.29416158663892755
0.35415653478392006
0.08831246777508876
0.4089829937492946
0.027016899203051236
0.41736481586793517
0.3621621847482529
0.2569835239841198
0.08365116002896261
0.41452956477816094
0.023788532191527798
0.6021207116608925
0.4514891004502525
0.09287783753712
0.13253736022572324
0.3144724896844287
0.05557216904343342
0.6865881986647894
0.5178541759040067
0.07514153002395642
0.22897211658010533
0.1545777686464609
0.13065040619231608
0.6423488579453467
0.5138154668873728
0.1900521577559476
0.33986748088600366
0.0073315782983632265
0.22932811466074127
0.4913944948618045
0.413049108679057
0.22668760664334206
0.4210973851263856
0.06075106384927248
0.3074086500316302
0.2923960394033633
0.22737408317562016
0.2004130816187982
0.44085175875121596
0.01813757691936216
0.3150020199577867
0.11255478561929787
0.00683028846117292
0.15541030847840154
0.39799681269482584
0.11954361448360287
0.22246330867985123
8.22690749044724E-4
0.17888879811854128
0.13952376135663844
0.3250448872598716
0.2987946755847691
0.04040409007548947
0.035925316575168856
0.26990586527598953
0.1788844106343472
0.27293457373111496
0.45334357733545805
0.17756221236796377
0.01342295374854163
0.24275865553290674
0.2649495896271812
0.28436979166233967
0.5323759506611746
0.3528474751524353
0.03134881777096826
0.12103061312002049
0.35976174413609124
0.36902205174492486
0.518779775474119
0.4139413830878195
0.0702130698476261
0.03573956263181374
0.41583507609102194
0.49386996115589155
0.43020753134288486
0.3282069783587355
0.09620110349355153
0.1600780352147494
0.39996763484227355
0.5950145832857233
0.3047359894037043
0.11830494854318664
0.12318110172939145
0.2082186423461568
0.3089316459092971
0.6067074455332717
0.1802307881021763
0.14525623004308838
0.1726790543690777
0.1799389425030811
0.1698183417132144
0.4943126950286782
0.07859783654738692
0.3728851813316578
0.25639672480897435
0.11668227675419893
0.026030279900371312
0.27513961429504
0.002218427023420443
0.49323933211750653
0.3648724721123815
0.07865111667561608
0.08288192947519862
0.016178453906445817
0.05754762499074685
0.4820936157797281
0.46888989703608547
0.11203541359796174
0.13684320950332723
0.1915070332191872
0.10667105051981048
0.369558895943032
0.532891456998381
0.2226714002364881
0.13892349961115164
0.27076143435699235
0.13892349961115164
0.2226714002364881
0.532891456998381
0.369558895943032
0.10667105051981048
0.1915070332191872
0.13684320950332723
0.11203541359796174
0.46888989703608547
0.4820936157797281
0.05754762499074685
0.016178453906445817
0.08288192947519862
0.07865111667561608
0.3648724721123815
0.49323933211750653
0.002218427023420443
0.27513961429504
0.026030279900371312
0.11668227675419893
0.25639672480897435
0.3728851813316578
0.07859783654738692
0.4943126950286782
0.1698183417132144
0.1799389425030811
0.1726790543690777
0.14525623004308838
0.1802307881021763
0.6067074455332717
0.3089316459092971
0.2082186423461568
0.12318110172939145
0.11830494854318664
0.3047359894037043
0.5950145832857233
0.39996763484227355
0.1600780352147494
0.09620110349355153
0.3282069783587355
0.43020753134288486
0.49386996115589155
0.41583507609102194
0.03573956263181374
0.0702130698476261
0.4139413830878195
0.518779775474119
0.36902205174492486
0.35976174413609124
0.12103061312002049
0.03134881777096826
0.3528474751524353
0.5323759506611746
0.28436979166233967
0.2649495896271812
0.24275865553290674
0.01342295374854163
0.17756221236796377
0.45334357733545805
0.27293457373111496
0.1788844106343472
0.26990586527598953
0.035925316575168856
0.04040409007548947
0.2987946755847691
0.3250448872598716
0.13952376135663844
0.17888879811854128
8.22690749044724E-4
0.22246330867985123
0.11954361448360287
0.39799681269482584
0.15541030847840154
0.00683028846117292
0.11255478561929787
0.3150020199577867
0.01813757691936216
0.44085175875121596
0.2004130816187982
0.22737408317562016
0.2923960394033633
0.3074086500316302
0.06075106384927248
0.4210973851263856
0.22668760664334206
0.413049108679057
0.4913944948618045
0.22932811466074127
0.0073315782983632265
0.33986748088600366
0.1900521577559476
0.5138154668873728
0.6423488579453467
0.13065040619231608
0.1545777686464609
0.22897211658010533
0.07514153002395642
0.5178541759040067
0.6865881986647894
0.05557216904343342
0.3144724896844287
0.13253736022572324
0.09287783753712
0.4514891004502525
0.6021207116608925
0.023788532191527798
0.41452956477816094
0.08365116002896261
0.2569835239841198
0.3621621847482529
0.41736481586793517
0.027016899203051236
0.4089829937492946
0.08831246777508876
0.35415653478392006
0.29416158663892755
0.20245739041983088
0.040492976207873226
0.29966697498832795
0.12449402989465533
0.3462325334451093
0.2694583614993485
0.040698383548789886
0.04140819912344158
0.13484175258677328
0.15586243876613373
0.24039083799702426
0.2823042608552376
0.0074450662233936215
0.02337545257059505
0.013818184199800899
0.15209885511836183
0.08841867117142847
0.30845680345313453
0.06883811957713429
8.657199871152074E-4
0.08524901158646359
0.10475490111188793
0.035968006969234134
0.3222901222346884
0.22588967891729986
0.009154344165019163
0.05771195032422224
0.03053953202719454
0.07158783238681167
0.3115807206313631
0.3854918762652673
0.014440148123176002
0.04170303001784543
0.03894449839076193
3.112854292182549E-4
0.28202312522857365
0.4705478201522693
0.06769035858924811
0.15142014982808064
0.07466395199047378
0.14538585776206298
0.2500046868230376
0.4400316937323745
0.12932455973217635
0.2065898359813928
0.06487271839697616
0.2904981178075213
0.22911022575421752
0.306993511752114
0.16999955235773961
0.17192837224642848
0.019116954475561002
0.35682750684672515
0.21934869366176907
0.13143261001866607
0.1689814481985568
0.06011078403577157
0.0401070087161598
0.29653546330815955
0.20627456295551172
0.008244239354888131
0.126859100248167
0.07333094387700964
0.09256843412228592
0.11587397341654075
0.17108993595850353
0.05144823885886736
0.06655635131268024
0.1562117100051162
0.133006698979271
0.1260538363300201
0.10592858578684101
0.01773521305579662
0.021328517962176566
0.134364609015454
0.17342721755176693
0.34224386190944084
0.02480294766422688
0.16523374329687132
0.015841121438697186
0.0019000262107411103
0.23319611939397883
0.4548020124073152
0.037589090978690294
0.3248235476142582
0.050721886215479024
0.21215617723839403
0.3224948642052628
0.4270379264893167
0.040560040799678475
0.4296955187058995
0.09964361824709367
0.4235432670810497
0.42915161662128015
0.27645381477221503
0.04078765079726779
0.44220724547701296
0.12154054569368304
0.5631239796797126
0.5177580136337335
0.063804485762871
0.19795222645048494
0.367870788631775
0.08230986691276158
0.5895245752540527
0.543630101312016
0.13534753011867875
0.3858537115244411
0.2479076525001357
0.02526403498117482
0.5092651328673113
0.47581808711549795
0.2624856472459598
0.5376678752939094
0.13538071717849617
0.174418405666212
0.37093380075181115
0.31751538043575256
0.2967386714284514
0.592113361007569
0.06765381287795244
0.31499920483750715
0.24106494940736212
0.11225098816101642
0.25602405573095616
0.5207320689051512
0.04903363546258382
0.3973847208789781
0.17394402869779368
0.06942719565333379
0.18049993948095494
0.34180291686293784
0.05164452295912673
0.39798763760276423
0.18962729199196687
0.15839018226428755
0.10847261143735479
0.11342223726546154
0.0330575524497375
0.3329530475705646
0.2695409938646869
0.11792873866829091
0.05764412725372829
0.0917333643382571
0.03913222515109353
0.2519893143696286
0.36990766287720284
0.03756531496301379
0.020650387817296403
0.21829920997533123
0.16858465440033554
0.2141037751646074
0.4446826432462961
0.24607372558559074
0.024369898058189572
0.25147720738716894
0.3265525715006396
0.2564889257789439
0.4658996639494633
0.42318376252498596
0.09545719207929437
0.22027088427791924
0.4644143248719556
0.37202575426311624
0.43190855330923045
0.4981619733093298
0.1917233839072692
0.17902519829476546
0.5353240463915674
0.507448091680369
0.36119420812357983
0.44437971007416294
0.2900330058935085
0.176372437809544
0.5137617131391321
0.584555995997111
0.27725285207239275
0.2898783888325537
0.35514912814284055
0.22715134363021658
0.4036271488586923
0.5355854464615174
0.19423059255465336
0.10306771898229548
0.3574681459786692
0.30168927239180465
0.232113046699507
0.33649897088123704
0.11164027702860733
0.03969426876857375
0.2883653560425227
0.33845179294624045
0.03420421485632423
0.022302706107831846
0.020505653079732136
0.08928885049872474
0.16465817231254204
0.27451682936823046
0.16282488186360466
0.3234602520555165
0.08376990749105634
0.04520712481746689
0.019841910608436517
0.07930428248461886
0.34641649850878914
0.6009178128439133
0.1906453101837658
0.046726708349054125
0.11287654012206552
0.22501117700759432
0.5143322204467605
0.7335015930907522
0.27351503047533465
0.11866257923863038
0.2162014305796249
0.5668873518934842
0.6629942892804942
0.6972903335670126
0.30058410583581785
0.11489899559085856
0.2943046935557852
0.8518186583288576
0.7771934548536622
0.5272683409645021
0.2523434313413683
0.01923953706423396
0.36532201346369664
1.0
0.8291282799310865
0.2985574893141739
0.13591974080941205
0.13752000649271962
0.4452839764161128
0.9781357185718701
0.7892180996600899
0.09220088320990379
0.01260862775609627
0.29312608059237766
0.5330716721075459
0.8110958355015286
0.6437861366932494
0.03825273244393553
0.1408751266670453
0.3843479590629893
0.6057689396413967
0.5686680067562077
0.40970246777716773
0.08434907389211013
0.20275391403027987
0.37728091531784724
0.6281999294733212
0.3342352569086643
0.13642784338205088
0.07778626060109874
0.17982119541401315
0.28283133096234164
0.5723951201434667
0.1702342528311023
0.10821558850999548
0.06728942569293078
0.09054030651477582
0.15033595076939327
0.43658887014649833
0.09598362017949548
0.26367713851056945
0.09006043491546187
0.018316052235283282
0.043062456996120706
0.2526238574376303
0.08682995474500207
0.30213552852439163
0.1523015229501637
0.09452031790342835
0.007955553441783312
0.07604035219143979
0.09304372821368188
0.24108787014651933
0.2278482193395296
0.10641478625657068
0.05428345290287904
0.037905130312130386
0.06776595459437167
0.13583389716815708
0.2743223834773938
0.05881849396302447
0.15091264815448813
0.0611286017335622
0.010084468870043179
0.05420881497461689
0.25742010644345575
0.009819441996398242
0.24250466506880233
0.008772487591511181
0.12835516263460886
0.04490721380856714
0.17034884314065485
0.04829601461161203
0.27583000101134
0.06486568864623628
0.2515643658574176
0.11448473236247748
0.03859093447557032
0.021431378270829523
0.2231085267988991
0.09024104112531567
0.3412812269197615
0.22447447181781163
0.09182742985617191
0.06796874759533841
0.09168671515705785
0.01596521449188394
0.37546796727855025
0.31055382799379283
0.17585155826559548
0.17589452331116445
0.08312422191845519
0.16405042797270614
0.3568960170032562
0.3149102045179
0.18933147602781228
0.23556668600639474
0.2566850942487215
0.4032943972042422
0.3074011974244914
0.21623658731885856
0.1374543650338135
0.18954159911151797
0.3946166033084314
0.6197852216456168
0.2526371647785398
0.04259456965373636
0.04828346397672624
0.020187993170275694
0.48347928821400177
0.730626896552718
0.20685539959134533
0.13951892655177883
0.044025492357156554
0.2367020948956119
0.5284637763962002
0.6884288322067676
0.16660040965327974
0.2550483836987604
0.1166241143218173
0.5027737416118842
