-1.0643880929412286
1.0
0.8153148633004508
0.5345961749095047
0.19453722131325965
0.16079658555468762
0.48600987602329315
0.7405482144610235
0.8941283136949761
0.9306696164460131
0.8501891174723618
0.6684170941375266
0.4142198273397733
0.12522855365726618
0.15767357647439986
0.3961990762545195
0.5599937644393711
0.6307059591646573
0.6042239079155153
0.4907929495202972
0.31303729215764
0.10221693123784023
0.10669662215886505
0.280378060136336
0.39213979989258707
0.4258242491359484
0.37803758966782874
0.25841997473358014
0.08794289960638776
0.10448218731695491
0.2865526406511155
0.42758412537305274
0.5032246582528773
0.4991705490771146
0.41333902194093114
0.2561888537626074
0.04915988739424723
0.1785173857372266
0.39415158087057783
0.5664056011381866
0.6698794388379617
0.6887865264696547
0.6191929495432091
0.469509085297912
0.25918638101094754
0.01583810247628263
0.2287678477952581
0.4432372395521405
0.600926636772246
0.683532977004643
0.6833895551170138
0.6041657657292265
0.4599125262842269
0.2726433715117929
0.06885520048537719
0.12445921946615042
0.2836938723719429
0.39182781011985174
0.4404811316002723
0.4305593406280368
0.37144253854061543
0.2789030472592537
0.1721283439547965
0.07035614229696226
0.010324127540182136
0.05949037964962482
0.07383635348433783
0.05734065802297895
0.02016042735849988
0.023537029095918115
0.05841878361208573
0.07101301839264432
0.05239674630999395
8.126464131727735E-5
0.08123449522742777
0.18018517366096443
0.2804659510077278
0.3634952936108477
0.4115847272894558
0.4110962716832682
0.3550607056684087
0.24480740908901258
0.09030755623329043
0.09086637158493283
0.2758418403327347
0.43968130874082595
0.559068374507283
0.615880147227325
0.60008623216797
0.5115077795069403
0.360137592412992
0.16493918988766423
0.04872408409857463
0.25266530385871555
0.41993047109342163
0.528728256072304
0.5656361963627637
0.5275886415160733
0.42233104719850917
0.2672551882897056
0.08677579616517306
0.09136648583588886
0.24032271891455728
0.33823510647292393
0.3715904915874596
0.337307210643606
0.24322248603988655
0.10688851894390065
0.047156619584030904
0.19124141383394488
0.29895729190983417
0.3494281792237315
0.3307919472995247
0.24234279500926595
0.09497922325423584
0.09014533503431506
0.2846004266633444
0.4568659210694171
0.5771187997102938
0.6219074515750279
0.578004955809095
0.44484247445758823
0.2351247004733206
0.026507507932348264
0.3066150340534375
0.5674779348449305
0.7723610638873202
0.8907763869806067
0.9029791498322488
0.8030352811213616
0.5999955194864786
0.3169795496106079
0.011727694107765975
0.34517884778356106
0.641244945472402
0.8623089545177489
0.9803720824239126
0.9808532235653318
0.8645458124939586
0.6474573910339665
0.35855768443903774
0.03575749274741712
0.27930956878791646
0.5469634375418683
0.7348125805350837
0.8220024623130233
0.8017931826432055
0.6821253451242024
0.4841234898659334
0.23878129679960944
0.017670432136074155
0.2490300999874225
0.4242616758875638
0.5217667883964309
0.5321940464706143
0.45940782549338643
0.3195113839278461
0.1381034007389756
0.053798708804706004
0.2245477497234135
0.3466526640100297
0.4008575620515037
0.37892427494480974
0.28472780102014444
0.1335274378782507
0.05045360888279371
0.23776058108664472
0.3981842711795166
0.5053138256840103
0.5404939350712091
0.4956113074247421
0.37431446145268865
0.1915054201337135
0.028803419760650144
0.25693680974659333
0.4617930234341355
0.6152467803674699
0.696082326470854
0.6928992874694113
0.605592729675947
0.4452226729573005
0.23232464245873266
0.006063439052531334
0.24020421751689255
0.44173188179005235
0.5874059613971351
0.6620255455741417
0.6601190041482836
0.5862142173974824
0.453707152634769
0.2825501207335443
0.09614516650533216
0.08207057771286433
0.23183544431643588
0.33860983152068486
0.3951185648694845
0.4017153647491885
0.3655825992587912
0.2989572919098342
0.21671601613639832
0.13373603527640462
0.06246637614845716
0.011089913408654289
0.01745377990299667
0.02546590257448018
0.019552687412576767
0.008956106031987944
0.0034673583356924285
0.01130165538895733
0.03731140497987024
0.08185119928405676
0.14049320195432435
0.204644919819965
0.2629671181406709
0.30335301166426254
0.3151330437502148
0.29112823377606023
0.22919591908138795
0.1329914111797906
0.011794835731273146
0.12059596461493306
0.2477524959776507
0.3529987952635043
0.42192126484265663
0.4446084532441509
0.4172600695471825
0.3428985893931851
0.2310545393836025
0.09645649431124395
0.04308612878274876
0.16929010279812157
0.26609702323530715
0.3220461494226566
0.3319502394697745
0.29760812257584424
0.22743565621973685
0.13506485522097283
0.03712325792101726
0.04946343364123302
0.11022356531131319
0.1355109465651825
0.12211406356813237
0.07383635348433794
9.388555748589892E-4
0.08148598874483763
0.1559710272262672
0.20558790607362165
0.21686414655668856
0.18223986682570678
0.1016612235538823
0.0169678733651002
0.15858427122153657
0.3029325960181738
0.427437246921844
0.5105701774314269
0.535218512572025
0.49154230772881824
0.37887537095271967
0.20635296533580388
0.00786903241806515
0.2387344165586225
0.4574789574986675
0.635464596661025
0.7481227835845727
0.778447559462871
0.7195331656561607
0.5757789876179894
0.36256869310784445
0.10444432623627836
0.16799081638276686
0.42202522516353425
0.6271092601442622
0.7588557694046087
0.802220136507827
0.753422206212867
0.6203480932493971
0.4213823485370338
0.1828399717284301
0.0646379268915624
0.29021899716700933
0.4669694950136566
0.5753355841409988
0.6055441015509749
0.5586081355197107
0.44582290715113476
0.28685143485479425
0.1066966221588651
0.06799120718791661
0.21273591930094624
0.3086420377016236
0.34491063604997335
0.32012487413505103
0.24214744215450512
0.12667383133287294
0.0053226225040114055
0.1308629884579814
0.22846507401950877
0.28136395170156736
0.2799880678583887
0.22334324324581598
0.11911980445730255
0.017475215180409443
0.16597562873739388
0.30366468831424104
0.40889364099531145
0.46423169270239806
0.4590003391579648
0.39083965072207794
0.26609702323530715
0.09899871094696107
0.09026364759507814
0.2782498202406004
0.4414030345000777
0.5591600006650516
0.6166149709871918
0.6063862354707317
0.5294528229767428
0.3948772782586648
0.2184853910091626
0.020713558858236326
0.17606010616182277
0.3503273524602869
0.4840271863194043
0.5645613549226207
0.5860124874572921
0.549449932393
0.46233852481309956
0.33718645060061037
0.18966328569207452
0.0364760138956261
0.10669662215886516
0.22694191918419812
0.3153207455684225
0.36743367358076745
0.38333503769843136
0.3668783825370167
0.3246509421421942
0.26469922331099677
0.1952578067220331
0.12367007964826361
0.05563886993774615
0.00512311780343797
0.056846400596340815
0.09933084483316909
0.13336302280086915
0.16006733271489354
0.18033088448614853
0.19441487721151093
0.2018193651002877
0.20141298190015863
0.19178465944233408
0.17173037598902266
0.14076206474431613
0.09952215657712188
0.05000595213188443
0.004468708387503706
0.059556225494047176
0.11040291110152
0.15230751285613028
0.18140900566089346
0.19527888862603693
0.1933082880821672
0.1768134265915828
0.14883087202307446
0.11362821331057418
0.07600698173574602
0.04051369244562525
0.010694698461490912
0.011472820078910205
0.02586802117795102
0.03417195201277115
0.03946968800729767
0.04556773270012228
0.05613810455720104
0.07383635348433792
0.09955295770140386
0.13194319045292444
0.16734094907436323
0.20010273067926396
0.22335785270619116
0.23007114763215175
0.21426605754713923
0.17221921455961423
0.10342905179937376
0.011183350160013998
0.09739827037554041
0.21189777623641928
0.31967412889108315
0.4073627871908503
0.4626110851587002
0.4758156917276606
0.44161527435477926
0.3599139936198274
0.2362674413915891
0.0815449851328283
0.08911997195715905
0.2579812071000232
0.4067352754565287
0.5187231320973159
0.580992590484984
0.5859484476931326
0.5323669125294906
0.42563212585825305
0.277154124711777
0.10303567413799863
0.07784491892768777
0.24609035825010922
0.3840909387424543
0.478086092101437
0.5197197518300695
0.5068971204404632
0.443844337135552
0.3403786134347477
0.21050004293845506
0.07050342208834412
0.06313256912947425
0.17579814187344692
0.2564812995133905
0.2989572919098342
0.30230109648252723
0.2706799656701511
0.21248087779859012
0.1389153451990318
0.062309798261787945
0.005674679828624914
0.055648119547179846
0.08170975915588721
0.08212523089380645
0.059388455543561765
0.019680281524077716
0.02818210919529719
0.07414443601156756
0.10845994069909484
0.12316231583301326
0.11326571192744958
0.07753291197225648
0.018714906127685817
0.0567619525608819
0.13961135434374547
0.21889046190613354
0.2834292197831087
0.3232983279719573
0.3311283614248522
0.3031159030654323
0.23959556622096206
0.1451130806746879
0.02799657413246769
0.10051706359516238
0.2274933698332553
0.3397059535818944
0.4250758074961874
0.47398477603825556
0.48032255792657874
0.4421598746173263
0.36198348354100623
0.2464763275756396
0.10587306439712789
0.0470371486175247
0.19815610447712534
0.3334445466449045
0.4402784950479275
0.508663747779222
0.5321940464706143
0.508663747779222
0.4402784950479275
0.3334445466449045
0.19815610447712534
0.0470371486175247
0.10587306439712789
0.2464763275756396
0.36198348354100623
0.4421598746173263
0.48032255792657874
0.47398477603825556
0.4250758074961874
0.3397059535818944
0.2274933698332553
0.10051706359516238
0.02799657413246769
0.1451130806746879
0.23959556622096206
0.3031159030654323
0.3311283614248522
0.3232983279719573
0.2834292197831087
0.21889046190613354
0.13961135434374547
0.0567619525608819
0.018714906127685817
0.07753291197225648
0.11326571192744958
0.12316231583301326
0.10845994069909484
0.07414443601156756
0.02818210919529719
0.019680281524077716
0.059388455543561765
0.08212523089380645
0.08170975915588721
0.055648119547179846
0.005674679828624914
0.062309798261787945
0.1389153451990318
0.21248087779859012
0.2706799656701511
0.30230109648252723
0.2989572919098342
0.2564812995133905
0.17579814187344692
0.06313256912947425
0.07050342208834412
0.21050004293845506
0.3403786134347477
0.443844337135552
0.5068971204404632
0.5197197518300695
0.478086092101437
0.3840909387424543
0.24609035825010922
0.07784491892768777
0.10303567413799863
0.277154124711777
0.42563212585825305
0.5323669125294906
0.5859484476931326
0.580992590484984
0.5187231320973159
0.4067352754565287
0.2579812071000232
0.08911997195715905
0.0815449851328283
0.2362674413915891
0.3599139936198274
0.44161527435477926
0.4758156917276606
0.4626110851587002
0.4073627871908503
0.31967412889108315
0.21189777623641928
0.09739827037554041
0.011183350160013998
0.10342905179937376
0.17221921455961423
0.21426605754713923
0.23007114763215175
0.22335785270619116
0.20010273067926396
0.16734094907436323
0.13194319045292444
0.09955295770140386
0.07383635348433792
0.05613810455720104
0.04556773270012228
0.03946968800729767
0.03417195201277115
0.02586802117795102
0.011472820078910205
0.010694698461490912
0.04051369244562525
0.07600698173574602
0.11362821331057418
0.14883087202307446
0.1768134265915828
0.1933082880821672
0.19527888862603693
0.18140900566089346
0.15230751285613028
0.11040291110152
0.059556225494047176
0.004468708387503706
0.05000595213188443
0.09952215657712188
0.14076206474431613
0.17173037598902266
0.19178465944233408
0.20141298190015863
0.2018193651002877
0.19441487721151093
0.18033088448614853
0.16006733271489354
0.13336302280086915
0.09933084483316909
0.056846400596340815
0.00512311780343797
0.05563886993774615
0.12367007964826361
0.1952578067220331
0.26469922331099677
0.3246509421421942
0.3668783825370167
0.38333503769843136
0.36743367358076745
0.3153207455684225
0.22694191918419812
0.10669662215886516
0.0364760138956261
0.18966328569207452
0.33718645060061037
0.46233852481309956
0.549449932393
0.5860124874572921
0.5645613549226207
0.4840271863194043
0.3503273524602869
0.17606010616182277
0.020713558858236326
0.2184853910091626
0.3948772782586648
0.5294528229767428
0.6063862354707317
0.6166149709871918
0.5591600006650516
0.4414030345000777
0.2782498202406004
0.09026364759507814
0.09899871094696107
0.26609702323530715
0.39083965072207794
0.4590003391579648
0.46423169270239806
0.40889364099531145
0.30366468831424104
0.16597562873739388
0.017475215180409443
0.11911980445730255
0.22334324324581598
0.2799880678583887
0.28136395170156736
0.22846507401950877
0.1308629884579814
0.0053226225040114055
0.12667383133287294
0.24214744215450512
0.32012487413505103
0.34491063604997335
0.3086420377016236
0.21273591930094624
0.06799120718791661
0.1066966221588651
0.28685143485479425
0.44582290715113476
0.5586081355197107
0.6055441015509749
0.5753355841409988
0.4669694950136566
0.29021899716700933
0.0646379268915624
0.1828399717284301
0.4213823485370338
0.6203480932493971
0.753422206212867
0.802220136507827
0.7588557694046087
0.6271092601442622
0.42202522516353425
0.16799081638276686
0.10444432623627836
0.36256869310784445
0.5757789876179894
0.7195331656561607
0.778447559462871
0.7481227835845727
0.635464596661025
0.4574789574986675
0.2387344165586225
0.00786903241806515
0.20635296533580388
0.37887537095271967
0.49154230772881824
0.535218512572025
0.5105701774314269
0.427437246921844
0.3029325960181738
0.15858427122153657
0.0169678733651002
0.1016612235538823
0.18223986682570678
0.21686414655668856
0.20558790607362165
0.1559710272262672
0.08148598874483763
9.388555748589892E-4
0.07383635348433794
0.12211406356813237
0.1355109465651825
0.11022356531131319
0.04946343364123302
0.03712325792101726
0.13506485522097283
0.22743565621973685
0.29760812257584424
0.3319502394697745
0.3220461494226566
0.26609702323530715
0.16929010279812157
0.04308612878274876
0.09645649431124395
0.2310545393836025
0.3428985893931851
0.4172600695471825
0.4446084532441509
0.42192126484265663
0.3529987952635043
0.2477524959776507
0.12059596461493306
0.011794835731273146
0.1329914111797906
0.22919591908138795
0.29112823377606023
0.3151330437502148
0.30335301166426254
0.2629671181406709
0.204644919819965
0.14049320195432435
0.08185119928405676
0.03731140497987024
0.01130165538895733
0.0034673583356924285
0.008956106031987944
0.019552687412576767
0.02546590257448018
0.01745377990299667
0.011089913408654289
0.06246637614845716
0.13373603527640462
0.21671601613639832
0.2989572919098342
0.3655825992587912
0.4017153647491885
0.3951185648694845
0.33860983152068486
0.23183544431643588
0.08207057771286433
0.09614516650533216
0.2825501207335443
0.453707152634769
0.5862142173974824
0.6601190041482836
0.6620255455741417
0.5874059613971351
0.44173188179005235
0.24020421751689255
0.006063439052531334
0.23232464245873266
0.4452226729573005
0.605592729675947
0.6928992874694113
0.696082326470854
0.6152467803674699
0.4617930234341355
0.25693680974659333
0.028803419760650144
0.1915054201337135
0.37431446145268865
0.4956113074247421
0.5404939350712091
0.5053138256840103
0.3981842711795166
0.23776058108664472
0.05045360888279371
0.1335274378782507
0.28472780102014444
0.37892427494480974
0.4008575620515037
0.3466526640100297
0.2245477497234135
0.053798708804706004
0.1381034007389756
0.3195113839278461
0.45940782549338643
0.5321940464706143
0.5217667883964309
0.4242616758875638
0.2490300999874225
0.017670432136074155
0.23878129679960944
0.4841234898659334
0.6821253451242024
0.8017931826432055
0.8220024623130233
0.7348125805350837
0.5469634375418683
0.27930956878791646
0.03575749274741712
0.35855768443903774
0.6474573910339665
0.8645458124939586
0.9808532235653318
0.9803720824239126
0.8623089545177489
0.641244945472402
0.34517884778356106
0.011727694107765975
0.3169795496106079
0.5999955194864786
0.8030352811213616
0.9029791498322488
0.8907763869806067
0.7723610638873202
0.5674779348449305
0.3066150340534375
0.026507507932348264
0.2351247004733206
0.44484247445758823
0.578004955809095
0.6219074515750279
0.5771187997102938
0.4568659210694171
0.2846004266633444
0.09014533503431506
0.09497922325423584
0.24234279500926595
0.3307919472995247
0.3494281792237315
0.29895729190983417
0.19124141383394488
0.047156619584030904
0.10688851894390065
0.24322248603988655
0.337307210643606
0.3715904915874596
0.33823510647292393
0.24032271891455728
0.09136648583588886
0.08677579616517306
0.2672551882897056
0.42233104719850917
0.5275886415160733
0.5656361963627637
0.528728256072304
0.41993047109342163
0.25266530385871555
0.04872408409857463
0.16493918988766423
0.360137592412992
0.5115077795069403
0.60008623216797
0.615880147227325
0.559068374507283
0.43968130874082595
0.2758418403327347
0.09086637158493283
0.09030755623329043
0.24480740908901258
0.3550607056684087
0.4110962716832682
0.4115847272894558
0.3634952936108477
0.2804659510077278
0.18018517366096443
0.08123449522742777
8.126464131727735E-5
0.05239674630999395
0.07101301839264432
0.05841878361208573
0.023537029095918115
0.02016042735849988
0.05734065802297895
0.07383635348433783
0.05949037964962482
0.010324127540182136
0.07035614229696226
0.1721283439547965
0.2789030472592537
0.37144253854061543
0.4305593406280368
0.4404811316002723
0.39182781011985174
0.2836938723719429
0.12445921946615042
0.06885520048537719
0.2726433715117929
0.4599125262842269
0.6041657657292265
0.6833895551170138
0.683532977004643
0.600926636772246
0.4432372395521405
0.2287678477952581
0.01583810247628263
0.25918638101094754
0.469509085297912
0.6191929495432091
0.6887865264696547
0.6698794388379617
0.5664056011381866
0.39415158087057783
0.1785173857372266
0.04915988739424723
0.2561888537626074
0.41333902194093114
0.4991705490771146
0.5032246582528773
0.42758412537305274
0.2865526406511155
0.10448218731695491
0.08794289960638776
0.25841997473358014
0.37803758966782874
0.4258242491359484
0.39213979989258707
0.280378060136336
0.10669662215886505
0.10221693123784023
0.31303729215764
0.4907929495202972
0.6042239079155153
0.6307059591646573
0.5599937644393711
0.3961990762545195
0.15767357647439986
0.12522855365726618
0.4142198273397733
0.6684170941375266
0.8501891174723618
0.9306696164460131
0.8941283136949761
0.7405482144610235
0.48600987602329315
0.16079658555468762
0.19453722131325965
0.5345961749095047
0.8153148633004508
1.0
