0.21280505802331626
0.596242734780108
0.31397290453498583
0.3181454923791561
0.4420891895587512
0.0026676660966876804
0.28752710605325044
0.17452728650310154
0.1992415519118994
0.2525950902375369
0.6995939338625373
0.4055642330130155
0.8328640767996197
0.617486668837408
0.5269495778214184
0.6246756043335933
0.04688721395464056
0.2119589616081851
0.31177204961392474
0.46459430520539535
0.4823885962513072
0.9362544153982032
0.560532936353339
0.846463745322463
0.5607178577753472
0.2948154549522311
0.3561158514747212
0.2732124675657457
0.10349287395399052
0.5022233562260052
0.594046019705609
0.4122153432121464
0.7499830278607182
0.25871034826934997
0.43233032143275535
0.1890008651940036
0.0883386117838056
0.11624950323274527
0.3788571950828413
0.07656339183908425
0.27289363713487386
0.3081090373513272
0.010206916649813618
0.3617725539797521
0.06422033266007575
0.1641709450924655
0.10936363749291841
0.08861259854407165
0.2677538044956141
0.14293373517245153
0.16154414983408863
0.008233803508493355
0.14345285052609785
0.11185762328552776
0.34773198968773894
0.0296072622850999
0.26513528396647346
0.28904698233288023
0.014899984115538067
0.33471043695301306
0.15084937538064258
0.02276280437726793
0.14531367298078735
0.3950521277925205
0.09921064333460222
0.5096095805888797
0.12747685482379845
0.18567847114708808
0.14017560458508813
0.29390697243097047
0.034267676139363594
0.5244102229978092
0.3613238121356053
0.3741575072314831
0.5382911923305008
0.050841777681086664
0.2939821695908488
0.18429458630201337
0.2701739552273935
0.2810196534534527
0.7129451540843836
0.3456761363469812
0.6666311329911793
0.3956885967025594
0.19435328987606007
0.2850071778737627
0.29546234013825595
0.08106467691406741
0.4705868396353744
0.5257592463922506
0.3617091262433229
0.700437683994699
0.22621899287096364
0.43916276459880005
0.19897575830534592
0.03851092532006789
0.16042856630239685
0.33865947207666025
0.04741961960208294
0.2998022451986885
0.3610737210218634
0.13472907848368676
0.5330839486957702
0.1457886535663077
0.41959078773595515
0.3488207200384827
0.15014275610974911
0.4471559783527573
0.03877011136491789
0.18488189933474367
0.0957045157476061
0.3344403442727089
0.19392259146979363
0.7305582478438876
0.4552863722161196
0.726638329433833
0.7069842853671415
0.39140120491509967
0.6092169005128635
0.002101338107490424
0.048633230379434504
0.2862550516329919
0.655050409094236
0.49415357123741893
1.0
0.6664724681563258
0.7656560167135161
0.6766944967817033
0.1956591844689792
0.3498972403661042
0.2794358391861631
0.2518478358807521
0.4518893704964687
0.7621430134515588
0.4373764235631873
0.8134684079013569
0.4165030127892491
0.40598039571288863
0.3802158809511844
0.08233304126484624
0.1900506229749333
0.27882565559510464
0.16023928799669887
0.17575264281885647
0.4522260329448401
0.07298252242858827
0.4644436269108763
0.189642065255465
0.23741449000930584
0.4038711467407087
0.03623378644558321
0.41283578754035327
0.03505734975181597
0.10524997147273696
0.10640252901165813
0.2986279266671214
0.011000438369198102
0.49026890366476894
0.35327626326277173
0.39396445974546346
0.6221570175231619
0.19124993167035007
0.487803999125838
0.05629183323015321
0.026057455823463208
0.04109189692933906
0.5221680852431013
0.22003487464003132
0.6144647909600294
0.43566158721046
0.2974099706708459
0.45348088930349567
0.09469017796238183
0.12803172352658923
0.26062645831902326
0.3482224998132994
0.2011850638536692
0.5689590843433342
0.11160510378861835
0.32217818350815985
0.08834131628853814
0.16745359979188426
0.03575393146385151
0.4529341861817184
0.1329048818855002
0.3144374821355726
0.29856656618518407
0.045832317929148034
0.23692488546517382
0.26066545731028296
0.0848850461563822
0.1939904403961781
0.3983611263456045
0.03066531254525893
0.391045850676269
0.0020223986300222717
0.057916438509845604
0.08525309141677168
0.2718540067729984
0.0954108752831217
0.2882802091523716
0.06694211714452081
0.038803586826098836
0.25350208099675486
0.13924989583716282
0.2577684422934228
0.015395979214433546
0.08433477080556855
0.26680818340438583
0.05241154464893324
0.35665474244180273
0.009584203544110992
0.0960204884787805
0.08138359365024776
0.3090181697385334
0.030519028439846222
0.5231158648658191
0.3694208651991914
0.427745391127256
0.6249271687931142
0.18241222039670374
0.45501065627477144
0.024356732432872216
0.11968489481537575
0.1884261443687518
0.6840883617576969
0.4022459987510565
0.8162186347923406
0.6128661722794885
0.47842846507800496
0.5862801915009974
0.0
0.1753048774140134
0.29298319873466444
0.4252061679905547
0.36493340829975646
0.7860137056987984
0.38155805725237507
0.6481092909883167
0.4172112647955983
0.1850674885790169
0.3517831139491627
0.18241222039670374
0.07443664685485536
0.22170815539775188
0.2958192409985388
0.09030952473367147
0.48695140141384186
0.09448329476200099
0.37642891120435074
0.30472599973489933
0.14197043676728513
0.4773252894508249
0.052411544648933425
0.35471174699888375
0.13769190293018546
0.026704915334814762
0.14689083303068418
0.3796511981826393
0.13175499014777858
0.48451867506967045
0.5619567092586016
0.38938462976403504
0.747125682476236
0.2718540067729987
0.4445392255273576
0.17513996422893546
0.15484055025453075
0.02357305969161968
0.6004437346287115
0.37212144845273903
0.6176515734793746
0.6631099341700254
0.3282295596239971
0.5953473237103214
0.04583231792914774
0.1276634523947234
0.07555744531683739
0.4010258260354976
0.13085661445661675
0.572173910264408
0.23730748589949355
0.30380197200015185
0.3263404118946859
0.07909059017222408
0.234457190383744
0.20118506385366955
0.035076053888785125
0.021258972705485026
0.2453578370530642
0.17479749376800027
0.17901626865587897
0.13302294094833397
0.0837959767793683
0.08986067805543878
0.22329627022653073
0.23444526306358654
0.04109189692933929
0.16701024330262912
0.2907996935527513
0.017486727892202465
0.4021277941345284
0.0207805153286067
0.13871642101065998
0.04954842698589049
0.25412997184831854
0.04996488897048264
0.39428100328392673
0.10640252901165813
0.17392611043669962
0.25946706669644093
0.14390308368380048
0.1837911766612861
0.2351445989418367
0.10299273833714087
0.0591632188999216
0.30340001430298175
0.14677962660504162
0.1615000381530016
0.17575264281885625
0.21748882065541716
0.0695270242791012
0.4406732218398822
0.0013923115637902766
0.24060352174532326
0.011981887269953684
0.22817817966503268
0.039332359108023615
0.5443576759535513
0.24130942748344522
0.4518893704964681
0.4337441802045608
0.08992367906680336
0.3407222495859898
0.2081751715043961
0.08793951665429184
0.2794752658342329
0.5428349516378557
0.23686446373592168
0.6319291874444908
0.23874386991478552
0.28625505163299136
0.2538466618519315
0.16339096231757652
0.12587093638533267
0.33521286281655244
0.16344554117655455
0.1830995852432459
0.39909803011757244
0.004529589054308501
0.3594148918948606
0.03196045204134296
0.09570451574760663
0.23142463984470668
0.0990055048421539
0.315979557911321
0.026505239591279102
0.13736003084080065
0.16916419239145636
0.1583046406017246
0.15753554125632369
0.32424123860304654
0.1791773766980547
0.29980224519868903
0.5682532055701964
0.2316782196862961
0.6137074824909364
0.22683575844428427
0.2189865246774964
0.18165663809770763
0.30715972257201957
0.06971383917988348
0.5710077575593264
0.4685097137335323
0.47058683963537457
0.6947907480119091
0.22166523596180263
0.4828364633400954
0.05445199427932654
0.055281368356112644
0.027615387308633905
0.4932335265626841
0.15620628286022983
0.5054293703980777
0.33885009419135614
0.18429458630201337
0.3989267603601994
0.0898062282823712
0.20610768318258665
0.07042967095460187
0.10607577340080183
0.11852730985395943
0.24514553860354196
0.17641029880266504
0.09433225573750995
0.0073892279790042596
0.1274768548237987
0.2470037677178081
0.1024720389211016
0.3092733412229476
0.20655193745030437
0.18714983409977987
0.48164778257873214
0.06522276522263094
0.38828954469519145
0.049679496719342
0.0480111619580408
0.029607262285100258
0.45568428503933933
0.14437213690192202
0.5050657448767478
0.4003770917971834
0.23139803594169794
0.46499410655580803
0.05432376722948757
0.1795083456059257
0.12951639932581677
0.26205907348744195
0.06422033266007547
0.47049965519574316
0.0573571856639005
0.2701158506623159
0.15076749594832267
0.10280306973194975
0.19092122700061115
0.25122328775190406
0.06852433710074743
0.04405553754477746
0.0974619955113739
0.25871034826934963
0.09255352989863955
0.311110922600483
0.0990314275915281
0.05650826798243345
0.22523996480296682
0.2456886264540565
0.048543423849385745
0.33691634950147936
0.33869118403959325
0.2249438149191935
0.5605329363533388
0.10227438350557547
0.3500023630281331
0.0638478169917155
0.1460404552406738
0.0025759133683473157
0.5033195869286362
0.1918692642014456
0.45334795362076574
0.4114494331079039
0.13350026115165006
0.4055642330130155
0.10719983636139674
0.09188433409139223
0.09828481806832308
0.2851558601164635
0.015003198452071449
0.38110004085105426
0.009196036933832965
0.13048548809022242
0.12852763819164542
0.16534233413490285
0.21280505802331626
0.16534233413490285
0.12852763819164542
0.13048548809022242
0.009196036933832965
0.38110004085105426
0.015003198452071449
0.2851558601164635
0.09828481806832308
0.09188433409139223
0.10719983636139674
0.4055642330130155
0.13350026115165006
0.4114494331079039
0.45334795362076574
0.1918692642014456
0.5033195869286362
0.0025759133683473157
0.1460404552406738
0.0638478169917155
0.3500023630281331
0.10227438350557547
0.5605329363533388
0.2249438149191935
0.33869118403959325
0.33691634950147936
0.048543423849385745
0.2456886264540565
0.22523996480296682
0.05650826798243345
0.0990314275915281
0.311110922600483
0.09255352989863955
0.25871034826934963
0.0974619955113739
0.04405553754477746
0.06852433710074743
0.25122328775190406
0.19092122700061115
0.10280306973194975
0.15076749594832267
0.2701158506623159
0.0573571856639005
0.47049965519574316
0.06422033266007547
0.26205907348744195
0.12951639932581677
0.1795083456059257
0.05432376722948757
0.46499410655580803
0.23139803594169794
0.4003770917971834
0.5050657448767478
0.14437213690192202
0.45568428503933933
0.029607262285100258
0.0480111619580408
0.049679496719342
0.38828954469519145
0.06522276522263094
0.48164778257873214
0.18714983409977987
0.20655193745030437
0.3092733412229476
0.1024720389211016
0.2470037677178081
0.1274768548237987
0.0073892279790042596
0.09433225573750995
0.17641029880266504
0.24514553860354196
0.11852730985395943
0.10607577340080183
0.07042967095460187
0.20610768318258665
0.0898062282823712
0.3989267603601994
0.18429458630201337
0.33885009419135614
0.5054293703980777
0.15620628286022983
0.4932335265626841
0.027615387308633905
0.055281368356112644
0.05445199427932654
0.4828364633400954
0.22166523596180263
0.6947907480119091
0.47058683963537457
0.4685097137335323
0.5710077575593264
0.06971383917988348
0.30715972257201957
0.18165663809770763
0.2189865246774964
0.22683575844428427
0.6137074824909364
0.2316782196862961
0.5682532055701964
0.29980224519868903
0.1791773766980547
0.32424123860304654
0.15753554125632369
0.1583046406017246
0.16916419239145636
0.13736003084080065
0.026505239591279102
0.315979557911321
0.0990055048421539
0.23142463984470668
0.09570451574760663
0.03196045204134296
0.3594148918948606
0.004529589054308501
0.39909803011757244
0.1830995852432459
0.16344554117655455
0.33521286281655244
0.12587093638533267
0.16339096231757652
0.2538466618519315
0.28625505163299136
0.23874386991478552
0.6319291874444908
0.23686446373592168
0.5428349516378557
0.2794752658342329
0.08793951665429184
0.2081751715043961
0.3407222495859898
0.08992367906680336
0.4337441802045608
0.4518893704964681
0.24130942748344522
0.5443576759535513
0.039332359108023615
0.22817817966503268
0.011981887269953684
0.24060352174532326
0.0013923115637902766
0.4406732218398822
0.0695270242791012
0.21748882065541716
0.17575264281885625
0.1615000381530016
0.14677962660504162
0.30340001430298175
0.0591632188999216
0.10299273833714087
0.2351445989418367
0.1837911766612861
0.14390308368380048
0.25946706669644093
0.17392611043669962
0.10640252901165813
0.39428100328392673
0.04996488897048264
0.25412997184831854
0.04954842698589049
0.13871642101065998
0.0207805153286067
0.4021277941345284
0.017486727892202465
0.2907996935527513
0.16701024330262912
0.04109189692933929
0.23444526306358654
0.22329627022653073
0.08986067805543878
0.0837959767793683
0.13302294094833397
0.17901626865587897
0.17479749376800027
0.2453578370530642
0.021258972705485026
0.035076053888785125
0.20118506385366955
0.234457190383744
0.07909059017222408
0.3263404118946859
0.30380197200015185
0.23730748589949355
0.572173910264408
0.13085661445661675
0.4010258260354976
0.07555744531683739
0.1276634523947234
0.04583231792914774
0.5953473237103214
0.3282295596239971
0.6631099341700254
0.6176515734793746
0.37212144845273903
0.6004437346287115
0.02357305969161968
0.15484055025453075
0.17513996422893546
0.4445392255273576
0.2718540067729987
0.747125682476236
0.38938462976403504
0.5619567092586016
0.48451867506967045
0.13175499014777858
0.3796511981826393
0.14689083303068418
0.026704915334814762
0.13769190293018546
0.35471174699888375
0.052411544648933425
0.4773252894508249
0.14197043676728513
0.30472599973489933
0.37642891120435074
0.09448329476200099
0.48695140141384186
0.09030952473367147
0.2958192409985388
0.22170815539775188
0.07443664685485536
0.18241222039670374
0.3517831139491627
0.1850674885790169
0.4172112647955983
0.6481092909883167
0.38155805725237507
0.7860137056987984
0.36493340829975646
0.4252061679905547
0.29298319873466444
0.1753048774140134
0.0
0.5862801915009974
0.47842846507800496
0.6128661722794885
0.8162186347923406
0.4022459987510565
0.6840883617576969
0.1884261443687518
0.11968489481537575
0.024356732432872216
0.45501065627477144
0.18241222039670374
0.6249271687931142
0.427745391127256
0.3694208651991914
0.5231158648658191
0.030519028439846222
0.3090181697385334
0.08138359365024776
0.0960204884787805
0.009584203544110992
0.35665474244180273
0.05241154464893324
0.26680818340438583
0.08433477080556855
0.015395979214433546
0.2577684422934228
0.13924989583716282
0.25350208099675486
0.038803586826098836
0.06694211714452081
0.2882802091523716
0.0954108752831217
0.2718540067729984
0.08525309141677168
0.057916438509845604
0.0020223986300222717
0.391045850676269
0.03066531254525893
0.3983611263456045
0.1939904403961781
0.0848850461563822
0.26066545731028296
0.23692488546517382
0.045832317929148034
0.29856656618518407
0.3144374821355726
0.1329048818855002
0.4529341861817184
0.03575393146385151
0.16745359979188426
0.08834131628853814
0.32217818350815985
0.11160510378861835
0.5689590843433342
0.2011850638536692
0.3482224998132994
0.26062645831902326
0.12803172352658923
0.09469017796238183
0.45348088930349567
0.2974099706708459
0.43566158721046
0.6144647909600294
0.22003487464003132
0.5221680852431013
0.04109189692933906
0.026057455823463208
0.05629183323015321
0.487803999125838
0.19124993167035007
0.6221570175231619
0.39396445974546346
0.35327626326277173
0.49026890366476894
0.011000438369198102
0.2986279266671214
0.10640252901165813
0.10524997147273696
0.03505734975181597
0.41283578754035327
0.03623378644558321
0.4038711467407087
0.23741449000930584
0.189642065255465
0.4644436269108763
0.07298252242858827
0.4522260329448401
0.17575264281885647
0.16023928799669887
0.27882565559510464
0.1900506229749333
0.08233304126484624
0.3802158809511844
0.40598039571288863
0.4165030127892491
0.8134684079013569
0.4373764235631873
0.7621430134515588
0.4518893704964687
0.2518478358807521
0.2794358391861631
0.3498972403661042
0.1956591844689792
0.6766944967817033
0.7656560167135161
0.6664724681563258
1.0
0.49415357123741893
0.655050409094236
0.2862550516329919
0.048633230379434504
0.002101338107490424
0.6092169005128635
0.39140120491509967
0.7069842853671415
0.726638329433833
0.4552863722161196
0.7305582478438876
0.19392259146979363
0.3344403442727089
0.0957045157476061
0.18488189933474367
0.03877011136491789
0.4471559783527573
0.15014275610974911
0.3488207200384827
0.41959078773595515
0.1457886535663077
0.5330839486957702
0.13472907848368676
0.3610737210218634
0.2998022451986885
0.04741961960208294
0.33865947207666025
0.16042856630239685
0.03851092532006789
0.19897575830534592
0.43916276459880005
0.22621899287096364
0.700437683994699
0.3617091262433229
0.5257592463922506
0.4705868396353744
0.08106467691406741
0.29546234013825595
0.2850071778737627
0.19435328987606007
0.3956885967025594
0.6666311329911793
0.3456761363469812
0.7129451540843836
0.2810196534534527
0.2701739552273935
0.18429458630201337
0.2939821695908488
0.050841777681086664
0.5382911923305008
0.3741575072314831
0.3613238121356053
0.5244102229978092
0.034267676139363594
0.29390697243097047
0.14017560458508813
0.18567847114708808
0.12747685482379845
0.5096095805888797
0.09921064333460222
0.3950521277925205
0.14531367298078735
0.02276280437726793
0.15084937538064258
0.33471043695301306
0.014899984115538067
0.28904698233288023
0.26513528396647346
0.0296072622850999
0.34773198968773894
0.11185762328552776
0.14345285052609785
0.008233803508493355
0.16154414983408863
0.14293373517245153
0.2677538044956141
0.08861259854407165
0.10936363749291841
0.1641709450924655
0.06422033266007575
0.3617725539797521
0.010206916649813618
0.3081090373513272
0.27289363713487386
0.07656339183908425
0.3788571950828413
0.11624950323274527
0.0883386117838056
0.1890008651940036
0.43233032143275535
0.25871034826934997
0.7499830278607182
0.4122153432121464
0.594046019705609
0.5022233562260052
0.10349287395399052
0.2732124675657457
0.3561158514747212
0.2948154549522311
0.5607178577753472
0.846463745322463
0.560532936353339
0.9362544153982032
0.4823885962513072
0.46459430520539535
0.31177204961392474
0.2119589616081851
0.04688721395464056
0.6246756043335933
0.5269495778214184
0.617486668837408
0.8328640767996197
0.4055642330130155
0.6995939338625373
0.2525950902375369
0.1992415519118994
0.17452728650310154
0.28752710605325044
0.0026676660966876804
0.4420891895587512
0.3181454923791561
0.31397290453498583
0.596242734780108
