-0.018500136079517376
0.018861778682646352
0.013266172133839535
0.025667569394278167
0.05227252057977457
0.03327104120314556
0.3003292442823585
0.08295969909467507
0.056735637361434374
0.14907572546828343
0.3238072832154981
0.2919981752987291
0.18580521608425343
0.6668921499799062
0.3768768632609235
0.006708557655478044
0.11718359352856175
0.18012695515355318
0.07945147946271595
0.14217208709487356
0.5085525857444065
0.016834844367124475
0.42649507235382256
0.23336998698011224
0.21713503193189665
0.32600266567788017
0.26981486503851027
0.00501456279761017
0.07081863809989683
0.2830680200418813
0.02412527996329014
0.2656752473443429
0.21908500780829232
0.19591638746121823
1.0
0.564004862967702
0.46744659176613657
0.3767507832155772
0.02881176678975861
0.20887644658547516
7.419317523150211E-4
0.47930038654643753
0.07883679108898763
0.10158569309521254
0.2547811411929693
0.016616089934114456
0.019229194124040404
0.04258796743931895
0.4413575707524521
0.16881772961930536
0.18216685134106728
0.17243623043340717
0.04812527181756804
0.04413720207766447
0.05531467293408159
0.10619931199766494
0.00266788694276297
0.2547942120301865
0.020239634274930956
0.04591930384420634
0.15059795670945073
0.007601736924602533
0.06369581356439766
0.16467747867698992
0.017795887233980016
0.020522078285693093
0.07186163206819755
0.016180043564845925
0.012022487866528096
0.06937959364564578
0.07478483036033336
0.00790472275487928
0.03841378419922616
0.06202453172490025
0.03429026796619834
0.08283749997424071
0.10222747945702665
0.0465082684318888
0.020851849238323707
0.05715590697212888
0.022791301084320266
0.016169673646683324
0.10478507975229759
0.02050639889984711
0.027799607656060196
0.03942730889591975
0.0102101633926442
0.0035720012859413444
0.054602758954755554
0.00946827523798631
0.03880827298147678
0.03612604427705406
0.010834177751957455
0.0019300188363923884
0.054437700114856845
0.014665019701160617
0.035695220374531204
0.013956101292705973
0.0019824416381848033
0.047407383578251035
0.049282388657677256
0.07699412940754025
0.053303075458167766
0.013540354732390339
0.05533094040081411
0.07977505006055038
0.017484128028275175
0.1003094849013179
0.035003603050883576
0.031095051814861933
0.023052226686707884
0.010624042433144973
0.008555697594098029
0.08164146399609713
0.013223733252686777
0.05409115158723284
0.03127132853600229
0.0037559867853386927
0.001316580908826191
0.09563140190213915
0.01471712709706017
0.0258692277068639
0.008721683344860216
0.0036913527574426058
0.02881929293881684
0.022023005283493605
0.008610820471255819
0.0026925740084593167
0.026475942181516006
0.0034542946203525667
0.014686163061329102
8.185044438586973E-4
0.014898610636872825
0.0012178179345495197
0.022487754435753574
0.02346652579141602
0.01905656560960802
0.008805303454591585
0.013678693873241247
0.008161609904145972
0.0030689579227940094
0.005500008291937131
0.015755294096087575
0.012478627892564645
3.176186715335088E-4
0.004097138721633411
0.005827631356494408
0.005389964998582593
0.0045576615671988575
0.004773319137857328
0.008827351699128955
0.003986386836553729
0.007327060987267987
0.004303537309602083
0.0018274200509580771
0.003715458393006969
0.00850019020835355
2.0562660726000878E-4
0.0010582161976114832
9.818337605212249E-4
4.7989535351514797E-4
0.009551912000845215
0.013383805737079011
0.005214125473595407
0.004401004692592037
0.007133300761337559
5.900581020279823E-4
0.009904023559282773
0.004192002943812461
4.323287177260302E-4
0.003648007295128339
4.85186964403753E-4
0.0010225979760376568
0.0027589015453610786
0.001558705911499619
0.0011542417881471071
0.0032709272349419785
8.045615512220514E-4
0.0012018498666502518
0.00133410972247346
7.551419653260467E-4
0.006543994813647582
6.923785352816584E-4
4.598232042972177E-4
0.002915649195757754
9.869140457080758E-4
0.005434624294816492
0.002770512267698194
0.0061007580993286
0.0010505255243948687
0.0012278838133552585
4.5031230276646914E-4
0.0011530867109302107
0.001955954916386485
0.0013666250436054498
0.002402377261681783
3.4458782769462046E-4
5.539045897325767E-6
0.0021049495128650443
0.001864594117450036
0.0027560304368004344
0.001852384848204284
0.0012689308522756152
0.0010344495029641877
0.0016483205035591898
0.002142250112862972
0.0014496468589830292
0.001640140087611011
0.001587050335030674
0.001219308754905316
0.0010553881446253887
9.853702049940323E-4
0.0010272872188552661
5.749559716864589E-4
0.0012002715843910771
6.856598098339494E-4
0.0024287487030469194
4.6780711029051434E-4
0.002044685354664237
7.376195824915567E-4
0.0015641630816641313
0.0029161584428892637
7.694234693976735E-4
9.257293305320792E-4
0.0023566833962761153
0.00121667374477736
0.0030026162408331486
9.821371189305524E-4
4.1328426296982104E-5
0.0013786482907954542
0.0012425751962659066
0.0019138071806397284
9.85532712387023E-4
0.0019815603062071085
8.65082696102891E-4
0.0012161918043062556
4.5739730158637584E-4
0.0017280928610182678
0.0010550063659106367
5.676061598657929E-4
0.0024584361856693515
0.0014496203931158023
0.003347306583983106
0.004019058278204533
0.0038629293341838566
0.0010051438158123099
0.002583707541434367
0.001569611112842373
0.005192564986444754
7.294041146797426E-4
0.001985490878546317
0.0012443403222713346
0.0015557137319987652
3.743731645713856E-4
3.7933512387307555E-4
0.003276859179561623
7.552637033123481E-4
8.541119706462325E-5
0.0017821850424226662
0.0040161637347439876
0.0026018505542678614
0.0013383437810812373
0.003576562396797531
9.323031164413943E-4
0.002811704109477774
0.0029499855447667426
6.960575138924762E-4
9.379467856046884E-4
0.001967771641119361
3.8583877225204964E-4
1.9826171455237536E-4
0.0010902674676826656
0.0030534689296738905
0.0029917484396953914
0.0028015706797186167
6.138823777763977E-4
3.859633927082076E-5
0.001336647896831788
1.4506797933239176E-4
0.0025627825556828678
9.500604664507247E-4
0.002509584008167994
0.002885977687069879
0.0019839237679911267
4.293847679635727E-4
0.003440367587394147
9.141024918958396E-4
0.0030764640516888512
2.1533559571800277E-4
3.398561273401159E-4
0.0016222059857523862
0.0017320740725324352
0.0022005424964927833
0.001939018055482818
0.002440701185412434
0.004921476341830606
0.0025367808726525025
0.0012197837083575166
4.036532372473265E-5
0.002032084273195772
0.0014946662624418633
8.857594857415214E-4
0.002550379234028646
0.001245952550550745
0.0021352427368885336
0.0018297781756296822
1.8496679572746304E-4
7.138206276473823E-5
6.180002354149123E-4
9.470927745361149E-4
4.105024715930584E-4
0.00211394193404945
1.4474987892923683E-4
0.0030097318245736293
3.8473034092734594E-4
3.374457841449249E-4
0.001017721317446007
0.002407870333557419
0.0014050001467767889
5.296034803284995E-4
0.0012979582529521218
0.0031180154476101885
0.0017343377039212536
6.145358535317814E-5
0.0036869368564870324
3.772288738652878E-4
0.0012728860474761961
1.8250903213570267E-5
0.0014456739224653703
0.0013216323529561594
0.00322216753560933
0.0010136146954359342
0.0032365099299412206
4.277308370302981E-4
7.215087613891516E-4
0.0020749569950871535
3.6122881008789526E-4
7.11964169160228E-5
0.0018423859436335268
1.1373785468160672E-5
0.0013954786319933493
0.0023528134479349158
5.566580902737082E-4
3.2061958924271074E-4
9.681559947150285E-4
0.0013858194499526647
0.004318025332402653
6.837208769209684E-4
8.496698737803029E-4
2.529840910938074E-4
2.569570575220476E-4
5.126441430919055E-4
0.002645519599319082
0.002621824458720551
1.4376131000144225E-4
0.0011723803491903244
0.002050791798586087
0.0010717472308343992
0.001169518923744442
0.0014295027752018825
5.436596175693374E-4
0.0026972240277282466
2.9381571922752905E-4
0.0016682960080521884
0.001497914820555521
6.089890598280248E-4
0.0024436168373886467
0.002024469823171141
0.0011125123323435366
5.582685848975047E-4
0.0027460005356595117
0.0017528500463275102
9.860815574284513E-4
4.0181774303220527E-4
0.0030566180039361098
0.0023779864737364935
9.468966875250403E-4
6.156370451510246E-4
0.0020235353500957028
0.0019871513947571
3.475665263932369E-5
1.0079897747782064E-4
5.053964613874518E-4
8.713472068838572E-4
9.868776287100564E-5
1.0091061327458747E-4
5.112705670308622E-4
1.971902477136697E-4
0.0031633680575846434
7.550827085171393E-4
4.280740308275336E-5
0.0024306215098704592
0.001163424396491556
0.0024958162632723385
0.0038078752762154694
0.0014681651525793216
0.0010692249110732688
3.730688155010562E-4
0.002791004135148729
7.47265073166787E-4
0.0023532741395639683
3.741439543309589E-4
0.0014272855626553018
6.902016701668052E-4
0.002548962153853396
0.0019541401562992804
0.002063257822631729
0.001789880842343117
0.0015724223747509895
0.0014614498949189793
0.002748973592285635
0.0016915305311058836
2.7590213902805937E-4
0.0012175229368028184
0.0022974463012441462
0.002853740894492819
0.003300114205362951
0.0030133270988057853
0.002525427044915973
0.0011407809230478336
0.0024773027064082416
0.0027022499853433892
0.002555995034383952
0.0036877064722436025
8.061830124717537E-4
9.020313740338679E-4
0.0023377859314116043
8.361211255365925E-4
6.334035895007403E-4
0.0014512821665517404
0.0011799303473902603
0.0018142706168466543
0.0014252611955491384
0.0018929117828899043
0.0021663087718613114
0.0028688502454419225
0.0021213898777617413
3.187507550988585E-4
0.003093219706948439
0.0020995387460190774
5.018688952833864E-4
0.0024511012984144505
0.0017383356356765643
0.0012084156232894955
5.450079125951213E-4
0.0045765686364511934
0.0011230802853669773
0.0024476661998690417
0.0025144630817840056
0.0012917437537955559
8.579253775373932E-5
0.0020269692384469605
0.0013588198819420858
0.001886802726312286
9.021703941648096E-4
0.0022948054889636482
0.0013874388463364236
0.0012389807652771862
0.001752074831796532
0.0029154355641371876
0.0020692440158559555
0.0026591026703575355
0.0024985815969463124
0.0026591026703575355
0.0020692440158559555
0.0029154355641371876
0.001752074831796532
0.0012389807652771862
0.0013874388463364236
0.0022948054889636482
9.021703941648096E-4
0.001886802726312286
0.0013588198819420858
0.0020269692384469605
8.579253775373932E-5
0.0012917437537955559
0.0025144630817840056
0.0024476661998690417
0.0011230802853669773
0.0045765686364511934
5.450079125951213E-4
0.0012084156232894955
0.0017383356356765643
0.0024511012984144505
5.018688952833864E-4
0.0020995387460190774
0.003093219706948439
3.187507550988585E-4
0.0021213898777617413
0.0028688502454419225
0.0021663087718613114
0.0018929117828899043
0.0014252611955491384
0.0018142706168466543
0.0011799303473902603
0.0014512821665517404
6.334035895007403E-4
8.361211255365925E-4
0.0023377859314116043
9.020313740338679E-4
8.061830124717537E-4
0.0036877064722436025
0.002555995034383952
0.0027022499853433892
0.0024773027064082416
0.0011407809230478336
0.002525427044915973
0.0030133270988057853
0.003300114205362951
0.002853740894492819
0.0022974463012441462
0.0012175229368028184
2.7590213902805937E-4
0.0016915305311058836
0.002748973592285635
0.0014614498949189793
0.0015724223747509895
0.001789880842343117
0.002063257822631729
0.0019541401562992804
0.002548962153853396
6.902016701668052E-4
0.0014272855626553018
3.741439543309589E-4
0.0023532741395639683
7.47265073166787E-4
0.002791004135148729
3.730688155010562E-4
0.0010692249110732688
0.0014681651525793216
0.0038078752762154694
0.0024958162632723385
0.001163424396491556
0.0024306215098704592
4.280740308275336E-5
7.550827085171393E-4
0.0031633680575846434
1.971902477136697E-4
5.112705670308622E-4
1.0091061327458747E-4
9.868776287100564E-5
8.713472068838572E-4
5.053964613874518E-4
1.0079897747782064E-4
3.475665263932369E-5
0.0019871513947571
0.0020235353500957028
6.156370451510246E-4
9.468966875250403E-4
0.0023779864737364935
0.0030566180039361098
4.0181774303220527E-4
9.860815574284513E-4
0.0017528500463275102
0.0027460005356595117
5.582685848975047E-4
0.0011125123323435366
0.002024469823171141
0.0024436168373886467
6.089890598280248E-4
0.001497914820555521
0.0016682960080521884
2.9381571922752905E-4
0.0026972240277282466
5.436596175693374E-4
0.0014295027752018825
0.001169518923744442
0.0010717472308343992
0.002050791798586087
0.0011723803491903244
1.4376131000144225E-4
0.002621824458720551
0.002645519599319082
5.126441430919055E-4
2.569570575220476E-4
2.529840910938074E-4
8.496698737803029E-4
6.837208769209684E-4
0.004318025332402653
0.0013858194499526647
9.681559947150285E-4
3.2061958924271074E-4
5.566580902737082E-4
0.0023528134479349158
0.0013954786319933493
1.1373785468160672E-5
0.0018423859436335268
7.11964169160228E-5
3.6122881008789526E-4
0.0020749569950871535
7.215087613891516E-4
4.277308370302981E-4
0.0032365099299412206
0.0010136146954359342
0.00322216753560933
0.0013216323529561594
0.0014456739224653703
1.8250903213570267E-5
0.0012728860474761961
3.772288738652878E-4
0.0036869368564870324
6.145358535317814E-5
0.0017343377039212536
0.0031180154476101885
0.0012979582529521218
5.296034803284995E-4
0.0014050001467767889
0.002407870333557419
0.001017721317446007
3.374457841449249E-4
3.8473034092734594E-4
0.0030097318245736293
1.4474987892923683E-4
0.00211394193404945
4.105024715930584E-4
9.470927745361149E-4
6.180002354149123E-4
7.138206276473823E-5
1.8496679572746304E-4
0.0018297781756296822
0.0021352427368885336
0.001245952550550745
0.002550379234028646
8.857594857415214E-4
0.0014946662624418633
0.002032084273195772
4.036532372473265E-5
0.0012197837083575166
0.0025367808726525025
0.004921476341830606
0.002440701185412434
0.001939018055482818
0.0022005424964927833
0.0017320740725324352
0.0016222059857523862
3.398561273401159E-4
2.1533559571800277E-4
0.0030764640516888512
9.141024918958396E-4
0.003440367587394147
4.293847679635727E-4
0.0019839237679911267
0.002885977687069879
0.002509584008167994
9.500604664507247E-4
0.0025627825556828678
1.4506797933239176E-4
0.001336647896831788
3.859633927082076E-5
6.138823777763977E-4
0.0028015706797186167
0.0029917484396953914
0.0030534689296738905
0.0010902674676826656
1.9826171455237536E-4
3.8583877225204964E-4
0.001967771641119361
9.379467856046884E-4
6.960575138924762E-4
0.0029499855447667426
0.002811704109477774
9.323031164413943E-4
0.003576562396797531
0.0013383437810812373
0.0026018505542678614
0.0040161637347439876
0.0017821850424226662
8.541119706462325E-5
7.552637033123481E-4
0.003276859179561623
3.7933512387307555E-4
3.743731645713856E-4
0.0015557137319987652
0.0012443403222713346
0.001985490878546317
7.294041146797426E-4
0.005192564986444754
0.001569611112842373
0.002583707541434367
0.0010051438158123099
0.0038629293341838566
0.004019058278204533
0.003347306583983106
0.0014496203931158023
0.0024584361856693515
5.676061598657929E-4
0.0010550063659106367
0.0017280928610182678
4.5739730158637584E-4
0.0012161918043062556
8.65082696102891E-4
0.0019815603062071085
9.85532712387023E-4
0.0019138071806397284
0.0012425751962659066
0.0013786482907954542
4.1328426296982104E-5
9.821371189305524E-4
0.0030026162408331486
0.00121667374477736
0.0023566833962761153
9.257293305320792E-4
7.694234693976735E-4
0.0029161584428892637
0.0015641630816641313
7.376195824915567E-4
0.002044685354664237
4.6780711029051434E-4
0.0024287487030469194
6.856598098339494E-4
0.0012002715843910771
5.749559716864589E-4
0.0010272872188552661
9.853702049940323E-4
0.0010553881446253887
0.001219308754905316
0.001587050335030674
0.001640140087611011
0.0014496468589830292
0.002142250112862972
0.0016483205035591898
0.0010344495029641877
0.0012689308522756152
0.001852384848204284
0.0027560304368004344
0.001864594117450036
0.0021049495128650443
5.539045897325767E-6
3.4458782769462046E-4
0.002402377261681783
0.0013666250436054498
0.001955954916386485
0.0011530867109302107
4.5031230276646914E-4
0.0012278838133552585
0.0010505255243948687
0.0061007580993286
0.002770512267698194
0.005434624294816492
9.869140457080758E-4
0.002915649195757754
4.598232042972177E-4
6.923785352816584E-4
0.006543994813647582
7.551419653260467E-4
0.00133410972247346
0.0012018498666502518
8.045615512220514E-4
0.0032709272349419785
0.0011542417881471071
0.001558705911499619
0.0027589015453610786
0.0010225979760376568
4.85186964403753E-4
0.003648007295128339
4.323287177260302E-4
0.004192002943812461
0.009904023559282773
5.900581020279823E-4
0.007133300761337559
0.004401004692592037
0.005214125473595407
0.013383805737079011
0.009551912000845215
4.7989535351514797E-4
9.818337605212249E-4
0.0010582161976114832
2.0562660726000878E-4
0.00850019020835355
0.003715458393006969
0.0018274200509580771
0.004303537309602083
0.007327060987267987
0.003986386836553729
0.008827351699128955
0.004773319137857328
0.0045576615671988575
0.005389964998582593
0.005827631356494408
0.004097138721633411
3.176186715335088E-4
0.012478627892564645
0.015755294096087575
0.005500008291937131
0.0030689579227940094
0.008161609904145972
0.013678693873241247
0.008805303454591585
0.01905656560960802
0.02346652579141602
0.022487754435753574
0.0012178179345495197
0.014898610636872825
8.185044438586973E-4
0.014686163061329102
0.0034542946203525667
0.026475942181516006
0.0026925740084593167
0.008610820471255819
0.022023005283493605
0.02881929293881684
0.0036913527574426058
0.008721683344860216
0.0258692277068639
0.01471712709706017
0.09563140190213915
0.001316580908826191
0.0037559867853386927
0.03127132853600229
0.05409115158723284
0.013223733252686777
0.08164146399609713
0.008555697594098029
0.010624042433144973
0.023052226686707884
0.031095051814861933
0.035003603050883576
0.1003094849013179
0.017484128028275175
0.07977505006055038
0.05533094040081411
0.013540354732390339
0.053303075458167766
0.07699412940754025
0.049282388657677256
0.047407383578251035
0.0019824416381848033
0.013956101292705973
0.035695220374531204
0.014665019701160617
0.054437700114856845
0.0019300188363923884
0.010834177751957455
0.03612604427705406
0.03880827298147678
0.00946827523798631
0.054602758954755554
0.0035720012859413444
0.0102101633926442
0.03942730889591975
0.027799607656060196
0.02050639889984711
0.10478507975229759
0.016169673646683324
0.022791301084320266
0.05715590697212888
0.020851849238323707
0.0465082684318888
0.10222747945702665
0.08283749997424071
0.03429026796619834
0.06202453172490025
0.03841378419922616
0.00790472275487928
0.07478483036033336
0.06937959364564578
0.012022487866528096
0.016180043564845925
0.07186163206819755
0.020522078285693093
0.017795887233980016
0.16467747867698992
0.06369581356439766
0.007601736924602533
0.15059795670945073
0.04591930384420634
0.020239634274930956
0.2547942120301865
0.00266788694276297
0.10619931199766494
0.05531467293408159
0.04413720207766447
0.04812527181756804
0.17243623043340717
0.18216685134106728
0.16881772961930536
0.4413575707524521
0.04258796743931895
0.019229194124040404
0.016616089934114456
0.2547811411929693
0.10158569309521254
0.07883679108898763
0.47930038654643753
7.419317523150211E-4
0.20887644658547516
0.02881176678975861
0.3767507832155772
0.46744659176613657
0.564004862967702
1.0
0.19591638746121823
0.21908500780829232
0.2656752473443429
0.02412527996329014
0.2830680200418813
0.07081863809989683
0.00501456279761017
0.26981486503851027
0.32600266567788017
0.21713503193189665
0.23336998698011224
0.42649507235382256
0.016834844367124475
0.5085525857444065
0.14217208709487356
0.07945147946271595
0.18012695515355318
0.11718359352856175
0.006708557655478044
0.3768768632609235
0.6668921499799062
0.18580521608425343
0.2919981752987291
0.3238072832154981
0.14907572546828343
0.056735637361434374
0.08295969909467507
0.3003292442823585
0.03327104120314556
0.05227252057977457
0.025667569394278167
0.013266172133839535
0.018861778682646352
