-0.027617797372165697
0.027911273717634664
0.03282606427568352
0.0361718490895524
0.010625779431093722
0.07443524047404938
0.038824168508600806
0.09389218087845319
0.22777454532139174
0.32088825269630894
0.07017554557620044
0.022626470129484627
0.12307187758786205
0.1790243270667814
0.015359285388607305
0.045050085492328196
0.4562808330105917
0.061407019083972246
0.13530243419142107
0.2732095980983131
0.03533826063565974
0.055332494887048646
0.5772648484764892
0.2373766073381432
0.006467605538998178
1.0
0.4139856150319498
0.06915231653073049
0.36882661337800243
0.10196674353784352
0.4358100824864417
0.31995795089540885
0.08229219843646605
0.04801389315831091
0.2959799377532737
0.3260946274342999
0.34668572798610303
0.11903817659937957
0.20113180591754481
0.1669373716526027
0.15831616440343219
0.05947404840299952
0.16501399098094452
0.058293391717265504
0.16329001874734164
0.09638056291509171
0.024789428361739398
0.09199748189098286
0.12106241352126808
0.03864702330767842
0.1440028114965301
0.3536429932105062
0.24311902223997395
0.06112175663569356
0.14450676587834207
0.01766083559724838
0.1359495000715188
0.2933137087729969
0.09155654162595375
0.008156544369964191
0.3148537090397662
0.08623715099528437
0.10431710006750394
0.050932528346973996
0.2982657641097019
0.0893574279044017
0.029040035841037332
0.1967919473913513
0.03037536043491067
0.03418961471122287
0.037784994367743664
0.026662884269933414
0.05355989314745797
0.20858293740010156
0.03881442686723624
0.03252293149991791
0.009230415438440094
0.0682038647091062
0.05076558635029622
0.08095024332475075
0.03499923132649519
0.02987266647066798
0.025410686958904125
0.0635775326912866
0.06962049143570141
0.043634157041525116
0.021893642994498228
0.10879122529761676
0.026083469886759816
0.24906183994173733
0.14266358451111386
0.2287725611550325
0.05899320065747534
0.10319628264831462
0.18727205056305032
0.02744926254026717
0.004216076519248776
0.018935752802952066
0.005770021507709578
0.13810622375706819
0.013348269869850556
0.10863787106894758
0.09297846259561926
0.09320794083934403
0.28545114155679036
0.1462190889384794
0.2179761926895487
0.03295075249312382
0.0867059946720105
0.03159027775289488
0.021054821220189698
0.1053156363686713
0.11843726076494647
0.08103173515915595
0.04952116761909431
0.03868809685242084
0.1931310448223878
0.14909568518029886
0.06273768513473942
0.23500806174177927
0.22090433728404107
0.037562965509247634
0.07212498736113963
0.1507713299804336
0.07503961367983195
0.025683448762195804
0.051017795815588976
0.1885307468970887
0.03469968094472911
0.08930736009020096
0.11214962132637654
0.059335562010492955
0.04907936327364486
0.0273665091563494
0.02043838444325488
0.039111563662596494
0.015227430932704284
0.014055490385391525
0.03684827443599158
0.02433506156896464
0.02719320708926741
0.02714444304876027
0.0186581985743691
0.005599312580683067
0.029556970651215334
0.005856773654268922
0.00899463904664075
4.948813147648198E-4
0.0026721953457152178
0.0027965621148586675
6.057164928352071E-4
0.0017552717894095836
0.0042897152644849985
0.001268695742288731
0.0020671038885207217
1.510512687439849E-4
0.0043721884604052946
0.004570981214302119
0.003248464868933419
0.0029777357868168318
0.005309589528382438
1.2157619151640616E-4
0.003748983513138507
0.0024506192692875183
0.0018793901325083928
0.006247746656932444
7.608453967349175E-4
0.002993286506459979
0.005786511943404769
4.779210233020137E-6
0.0021595310307931078
0.004768210750540896
0.0012592971742208467
0.004412518329537305
9.920174929168375E-4
0.002789343767642565
0.0024611914053712077
8.159835550505153E-4
0.002139466750439182
0.0038654474032821214
5.30852661806001E-4
0.002360883927169732
0.0017451685325501367
0.005812786375287032
0.004735138127916028
6.56161776444092E-4
0.006267600935383476
0.003328509889036167
0.005198623531781476
0.002779360202065263
0.009054309559796163
0.0022814759452068818
0.0011729061377223216
3.2848243734285925E-4
0.007183376118479895
0.0016109708140727018
0.004372542377865789
0.00155551549827226
0.0013225416500891667
0.0013258393901522353
5.5341198607418994E-5
1.274879732072927E-5
7.018844853847846E-4
0.001984310232023018
0.002270174622095313
0.0012911405214483737
0.00303982595382027
0.0019315571594154183
0.005684462226667282
0.0024959828725036313
0.001262665062521192
0.004844192137231332
0.002056701185953276
0.0015849898397754527
0.0012766834435817692
0.002242116911308202
8.755523441605661E-4
0.002538800673356125
0.004017181437957388
0.001895160028702111
0.0014640842738512904
3.5412940427094773E-4
0.0026663725388105432
0.002095907924669221
7.424492383307594E-4
0.0012165254891501902
0.003403292165362147
0.002859195101370306
0.0010487248155236452
4.6649257460454135E-4
0.0012037175382579354
9.751250312319957E-4
0.002369517743000814
0.0013453499265309342
0.001484243911118314
0.0013749201809718065
0.002754788835605364
0.001290754563933556
0.0027167176889928532
7.612127732995728E-5
0.003301229548920429
0.004675230524147216
0.0015848881175321437
9.72316022914415E-4
1.6114453984531637E-4
0.0010640549774118527
0.00270160885089769
0.0034077091083902955
0.0020264934676104307
3.3978849568454505E-4
0.0019603569116123888
3.315774250186402E-4
4.5822737343047634E-4
0.0018401413387324212
0.0046426190673018826
0.0027326940156036416
1.663773422531605E-4
0.0016266662759662773
0.0013474454373705598
0.0011983033709121668
0.0014366817220389041
0.002033614396397266
0.002599900354814497
0.002999350667675475
0.0017198649005046491
0.0020100120572288513
0.001124931309382424
0.004031616002408604
0.0012202115066418302
1.292837251064186E-4
0.002248373605161081
0.0015161910541575375
0.0026515472187015466
0.0012424547797091564
0.002559806080374891
0.0012730397211716995
7.250736834680213E-4
0.001818910691540323
0.0033770904887470044
6.187378777495358E-4
0.0013647869020763867
0.002513499097373861
0.0021272948309773625
0.0016567556823516721
0.0024625338232739232
0.00262395548897547
0.0025962427676713288
0.0022155843596727695
0.0023229590824196487
0.003565913407536886
0.0018106213391456104
0.002209105459038216
2.4091352834245671E-4
6.875863810966961E-4
0.0015321756454852635
0.0020163548890727865
0.002245984970823347
0.002185543458783447
0.0012758319511045762
0.001417840396164077
0.0010656936583939042
0.0014736269242959022
0.0022060454095071294
0.0017059976013925413
0.003098845237529481
0.002290142417113388
0.001130359324434926
0.0018662025291115636
0.0018817495437410863
0.0018172231497482903
0.00171156205117988
0.0011674107193782976
0.0019006674158133935
5.425299216114784E-4
0.0031390439449513014
9.467258415439983E-4
0.0016689521316082083
4.814439670450138E-4
0.0011393774218216857
5.478843213757518E-6
3.4956222457993536E-4
0.001175095746820257
0.0020381182518747197
6.475982508745399E-4
0.001025547781996173
7.190110044019115E-4
0.0029552533971519703
0.001755439048507825
0.0024680333297635738
8.194822410258056E-4
0.002059774931731741
0.00127574280205195
9.329108041549903E-4
4.6843009043020113E-4
9.289920272699485E-4
0.0019448692087008202
8.075861450445336E-4
0.001092882568795131
0.0013443919170867305
0.0015131196614393805
0.002654611960757502
0.002016586278129815
0.0014966477888051196
9.41269514680873E-4
0.0010752978592005985
9.715293076212376E-4
9.689623404271925E-4
0.0024223368952895883
0.0010415390949494892
0.002276607479031912
0.0015510167789555044
0.0021033044207114755
0.0011943712639385026
0.0026014326271427968
0.0012426197786942752
0.002187538868390318
0.0016667398496093013
0.001188040756107557
0.001045259373464252
0.002814424959672183
0.001086581393091235
0.0015754607976882712
0.0017188950275587496
0.0020553831376178932
0.002329554336076045
0.001439237863292381
6.21073430264251E-4
0.0017694377944030496
0.0020763124919412888
0.0015601343926131197
0.0013037952921530077
0.0022761394159809506
0.0018526125656676783
0.0014423461347793766
3.74382453843203E-4
0.0017849526767864854
0.0018808875252631946
0.0021985940195965573
0.0019566280539392747
0.0016812934221597186
0.001887730963185788
0.0026063006303606523
0.0021256619753910458
9.742842433519331E-4
0.001962042871435261
0.00168583158688395
0.0015321361540022796
8.795864337345883E-4
0.002732099547044038
0.0011483297445795463
0.0015509637516963365
0.0022069916857102947
0.002155553408604274
0.0024096418609229385
0.0015417593409233973
0.0019660573553845627
0.0023828636681338376
0.0014635391953083143
0.0011750726883871482
0.002238338402645557
0.002240667750397527
0.0015327452934320602
0.0023043277714914377
0.002087175684176627
0.0019732373557378277
0.0010281510546696008
0.0013437803143570575
6.336957676335016E-4
0.0014174070106444051
1.558692283993499E-4
0.0011697721794885242
0.0017095671621137017
0.0031026330826458863
0.00180381571630028
0.0015578039105083451
0.0026277747619012667
0.002361119941065368
0.0015540624365727937
0.0012891109591807225
7.169385915709509E-4
0.0022635328439949815
9.053560256492511E-4
0.002469365395988287
3.8410619542138697E-4
0.0020029423276678865
0.0014194790347673634
0.0021449603708027466
5.439681048538057E-4
4.671404992440854E-4
0.0014708895301884862
0.003128659467188061
0.0025751866957439856
0.0028250589517828913
9.629026895646757E-4
0.0028810296552158874
0.0014529791239421786
0.0019909813447162045
0.0011347590183982577
0.0010548380025309089
4.8315625762430063E-4
0.0018438731989540965
0.0016585393712620293
0.0010279854601083214
0.0015887524754648159
0.0027489065061973967
0.0015564935061412467
0.0011776987987090334
0.0029322254929376626
0.001644421783788593
0.0020799252045830604
5.420144203407559E-4
2.4388051012000952E-4
0.0017854211577121976
0.0026403160797083465
4.899709802005334E-4
0.0012733340457627108
0.001220802634362558
0.0026650714277829056
0.0026496449050868536
9.333399636741039E-4
0.0014258184034332275
8.376486986435208E-5
7.011229563403605E-4
8.376486986435208E-5
0.0014258184034332275
9.333399636741039E-4
0.0026496449050868536
0.0026650714277829056
0.001220802634362558
0.0012733340457627108
4.899709802005334E-4
0.0026403160797083465
0.0017854211577121976
2.4388051012000952E-4
5.420144203407559E-4
0.0020799252045830604
0.001644421783788593
0.0029322254929376626
0.0011776987987090334
0.0015564935061412467
0.0027489065061973967
0.0015887524754648159
0.0010279854601083214
0.0016585393712620293
0.0018438731989540965
4.8315625762430063E-4
0.0010548380025309089
0.0011347590183982577
0.0019909813447162045
0.0014529791239421786
0.0028810296552158874
9.629026895646757E-4
0.0028250589517828913
0.0025751866957439856
0.003128659467188061
0.0014708895301884862
4.671404992440854E-4
5.439681048538057E-4
0.0021449603708027466
0.0014194790347673634
0.0020029423276678865
3.8410619542138697E-4
0.002469365395988287
9.053560256492511E-4
0.0022635328439949815
7.169385915709509E-4
0.0012891109591807225
0.0015540624365727937
0.002361119941065368
0.0026277747619012667
0.0015578039105083451
0.00180381571630028
0.0031026330826458863
0.0017095671621137017
0.0011697721794885242
1.558692283993499E-4
0.0014174070106444051
6.336957676335016E-4
0.0013437803143570575
0.0010281510546696008
0.0019732373557378277
0.002087175684176627
0.0023043277714914377
0.0015327452934320602
0.002240667750397527
0.002238338402645557
0.0011750726883871482
0.0014635391953083143
0.0023828636681338376
0.0019660573553845627
0.0015417593409233973
0.0024096418609229385
0.002155553408604274
0.0022069916857102947
0.0015509637516963365
0.0011483297445795463
0.002732099547044038
8.795864337345883E-4
0.0015321361540022796
0.00168583158688395
0.001962042871435261
9.742842433519331E-4
0.0021256619753910458
0.0026063006303606523
0.001887730963185788
0.0016812934221597186
0.0019566280539392747
0.0021985940195965573
0.0018808875252631946
0.0017849526767864854
3.74382453843203E-4
0.0014423461347793766
0.0018526125656676783
0.0022761394159809506
0.0013037952921530077
0.0015601343926131197
0.0020763124919412888
0.0017694377944030496
6.21073430264251E-4
0.001439237863292381
0.002329554336076045
0.0020553831376178932
0.0017188950275587496
0.0015754607976882712
0.001086581393091235
0.002814424959672183
0.001045259373464252
0.001188040756107557
0.0016667398496093013
0.002187538868390318
0.0012426197786942752
0.0026014326271427968
0.0011943712639385026
0.0021033044207114755
0.0015510167789555044
0.002276607479031912
0.0010415390949494892
0.0024223368952895883
9.689623404271925E-4
9.715293076212376E-4
0.0010752978592005985
9.41269514680873E-4
0.0014966477888051196
0.002016586278129815
0.002654611960757502
0.0015131196614393805
0.0013443919170867305
0.001092882568795131
8.075861450445336E-4
0.0019448692087008202
9.289920272699485E-4
4.6843009043020113E-4
9.329108041549903E-4
0.00127574280205195
0.002059774931731741
8.194822410258056E-4
0.0024680333297635738
0.001755439048507825
0.0029552533971519703
7.190110044019115E-4
0.001025547781996173
6.475982508745399E-4
0.0020381182518747197
0.001175095746820257
3.4956222457993536E-4
5.478843213757518E-6
0.0011393774218216857
4.814439670450138E-4
0.0016689521316082083
9.467258415439983E-4
0.0031390439449513014
5.425299216114784E-4
0.0019006674158133935
0.0011674107193782976
0.00171156205117988
0.0018172231497482903
0.0018817495437410863
0.0018662025291115636
0.001130359324434926
0.002290142417113388
0.003098845237529481
0.0017059976013925413
0.0022060454095071294
0.0014736269242959022
0.0010656936583939042
0.001417840396164077
0.0012758319511045762
0.002185543458783447
0.002245984970823347
0.0020163548890727865
0.0015321756454852635
6.875863810966961E-4
2.4091352834245671E-4
0.002209105459038216
0.0018106213391456104
0.003565913407536886
0.0023229590824196487
0.0022155843596727695
0.0025962427676713288
0.00262395548897547
0.0024625338232739232
0.0016567556823516721
0.0021272948309773625
0.002513499097373861
0.0013647869020763867
6.187378777495358E-4
0.0033770904887470044
0.001818910691540323
7.250736834680213E-4
0.0012730397211716995
0.002559806080374891
0.0012424547797091564
0.0026515472187015466
0.0015161910541575375
0.002248373605161081
1.292837251064186E-4
0.0012202115066418302
0.004031616002408604
0.001124931309382424
0.0020100120572288513
0.0017198649005046491
0.002999350667675475
0.002599900354814497
0.002033614396397266
0.0014366817220389041
0.0011983033709121668
0.0013474454373705598
0.0016266662759662773
1.663773422531605E-4
0.0027326940156036416
0.0046426190673018826
0.0018401413387324212
4.5822737343047634E-4
3.315774250186402E-4
0.0019603569116123888
3.3978849568454505E-4
0.0020264934676104307
0.0034077091083902955
0.00270160885089769
0.0010640549774118527
1.6114453984531637E-4
9.72316022914415E-4
0.0015848881175321437
0.004675230524147216
0.003301229548920429
7.612127732995728E-5
0.0027167176889928532
0.001290754563933556
0.002754788835605364
0.0013749201809718065
0.001484243911118314
0.0013453499265309342
0.002369517743000814
9.751250312319957E-4
0.0012037175382579354
4.6649257460454135E-4
0.0010487248155236452
0.002859195101370306
0.003403292165362147
0.0012165254891501902
7.424492383307594E-4
0.002095907924669221
0.0026663725388105432
3.5412940427094773E-4
0.0014640842738512904
0.001895160028702111
0.004017181437957388
0.002538800673356125
8.755523441605661E-4
0.002242116911308202
0.0012766834435817692
0.0015849898397754527
0.002056701185953276
0.004844192137231332
0.001262665062521192
0.0024959828725036313
0.005684462226667282
0.0019315571594154183
0.00303982595382027
0.0012911405214483737
0.002270174622095313
0.001984310232023018
7.018844853847846E-4
1.274879732072927E-5
5.5341198607418994E-5
0.0013258393901522353
0.0013225416500891667
0.00155551549827226
0.004372542377865789
0.0016109708140727018
0.007183376118479895
3.2848243734285925E-4
0.0011729061377223216
0.0022814759452068818
0.009054309559796163
0.002779360202065263
0.005198623531781476
0.003328509889036167
0.006267600935383476
6.56161776444092E-4
0.004735138127916028
0.005812786375287032
0.0017451685325501367
0.002360883927169732
5.30852661806001E-4
0.0038654474032821214
0.002139466750439182
8.159835550505153E-4
0.0024611914053712077
0.002789343767642565
9.920174929168375E-4
0.004412518329537305
0.0012592971742208467
0.004768210750540896
0.0021595310307931078
4.779210233020137E-6
0.005786511943404769
0.002993286506459979
7.608453967349175E-4
0.006247746656932444
0.0018793901325083928
0.0024506192692875183
0.003748983513138507
1.2157619151640616E-4
0.005309589528382438
0.0029777357868168318
0.003248464868933419
0.004570981214302119
0.0043721884604052946
1.510512687439849E-4
0.0020671038885207217
0.001268695742288731
0.0042897152644849985
0.0017552717894095836
6.057164928352071E-4
0.0027965621148586675
0.0026721953457152178
4.948813147648198E-4
0.00899463904664075
0.005856773654268922
0.029556970651215334
0.005599312580683067
0.0186581985743691
0.02714444304876027
0.02719320708926741
0.02433506156896464
0.03684827443599158
0.014055490385391525
0.015227430932704284
0.039111563662596494
0.02043838444325488
0.0273665091563494
0.04907936327364486
0.059335562010492955
0.11214962132637654
0.08930736009020096
0.03469968094472911
0.1885307468970887
0.051017795815588976
0.025683448762195804
0.07503961367983195
0.1507713299804336
0.07212498736113963
0.037562965509247634
0.22090433728404107
0.23500806174177927
0.06273768513473942
0.14909568518029886
0.1931310448223878
0.03868809685242084
0.04952116761909431
0.08103173515915595
0.11843726076494647
0.1053156363686713
0.021054821220189698
0.03159027775289488
0.0867059946720105
0.03295075249312382
0.2179761926895487
0.1462190889384794
0.28545114155679036
0.09320794083934403
0.09297846259561926
0.10863787106894758
0.013348269869850556
0.13810622375706819
0.005770021507709578
0.018935752802952066
0.004216076519248776
0.02744926254026717
0.18727205056305032
0.10319628264831462
0.05899320065747534
0.2287725611550325
0.14266358451111386
0.24906183994173733
0.026083469886759816
0.10879122529761676
0.021893642994498228
0.043634157041525116
0.06962049143570141
0.0635775326912866
0.025410686958904125
0.02987266647066798
0.03499923132649519
0.08095024332475075
0.05076558635029622
0.0682038647091062
0.009230415438440094
0.03252293149991791
0.03881442686723624
0.20858293740010156
0.05355989314745797
0.026662884269933414
0.037784994367743664
0.03418961471122287
0.03037536043491067
0.1967919473913513
0.029040035841037332
0.0893574279044017
0.2982657641097019
0.050932528346973996
0.10431710006750394
0.08623715099528437
0.3148537090397662
0.008156544369964191
0.09155654162595375
0.2933137087729969
0.1359495000715188
0.01766083559724838
0.14450676587834207
0.06112175663569356
0.24311902223997395
0.3536429932105062
0.1440028114965301
0.03864702330767842
0.12106241352126808
0.09199748189098286
0.024789428361739398
0.09638056291509171
0.16329001874734164
0.058293391717265504
0.16501399098094452
0.05947404840299952
0.15831616440343219
0.1669373716526027
0.20113180591754481
0.11903817659937957
0.34668572798610303
0.3260946274342999
0.2959799377532737
0.04801389315831091
0.08229219843646605
0.31995795089540885
0.4358100824864417
0.10196674353784352
0.36882661337800243
0.06915231653073049
0.4139856150319498
1.0
0.006467605538998178
0.2373766073381432
0.5772648484764892
0.055332494887048646
0.03533826063565974
0.2732095980983131
0.13530243419142107
0.061407019083972246
0.4562808330105917
0.045050085492328196
0.015359285388607305
0.1790243270667814
0.12307187758786205
0.022626470129484627
0.07017554557620044
0.32088825269630894
0.22777454532139174
0.09389218087845319
0.038824168508600806
0.07443524047404938
0.010625779431093722
0.0361718490895524
0.03282606427568352
0.027911273717634664
