-0.1959744162210905
0.18499241553969087
0.15434475417125224
0.1104603151709969
0.06259334930399303
0.020940300661497897
0.0054448376955734835
0.010519973743678123
0.007464392473907732
0.0455293283680662
0.09646448194270629
0.15016105560583556
0.1955191421265495
0.2225560255566181
0.22430503089547518
0.19813897045947354
0.14626849339977865
0.07532972150834076
0.00484583345795597
0.08302869960263547
0.1486007191962793
0.19338782175033334
0.21297257350784457
0.2072543567167158
0.18017973399810167
0.13873130446050447
0.09140650334972399
0.0465099944294223
0.010607220864379457
0.012560667902729831
0.0225072124545025
0.021725872910768718
0.014807788163810004
0.0071724241619059515
0.003703760821807723
0.007592846493858825
0.019631642842104405
0.03809660769383379
0.05922732509298909
0.07817474964981387
0.09019325609163681
0.09180163701000973
0.0816500794314725
0.06089934988778984
0.03302903624840059
0.003119140065727976
0.023234324112814883
0.04112897788519086
0.04742350027049839
0.04142733888835492
0.025060549580554196
0.002447780389176033
0.020966022370272213
0.03958658406933242
0.04887439770365141
0.04632181889449939
0.03199303858144432
0.008512308631044555
0.01949416516287084
0.046378896533135955
0.06666172709069827
0.07616811150565687
0.07287184041124636
0.05726363465006167
0.03217262518026469
0.0020889289684876077
0.027854415521661173
0.05300734425601888
0.07018125709736497
0.07825970467876449
0.07830547411044846
0.073143998220381
0.06652412417133338
0.062056542198415686
0.06218487136232851
0.06744141266392342
0.07617846559024896
0.08485941146964479
0.08886451543152807
0.08364320655435431
0.0659554806115904
0.034911246630217344
0.007452535662441106
0.05622573012728666
0.10434505630302403
0.14386743136136482
0.16755355933449295
0.17043566877771651
0.15102764733859775
0.11189388024180427
0.05941548230389397
0.0027556980712073495
0.04780324994256132
0.082837820650427
0.095679686265173
0.0838339401931787
0.04960391796620874
2.4047329565373847E-4
0.055721337592901314
0.10561404913309279
0.13973095174183295
0.15106400720763175
0.13733261714601241
0.10158721941774145
0.051700465636188665
0.0011985146798209577
0.0450693974455208
0.06963367817014257
0.06883409261655332
0.042556140636874754
0.0027883005058741864
0.05500464329341488
0.09811793078456092
0.11530976534986903
0.09226373344892519
0.02028667414061722
0.10141360914876316
0.26477907506514115
0.45353203986989915
0.6453470035057685
0.815232828723458
0.9395561848686199
1.0
0.9867430470330126
0.9002728575717783
0.7514824762497285
0.5600088926658963
0.35109030303427574
0.151490680117849
0.01478799127161767
0.1302460255015225
0.18642021631294964
0.18477635348971286
0.1358280448367221
0.05667670700823606
0.03254352528268994
0.11263548041394476
0.16897469356781394
0.19413541750343064
0.1890299629866709
0.16237098071956607
0.12858576692361892
0.10460349856930701
0.1061456885124445
0.14423844880367315
0.22261704929011067
0.3365194306273026
0.4731000874405215
0.6133901953504777
0.7354419858623424
0.8180788882308775
0.844567189952859
0.8055476687843096
0.7007100414049999
0.5389296446079989
0.33686836556422045
0.11631682414122892
0.09922860010774327
0.28814048027415345
0.43376935176191783
0.5265780111247951
0.564988627874718
0.5548747754929821
0.5078755686173989
0.43890896911395233
0.36338081213640233
0.2946068692655769
0.2418886478355693
0.20952953098679977
0.19688008946422098
0.19930042835174752
0.2097622270200878
0.22071355418367328
0.22581092620899454
0.2211839106334347
0.20602063653575647
0.18241916488689194
0.15460597814857438
0.12774702552430944
0.10664531380898247
0.0946212051815476
0.09281093310105044
0.1000118226971912
0.11307460263371634
0.12772247556273725
0.1395887650005486
0.1452272590442549
0.14286758595722265
0.13275557061943172
0.11701862540446932
0.09910553916785192
0.08294412414512065
0.0720188208598795
0.06858173138563185
0.07317357577423596
0.08455533897813895
0.10005478712961488
0.11623666069525311
0.1297325389773091
0.13803205937411386
0.14004851368016588
0.13632575782227394
0.12883738161953756
0.12042415846911607
0.11400058291058678
0.1117168360532163
0.11427633206995672
0.1205778225275112
0.12778146494766515
0.13180529874028646
0.12816235674429627
0.11297010049795064
0.08392020912301383
0.04099777271423125
0.013215065020651543
0.07373427517967293
0.13385065294518128
0.18617231673830845
0.22384131083404515
0.24169503395004788
0.23715177618684616
0.21065257470877066
0.16557794795040434
0.10766007014500793
0.044007761769715076
0.01806625823938204
0.07219331107264847
0.1138612156911231
0.14093410361113004
0.1537057121409907
0.15450756021886328
0.14698081216581788
0.1351823562999804
0.12271964189609817
0.11209129227186815
0.10435644579241124
0.09917778318395133
0.09519868106338479
0.09064228484079401
0.08397496110617685
0.07446779622275347
0.06251867797072673
0.04965692830732047
0.038228764068346084
0.03083782815881601
0.029673676312720578
0.03588937787665901
0.04918099873478017
0.0676784781870412
0.08818876383434476
0.1067531062089481
0.11940853631533119
0.12299469530455105
0.11583237591252303
0.09812306310396048
0.07197496105400394
0.04103876098579333
0.009819272470975159
0.017200716001251483
0.036445561096898955
0.0459568985240453
0.0457784314068006
0.03793080336113604
0.025976431139116584
0.01425971602628992
0.006976764062063685
0.007266086733590616
0.016509656146842838
0.03399226800008469
0.05699473322313799
0.0813077757691564
0.10206688693837403
0.11474164870514755
0.11608000042176557
0.10481547083568965
0.08199206954215484
0.050837831537346334
0.01620837567623684
0.01629212877887567
0.041340942189218924
0.05487648404260205
0.05483752582790436
0.04152041519099256
0.017489479532831333
0.012935683460033466
0.044509775589122676
0.07204197179915751
0.09133467548005898
0.09990184340251103
0.09733621664230992
0.08526790740510774
0.06693926533481011
0.04649580893546945
0.028145253706191413
0.015356322917235665
0.010253100353586468
0.013313635467524123
0.02341414091171281
0.03818715867005182
0.05459897790696745
0.06961128283287632
0.08078218821696397
0.08668344683689642
0.08705787343732861
0.0827027414039056
0.07512705682621174
0.06607945568568872
0.05706852185141611
0.04899360405527267
0.041973242016942386
0.035407693609222475
0.028253701150666145
0.019437084146298453
0.008294128536749974
0.005075924334479263
0.019645586025516096
0.033536119934017915
0.044334623898576835
0.04959059974321883
0.04738535568728966
0.03684470258125682
0.018471500700755067
0.005790895237852076
0.03279730596010428
0.058709013087539
0.07967834373197027
0.09257368274789311
0.09559462452478744
0.08864465353027928
0.07337557050744904
0.05288451940037524
0.03111707887278147
0.012093022603727268
8.887186811462799E-4
0.0059017030427580466
0.002762997462361209
0.0069570937001637
0.020292498964028884
0.03353452443419487
0.043045433753615754
0.0460610139304097
0.04131018364990796
0.029315713406486983
0.012305713770886316
0.006252618821456832
0.02240445180200265
0.032588319249201976
0.03445962947409603
0.02747722411811675
0.013119366256298797
0.005329230388536313
0.02338827804747353
0.03627449429029285
0.03989680903023519
0.03174823435625124
0.01150400221115107
0.018808639273789667
0.05511824766088733
0.09204607016375356
0.12393311323721105
0.145954609963666
0.15509544594206987
0.15078256025220094
0.1350353809192139
0.11209063248925613
0.08756454135629099
0.06731198795010063
0.05620854328365577
0.05710331669618585
0.07016258799659206
0.09275077213869469
0.11989014370781136
0.1452244076480675
0.1623068189518209
0.16596239786627212
0.15345092224098272
0.12518853639094726
0.08486608509036718
0.038916897717581826
0.00458614807746251
0.03740961293895406
0.05274009741998336
0.046563695889252514
0.01857125950408879
0.027600379478221228
0.08485941146964479
0.14381302500164556
0.19438790789038776
0.22762832472086503
0.2373431113727303
0.2212942730157682
0.18169903666897125
0.12493999718152733
0.06052188353762596
5.481664498932531E-4
0.04767282609985304
0.0725294293528773
0.070553462312655
0.04177340219564496
0.009155047993343796
0.073724384283488
0.14102506452260546
0.19961463036566113
0.23947777087848462
0.2537345836902792
0.23980109962676988
0.19980500866360165
0.14019210247246477
0.07060108379201312
0.0022106324165369873
0.05414916083075399
0.08979354199372022
0.09958320972034791
0.08269823829211158
0.0426695467312061
0.013317919313657832
0.07571190404858223
0.13423456207844564
0.17959141621984553
0.20495823345961522
0.207004663824333
0.1863011138126164
0.1470656749521409
0.09632099819309171
0.04262720254391241
0.005379527993517079
0.040391413395256794
0.05754735431804349
0.0550953120620179
0.03451403250709129
1.0381941295677247E-4
0.041856547939522315
0.08422373375563562
0.12017694859395935
0.14428108587541388
0.15326197367308206
0.14638796145275504
0.12542359180602303
0.09419307237145262
0.05785159696658112
0.022002098555322612
0.008191173108321324
0.028752941623018502
0.037405516111963154
0.03377809958920445
0.01931200033818689
0.003094537091011152
0.029621619891942178
0.056143154938057015
0.07882118641981907
0.09459317716366536
0.10149382552985844
0.09878669861832066
0.08691431972178139
0.06730265366458679
0.04207316998026342
0.013721067312606151
0.015187595263236722
0.0422615774243454
0.0654537845596907
0.08315440062647811
0.09422345725672905
0.09798720811054525
0.09422345725672905
0.08315440062647811
0.0654537845596907
0.0422615774243454
0.015187595263236722
0.013721067312606151
0.04207316998026342
0.06730265366458679
0.08691431972178139
0.09878669861832066
0.10149382552985844
0.09459317716366536
0.07882118641981907
0.056143154938057015
0.029621619891942178
0.003094537091011152
0.01931200033818689
0.03377809958920445
0.037405516111963154
0.028752941623018502
0.008191173108321324
0.022002098555322612
0.05785159696658112
0.09419307237145262
0.12542359180602303
0.14638796145275504
0.15326197367308206
0.14428108587541388
0.12017694859395935
0.08422373375563562
0.041856547939522315
1.0381941295677247E-4
0.03451403250709129
0.0550953120620179
0.05754735431804349
0.040391413395256794
0.005379527993517079
0.04262720254391241
0.09632099819309171
0.1470656749521409
0.1863011138126164
0.207004663824333
0.20495823345961522
0.17959141621984553
0.13423456207844564
0.07571190404858223
0.013317919313657832
0.0426695467312061
0.08269823829211158
0.09958320972034791
0.08979354199372022
0.05414916083075399
0.0022106324165369873
0.07060108379201312
0.14019210247246477
0.19980500866360165
0.23980109962676988
0.2537345836902792
0.23947777087848462
0.19961463036566113
0.14102506452260546
0.073724384283488
0.009155047993343796
0.04177340219564496
0.070553462312655
0.0725294293528773
0.04767282609985304
5.481664498932531E-4
0.06052188353762596
0.12493999718152733
0.18169903666897125
0.2212942730157682
0.2373431113727303
0.22762832472086503
0.19438790789038776
0.14381302500164556
0.08485941146964479
0.027600379478221228
0.01857125950408879
0.046563695889252514
0.05274009741998336
0.03740961293895406
0.00458614807746251
0.038916897717581826
0.08486608509036718
0.12518853639094726
0.15345092224098272
0.16596239786627212
0.1623068189518209
0.1452244076480675
0.11989014370781136
0.09275077213869469
0.07016258799659206
0.05710331669618585
0.05620854328365577
0.06731198795010063
0.08756454135629099
0.11209063248925613
0.1350353809192139
0.15078256025220094
0.15509544594206987
0.145954609963666
0.12393311323721105
0.09204607016375356
0.05511824766088733
0.018808639273789667
0.01150400221115107
0.03174823435625124
0.03989680903023519
0.03627449429029285
0.02338827804747353
0.005329230388536313
0.013119366256298797
0.02747722411811675
0.03445962947409603
0.032588319249201976
0.02240445180200265
0.006252618821456832
0.012305713770886316
0.029315713406486983
0.04131018364990796
0.0460610139304097
0.043045433753615754
0.03353452443419487
0.020292498964028884
0.0069570937001637
0.002762997462361209
0.0059017030427580466
8.887186811462799E-4
0.012093022603727268
0.03111707887278147
0.05288451940037524
0.07337557050744904
0.08864465353027928
0.09559462452478744
0.09257368274789311
0.07967834373197027
0.058709013087539
0.03279730596010428
0.005790895237852076
0.018471500700755067
0.03684470258125682
0.04738535568728966
0.04959059974321883
0.044334623898576835
0.033536119934017915
0.019645586025516096
0.005075924334479263
0.008294128536749974
0.019437084146298453
0.028253701150666145
0.035407693609222475
0.041973242016942386
0.04899360405527267
0.05706852185141611
0.06607945568568872
0.07512705682621174
0.0827027414039056
0.08705787343732861
0.08668344683689642
0.08078218821696397
0.06961128283287632
0.05459897790696745
0.03818715867005182
0.02341414091171281
0.013313635467524123
0.010253100353586468
0.015356322917235665
0.028145253706191413
0.04649580893546945
0.06693926533481011
0.08526790740510774
0.09733621664230992
0.09990184340251103
0.09133467548005898
0.07204197179915751
0.044509775589122676
0.012935683460033466
0.017489479532831333
0.04152041519099256
0.05483752582790436
0.05487648404260205
0.041340942189218924
0.01629212877887567
0.01620837567623684
0.050837831537346334
0.08199206954215484
0.10481547083568965
0.11608000042176557
0.11474164870514755
0.10206688693837403
0.0813077757691564
0.05699473322313799
0.03399226800008469
0.016509656146842838
0.007266086733590616
0.006976764062063685
0.01425971602628992
0.025976431139116584
0.03793080336113604
0.0457784314068006
0.0459568985240453
0.036445561096898955
0.017200716001251483
0.009819272470975159
0.04103876098579333
0.07197496105400394
0.09812306310396048
0.11583237591252303
0.12299469530455105
0.11940853631533119
0.1067531062089481
0.08818876383434476
0.0676784781870412
0.04918099873478017
0.03588937787665901
0.029673676312720578
0.03083782815881601
0.038228764068346084
0.04965692830732047
0.06251867797072673
0.07446779622275347
0.08397496110617685
0.09064228484079401
0.09519868106338479
0.09917778318395133
0.10435644579241124
0.11209129227186815
0.12271964189609817
0.1351823562999804
0.14698081216581788
0.15450756021886328
0.1537057121409907
0.14093410361113004
0.1138612156911231
0.07219331107264847
0.01806625823938204
0.044007761769715076
0.10766007014500793
0.16557794795040434
0.21065257470877066
0.23715177618684616
0.24169503395004788
0.22384131083404515
0.18617231673830845
0.13385065294518128
0.07373427517967293
0.013215065020651543
0.04099777271423125
0.08392020912301383
0.11297010049795064
0.12816235674429627
0.13180529874028646
0.12778146494766515
0.1205778225275112
0.11427633206995672
0.1117168360532163
0.11400058291058678
0.12042415846911607
0.12883738161953756
0.13632575782227394
0.14004851368016588
0.13803205937411386
0.1297325389773091
0.11623666069525311
0.10005478712961488
0.08455533897813895
0.07317357577423596
0.06858173138563185
0.0720188208598795
0.08294412414512065
0.09910553916785192
0.11701862540446932
0.13275557061943172
0.14286758595722265
0.1452272590442549
0.1395887650005486
0.12772247556273725
0.11307460263371634
0.1000118226971912
0.09281093310105044
0.0946212051815476
0.10664531380898247
0.12774702552430944
0.15460597814857438
0.18241916488689194
0.20602063653575647
0.2211839106334347
0.22581092620899454
0.22071355418367328
0.2097622270200878
0.19930042835174752
0.19688008946422098
0.20952953098679977
0.2418886478355693
0.2946068692655769
0.36338081213640233
0.43890896911395233
0.5078755686173989
0.5548747754929821
0.564988627874718
0.5265780111247951
0.43376935176191783
0.28814048027415345
0.09922860010774327
0.11631682414122892
0.33686836556422045
0.5389296446079989
0.7007100414049999
0.8055476687843096
0.844567189952859
0.8180788882308775
0.7354419858623424
0.6133901953504777
0.4731000874405215
0.3365194306273026
0.22261704929011067
0.14423844880367315
0.1061456885124445
0.10460349856930701
0.12858576692361892
0.16237098071956607
0.1890299629866709
0.19413541750343064
0.16897469356781394
0.11263548041394476
0.03254352528268994
0.05667670700823606
0.1358280448367221
0.18477635348971286
0.18642021631294964
0.1302460255015225
0.01478799127161767
0.151490680117849
0.35109030303427574
0.5600088926658963
0.7514824762497285
0.9002728575717783
0.9867430470330126
1.0
0.9395561848686199
0.815232828723458
0.6453470035057685
0.45353203986989915
0.26477907506514115
0.10141360914876316
0.02028667414061722
0.09226373344892519
0.11530976534986903
0.09811793078456092
0.05500464329341488
0.0027883005058741864
0.042556140636874754
0.06883409261655332
0.06963367817014257
0.0450693974455208
0.0011985146798209577
0.051700465636188665
0.10158721941774145
0.13733261714601241
0.15106400720763175
0.13973095174183295
0.10561404913309279
0.055721337592901314
2.4047329565373847E-4
0.04960391796620874
0.0838339401931787
0.095679686265173
0.082837820650427
0.04780324994256132
0.0027556980712073495
0.05941548230389397
0.11189388024180427
0.15102764733859775
0.17043566877771651
0.16755355933449295
0.14386743136136482
0.10434505630302403
0.05622573012728666
0.007452535662441106
0.034911246630217344
0.0659554806115904
0.08364320655435431
0.08886451543152807
0.08485941146964479
0.07617846559024896
0.06744141266392342
0.06218487136232851
0.062056542198415686
0.06652412417133338
0.073143998220381
0.07830547411044846
0.07825970467876449
0.07018125709736497
0.05300734425601888
0.027854415521661173
0.0020889289684876077
0.03217262518026469
0.05726363465006167
0.07287184041124636
0.07616811150565687
0.06666172709069827
0.046378896533135955
0.01949416516287084
0.008512308631044555
0.03199303858144432
0.04632181889449939
0.04887439770365141
0.03958658406933242
0.020966022370272213
0.002447780389176033
0.025060549580554196
0.04142733888835492
0.04742350027049839
0.04112897788519086
0.023234324112814883
0.003119140065727976
0.03302903624840059
0.06089934988778984
0.0816500794314725
0.09180163701000973
0.09019325609163681
0.07817474964981387
0.05922732509298909
0.03809660769383379
0.019631642842104405
0.007592846493858825
0.003703760821807723
0.0071724241619059515
0.014807788163810004
0.021725872910768718
0.0225072124545025
0.012560667902729831
0.010607220864379457
0.0465099944294223
0.09140650334972399
0.13873130446050447
0.18017973399810167
0.2072543567167158
0.21297257350784457
0.19338782175033334
0.1486007191962793
0.08302869960263547
0.00484583345795597
0.07532972150834076
0.14626849339977865
0.19813897045947354
0.22430503089547518
0.2225560255566181
0.1955191421265495
0.15016105560583556
0.09646448194270629
0.0455293283680662
0.007464392473907732
0.010519973743678123
0.0054448376955734835
0.020940300661497897
0.06259334930399303
0.1104603151709969
0.15434475417125224
0.18499241553969087
