-0.017756442864186626
0.01804002959126481
0.038560060736699216
0.04244177260182015
0.003913089504405228
0.009315822181329685
0.026418725840608843
0.03540130247219589
0.02083921833821851
0.14999296225544176
0.30848848340650975
0.18792780615475924
0.02279639954890637
0.11121201382941524
0.16636517182819105
0.10169775147003798
0.38187008362197744
0.022870175143194137
0.5224289795078977
0.07735498490446106
1.0
0.20192247110095235
0.9305554051097021
0.5250191370196071
0.532966915083548
0.23214743400633506
0.30329638782607754
0.07366238439084688
0.08727232405481707
0.4884084075359117
0.07527287666219501
0.19658186585102339
0.1295678947424017
0.3404918353347146
0.09332704653348
0.35168610244983833
0.22401907074098387
0.013724790781980347
0.24913361354179392
0.08375381756722161
0.0015526758093937177
0.004707856978876339
0.1289540008387675
0.07869409941544338
0.004303902721542659
0.07692207373059101
0.0024392406065849213
0.05527659010487503
0.04778910309856449
0.034432983210957294
0.03219043721961438
0.04613141290023831
0.07059433148923173
0.08865624033038687
0.0056124057442836816
0.06454032164037368
0.002059427048134068
0.034289785839179174
0.04265711505368234
0.0639202564432613
0.01920010560210052
0.0676274063963615
0.0757824308635793
0.044986033478189254
0.05314774994418522
0.023404117534175
0.0017678246841907313
0.008310348836028584
0.04859017022373849
0.05141748699842929
0.028788103162924204
0.0037556740862779944
0.049914041350783006
0.06014794355090651
0.01923072040207277
0.0021286008816414413
0.0014330891599118368
0.03946635761341431
0.018356529827302005
6.421140479293439E-4
0.04333622213639808
0.012571368872728425
0.005202074519651107
0.00977002598394508
0.09728050864757586
0.02105222325331201
0.07893539530905837
0.019633419987019764
0.0015324358099310378
0.12097718860635039
0.05230368485472787
0.021502567191035805
0.04931584396644974
0.1380554662698561
0.03762864408996174
0.006478144907883926
0.16252152449804852
0.05958562240762543
0.008938694169802103
0.028069978907616023
0.1223268245935242
0.04775753453557527
0.04485424129150887
0.14850753602022512
0.16895705662638671
0.1472164281759336
0.1754384130945688
0.16822243855798522
0.27668038864616434
0.08999490913877214
0.012464897333040837
0.03487386727080226
0.23355986074093976
0.12013772144672417
0.12756548698144618
0.041737157769192484
0.0391540980630517
0.29809498620586944
0.016480104137448652
0.016463638852094203
0.03792454765691073
0.06289197118741245
0.007494191139650428
0.0114606403560246
0.08272328253656155
0.1254866823691206
0.02796408605536357
0.00718291636174015
0.12307591109346312
0.025610430334960233
0.0506473176686252
0.06921148318138923
0.00821863362995408
0.0020888587288663937
0.03613133688776004
0.01529885414583881
0.011690781954858032
0.0035633914782754613
0.030792032131486607
0.007197481390181723
0.0031529378216762272
0.009159300779840214
0.008402053151856836
0.014725645435433149
0.007456615772617995
0.009023222363884136
3.4324516015943633E-4
0.001364449033704134
0.004965663043927201
0.00733412230817863
0.0023766899518634517
0.0015897961707973106
0.004466428277934293
0.008335180690953061
0.004774762325034207
0.008152963321900132
7.374368495645862E-4
2.0903588824210275E-4
0.010129406099728278
9.758046383317949E-4
0.0023556602496997976
0.0043471254711798584
0.00794908132531012
0.0030361880133935133
0.007260331347591193
0.008453030977567217
0.008096125957164982
0.005057949614069092
0.00151452686224763
0.002644885401429031
0.008618655638338583
0.005335317960715305
0.0023021783208863147
0.007387925595083174
0.00411328071595329
0.004952462944963071
0.006901055200863907
0.003508415103970727
0.0023246892976582917
0.005030507676728399
9.00664313218955E-4
0.005005203936911304
0.004868162261486985
0.002671144330043951
0.0025150997862998354
0.003906944886282675
0.004294470930678138
0.008096538854051104
6.946076955310209E-4
0.008075695117221032
0.005063884832503905
0.00693465093879115
0.011413045158582142
0.002435122359185196
0.007006575094245341
0.002421380519720092
0.004988064417080498
0.0021525403627009674
0.0023283063531957964
0.0032191340965412596
0.008656367973293175
7.904996958768121E-4
0.004838486142871608
0.006152965241830728
0.0037493126729633837
0.0028898224267536908
0.0036631607093479176
0.009013234549624473
6.236117585438582E-4
0.005813095988884773
0.0018009946085485785
0.004937747976340197
0.009757722341924293
0.005030960887545844
0.0047739521483709324
6.745170498794886E-4
0.00377326637579572
0.0035029340203005612
0.0043744107381878915
0.0029550793043399675
0.005384884255924364
0.0034832653841739376
0.00218674461267173
0.005925798755396618
0.007981264064116957
0.00696086299301718
6.494703945286346E-4
0.004338200708278371
0.00257599446033624
0.0028985216134133278
0.0026514273877885756
0.0048409471493416146
0.006985465669951305
0.002444585315990419
0.009184960963686319
0.004745630734076057
1.795834775196823E-4
0.008107492109874031
0.002974567667364059
0.004277779288927248
0.004450100031210974
0.005737031281344345
0.0011513223355838283
2.3388295742309383E-4
0.0035046420356064415
0.005037975138008417
0.003183876672853887
0.004042355314087296
0.0062594008883199844
0.005075507423251224
0.005901764246035175
0.006496803064757281
0.0026094732443045234
0.005486166307039212
0.004421906021976275
0.0032463162707436592
0.002722769123868273
0.0034796564215312706
0.0052760745812277235
0.0065473906500538555
0.0031411894263546325
0.0024146035983989896
0.001808701545068024
0.006002739208939188
0.0017301353275314033
0.0037205094490741163
0.0046097425929436595
0.005454081894334949
0.006599066753961675
0.0051719828057241405
0.0036907988064020752
0.006761918255971075
0.00537009315187737
0.00528961518596227
0.00571718240259999
0.006691321119646917
0.0038355364955591736
0.004285601307636724
0.0029042252558106334
0.003957239736409664
0.006963057016311689
0.005220148433596612
0.005916608255965432
0.004370461814128241
0.005443010923340893
0.005197138636361973
0.005874281578405401
0.0037615302225033694
0.00824339817764897
0.005359834780437557
0.005641426785459292
0.0032859279969708957
0.004993498483841103
0.0033509766894238738
0.004860261177759751
0.003973787600140686
0.005722769843460642
0.005640263984931246
0.001982242820707645
0.00528913535893515
0.004419153141888751
0.0034584198067729222
0.003868686147102799
0.004339101802890725
0.006867435749172784
0.0037975997289275785
0.004967211209380956
0.0021819107446142947
0.005474430467712487
0.003458637086462572
0.00415162480601705
0.006907740963784436
0.00610793664743266
0.006202889016801015
0.0042809984638435186
0.0016860089850028678
0.0040197579113570425
0.002781459666063304
0.003031686442981947
0.00501588341831521
0.00376313046883818
0.003704657600800649
0.004001881114316528
0.006048760644843955
0.005126898944170359
0.004550449117025249
0.004112397268935172
0.006532861335748449
0.0026066868477247667
0.005653052773453239
0.003826626685085778
0.003777912226552888
0.005069970358268639
0.0025054435604602255
0.0051637060323682935
0.00248195575860848
0.00292927364230243
0.0056930372284193
0.0065688320838751015
0.005414469170120976
0.005223459185685704
0.006183253191919791
0.003258175043637478
0.005466224370809943
0.006055211649692115
0.004759717488647029
0.005126864569461199
0.005965603933333848
0.006405345137736576
0.006412637997318482
0.00494863282763643
6.241984454361181E-4
0.005392217097438162
0.004070398653007541
0.005297898250186617
0.004953798177959252
0.005661931242295208
0.004366175272869705
0.0062815736759443295
0.004969238888574344
4.885265065106682E-4
0.004592779003295279
0.0033013051539323647
0.00414486710405877
0.004888606337843668
0.006256025983019226
0.005653984939480054
0.002392874427837245
0.004644312023225713
0.005739956887372399
0.008103148045039822
0.0061244676399205555
0.003776567923621253
0.004146400159595498
0.004048195601212556
0.004939218771170112
0.004465663650779593
0.005825987005591908
0.004851580207004961
9.43565880822273E-4
0.005380732168975805
0.006064155576654974
0.003928178493153078
0.005211531840873809
0.0030691904675553433
0.0055015030160167795
0.005990894793702308
0.003645470416352654
0.0026158709725219655
0.00566348866987125
0.006173713288677777
0.004477775195580843
0.0019053026936676292
0.008704971572187714
0.007813529781100774
0.004472020055619451
0.008261512701951875
0.0033577393616548105
0.003555068257673907
0.005165231379129696
0.00648673798517482
0.007981638750512828
0.005355792539041955
0.0032314973209442125
0.005821831931887631
0.00591211375429079
0.00513847669871175
0.005430195725953757
0.005571210296423476
0.005177119306880202
0.0036791348174858183
0.005461291643980364
0.004086520914736164
0.004717163758493281
0.006904064281413002
0.0030633442657282454
0.003918579798881807
0.0044728457399796145
0.006348729318404201
0.005752014955546492
0.0059301404370462685
0.0023684204514734003
0.0049495971524902965
0.003212121859013479
0.005681675773793437
0.00958311587553042
0.004986814361363476
0.008750300318063654
0.007124615104765154
0.004366120546067002
0.007496764872309804
0.004670352720129837
0.0062815819434918025
0.005786997443394346
0.003925906935321826
0.009501703125512516
0.005454420821342756
0.002506408043445447
0.0031783612728398694
0.006266067715828688
0.003772562478752862
0.004104494241052415
0.0040213319488294095
0.00277421380162625
0.003259321390260203
0.00653283163138333
0.0021004754932927197
0.004656434965174158
4.6018964345708564E-4
0.0035902246313893778
0.004533501961912201
0.0062427010507710295
0.008641209376059762
0.004606013899611618
0.005839729320308957
0.004522798568041557
0.005858443637831211
0.006486670275639549
0.006479339051341974
0.0036726564523436095
0.0054696875579211485
0.008037048593227557
0.004065639207454871
0.008037048593227557
0.0054696875579211485
0.0036726564523436095
0.006479339051341974
0.006486670275639549
0.005858443637831211
0.004522798568041557
0.005839729320308957
0.004606013899611618
0.008641209376059762
0.0062427010507710295
0.004533501961912201
0.0035902246313893778
4.6018964345708564E-4
0.004656434965174158
0.0021004754932927197
0.00653283163138333
0.003259321390260203
0.00277421380162625
0.0040213319488294095
0.004104494241052415
0.003772562478752862
0.006266067715828688
0.0031783612728398694
0.002506408043445447
0.005454420821342756
0.009501703125512516
0.003925906935321826
0.005786997443394346
0.0062815819434918025
0.004670352720129837
0.007496764872309804
0.004366120546067002
0.007124615104765154
0.008750300318063654
0.004986814361363476
0.00958311587553042
0.005681675773793437
0.003212121859013479
0.0049495971524902965
0.0023684204514734003
0.0059301404370462685
0.005752014955546492
0.006348729318404201
0.0044728457399796145
0.003918579798881807
0.0030633442657282454
0.006904064281413002
0.004717163758493281
0.004086520914736164
0.005461291643980364
0.0036791348174858183
0.005177119306880202
0.005571210296423476
0.005430195725953757
0.00513847669871175
0.00591211375429079
0.005821831931887631
0.0032314973209442125
0.005355792539041955
0.007981638750512828
0.00648673798517482
0.005165231379129696
0.003555068257673907
0.0033577393616548105
0.008261512701951875
0.004472020055619451
0.007813529781100774
0.008704971572187714
0.0019053026936676292
0.004477775195580843
0.006173713288677777
0.00566348866987125
0.0026158709725219655
0.003645470416352654
0.005990894793702308
0.0055015030160167795
0.0030691904675553433
0.005211531840873809
0.003928178493153078
0.006064155576654974
0.005380732168975805
9.43565880822273E-4
0.004851580207004961
0.005825987005591908
0.004465663650779593
0.004939218771170112
0.004048195601212556
0.004146400159595498
0.003776567923621253
0.0061244676399205555
0.008103148045039822
0.005739956887372399
0.004644312023225713
0.002392874427837245
0.005653984939480054
0.006256025983019226
0.004888606337843668
0.00414486710405877
0.0033013051539323647
0.004592779003295279
4.885265065106682E-4
0.004969238888574344
0.0062815736759443295
0.004366175272869705
0.005661931242295208
0.004953798177959252
0.005297898250186617
0.004070398653007541
0.005392217097438162
6.241984454361181E-4
0.00494863282763643
0.006412637997318482
0.006405345137736576
0.005965603933333848
0.005126864569461199
0.004759717488647029
0.006055211649692115
0.005466224370809943
0.003258175043637478
0.006183253191919791
0.005223459185685704
0.005414469170120976
0.0065688320838751015
0.0056930372284193
0.00292927364230243
0.00248195575860848
0.0051637060323682935
0.0025054435604602255
0.005069970358268639
0.003777912226552888
0.003826626685085778
0.005653052773453239
0.0026066868477247667
0.006532861335748449
0.004112397268935172
0.004550449117025249
0.005126898944170359
0.006048760644843955
0.004001881114316528
0.003704657600800649
0.00376313046883818
0.00501588341831521
0.003031686442981947
0.002781459666063304
0.0040197579113570425
0.0016860089850028678
0.0042809984638435186
0.006202889016801015
0.00610793664743266
0.006907740963784436
0.00415162480601705
0.003458637086462572
0.005474430467712487
0.0021819107446142947
0.004967211209380956
0.0037975997289275785
0.006867435749172784
0.004339101802890725
0.003868686147102799
0.0034584198067729222
0.004419153141888751
0.00528913535893515
0.001982242820707645
0.005640263984931246
0.005722769843460642
0.003973787600140686
0.004860261177759751
0.0033509766894238738
0.004993498483841103
0.0032859279969708957
0.005641426785459292
0.005359834780437557
0.00824339817764897
0.0037615302225033694
0.005874281578405401
0.005197138636361973
0.005443010923340893
0.004370461814128241
0.005916608255965432
0.005220148433596612
0.006963057016311689
0.003957239736409664
0.0029042252558106334
0.004285601307636724
0.0038355364955591736
0.006691321119646917
0.00571718240259999
0.00528961518596227
0.00537009315187737
0.006761918255971075
0.0036907988064020752
0.0051719828057241405
0.006599066753961675
0.005454081894334949
0.0046097425929436595
0.0037205094490741163
0.0017301353275314033
0.006002739208939188
0.001808701545068024
0.0024146035983989896
0.0031411894263546325
0.0065473906500538555
0.0052760745812277235
0.0034796564215312706
0.002722769123868273
0.0032463162707436592
0.004421906021976275
0.005486166307039212
0.0026094732443045234
0.006496803064757281
0.005901764246035175
0.005075507423251224
0.0062594008883199844
0.004042355314087296
0.003183876672853887
0.005037975138008417
0.0035046420356064415
2.3388295742309383E-4
0.0011513223355838283
0.005737031281344345
0.004450100031210974
0.004277779288927248
0.002974567667364059
0.008107492109874031
1.795834775196823E-4
0.004745630734076057
0.009184960963686319
0.002444585315990419
0.006985465669951305
0.0048409471493416146
0.0026514273877885756
0.0028985216134133278
0.00257599446033624
0.004338200708278371
6.494703945286346E-4
0.00696086299301718
0.007981264064116957
0.005925798755396618
0.00218674461267173
0.0034832653841739376
0.005384884255924364
0.0029550793043399675
0.0043744107381878915
0.0035029340203005612
0.00377326637579572
6.745170498794886E-4
0.0047739521483709324
0.005030960887545844
0.009757722341924293
0.004937747976340197
0.0018009946085485785
0.005813095988884773
6.236117585438582E-4
0.009013234549624473
0.0036631607093479176
0.0028898224267536908
0.0037493126729633837
0.006152965241830728
0.004838486142871608
7.904996958768121E-4
0.008656367973293175
0.0032191340965412596
0.0023283063531957964
0.0021525403627009674
0.004988064417080498
0.002421380519720092
0.007006575094245341
0.002435122359185196
0.011413045158582142
0.00693465093879115
0.005063884832503905
0.008075695117221032
6.946076955310209E-4
0.008096538854051104
0.004294470930678138
0.003906944886282675
0.0025150997862998354
0.002671144330043951
0.004868162261486985
0.005005203936911304
9.00664313218955E-4
0.005030507676728399
0.0023246892976582917
0.003508415103970727
0.006901055200863907
0.004952462944963071
0.00411328071595329
0.007387925595083174
0.0023021783208863147
0.005335317960715305
0.008618655638338583
0.002644885401429031
0.00151452686224763
0.005057949614069092
0.008096125957164982
0.008453030977567217
0.007260331347591193
0.0030361880133935133
0.00794908132531012
0.0043471254711798584
0.0023556602496997976
9.758046383317949E-4
0.010129406099728278
2.0903588824210275E-4
7.374368495645862E-4
0.008152963321900132
0.004774762325034207
0.008335180690953061
0.004466428277934293
0.0015897961707973106
0.0023766899518634517
0.00733412230817863
0.004965663043927201
0.001364449033704134
3.4324516015943633E-4
0.009023222363884136
0.007456615772617995
0.014725645435433149
0.008402053151856836
0.009159300779840214
0.0031529378216762272
0.007197481390181723
0.030792032131486607
0.0035633914782754613
0.011690781954858032
0.01529885414583881
0.03613133688776004
0.0020888587288663937
0.00821863362995408
0.06921148318138923
0.0506473176686252
0.025610430334960233
0.12307591109346312
0.00718291636174015
0.02796408605536357
0.1254866823691206
0.08272328253656155
0.0114606403560246
0.007494191139650428
0.06289197118741245
0.03792454765691073
0.016463638852094203
0.016480104137448652
0.29809498620586944
0.0391540980630517
0.041737157769192484
0.12756548698144618
0.12013772144672417
0.23355986074093976
0.03487386727080226
0.012464897333040837
0.08999490913877214
0.27668038864616434
0.16822243855798522
0.1754384130945688
0.1472164281759336
0.16895705662638671
0.14850753602022512
0.04485424129150887
0.04775753453557527
0.1223268245935242
0.028069978907616023
0.008938694169802103
0.05958562240762543
0.16252152449804852
0.006478144907883926
0.03762864408996174
0.1380554662698561
0.04931584396644974
0.021502567191035805
0.05230368485472787
0.12097718860635039
0.0015324358099310378
0.019633419987019764
0.07893539530905837
0.02105222325331201
0.09728050864757586
0.00977002598394508
0.005202074519651107
0.012571368872728425
0.04333622213639808
6.421140479293439E-4
0.018356529827302005
0.03946635761341431
0.0014330891599118368
0.0021286008816414413
0.01923072040207277
0.06014794355090651
0.049914041350783006
0.0037556740862779944
0.028788103162924204
0.05141748699842929
0.04859017022373849
0.008310348836028584
0.0017678246841907313
0.023404117534175
0.05314774994418522
0.044986033478189254
0.0757824308635793
0.0676274063963615
0.01920010560210052
0.0639202564432613
0.04265711505368234
0.034289785839179174
0.002059427048134068
0.06454032164037368
0.0056124057442836816
0.08865624033038687
0.07059433148923173
0.04613141290023831
0.03219043721961438
0.034432983210957294
0.04778910309856449
0.05527659010487503
0.0024392406065849213
0.07692207373059101
0.004303902721542659
0.07869409941544338
0.1289540008387675
0.004707856978876339
0.0015526758093937177
0.08375381756722161
0.24913361354179392
0.013724790781980347
0.22401907074098387
0.35168610244983833
0.09332704653348
0.3404918353347146
0.1295678947424017
0.19658186585102339
0.07527287666219501
0.4884084075359117
0.08727232405481707
0.07366238439084688
0.30329638782607754
0.23214743400633506
0.532966915083548
0.5250191370196071
0.9305554051097021
0.20192247110095235
1.0
0.07735498490446106
0.5224289795078977
0.022870175143194137
0.38187008362197744
0.10169775147003798
0.16636517182819105
0.11121201382941524
0.02279639954890637
0.18792780615475924
0.30848848340650975
0.14999296225544176
0.02083921833821851
0.03540130247219589
0.026418725840608843
0.009315822181329685
0.003913089504405228
0.04244177260182015
0.038560060736699216
0.01804002959126481
