-0.1537390547629628
0.14532237044340124
0.1524190474751616
0.1496281933409542
0.10772895615335683
0.13788895659880201
0.306170891967406
0.0634415283885246
0.30474865219677305
0.32533411263630335
0.1060496951676547
0.12168173894740586
0.1650590897051326
0.02824252821757844
0.16176449738432033
0.21679768558664364
0.3432943097482118
0.054773843277935975
0.12778586194493527
0.19999951632283128
0.4682279629852484
0.3899797755346898
0.8531266879169527
0.15630910841087678
7.684598226615022E-4
0.14290428176580677
0.6338082333402113
1.0
0.3170167372602634
0.08830115423915055
0.08524297489121305
0.074530983875332
0.16202560529739915
0.10216714309403452
0.5290252934758708
0.13197940919268128
0.14566999436045702
0.07198448390403553
0.1510667655503967
0.10724743223495278
0.06202942398186414
0.06288143131125175
0.03612642593513292
0.07118652751670747
0.08680601900916572
0.048393351638756764
0.10296142257601121
0.15999197492376704
0.0034251462860874354
0.04311880526756417
0.10691610137590957
0.17635075413167123
0.033352102729069424
0.08012045983235776
0.18376804291525795
0.01372960155893078
0.07436552896747282
0.09527602879632387
0.007225798346339223
0.14091541354086393
2.910822556924152E-4
0.0238055415245698
0.05443096176139703
0.020647204716510357
0.04747386205020405
0.08735350738431927
0.05338072450833416
0.03416184359858179
0.03950994056140029
0.02540842492053294
0.044792301241304455
0.020323670849457083
0.006481978619869271
0.07847864927327203
0.04123058404651653
0.10362244452179305
0.015657741174896777
0.09355570165667773
0.10707399613448554
0.001854869628689986
0.07643253989256465
0.0343523624599749
0.07404241364575469
0.05075899485348336
0.03410377177134631
0.0549210827207586
0.010199433265040251
0.09802906599273024
0.09914152063199067
0.04311461628640529
0.023111004132565657
0.024818016604836537
0.04851752594741816
0.08273664854493483
0.11723334167154732
0.08226635946603503
0.024651854655982623
0.11576496886068902
0.1429949414401115
0.019346062384842728
0.008023311600072395
0.06795125462610341
0.12331664457803411
0.15633617112853226
0.020696941182647092
0.0776840334259144
0.13512421575892697
0.04330938973536172
0.18458679875488995
0.08492474442057187
0.1408413116327135
0.06080092676306345
0.009632880918681348
0.14310632341640403
0.057200518629284186
0.0073409418341463
0.05877245156958461
0.23652017776975684
0.09278866160851762
0.06490702281538928
0.07942507917623358
0.028767840333513296
0.025634028486176016
0.08316017477360366
0.06368283620125204
0.10795184654806214
0.07368016118029204
0.02390920824582792
0.01440386399900249
0.006433032037733823
3.0284577970327687E-4
0.017019115913165957
0.03197527052296798
0.002928321815201688
0.016096473668288855
0.0076629711445711825
0.005703656495361392
0.024124720267775852
0.01234240475198466
0.025118200556453602
0.0044306975213078805
6.803178582553786E-4
0.03571883646332186
0.008951441672492162
0.0033684528381314627
0.0050286467876282945
0.007282902171290115
0.01081008079837593
0.01978140570291752
0.0095663539974558
0.003218276561845092
1.7968615859138747E-4
0.007165705875867353
0.0020560938493669177
0.00943292218629459
0.0064508476272510055
4.175540586608539E-4
0.009728164549448942
0.0123576623830773
0.001004314290410692
0.001353029073109089
0.004444579541188796
0.011942964032499469
0.004544054790775033
0.004992972668349696
3.011763688893764E-4
0.012800772752628687
0.001291664113107406
0.014893556978402275
0.010041663294905672
0.0068017471495708534
0.009773523065063967
0.009282302653393684
8.433342511656654E-4
0.008874510797105722
0.014401678949122022
0.00598110939675549
3.886401212172396E-4
0.00546911708348987
6.613441282419296E-4
0.008555127381112016
0.002734319005388817
0.020377147160274528
0.005633913605044523
0.017217752975092572
0.0030089247796103447
0.016559412060964313
0.0013705702665680589
0.011374752671883835
0.002654417948659849
9.642848939018327E-4
0.015121029389476182
0.010529770477088952
0.007788295139420646
0.011978262624916356
0.006139577856866781
0.005058978485636419
0.005041140428828647
0.003600167851346822
3.53429471599791E-4
0.015284842175755035
0.0010067989672393543
0.00299005223525757
0.002095764238775241
0.009849980521996895
0.009497931574905676
0.01004635860049901
0.002526139118095046
0.0051097139659856605
0.0016613486727365316
0.006269516453904178
0.006684444425399816
0.005392866572047067
0.00834201533447896
0.0032484253269498553
0.0032594056625502355
0.014528496055494737
0.002718319769345207
0.0019416870942623482
0.006459650470421332
0.0021300087751657546
4.8001613611929026E-4
0.0031610271725428882
0.005047852119972667
0.0013353330787506917
2.5071892089529327E-4
0.0037911982050795956
0.006781957011091413
0.011231185814706926
3.643279622307931E-4
0.0035571744125870225
0.0035934941662074636
0.0029312333583871863
0.003414073386466686
5.217229176770283E-4
0.004242032179557572
0.0012820143177190585
0.0031777500197121057
3.21727129535954E-4
0.004197812119655905
0.003015756477457003
0.005260184096060371
0.006087377316672864
0.0021337770926818313
0.008406891522376912
0.002720694695443893
0.004982363619921832
0.00740315931265578
0.008350907677770953
0.008542055327664349
0.0035644897548352834
0.004978094481157841
0.003969057356437596
0.0040221379992336544
7.717914134067126E-4
0.008925068368115506
0.004665774299319001
0.004893007839344439
3.1964211304790445E-4
0.005253778210526577
1.196603349344737E-4
0.0029985612315489643
0.0013363460697675216
0.002564646640481033
0.007088408978574945
0.003968381605880227
0.004494082433335981
0.0032581204924861324
0.0027316316233746817
0.0038787944305251594
1.8197185517120973E-4
0.006855851221191178
4.676447933411751E-4
0.0010750718327803993
0.0011128644997109298
0.005623613428926592
3.9250546810144733E-4
0.0022611880803584676
0.00393420690735891
0.0036858444422859676
0.001388737416223924
0.007311953385150151
0.007974769722073827
0.004215586647221313
7.200303285172617E-4
0.0063742967037690584
0.005075478260558741
7.811349887293629E-4
0.005817605180681856
0.002056696126611764
0.0030958992250165107
0.0032484847315544844
0.0011822688064777734
0.004288853196993242
0.003305490035159728
0.0028155822884027475
0.0037798521904742945
0.004837628841948846
0.006539733844684649
0.005926629729677568
0.0011551292295774206
6.838954108103785E-4
0.006672468831397873
7.930879719243712E-4
0.0029468260458587587
0.004389020544099453
0.0021041399159857496
0.006236701371887181
0.004277039252170839
7.621732562248132E-4
0.00554900447364434
9.732962514797108E-4
5.833813464102506E-4
0.004146863969951567
5.05769764320104E-4
0.0057820073077815125
0.002335193870782326
0.0060925355325684135
0.007426074178776593
0.0077100234952994385
0.007870282472595589
0.0034835029994533685
0.003170149761925124
0.004974639364323288
0.0044443858574442175
0.003431545078057063
0.005007695170004917
0.004998472546633105
0.005750195667939923
0.00925085628868368
0.00781918178964708
0.0061029065921873425
0.005087861742711298
0.009126911606930212
0.003512300203401975
0.0015531459742644108
0.004580907594371777
0.0016782317862011223
0.005643919755355402
0.0037562510317521295
0.0011175984748580732
1.7297699395190953E-4
0.0022063935393860507
0.004961404516999462
0.0023920447090898965
1.8802016087794002E-4
0.0036063865260026816
0.001866166950825469
0.0023428256012698887
0.0031124299091616456
0.004635343520115612
0.0013248616776710197
0.004646532277705031
0.00263803211281937
1.490594447940955E-4
0.004642621086915572
0.004774419415263913
0.002479602332102607
0.0014509265700148072
0.0037659127662133364
0.0013260432536311426
9.937001256377237E-4
6.760824662180332E-4
0.0034392207598869192
4.8410157157850617E-4
0.0038373740059272636
0.0021624300588862725
0.0010084738318191077
0.001931923799552847
0.0017528089619708645
0.0017706907924353926
1.7740687515566984E-4
0.0060483588663387145
6.243932053847302E-4
0.0018464757340973716
6.268134959980075E-4
0.0020477271722596463
0.002391663451261428
0.005082104660259128
0.005255041322780537
0.006084915914487515
0.004922886196064211
0.0014519691950437672
0.005565109149758593
0.006089414256257467
0.0017500131862158556
0.004302430101281567
1.1234060574389727E-4
0.004039847262619433
0.0034150832281150353
0.004929454331247543
0.004748649008520136
0.004597214068561939
8.08544327904107E-4
8.941776851806047E-4
0.0047655807303648426
5.428757651349789E-4
8.260025144342857E-4
0.0060557468529937675
0.007688862828049099
0.0028712845868789296
0.003407260454577218
0.0035355976157260974
4.038266965858318E-5
0.0012023703479960863
0.006616169093295571
0.004328929101113032
0.0017749986343001242
0.002413273563113559
0.0020912098547415056
0.0023289734561387568
9.35551597442756E-4
0.001090911962061293
0.0021210471572316964
4.002549566197719E-4
0.0060308259905344054
0.0016899769775847685
0.0019705512526587772
0.00849484120551224
0.003105563231875518
0.007424400146496369
0.002521548292330911
0.0019742684166125964
0.004573988629926984
0.0028709433000575243
0.0018402266376573626
0.005095609099765592
0.006101062170870094
0.002492341064375993
0.004174822770047815
0.0011146186093134178
0.0026625757281651644
0.0031084862526158533
1.8683072811414436E-4
0.005495302213741768
0.00790556757783696
0.004269613537379803
0.003656529218574538
0.006939925927780727
0.0010447095198997528
0.004679183588870481
0.003406224526255315
0.008126643355655123
0.0026868087605860114
0.0062277973724613415
4.758406028755092E-4
0.0020094894336019626
0.003112735519392359
0.002232596194545735
0.00398897139739433
0.002985183160782793
0.0013802984371028768
0.00933599858043594
0.004805665530841171
0.001644485787299811
4.8002271866702257E-4
0.002122598086270358
7.100025781539082E-4
0.006604285058308126
5.804907966044044E-4
5.183105430827348E-5
0.005170394444938029
0.009843049237872619
0.005170394444938029
5.183105430827348E-5
5.804907966044044E-4
0.006604285058308126
7.100025781539082E-4
0.002122598086270358
4.8002271866702257E-4
0.001644485787299811
0.004805665530841171
0.00933599858043594
0.0013802984371028768
0.002985183160782793
0.00398897139739433
0.002232596194545735
0.003112735519392359
0.0020094894336019626
4.758406028755092E-4
0.0062277973724613415
0.0026868087605860114
0.008126643355655123
0.003406224526255315
0.004679183588870481
0.0010447095198997528
0.006939925927780727
0.003656529218574538
0.004269613537379803
0.00790556757783696
0.005495302213741768
1.8683072811414436E-4
0.0031084862526158533
0.0026625757281651644
0.0011146186093134178
0.004174822770047815
0.002492341064375993
0.006101062170870094
0.005095609099765592
0.0018402266376573626
0.0028709433000575243
0.004573988629926984
0.0019742684166125964
0.002521548292330911
0.007424400146496369
0.003105563231875518
0.00849484120551224
0.0019705512526587772
0.0016899769775847685
0.0060308259905344054
4.002549566197719E-4
0.0021210471572316964
0.001090911962061293
9.35551597442756E-4
0.0023289734561387568
0.0020912098547415056
0.002413273563113559
0.0017749986343001242
0.004328929101113032
0.006616169093295571
0.0012023703479960863
4.038266965858318E-5
0.0035355976157260974
0.003407260454577218
0.0028712845868789296
0.007688862828049099
0.0060557468529937675
8.260025144342857E-4
5.428757651349789E-4
0.0047655807303648426
8.941776851806047E-4
8.08544327904107E-4
0.004597214068561939
0.004748649008520136
0.004929454331247543
0.0034150832281150353
0.004039847262619433
1.1234060574389727E-4
0.004302430101281567
0.0017500131862158556
0.006089414256257467
0.005565109149758593
0.0014519691950437672
0.004922886196064211
0.006084915914487515
0.005255041322780537
0.005082104660259128
0.002391663451261428
0.0020477271722596463
6.268134959980075E-4
0.0018464757340973716
6.243932053847302E-4
0.0060483588663387145
1.7740687515566984E-4
0.0017706907924353926
0.0017528089619708645
0.001931923799552847
0.0010084738318191077
0.0021624300588862725
0.0038373740059272636
4.8410157157850617E-4
0.0034392207598869192
6.760824662180332E-4
9.937001256377237E-4
0.0013260432536311426
0.0037659127662133364
0.0014509265700148072
0.002479602332102607
0.004774419415263913
0.004642621086915572
1.490594447940955E-4
0.00263803211281937
0.004646532277705031
0.0013248616776710197
0.004635343520115612
0.0031124299091616456
0.0023428256012698887
0.001866166950825469
0.0036063865260026816
1.8802016087794002E-4
0.0023920447090898965
0.004961404516999462
0.0022063935393860507
1.7297699395190953E-4
0.0011175984748580732
0.0037562510317521295
0.005643919755355402
0.0016782317862011223
0.004580907594371777
0.0015531459742644108
0.003512300203401975
0.009126911606930212
0.005087861742711298
0.0061029065921873425
0.00781918178964708
0.00925085628868368
0.005750195667939923
0.004998472546633105
0.005007695170004917
0.003431545078057063
0.0044443858574442175
0.004974639364323288
0.003170149761925124
0.0034835029994533685
0.007870282472595589
0.0077100234952994385
0.007426074178776593
0.0060925355325684135
0.002335193870782326
0.0057820073077815125
5.05769764320104E-4
0.004146863969951567
5.833813464102506E-4
9.732962514797108E-4
0.00554900447364434
7.621732562248132E-4
0.004277039252170839
0.006236701371887181
0.0021041399159857496
0.004389020544099453
0.0029468260458587587
7.930879719243712E-4
0.006672468831397873
6.838954108103785E-4
0.0011551292295774206
0.005926629729677568
0.006539733844684649
0.004837628841948846
0.0037798521904742945
0.0028155822884027475
0.003305490035159728
0.004288853196993242
0.0011822688064777734
0.0032484847315544844
0.0030958992250165107
0.002056696126611764
0.005817605180681856
7.811349887293629E-4
0.005075478260558741
0.0063742967037690584
7.200303285172617E-4
0.004215586647221313
0.007974769722073827
0.007311953385150151
0.001388737416223924
0.0036858444422859676
0.00393420690735891
0.0022611880803584676
3.9250546810144733E-4
0.005623613428926592
0.0011128644997109298
0.0010750718327803993
4.676447933411751E-4
0.006855851221191178
1.8197185517120973E-4
0.0038787944305251594
0.0027316316233746817
0.0032581204924861324
0.004494082433335981
0.003968381605880227
0.007088408978574945
0.002564646640481033
0.0013363460697675216
0.0029985612315489643
1.196603349344737E-4
0.005253778210526577
3.1964211304790445E-4
0.004893007839344439
0.004665774299319001
0.008925068368115506
7.717914134067126E-4
0.0040221379992336544
0.003969057356437596
0.004978094481157841
0.0035644897548352834
0.008542055327664349
0.008350907677770953
0.00740315931265578
0.004982363619921832
0.002720694695443893
0.008406891522376912
0.0021337770926818313
0.006087377316672864
0.005260184096060371
0.003015756477457003
0.004197812119655905
3.21727129535954E-4
0.0031777500197121057
0.0012820143177190585
0.004242032179557572
5.217229176770283E-4
0.003414073386466686
0.0029312333583871863
0.0035934941662074636
0.0035571744125870225
3.643279622307931E-4
0.011231185814706926
0.006781957011091413
0.0037911982050795956
2.5071892089529327E-4
0.0013353330787506917
0.005047852119972667
0.0031610271725428882
4.8001613611929026E-4
0.0021300087751657546
0.006459650470421332
0.0019416870942623482
0.002718319769345207
0.014528496055494737
0.0032594056625502355
0.0032484253269498553
0.00834201533447896
0.005392866572047067
0.006684444425399816
0.006269516453904178
0.0016613486727365316
0.0051097139659856605
0.002526139118095046
0.01004635860049901
0.009497931574905676
0.009849980521996895
0.002095764238775241
0.00299005223525757
0.0010067989672393543
0.015284842175755035
3.53429471599791E-4
0.003600167851346822
0.005041140428828647
0.005058978485636419
0.006139577856866781
0.011978262624916356
0.007788295139420646
0.010529770477088952
0.015121029389476182
9.642848939018327E-4
0.002654417948659849
0.011374752671883835
0.0013705702665680589
0.016559412060964313
0.0030089247796103447
0.017217752975092572
0.005633913605044523
0.020377147160274528
0.002734319005388817
0.008555127381112016
6.613441282419296E-4
0.00546911708348987
3.886401212172396E-4
0.00598110939675549
0.014401678949122022
0.008874510797105722
8.433342511656654E-4
0.009282302653393684
0.009773523065063967
0.0068017471495708534
0.010041663294905672
0.014893556978402275
0.001291664113107406
0.012800772752628687
3.011763688893764E-4
0.004992972668349696
0.004544054790775033
0.011942964032499469
0.004444579541188796
0.001353029073109089
0.001004314290410692
0.0123576623830773
0.009728164549448942
4.175540586608539E-4
0.0064508476272510055
0.00943292218629459
0.0020560938493669177
0.007165705875867353
1.7968615859138747E-4
0.003218276561845092
0.0095663539974558
0.01978140570291752
0.01081008079837593
0.007282902171290115
0.0050286467876282945
0.0033684528381314627
0.008951441672492162
0.03571883646332186
6.803178582553786E-4
0.0044306975213078805
0.025118200556453602
0.01234240475198466
0.024124720267775852
0.005703656495361392
0.0076629711445711825
0.016096473668288855
0.002928321815201688
0.03197527052296798
0.017019115913165957
3.0284577970327687E-4
0.006433032037733823
0.01440386399900249
0.02390920824582792
0.07368016118029204
0.10795184654806214
0.06368283620125204
0.08316017477360366
0.025634028486176016
0.028767840333513296
0.07942507917623358
0.06490702281538928
0.09278866160851762
0.23652017776975684
0.05877245156958461
0.0073409418341463
0.057200518629284186
0.14310632341640403
0.009632880918681348
0.06080092676306345
0.1408413116327135
0.08492474442057187
0.18458679875488995
0.04330938973536172
0.13512421575892697
0.0776840334259144
0.020696941182647092
0.15633617112853226
0.12331664457803411
0.06795125462610341
0.008023311600072395
0.019346062384842728
0.1429949414401115
0.11576496886068902
0.024651854655982623
0.08226635946603503
0.11723334167154732
0.08273664854493483
0.04851752594741816
0.024818016604836537
0.023111004132565657
0.04311461628640529
0.09914152063199067
0.09802906599273024
0.010199433265040251
0.0549210827207586
0.03410377177134631
0.05075899485348336
0.07404241364575469
0.0343523624599749
0.07643253989256465
0.001854869628689986
0.10707399613448554
0.09355570165667773
0.015657741174896777
0.10362244452179305
0.04123058404651653
0.07847864927327203
0.006481978619869271
0.020323670849457083
0.044792301241304455
0.02540842492053294
0.03950994056140029
0.03416184359858179
0.05338072450833416
0.08735350738431927
0.04747386205020405
0.020647204716510357
0.05443096176139703
0.0238055415245698
2.910822556924152E-4
0.14091541354086393
0.007225798346339223
0.09527602879632387
0.07436552896747282
0.01372960155893078
0.18376804291525795
0.08012045983235776
0.033352102729069424
0.17635075413167123
0.10691610137590957
0.04311880526756417
0.0034251462860874354
0.15999197492376704
0.10296142257601121
0.048393351638756764
0.08680601900916572
0.07118652751670747
0.03612642593513292
0.06288143131125175
0.06202942398186414
0.10724743223495278
0.1510667655503967
0.07198448390403553
0.14566999436045702
0.13197940919268128
0.5290252934758708
0.10216714309403452
0.16202560529739915
0.074530983875332
0.08524297489121305
0.08830115423915055
0.3170167372602634
1.0
0.6338082333402113
0.14290428176580677
7.684598226615022E-4
0.15630910841087678
0.8531266879169527
0.3899797755346898
0.4682279629852484
0.19999951632283128
0.12778586194493527
0.054773843277935975
0.3432943097482118
0.21679768558664364
0.16176449738432033
0.02824252821757844
0.1650590897051326
0.12168173894740586
0.1060496951676547
0.32533411263630335
0.30474865219677305
0.0634415283885246
0.306170891967406
0.13788895659880201
0.10772895615335683
0.1496281933409542
0.1524190474751616
0.14532237044340124
