0.06598245810038383
0.08394522005770337
0.07709285135789257
0.06651511965374052
0.04392819715204263
0.010205406846392921
0.23718188742301413
0.06343498576324226
0.08243643414771352
0.4638882047189438
0.013335561026770542
0.05568847153931604
0.05910088517161283
0.27767932810672147
0.10702139280927725
0.2358778157050825
0.3047488850294656
0.15370920113917463
0.13988513642074893
0.15993702518460243
0.31644824410947753
0.4841174890240401
0.6004206143281146
0.3750937077120416
0.407488411738428
0.6306580659649379
0.2209172287322431
0.26981622343199674
0.060905596466228444
0.11830582560605642
0.16957591143019835
0.18755159762041218
0.19285180343691646
0.4101806055567658
0.17056629368772058
0.06575649240440254
0.27644476503732485
0.32670398663985123
0.48987429496217866
0.031415681654371426
0.19314429707232772
0.2782339990602906
0.5174149965360236
0.10114316797622316
0.2650373802581537
0.011249734359491009
0.04472122882224755
0.3024161022297426
0.5190727073952973
0.24102922636791693
0.2645328864698702
0.040383399143581834
0.10916189213779262
0.10637556930585576
0.0996702941268006
0.08604028524380294
0.2881361470189724
0.4114953130762157
0.11129434397085149
0.2804375972858887
0.1276689357941631
0.00824747128210531
0.3531080619409065
0.06571255092844525
0.017813928536145933
0.11536234670610533
0.10533983250427197
0.3386505766966361
0.09511661072955659
0.11306797543959905
0.08598894640343235
0.16800317685029956
0.10088619637903948
0.06975080306722821
0.27194987398863424
0.27030414226678456
0.16662426541560663
0.019196875890982835
0.04666386530509292
0.053010672292105716
0.4080600428629928
0.21348219379767455
0.0070697501032676476
0.1895146826895526
0.1116081480153861
0.01878381584142938
0.37426116588067154
0.0709206756202677
0.20896847393636012
0.2317495214759697
0.0729264329983499
0.05091163507755848
0.05500800620037583
0.13535305560329314
0.14975542281021786
0.04529668467092648
0.009994709608802065
0.2550740904823983
0.08431945473189557
0.17281828068618335
0.24671671346283777
0.002099012160243802
0.248815152838895
0.3649913204564902
0.3508136322336281
0.013387223847182349
0.030592264748603517
0.898209937472551
0.15408531137399942
0.7380434794674006
0.3222131096011159
0.8669801655938987
0.3836193293032521
0.03967268387078641
0.0808140952190516
0.6239153272730006
0.215292766974926
0.8521134692126887
0.34543892275309773
0.37449412807995197
0.11318152145138076
0.19972845592044683
0.032339655635627615
0.9694987635906378
0.13197939702702804
1.0
0.5196922249200052
0.3116092405706431
0.17439261395035105
0.07547517346646049
0.18940802388481484
0.06535005030911453
0.08228155965373637
0.1557658956903517
0.0968243972197053
0.10131698584493383
0.04439424968664436
0.08196875493286852
0.08992046490761144
0.08226068104162064
0.04433589862563446
0.005594114815424295
0.0042516098673018995
0.04238438019990765
0.06241990196707914
0.04994731238746836
0.05388420361752496
0.018772661463368406
0.006574053124367599
0.043468256172206184
0.025659817977439336
0.07997055977821318
0.014427167635125547
0.09045913057056455
0.025908563305392734
0.0031056598764678464
0.03417107136494455
0.029458861806212294
0.022190046298398873
0.025444835732410426
0.043198032769978335
0.003490343997824581
0.005328370514362497
0.011967972763104427
0.014020025620963172
0.03433668494108715
0.001591688073889365
0.009092658557503427
0.01857821436146608
0.04403730563682423
0.07372571455571254
0.030208934043856307
0.01019559105577249
0.0033030728508409418
0.02388159257797802
0.05117269954293089
0.033457838477024014
0.045611638872674054
0.016288051366225114
0.05774883225078992
0.008193533798889846
0.009630586245298197
0.03580330462657659
2.801199622847857E-4
0.06216938471461266
0.03179863847683242
0.016923146539608067
0.04254859818362745
0.019086305380242325
0.0288656687694105
0.00536633307452909
0.007326997357900274
0.006662010135458067
0.03502539260633712
0.01897288098036644
0.058278207005243214
0.01647152976729433
0.038266290717209675
0.02281321332801531
0.005658720741995442
0.0049624735836297194
0.011935426537850792
0.009967749515421634
0.021893049019114274
0.023391207680800618
0.037754027093190104
0.024198739648859845
0.01713266662095745
0.04653236980133377
0.0062881635746085875
0.029894052591665422
0.023120704430052697
0.005159703930538545
0.011332600988653962
0.020744295103203827
0.013850552290079227
0.021846165782331516
0.004174475211454901
0.00832879316770394
0.006070960450803882
5.772811564465191E-4
0.0016475726155119944
0.015321958271407128
6.880470294539071E-4
0.019045738203530158
0.004248014422098157
0.0026864294293160555
0.018205639802905675
0.00705667678999874
0.014500585356635514
0.004607820004038839
0.012284058934257325
0.0018113368693248415
0.011574379023933368
0.006063819857986364
0.010064119894612384
0.005423751449519096
0.012979943950458582
0.01701270233343079
0.0023068908779595027
0.01075859905890807
0.0012164636436141193
0.016037105564880857
9.763554971167657E-4
0.002555624803131918
0.020865428932814466
0.020030543155465475
0.019025029039467733
0.028531791262267535
0.006773486425792138
0.025118523384261144
0.004080595920851517
0.017791060293848932
0.00648078349167384
0.0024637949369666384
0.01510289767233223
0.02425141100259008
0.004469642557929968
0.016357098871276184
0.0014801626909656644
0.005842412832634353
0.008136076743681974
0.00857092958480164
0.010520861618039373
0.0069653911402175585
0.028307925612519817
0.008043333788793188
0.00447891489711817
0.02836900470754281
0.016370513469407395
0.001035868290433064
0.02354397409092728
0.011152997537306721
0.039897767008533536
0.02313248472364648
0.0450977496894727
0.03166487357194848
0.02737922394141419
0.011303364417565975
0.008576183190991163
0.022088254424132137
0.01594367675851548
0.046734686019364986
0.04793228873192495
0.04429747706827928
0.03134374583037283
0.032538201205081996
0.02683615570655782
0.006678419600763563
0.002661730034491352
0.026269409569398144
0.03822732541520218
0.020717146092694146
0.036605606163963265
0.035444395739621215
0.02538889276334625
0.003351893126726779
0.014857782196082392
0.015559405662732147
0.01838143436943766
0.017352808999356886
0.020831001177169167
0.028558633914626923
0.008111215632679063
0.025315037565426635
0.012107134969307726
0.007139181414100755
0.023177314835022823
0.022891398836489118
0.025119478968041464
0.024159812460138597
0.008199926397136391
0.013358786938759791
0.005031749956028848
0.01113345799243793
0.001352224822608122
0.024652045782563067
0.011784312161401904
0.01601806315286879
0.006791356782839752
0.01859373831400745
3.375648028698509E-4
0.0037948591632539002
0.003927899698397871
0.007467552159785995
0.004138400629568039
0.0012593783943067414
5.791543043799296E-5
0.005774668182209664
0.004255743911887251
0.0063354680969205535
0.006188247461096109
0.005966906403997376
0.019470360192124912
0.0032824632106028574
0.027774554449064626
0.008777945861530391
0.0169226743118293
0.0015747779585725378
0.00318341343580962
0.014150651288379208
0.02344358003965504
0.024084024915538158
0.03615625107330083
0.027394713636089446
0.023500658206709327
0.023581299147247416
0.0034551375700538327
0.004647521089422827
0.023081069439978816
0.019392493647772315
0.039824631826670086
0.03088510822858438
0.04017930940005755
0.027464153051054114
0.022402878118284272
0.008694519020514104
8.011464191642574E-4
0.012874871307509904
0.01908062863930047
0.03108507628542293
0.02622545922681143
0.03120415921685177
0.019813086863433686
0.019052135332341524
0.00686169898817526
0.007686368830818575
0.00886315827934233
0.0039003763233866015
0.015029682843976842
0.006315436707565313
0.013171641881906651
0.006424450928596514
0.0068819816108668785
0.0015859030971471454
0.0013942271749689593
6.461992276589287E-4
0.0023534844492587503
0.0022089356443533025
0.00801214639193511
0.004810085001130507
0.013460582321028295
0.0016272000243725989
0.012248875922933701
7.790526179565417E-6
0.005657602154562223
5.093729809092795E-4
0.004488281588667696
0.00383389358256419
0.008575037498730701
0.007866277566192362
0.004216058924369171
0.008999736508611304
0.003942846062664148
0.006131313758515434
0.00935791406563341
2.8492889025596844E-4
0.009460071228764544
0.003250465998687842
0.006014366394990311
0.001329025953791349
0.002476383947913156
0.004868053681937573
0.001028335433605814
0.009473773220223778
0.0029540238847791476
0.00845278970474816
0.0025905098785810156
0.0038535396581106866
0.0011507725277957854
2.7235634363354406E-4
0.0063649360482132605
6.404359561997145E-4
0.009785483087925253
0.0016525542724671809
0.009135522931683862
0.004224291717104258
0.004601367205830011
0.00419323549167671
0.0013767666404480195
0.0020174680406049037
0.0036003581383452716
8.926799324745556E-4
6.499198646979543E-4
0.0020343875515854734
0.0050523119343986655
0.0046346120232545664
0.008203028682871
0.005931988567285902
0.006457751346954212
0.004711543510636645
0.0018381929009892608
0.002346435010462406
9.913521618978586E-4
6.036062406572565E-4
8.445775474376875E-4
1.8020930870624627E-4
0.005863477748143235
4.3922994067869983E-4
0.009467334747690018
2.1074627466545473E-4
0.008414144648054758
3.13044793464624E-4
0.0035217153248087887
0.0026424657889228906
0.0015824457013140529
0.007059365150388063
0.003803191646376947
0.011575573856806014
0.0030525566182020097
0.012468246082293901
0.001344496593569562
0.008426724923841692
1.5400679820756292E-4
0.0020508413961631065
0.0014157240893419522
0.0024529536605422835
0.00410186019745608
0.0028617361067228594
0.00804400559189401
4.96696319855382E-4
0.011258903125129303
0.001018118672865783
0.011258903125129303
4.96696319855382E-4
0.00804400559189401
0.0028617361067228594
0.00410186019745608
0.0024529536605422835
0.0014157240893419522
0.0020508413961631065
1.5400679820756292E-4
0.008426724923841692
0.001344496593569562
0.012468246082293901
0.0030525566182020097
0.011575573856806014
0.003803191646376947
0.007059365150388063
0.0015824457013140529
0.0026424657889228906
0.0035217153248087887
3.13044793464624E-4
0.008414144648054758
2.1074627466545473E-4
0.009467334747690018
4.3922994067869983E-4
0.005863477748143235
1.8020930870624627E-4
8.445775474376875E-4
6.036062406572565E-4
9.913521618978586E-4
0.002346435010462406
0.0018381929009892608
0.004711543510636645
0.006457751346954212
0.005931988567285902
0.008203028682871
0.0046346120232545664
0.0050523119343986655
0.0020343875515854734
6.499198646979543E-4
8.926799324745556E-4
0.0036003581383452716
0.0020174680406049037
0.0013767666404480195
0.00419323549167671
0.004601367205830011
0.004224291717104258
0.009135522931683862
0.0016525542724671809
0.009785483087925253
6.404359561997145E-4
0.0063649360482132605
2.7235634363354406E-4
0.0011507725277957854
0.0038535396581106866
0.0025905098785810156
0.00845278970474816
0.0029540238847791476
0.009473773220223778
0.001028335433605814
0.004868053681937573
0.002476383947913156
0.001329025953791349
0.006014366394990311
0.003250465998687842
0.009460071228764544
2.8492889025596844E-4
0.00935791406563341
0.006131313758515434
0.003942846062664148
0.008999736508611304
0.004216058924369171
0.007866277566192362
0.008575037498730701
0.00383389358256419
0.004488281588667696
5.093729809092795E-4
0.005657602154562223
7.790526179565417E-6
0.012248875922933701
0.0016272000243725989
0.013460582321028295
0.004810085001130507
0.00801214639193511
0.0022089356443533025
0.0023534844492587503
6.461992276589287E-4
0.0013942271749689593
0.0015859030971471454
0.0068819816108668785
0.006424450928596514
0.013171641881906651
0.006315436707565313
0.015029682843976842
0.0039003763233866015
0.00886315827934233
0.007686368830818575
0.00686169898817526
0.019052135332341524
0.019813086863433686
0.03120415921685177
0.02622545922681143
0.03108507628542293
0.01908062863930047
0.012874871307509904
8.011464191642574E-4
0.008694519020514104
0.022402878118284272
0.027464153051054114
0.04017930940005755
0.03088510822858438
0.039824631826670086
0.019392493647772315
0.023081069439978816
0.004647521089422827
0.0034551375700538327
0.023581299147247416
0.023500658206709327
0.027394713636089446
0.03615625107330083
0.024084024915538158
0.02344358003965504
0.014150651288379208
0.00318341343580962
0.0015747779585725378
0.0169226743118293
0.008777945861530391
0.027774554449064626
0.0032824632106028574
0.019470360192124912
0.005966906403997376
0.006188247461096109
0.0063354680969205535
0.004255743911887251
0.005774668182209664
5.791543043799296E-5
0.0012593783943067414
0.004138400629568039
0.007467552159785995
0.003927899698397871
0.0037948591632539002
3.375648028698509E-4
0.01859373831400745
0.006791356782839752
0.01601806315286879
0.011784312161401904
0.024652045782563067
0.001352224822608122
0.01113345799243793
0.005031749956028848
0.013358786938759791
0.008199926397136391
0.024159812460138597
0.025119478968041464
0.022891398836489118
0.023177314835022823
0.007139181414100755
0.012107134969307726
0.025315037565426635
0.008111215632679063
0.028558633914626923
0.020831001177169167
0.017352808999356886
0.01838143436943766
0.015559405662732147
0.014857782196082392
0.003351893126726779
0.02538889276334625
0.035444395739621215
0.036605606163963265
0.020717146092694146
0.03822732541520218
0.026269409569398144
0.002661730034491352
0.006678419600763563
0.02683615570655782
0.032538201205081996
0.03134374583037283
0.04429747706827928
0.04793228873192495
0.046734686019364986
0.01594367675851548
0.022088254424132137
0.008576183190991163
0.011303364417565975
0.02737922394141419
0.03166487357194848
0.0450977496894727
0.02313248472364648
0.039897767008533536
0.011152997537306721
0.02354397409092728
0.001035868290433064
0.016370513469407395
0.02836900470754281
0.00447891489711817
0.008043333788793188
0.028307925612519817
0.0069653911402175585
0.010520861618039373
0.00857092958480164
0.008136076743681974
0.005842412832634353
0.0014801626909656644
0.016357098871276184
0.004469642557929968
0.02425141100259008
0.01510289767233223
0.0024637949369666384
0.00648078349167384
0.017791060293848932
0.004080595920851517
0.025118523384261144
0.006773486425792138
0.028531791262267535
0.019025029039467733
0.020030543155465475
0.020865428932814466
0.002555624803131918
9.763554971167657E-4
0.016037105564880857
0.0012164636436141193
0.01075859905890807
0.0023068908779595027
0.01701270233343079
0.012979943950458582
0.005423751449519096
0.010064119894612384
0.006063819857986364
0.011574379023933368
0.0018113368693248415
0.012284058934257325
0.004607820004038839
0.014500585356635514
0.00705667678999874
0.018205639802905675
0.0026864294293160555
0.004248014422098157
0.019045738203530158
6.880470294539071E-4
0.015321958271407128
0.0016475726155119944
5.772811564465191E-4
0.006070960450803882
0.00832879316770394
0.004174475211454901
0.021846165782331516
0.013850552290079227
0.020744295103203827
0.011332600988653962
0.005159703930538545
0.023120704430052697
0.029894052591665422
0.0062881635746085875
0.04653236980133377
0.01713266662095745
0.024198739648859845
0.037754027093190104
0.023391207680800618
0.021893049019114274
0.009967749515421634
0.011935426537850792
0.0049624735836297194
0.005658720741995442
0.02281321332801531
0.038266290717209675
0.01647152976729433
0.058278207005243214
0.01897288098036644
0.03502539260633712
0.006662010135458067
0.007326997357900274
0.00536633307452909
0.0288656687694105
0.019086305380242325
0.04254859818362745
0.016923146539608067
0.03179863847683242
0.06216938471461266
2.801199622847857E-4
0.03580330462657659
0.009630586245298197
0.008193533798889846
0.05774883225078992
0.016288051366225114
0.045611638872674054
0.033457838477024014
0.05117269954293089
0.02388159257797802
0.0033030728508409418
0.01019559105577249
0.030208934043856307
0.07372571455571254
0.04403730563682423
0.01857821436146608
0.009092658557503427
0.001591688073889365
0.03433668494108715
0.014020025620963172
0.011967972763104427
0.005328370514362497
0.003490343997824581
0.043198032769978335
0.025444835732410426
0.022190046298398873
0.029458861806212294
0.03417107136494455
0.0031056598764678464
0.025908563305392734
0.09045913057056455
0.014427167635125547
0.07997055977821318
0.025659817977439336
0.043468256172206184
0.006574053124367599
0.018772661463368406
0.05388420361752496
0.04994731238746836
0.06241990196707914
0.04238438019990765
0.0042516098673018995
0.005594114815424295
0.04433589862563446
0.08226068104162064
0.08992046490761144
0.08196875493286852
0.04439424968664436
0.10131698584493383
0.0968243972197053
0.1557658956903517
0.08228155965373637
0.06535005030911453
0.18940802388481484
0.07547517346646049
0.17439261395035105
0.3116092405706431
0.5196922249200052
1.0
0.13197939702702804
0.9694987635906378
0.032339655635627615
0.19972845592044683
0.11318152145138076
0.37449412807995197
0.34543892275309773
0.8521134692126887
0.215292766974926
0.6239153272730006
0.0808140952190516
0.03967268387078641
0.3836193293032521
0.8669801655938987
0.3222131096011159
0.7380434794674006
0.15408531137399942
0.898209937472551
0.030592264748603517
0.013387223847182349
0.3508136322336281
0.3649913204564902
0.248815152838895
0.002099012160243802
0.24671671346283777
0.17281828068618335
0.08431945473189557
0.2550740904823983
0.009994709608802065
0.04529668467092648
0.14975542281021786
0.13535305560329314
0.05500800620037583
0.05091163507755848
0.0729264329983499
0.2317495214759697
0.20896847393636012
0.0709206756202677
0.37426116588067154
0.01878381584142938
0.1116081480153861
0.1895146826895526
0.0070697501032676476
0.21348219379767455
0.4080600428629928
0.053010672292105716
0.04666386530509292
0.019196875890982835
0.16662426541560663
0.27030414226678456
0.27194987398863424
0.06975080306722821
0.10088619637903948
0.16800317685029956
0.08598894640343235
0.11306797543959905
0.09511661072955659
0.3386505766966361
0.10533983250427197
0.11536234670610533
0.017813928536145933
0.06571255092844525
0.3531080619409065
0.00824747128210531
0.1276689357941631
0.2804375972858887
0.11129434397085149
0.4114953130762157
0.2881361470189724
0.08604028524380294
0.0996702941268006
0.10637556930585576
0.10916189213779262
0.040383399143581834
0.2645328864698702
0.24102922636791693
0.5190727073952973
0.3024161022297426
0.04472122882224755
0.011249734359491009
0.2650373802581537
0.10114316797622316
0.5174149965360236
0.2782339990602906
0.19314429707232772
0.031415681654371426
0.48987429496217866
0.32670398663985123
0.27644476503732485
0.06575649240440254
0.17056629368772058
0.4101806055567658
0.19285180343691646
0.18755159762041218
0.16957591143019835
0.11830582560605642
0.060905596466228444
0.26981622343199674
0.2209172287322431
0.6306580659649379
0.407488411738428
0.3750937077120416
0.6004206143281146
0.4841174890240401
0.31644824410947753
0.15993702518460243
0.13988513642074893
0.15370920113917463
0.3047488850294656
0.2358778157050825
0.10702139280927725
0.27767932810672147
0.05910088517161283
0.05568847153931604
0.013335561026770542
0.4638882047189438
0.08243643414771352
0.06343498576324226
0.23718188742301413
0.010205406846392921
0.04392819715204263
0.06651511965374052
0.07709285135789257
0.08394522005770337
