0.0
7.18987742465267E-5
4.564487987587342E-4
0.001627738833602816
0.004272450433442268
0.00915072834588337
0.016931311429581857
0.02802593152984706
0.04244884114247029
0.05972461942593057
0.07886143721840942
0.09839847217080161
0.11652623144530978
0.13126844342301414
0.1407052469369578
0.14321083693306225
0.1376754392143716
0.12368200233231749
0.10161235564130461
0.07266534446970292
0.03877973025029837
0.0024662107208868406
0.03343564335328969
0.06604985801148157
0.09277321123196072
0.1115650979779813
0.12118317397461781
0.12133518002523863
0.11272643371862083
0.09699430370695412
0.07653418644476877
0.05423452100335608
0.03314962719197075
0.01614723826324656
0.005571477093739268
0.0029611348436356442
0.008857457131753755
0.022725800658671906
0.04300258258872437
0.06726438743877429
0.09250162439469832
0.11546646545159463
0.13305548006359771
0.14268258150225477
0.142598262704332
0.1321166704832284
0.11172227353553141
0.08304158864760686
0.048681073982266454
0.011948057214760064
0.0235144230841759
0.05413740569389733
0.07683312276694179
0.0893517915410803
0.09054569476893834
0.08050850112511283
0.06057203769914601
0.033159279121760324
0.0015092367834048572
0.030695278381516037
0.0597542153495458
0.08238143558083129
0.09608959658243225
0.09948277638011392
0.0924212314650097
0.07603742058872218
0.052599838419455314
0.025239261036053548
0.0024314216201578426
0.026759509380893293
0.04450462914611495
0.053246482751705355
0.05169848830762739
0.039888097084790575
0.019179911225427233
0.007863825779385507
0.03777137989340734
0.06656623779885892
0.09024169221200502
0.1052492951613368
0.10894234499722229
0.09991969921171828
0.07822593879513874
0.045380119948984624
0.004225238991361587
0.04138815821506071
0.0870505468850079
0.1283237206303057
0.16129110202402805
0.1830620642422312
0.19216761972945676
0.1887956407354455
0.1748309741576236
0.15368757629752042
0.1299437319847922
0.10881484271506803
0.09551847290955491
0.09460093938567232
0.10930190583662251
0.14103218893740258
0.18903021062351116
0.2502451115697709
0.3194712176471121
0.3897317626216278
0.4528823898641117
0.5003799793006243
0.5241425618229218
0.5174137618462942
0.4755418434403918
0.39658956940563367
0.28170623625598645
0.1352159594083634
0.03559574378864472
0.22098467876213398
0.40949806505682734
0.5889044243931789
0.7472167097878407
0.8737118145802285
0.9598491021480665
1.0
0.9919190537029734
0.9369122402268362
0.8396881591359777
0.7079088579146018
0.5514862825531832
0.38169467220052017
0.21018616999357415
0.04800483016765054
0.0953076388057209
0.21243231321711337
0.2987569505341071
0.3525859213583191
0.37506725604881114
0.36985654506134
0.34256325022352674
0.30004532001083534
0.24963085282937844
0.19834975812772845
0.15225371744831614
0.11588999362231227
0.09197537879948119
0.0812930765314139
0.08281024711229858
0.09399007762183983
0.11125213311422098
0.13052048633469304
0.14779209385720324
0.1596586344446748
0.16372322203980777
0.1588679034487148
0.14534683040748173
0.12470118606786662
0.09951288858148107
0.0730324239837169
0.04872986813747661
0.029825808510493504
0.018859758929149394
0.017347848031357936
0.025569888039529472
0.04250987505532736
0.06595548010570608
0.09274333929037072
0.11912009921049398
0.14117611285089102
0.15530082888368218
0.15860706573499303
0.14927560013286192
0.1267812205490451
0.09197537879948126
0.04701713812844379
0.004838674526776355
0.05957131968811058
0.1128044221283834
0.16025079168542924
0.19814292512944023
0.22360288348118487
0.23491291675865814
0.23166001561094915
0.21474207155843344
0.186238819649584
0.14916544621207545
0.10713903344597447
0.06399656558114444
0.023407184456636896
0.01147955017994538
0.038313206676118275
0.0557230613648012
0.06338500690789994
0.0619733356014351
0.05300882725160652
0.03862562597803575
0.021287417931175754
0.003487615684478467
0.012531718121398396
0.025011451189645442
0.03283406174388624
0.03559574378864472
0.03358912736777137
0.02770447329993795
0.01926641947043828
0.009830084898165238
9.638790188045062E-4
0.005953572770013417
0.009898248927935305
0.010309226495980331
0.0071307815056006465
7.868931279141325E-4
0.007904452483529898
0.017862495972230698
0.02790073726913729
0.03688769857580715
0.0438899602917484
0.04827937878563006
0.049791989021856074
0.04853312023190118
0.04493075130029326
0.03964611062315023
0.0334560804842084
0.02712540064392241
0.021287572007895373
0.016351668363381235
0.01244824272260817
0.009421736673173633
0.0068700620828342236
0.004225238991361679
8.630553173789974E-4
0.0037745421149121866
0.01006263633718536
0.018099926455466087
0.02765357344736028
0.038152125751150005
0.048729868137476595
0.058318869984873074
0.06577828000487261
0.0700449184725285
0.07028570070983822
0.06603138664388236
0.05727277836675771
0.04450462914611492
0.02870870771496172
0.01127493756102453
0.006132618564221889
0.02175091875178368
0.03391453406619029
0.0412505474580986
0.042847992756702875
0.038380343662181314
0.028164546533707202
0.013147233899918951
0.005182765030085625
0.024947686586495505
0.044083849414936975
0.06057203769914603
0.0726690126913939
0.07911309677372522
0.0792791463726832
0.07326357044588602
0.06188778130203841
0.04661771294677117
0.029406745303008668
0.01247839858052248
0.0019275561206717343
0.011817261222088439
0.015683437909668006
0.012696720223298387
0.0028249907205034033
0.01313412434883199
0.033612832515209204
0.05641975201755812
0.07895859101105343
0.09849581696031873
0.11244854543423122
0.1186614310162178
0.1156423966006358
0.10273147675367797
0.0801843727183573
0.04916168689341778
0.011625155238506903
0.029847650605840537
0.07230987422633774
0.11272643371862094
0.1482594309828748
0.17652775196092746
0.19581407424022276
0.2051988240656538
0.20460913747518739
0.1947805715815915
0.17713904806174094
0.15361916626059458
0.12644161312545468
0.0978761918641753
0.07001760015548476
0.0445985033073297
0.022859038696682595
0.0054843574754719964
0.007386895150162898
0.016089062894868715
0.021304653738273907
0.02390784506131653
0.02479924658281455
0.024755150908236268
0.024311814596154297
0.023700006671132066
0.02283782934539136
0.021381587979140606
0.018826318003688496
0.01464051352584644
0.008414558367327461
0.0
0.010382536526625607
0.022085365522074973
0.03403806625944568
0.04481848110632154
0.0527858939405151
0.05626329892793237
0.05374842018699839
0.04412818744247834
0.026869396681028956
0.002159625227370192
0.029022929994014193
0.06492461643998736
0.10312100593974972
0.14070524693695782
0.1745441405337201
0.20157733868880715
0.21912891907855991
0.22519774740181037
0.21869392098871052
0.19959320402463376
0.16898929277012412
0.1290341798568697
0.08276870996232634
0.033857345368532236
0.013748136277138895
0.05618302014644146
0.09004424161482613
0.11272643371862096
0.12268395990914409
0.11959059598770645
0.1043788069955923
0.0791529163371931
0.04698357525931398
0.01160340687365641
0.022965823938777687
0.05281681158298841
0.07454995568684222
0.08561601390231426
0.08457304088567784
0.0712313025328863
0.046671423328892264
0.01313412434883205
0.026206849066754613
0.06756502694785138
0.10692169052923081
0.1404275036465676
0.1647844111836553
0.17756931151106248
0.17746737558842868
0.1643925097772794
0.13948429328394243
0.10498349452643316
0.06400063177961496
0.02020270449601405
0.022548904056224846
0.060572037699145966
0.09071120391925389
0.11062467483949714
0.11898406335580586
0.11556879438168188
0.1012490689288689
0.07786245654295847
0.04799993326628692
0.014725914304538757
0.01873724425691865
0.04932721762623157
0.07443002688336554
0.09211078746983645
0.10126594989552028
0.10168497526631488
0.09401918838511275
0.07966520343564087
0.060578812040817845
0.0390417118224292
0.01740733244636775
0.0021470159885391893
0.017836369661382315
0.028431894665841954
0.033357868356924135
0.032715160010297055
0.027232508496469902
0.01815436335010393
0.007080231138423339
0.004225238991361668
0.014030147714185117
0.020820227762568224
0.02345221045624503
0.02126145886317634
0.014115187489213765
0.002408716745938064
0.012991755056104675
0.030851073038441163
0.04969889044285979
0.06797996262129699
0.08420494550168317
0.09708667345441001
0.10564937729512755
0.10930190583662266
0.10787027077104856
0.10158924548589685
0.0910568363675758
0.07715880616748357
0.06097277154728517
0.043662565345914915
0.026373534657329854
0.010138355674605816
0.004198991622827865
0.0160359382539098
0.025038303768758995
0.031141753080566426
0.03453024545517604
0.03559574378864462
0.0348845593683154
0.03303614818466045
0.03072001143195024
0.02857570824743002
0.027160022750154725
0.026904209679087732
0.028083127912951554
0.030797078450755324
0.03496636537878806
0.040338016503330174
0.046503710495196034
0.052927701834157376
0.05898333924959895
0.06399656558114433
0.06729451436638233
0.06825696088484161
0.06636796194929671
0.0612645869393169
0.052779290083181565
0.04097230421214142
0.026150549844225723
0.008870028951713895
0.01008045131256029
0.029715117442170993
0.048905947519706706
0.06645382348989957
0.08117189922576945
0.09197537879948119
0.09797070046357856
0.09853648884163348
0.09338869992995952
0.08262320109535065
0.06673058003438842
0.04658015639385988
0.023372793303798278
0.0014350715888006244
0.02623101562353762
0.0493623087046317
0.06925840059697122
0.08455002161104484
0.09417472975551773
0.09745973627495319
0.09417472975551773
0.08455002161104484
0.06925840059697122
0.0493623087046317
0.02623101562353762
0.0014350715888006244
0.023372793303798278
0.04658015639385988
0.06673058003438842
0.08262320109535065
0.09338869992995952
0.09853648884163348
0.09797070046357856
0.09197537879948119
0.08117189922576945
0.06645382348989957
0.048905947519706706
0.029715117442170993
0.01008045131256029
0.008870028951713895
0.026150549844225723
0.04097230421214142
0.052779290083181565
0.0612645869393169
0.06636796194929671
0.06825696088484161
0.06729451436638233
0.06399656558114433
0.05898333924959895
0.052927701834157376
0.046503710495196034
0.040338016503330174
0.03496636537878806
0.030797078450755324
0.028083127912951554
0.026904209679087732
0.027160022750154725
0.02857570824743002
0.03072001143195024
0.03303614818466045
0.0348845593683154
0.03559574378864462
0.03453024545517604
0.031141753080566426
0.025038303768758995
0.0160359382539098
0.004198991622827865
0.010138355674605816
0.026373534657329854
0.043662565345914915
0.06097277154728517
0.07715880616748357
0.0910568363675758
0.10158924548589685
0.10787027077104856
0.10930190583662266
0.10564937729512755
0.09708667345441001
0.08420494550168317
0.06797996262129699
0.04969889044285979
0.030851073038441163
0.012991755056104675
0.002408716745938064
0.014115187489213765
0.02126145886317634
0.02345221045624503
0.020820227762568224
0.014030147714185117
0.004225238991361668
0.007080231138423339
0.01815436335010393
0.027232508496469902
0.032715160010297055
0.033357868356924135
0.028431894665841954
0.017836369661382315
0.0021470159885391893
0.01740733244636775
0.0390417118224292
0.060578812040817845
0.07966520343564087
0.09401918838511275
0.10168497526631488
0.10126594989552028
0.09211078746983645
0.07443002688336554
0.04932721762623157
0.01873724425691865
0.014725914304538757
0.04799993326628692
0.07786245654295847
0.1012490689288689
0.11556879438168188
0.11898406335580586
0.11062467483949714
0.09071120391925389
0.060572037699145966
0.022548904056224846
0.02020270449601405
0.06400063177961496
0.10498349452643316
0.13948429328394243
0.1643925097772794
0.17746737558842868
0.17756931151106248
0.1647844111836553
0.1404275036465676
0.10692169052923081
0.06756502694785138
0.026206849066754613
0.01313412434883205
0.046671423328892264
0.0712313025328863
0.08457304088567784
0.08561601390231426
0.07454995568684222
0.05281681158298841
0.022965823938777687
0.01160340687365641
0.04698357525931398
0.0791529163371931
0.1043788069955923
0.11959059598770645
0.12268395990914409
0.11272643371862096
0.09004424161482613
0.05618302014644146
0.013748136277138895
0.033857345368532236
0.08276870996232634
0.1290341798568697
0.16898929277012412
0.19959320402463376
0.21869392098871052
0.22519774740181037
0.21912891907855991
0.20157733868880715
0.1745441405337201
0.14070524693695782
0.10312100593974972
0.06492461643998736
0.029022929994014193
0.002159625227370192
0.026869396681028956
0.04412818744247834
0.05374842018699839
0.05626329892793237
0.0527858939405151
0.04481848110632154
0.03403806625944568
0.022085365522074973
0.010382536526625607
0.0
0.008414558367327461
0.01464051352584644
0.018826318003688496
0.021381587979140606
0.02283782934539136
0.023700006671132066
0.024311814596154297
0.024755150908236268
0.02479924658281455
0.02390784506131653
0.021304653738273907
0.016089062894868715
0.007386895150162898
0.0054843574754719964
0.022859038696682595
0.0445985033073297
0.07001760015548476
0.0978761918641753
0.12644161312545468
0.15361916626059458
0.17713904806174094
0.1947805715815915
0.20460913747518739
0.2051988240656538
0.19581407424022276
0.17652775196092746
0.1482594309828748
0.11272643371862094
0.07230987422633774
0.029847650605840537
0.011625155238506903
0.04916168689341778
0.0801843727183573
0.10273147675367797
0.1156423966006358
0.1186614310162178
0.11244854543423122
0.09849581696031873
0.07895859101105343
0.05641975201755812
0.033612832515209204
0.01313412434883199
0.0028249907205034033
0.012696720223298387
0.015683437909668006
0.011817261222088439
0.0019275561206717343
0.01247839858052248
0.029406745303008668
0.04661771294677117
0.06188778130203841
0.07326357044588602
0.0792791463726832
0.07911309677372522
0.0726690126913939
0.06057203769914603
0.044083849414936975
0.024947686586495505
0.005182765030085625
0.013147233899918951
0.028164546533707202
0.038380343662181314
0.042847992756702875
0.0412505474580986
0.03391453406619029
0.02175091875178368
0.006132618564221889
0.01127493756102453
0.02870870771496172
0.04450462914611492
0.05727277836675771
0.06603138664388236
0.07028570070983822
0.0700449184725285
0.06577828000487261
0.058318869984873074
0.048729868137476595
0.038152125751150005
0.02765357344736028
0.018099926455466087
0.01006263633718536
0.0037745421149121866
8.630553173789974E-4
0.004225238991361679
0.0068700620828342236
0.009421736673173633
0.01244824272260817
0.016351668363381235
0.021287572007895373
0.02712540064392241
0.0334560804842084
0.03964611062315023
0.04493075130029326
0.04853312023190118
0.049791989021856074
0.04827937878563006
0.0438899602917484
0.03688769857580715
0.02790073726913729
0.017862495972230698
0.007904452483529898
7.868931279141325E-4
0.0071307815056006465
0.010309226495980331
0.009898248927935305
0.005953572770013417
9.638790188045062E-4
0.009830084898165238
0.01926641947043828
0.02770447329993795
0.03358912736777137
0.03559574378864472
0.03283406174388624
0.025011451189645442
0.012531718121398396
0.003487615684478467
0.021287417931175754
0.03862562597803575
0.05300882725160652
0.0619733356014351
0.06338500690789994
0.0557230613648012
0.038313206676118275
0.01147955017994538
0.023407184456636896
0.06399656558114444
0.10713903344597447
0.14916544621207545
0.186238819649584
0.21474207155843344
0.23166001561094915
0.23491291675865814
0.22360288348118487
0.19814292512944023
0.16025079168542924
0.1128044221283834
0.05957131968811058
0.004838674526776355
0.04701713812844379
0.09197537879948126
0.1267812205490451
0.14927560013286192
0.15860706573499303
0.15530082888368218
0.14117611285089102
0.11912009921049398
0.09274333929037072
0.06595548010570608
0.04250987505532736
0.025569888039529472
0.017347848031357936
0.018859758929149394
0.029825808510493504
0.04872986813747661
0.0730324239837169
0.09951288858148107
0.12470118606786662
0.14534683040748173
0.1588679034487148
0.16372322203980777
0.1596586344446748
0.14779209385720324
0.13052048633469304
0.11125213311422098
0.09399007762183983
0.08281024711229858
0.0812930765314139
0.09197537879948119
0.11588999362231227
0.15225371744831614
0.19834975812772845
0.24963085282937844
0.30004532001083534
0.34256325022352674
0.36985654506134
0.37506725604881114
0.3525859213583191
0.2987569505341071
0.21243231321711337
0.0953076388057209
0.04800483016765054
0.21018616999357415
0.38169467220052017
0.5514862825531832
0.7079088579146018
0.8396881591359777
0.9369122402268362
0.9919190537029734
1.0
0.9598491021480665
0.8737118145802285
0.7472167097878407
0.5889044243931789
0.40949806505682734
0.22098467876213398
0.03559574378864472
0.1352159594083634
0.28170623625598645
0.39658956940563367
0.4755418434403918
0.5174137618462942
0.5241425618229218
0.5003799793006243
0.4528823898641117
0.3897317626216278
0.3194712176471121
0.2502451115697709
0.18903021062351116
0.14103218893740258
0.10930190583662251
0.09460093938567232
0.09551847290955491
0.10881484271506803
0.1299437319847922
0.15368757629752042
0.1748309741576236
0.1887956407354455
0.19216761972945676
0.1830620642422312
0.16129110202402805
0.1283237206303057
0.0870505468850079
0.04138815821506071
0.004225238991361587
0.045380119948984624
0.07822593879513874
0.09991969921171828
0.10894234499722229
0.1052492951613368
0.09024169221200502
0.06656623779885892
0.03777137989340734
0.007863825779385507
0.019179911225427233
0.039888097084790575
0.05169848830762739
0.053246482751705355
0.04450462914611495
0.026759509380893293
0.0024314216201578426
0.025239261036053548
0.052599838419455314
0.07603742058872218
0.0924212314650097
0.09948277638011392
0.09608959658243225
0.08238143558083129
0.0597542153495458
0.030695278381516037
0.0015092367834048572
0.033159279121760324
0.06057203769914601
0.08050850112511283
0.09054569476893834
0.0893517915410803
0.07683312276694179
0.05413740569389733
0.0235144230841759
0.011948057214760064
0.048681073982266454
0.08304158864760686
0.11172227353553141
0.1321166704832284
0.142598262704332
0.14268258150225477
0.13305548006359771
0.11546646545159463
0.09250162439469832
0.06726438743877429
0.04300258258872437
0.022725800658671906
0.008857457131753755
0.0029611348436356442
0.005571477093739268
0.01614723826324656
0.03314962719197075
0.05423452100335608
0.07653418644476877
0.09699430370695412
0.11272643371862083
0.12133518002523863
0.12118317397461781
0.1115650979779813
0.09277321123196072
0.06604985801148157
0.03343564335328969
0.0024662107208868406
0.03877973025029837
0.07266534446970292
0.10161235564130461
0.12368200233231749
0.1376754392143716
0.14321083693306225
0.1407052469369578
0.13126844342301414
0.11652623144530978
0.09839847217080161
0.07886143721840942
0.05972461942593057
0.04244884114247029
0.02802593152984706
0.016931311429581857
0.00915072834588337
0.004272450433442268
0.001627738833602816
4.564487987587342E-4
7.18987742465267E-5
