0.12287824809447145
0.01150999455003737
0.0994621008048808
0.09209072694555746
0.2938092814228896
0.07206312890641535
0.0035424528005605234
0.2390492490821936
0.2862218308638716
0.09107199852534907
0.05939471996617528
0.24332898484401064
0.12424399382185893
0.21453694017393776
0.6398252987024514
0.21114334431688328
0.661775653669608
0.1692371859591212
0.01597437370062301
0.41926823923296674
0.008303156049170406
0.177616696330264
0.10948225688809936
0.3845892973441891
1.0
0.2676757673254934
0.3777566575117959
0.23203048883496769
0.11433116829073006
0.3457307860770546
0.1109970137119619
0.1841345274826356
0.2293964613505389
0.07423007129969153
0.16337230645738604
0.06892324534697253
0.09221175580139072
0.11444744450851545
0.08297344796956618
0.03760884283855173
0.009677638518575282
0.13357549785367237
0.07737359065968694
0.04025110590144697
0.22435410150914498
0.1844386536770596
0.13423874556864548
0.24642214626683864
0.1090335807174458
0.05271654302826112
0.07927218840841281
0.13274421569537853
0.020595911476498342
0.06718146963538119
0.13341368447049348
0.0156863328351918
0.11361632422142252
0.1961073549654358
0.031221631217796125
0.025015437637446084
0.001253203864768855
0.031843360648845964
0.03497116529105111
0.20203441723138124
0.24080197787823165
0.16450504220458367
0.14230310276586935
0.006059092539726441
0.04740812210705001
0.08080016374920024
0.018503047252090694
0.08107992120849149
0.03430129549770629
0.0011258512027220574
0.024259346520712783
0.029340589113606624
0.008657343231444143
0.10507663630780145
0.06485552673106366
0.03603631199704816
0.1362741052685813
0.025302561428949554
0.12967779663005558
0.045417537248343964
0.10298962422872703
0.14953881813306028
0.12000448314044901
0.10719081018118913
0.28442872630171995
0.14527916276832525
0.03345653900160383
0.09015155686368881
0.004785054887783752
0.03422421518250427
0.1569073377739826
0.1941111170662632
0.05087160703111134
0.01965168009147788
0.13508720086719647
0.12661885250363267
0.04578790535642143
0.031818331709673374
0.0047090943227400634
0.05065105498962897
0.18124693068083278
0.05469435476650489
0.16633507373025366
0.16743277482264707
0.0644937883757413
0.05048318641979107
0.07048905874686393
0.1429349059019261
0.1514235195923035
0.22513892796128573
0.2800354262629376
0.2744169332360465
0.36466738143049077
0.4498708310559723
0.3415734359544319
0.3150723516257449
0.19836027199717454
0.16406818409665141
0.1541602288776153
0.04747669377489052
0.10185655168434997
0.13496418330389534
0.020733028592969705
0.08250979089214228
0.062373538315334966
0.009391350881134148
0.013925934178270708
0.10469976455311204
0.03386504952195875
0.14325500708330738
0.09497893873227418
0.017420104620843382
0.01574333858375744
0.1432738497770073
0.17819238055719996
0.12446262824959396
0.0370717465252037
0.04182018668511884
0.042156866540614964
0.05760607776126962
0.03374593550456367
0.022296711105773536
0.007854736628020246
0.014060239919004099
0.0749738215779711
0.038046940127013845
0.041386928321352184
0.04814665604994156
0.05304269350101205
0.06622233928163257
0.020479708015745238
0.004396893924065475
0.030846709913706968
0.10934945251461922
0.10305734092412704
0.010199370155977458
0.015816359932651396
0.14715581706904496
0.03953464938661427
0.10399147367587155
0.006849655269907967
0.0600504760043778
0.09676348029623458
0.12745469575702026
0.07295902559601053
0.03626271976816866
0.08859397346552941
0.03285354165721375
0.1448367904280486
0.054733437087103265
0.13536327279369573
0.052925712255587114
0.0850734822887629
0.010675220137798758
0.08224253581031786
0.0710642992027081
0.07223947888328135
0.008596370906327616
0.012390863379237222
0.021236354727390497
0.020223995391462798
0.0958229059768209
0.00783005027421091
0.041671340968671026
0.06200101003658583
0.12490993238477617
0.0546709402573715
0.07276894817553142
0.016969188966757864
0.07684457996344529
0.06556655621316558
0.058613413672611865
0.0756595915267362
0.06730355228380216
0.2069198867712816
0.06348339758007121
0.07312105441364096
0.06229296492057584
0.020762767998262304
0.0631624396080432
0.01919741480177198
0.040525735272986446
0.05760967357806525
0.06577525356238122
0.015375212533704708
0.04284920952013774
0.026176106071704123
0.009051541458521509
0.01297916408726151
0.035943301473475256
0.066689723752535
0.0020091835562429296
0.019166042706207975
0.016024122281344737
0.05207119497782096
6.588813999133876E-4
0.03047609515018297
0.03894091962218899
0.01680602289715512
0.025814440059358085
0.005466174750945865
0.01203113267668745
0.05450309132775222
0.006031829372965572
0.023478060145684845
0.03858582433792631
0.001456162623293132
0.027306277354326988
0.02542552961194207
0.03203587572947255
0.030730723494815135
0.004388593767829624
0.01905611864847382
0.03054993227825926
0.04222862781781949
0.04170817696157962
0.04946539719610783
0.030147989234566703
0.012523667527920038
0.052899118957289694
0.04462254880936684
0.033582342603873876
0.11047590082787194
0.09461913694815871
0.023276311846618453
0.00925724671140023
0.02785537110265844
0.05976879673124341
0.08700605495812477
0.0221997672286533
0.008430601435140144
0.08013942990922447
0.021351179816941308
0.08360589070949252
0.026037435444065542
0.01693284854086374
0.01899929697171136
0.04478634207188267
0.039885043173869636
0.030392565025280045
0.03783883108300213
0.01698812507225853
0.040234272146596875
0.006452457600356937
0.05143263531077076
0.00778459082142793
0.037178147404341916
0.021725282257055757
0.042645849068248934
0.020569698051888477
0.06010754309061788
0.023079842621542914
0.03052269588516054
0.034472863678430644
0.022236447018668046
0.014610582327923059
0.02890995540575988
0.05827333025303268
0.08238932960162605
0.022749357872976887
0.06369902080889589
0.03666225191789134
0.07413456935448616
0.019017872378210232
0.0051948003742788495
0.029578167965085982
0.009278717783291443
0.03387376767215316
0.04848706335893116
0.0019524600867597414
0.052924433293509515
0.04771398293293761
0.041758960626883244
0.027111747620920626
0.043771045430108076
0.02788737421062508
0.08053613123719257
0.03492788342361762
0.0500303848591019
0.05163523136241056
0.033915116877336934
0.010424298908188759
0.043797057207024974
0.009163978373146305
0.020479708015745245
0.012982934785114305
0.008390280016756013
0.0026198842266967953
0.005504517581129042
0.04580684196805922
0.06240046394161629
0.03897168271882114
0.01857889562828746
0.06554738586927415
0.10433710352916833
0.1012560563678738
0.00655790915146208
0.08058344469065436
0.068439202093387
0.05111052954011802
0.07202846522065069
0.08257767338977451
0.015041774724574917
0.012572530864445841
0.019696113904033412
0.046527996113199875
0.005758616069099935
0.07709969236454314
0.14455649096764658
0.08287334721703637
0.06042331112513798
0.012972420816608156
0.010598305084215647
0.0037415597562025873
9.511208838824136E-4
0.035794106346763346
0.024306654371635435
0.047691956347122824
0.012154198495687862
0.006739107935361568
0.03466377013627882
0.00904726816310533
0.015568961726156705
0.05109606700020596
0.07912150552336597
0.05109341171158559
0.06640711856764527
0.030403774036329576
0.021022686465649757
0.009315980322531564
0.018985516805485124
0.09081756054820284
0.04828218820460602
0.020348219454246537
0.01876042587849993
0.0146301162927185
0.02900395257387433
0.0818950479665408
0.033143805315574135
0.048607661562537256
0.021723242824318992
0.0554947026730087
3.657931464956289E-4
0.014133781973084113
0.03289235746973213
0.008307137490130425
0.019908399951005355
0.07148945241436763
0.0019490325491181226
0.03443557614644175
0.027892264859663646
0.07730400817597052
0.0063279297597262415
0.008672609661620735
0.004849870958591107
0.002153830347129025
0.04822563389041294
0.02014322029293957
0.06756813513086221
0.04512820599377799
3.4981355892897757E-4
0.036810942921983975
0.03355910949219985
0.013658096693864688
0.03355345639577999
0.004253010450727423
0.010811053980962302
0.00860319345859062
0.0011196450933172453
0.02289687548652916
0.00913770798189288
0.04472817915053014
0.017626920238206986
0.033356291568914856
0.05273704779661203
0.007277710524512244
0.039649473218969764
0.0036097102720429597
0.017774170756836988
0.045256173018832266
0.040049482291252846
0.0025190287390788393
0.010997213093334136
0.003603889453610827
0.005346790908155785
0.03502758244869503
0.030243303102856015
0.04567698788578622
0.04346912143372393
0.06044876988380511
0.04700890994377176
0.032490295336654165
0.004104892258556053
0.016876065687058822
0.018292508591911925
0.027763931485142005
0.01040111161916549
0.007193108866305038
0.02308647085925777
0.007407318509134135
0.009626055577357795
0.027821877309508622
0.0023147656561854873
0.007857433620609934
2.089185370828387E-4
0.03193490482776923
0.016834030732703727
0.02628332174996498
0.059282103729255214
0.034532522140468404
0.014522531776235628
0.011554237839318374
0.024462164103197098
0.00814543945212923
0.009653269138860157
0.007018023440013902
0.003168995449805544
0.03218678517760108
0.005373945676194684
0.0064486822068592735
0.0253728138824808
0.03064265844275017
0.03852098497174324
0.0051759410084115404
0.012651295378974244
0.02125057193929176
0.0112275438737861
0.058567898736819016
0.0188113966923231
0.0266450157439579
0.04351039654097271
0.08695304849907229
0.053905195293252064
0.09445186212597874
0.06785890306031041
0.05808463533704902
0.0011336130750026177
3.463831275421104E-4
0.04095941603149048
3.463831275421104E-4
0.0011336130750026177
0.05808463533704902
0.06785890306031041
0.09445186212597874
0.053905195293252064
0.08695304849907229
0.04351039654097271
0.0266450157439579
0.0188113966923231
0.058567898736819016
0.0112275438737861
0.02125057193929176
0.012651295378974244
0.0051759410084115404
0.03852098497174324
0.03064265844275017
0.0253728138824808
0.0064486822068592735
0.005373945676194684
0.03218678517760108
0.003168995449805544
0.007018023440013902
0.009653269138860157
0.00814543945212923
0.024462164103197098
0.011554237839318374
0.014522531776235628
0.034532522140468404
0.059282103729255214
0.02628332174996498
0.016834030732703727
0.03193490482776923
2.089185370828387E-4
0.007857433620609934
0.0023147656561854873
0.027821877309508622
0.009626055577357795
0.007407318509134135
0.02308647085925777
0.007193108866305038
0.01040111161916549
0.027763931485142005
0.018292508591911925
0.016876065687058822
0.004104892258556053
0.032490295336654165
0.04700890994377176
0.06044876988380511
0.04346912143372393
0.04567698788578622
0.030243303102856015
0.03502758244869503
0.005346790908155785
0.003603889453610827
0.010997213093334136
0.0025190287390788393
0.040049482291252846
0.045256173018832266
0.017774170756836988
0.0036097102720429597
0.039649473218969764
0.007277710524512244
0.05273704779661203
0.033356291568914856
0.017626920238206986
0.04472817915053014
0.00913770798189288
0.02289687548652916
0.0011196450933172453
0.00860319345859062
0.010811053980962302
0.004253010450727423
0.03355345639577999
0.013658096693864688
0.03355910949219985
0.036810942921983975
3.4981355892897757E-4
0.04512820599377799
0.06756813513086221
0.02014322029293957
0.04822563389041294
0.002153830347129025
0.004849870958591107
0.008672609661620735
0.0063279297597262415
0.07730400817597052
0.027892264859663646
0.03443557614644175
0.0019490325491181226
0.07148945241436763
0.019908399951005355
0.008307137490130425
0.03289235746973213
0.014133781973084113
3.657931464956289E-4
0.0554947026730087
0.021723242824318992
0.048607661562537256
0.033143805315574135
0.0818950479665408
0.02900395257387433
0.0146301162927185
0.01876042587849993
0.020348219454246537
0.04828218820460602
0.09081756054820284
0.018985516805485124
0.009315980322531564
0.021022686465649757
0.030403774036329576
0.06640711856764527
0.05109341171158559
0.07912150552336597
0.05109606700020596
0.015568961726156705
0.00904726816310533
0.03466377013627882
0.006739107935361568
0.012154198495687862
0.047691956347122824
0.024306654371635435
0.035794106346763346
9.511208838824136E-4
0.0037415597562025873
0.010598305084215647
0.012972420816608156
0.06042331112513798
0.08287334721703637
0.14455649096764658
0.07709969236454314
0.005758616069099935
0.046527996113199875
0.019696113904033412
0.012572530864445841
0.015041774724574917
0.08257767338977451
0.07202846522065069
0.05111052954011802
0.068439202093387
0.08058344469065436
0.00655790915146208
0.1012560563678738
0.10433710352916833
0.06554738586927415
0.01857889562828746
0.03897168271882114
0.06240046394161629
0.04580684196805922
0.005504517581129042
0.0026198842266967953
0.008390280016756013
0.012982934785114305
0.020479708015745245
0.009163978373146305
0.043797057207024974
0.010424298908188759
0.033915116877336934
0.05163523136241056
0.0500303848591019
0.03492788342361762
0.08053613123719257
0.02788737421062508
0.043771045430108076
0.027111747620920626
0.041758960626883244
0.04771398293293761
0.052924433293509515
0.0019524600867597414
0.04848706335893116
0.03387376767215316
0.009278717783291443
0.029578167965085982
0.0051948003742788495
0.019017872378210232
0.07413456935448616
0.03666225191789134
0.06369902080889589
0.022749357872976887
0.08238932960162605
0.05827333025303268
0.02890995540575988
0.014610582327923059
0.022236447018668046
0.034472863678430644
0.03052269588516054
0.023079842621542914
0.06010754309061788
0.020569698051888477
0.042645849068248934
0.021725282257055757
0.037178147404341916
0.00778459082142793
0.05143263531077076
0.006452457600356937
0.040234272146596875
0.01698812507225853
0.03783883108300213
0.030392565025280045
0.039885043173869636
0.04478634207188267
0.01899929697171136
0.01693284854086374
0.026037435444065542
0.08360589070949252
0.021351179816941308
0.08013942990922447
0.008430601435140144
0.0221997672286533
0.08700605495812477
0.05976879673124341
0.02785537110265844
0.00925724671140023
0.023276311846618453
0.09461913694815871
0.11047590082787194
0.033582342603873876
0.04462254880936684
0.052899118957289694
0.012523667527920038
0.030147989234566703
0.04946539719610783
0.04170817696157962
0.04222862781781949
0.03054993227825926
0.01905611864847382
0.004388593767829624
0.030730723494815135
0.03203587572947255
0.02542552961194207
0.027306277354326988
0.001456162623293132
0.03858582433792631
0.023478060145684845
0.006031829372965572
0.05450309132775222
0.01203113267668745
0.005466174750945865
0.025814440059358085
0.01680602289715512
0.03894091962218899
0.03047609515018297
6.588813999133876E-4
0.05207119497782096
0.016024122281344737
0.019166042706207975
0.0020091835562429296
0.066689723752535
0.035943301473475256
0.01297916408726151
0.009051541458521509
0.026176106071704123
0.04284920952013774
0.015375212533704708
0.06577525356238122
0.05760967357806525
0.040525735272986446
0.01919741480177198
0.0631624396080432
0.020762767998262304
0.06229296492057584
0.07312105441364096
0.06348339758007121
0.2069198867712816
0.06730355228380216
0.0756595915267362
0.058613413672611865
0.06556655621316558
0.07684457996344529
0.016969188966757864
0.07276894817553142
0.0546709402573715
0.12490993238477617
0.06200101003658583
0.041671340968671026
0.00783005027421091
0.0958229059768209
0.020223995391462798
0.021236354727390497
0.012390863379237222
0.008596370906327616
0.07223947888328135
0.0710642992027081
0.08224253581031786
0.010675220137798758
0.0850734822887629
0.052925712255587114
0.13536327279369573
0.054733437087103265
0.1448367904280486
0.03285354165721375
0.08859397346552941
0.03626271976816866
0.07295902559601053
0.12745469575702026
0.09676348029623458
0.0600504760043778
0.006849655269907967
0.10399147367587155
0.03953464938661427
0.14715581706904496
0.015816359932651396
0.010199370155977458
0.10305734092412704
0.10934945251461922
0.030846709913706968
0.004396893924065475
0.020479708015745238
0.06622233928163257
0.05304269350101205
0.04814665604994156
0.041386928321352184
0.038046940127013845
0.0749738215779711
0.014060239919004099
0.007854736628020246
0.022296711105773536
0.03374593550456367
0.05760607776126962
0.042156866540614964
0.04182018668511884
0.0370717465252037
0.12446262824959396
0.17819238055719996
0.1432738497770073
0.01574333858375744
0.017420104620843382
0.09497893873227418
0.14325500708330738
0.03386504952195875
0.10469976455311204
0.013925934178270708
0.009391350881134148
0.062373538315334966
0.08250979089214228
0.020733028592969705
0.13496418330389534
0.10185655168434997
0.04747669377489052
0.1541602288776153
0.16406818409665141
0.19836027199717454
0.3150723516257449
0.3415734359544319
0.4498708310559723
0.36466738143049077
0.2744169332360465
0.2800354262629376
0.22513892796128573
0.1514235195923035
0.1429349059019261
0.07048905874686393
0.05048318641979107
0.0644937883757413
0.16743277482264707
0.16633507373025366
0.05469435476650489
0.18124693068083278
0.05065105498962897
0.0047090943227400634
0.031818331709673374
0.04578790535642143
0.12661885250363267
0.13508720086719647
0.01965168009147788
0.05087160703111134
0.1941111170662632
0.1569073377739826
0.03422421518250427
0.004785054887783752
0.09015155686368881
0.03345653900160383
0.14527916276832525
0.28442872630171995
0.10719081018118913
0.12000448314044901
0.14953881813306028
0.10298962422872703
0.045417537248343964
0.12967779663005558
0.025302561428949554
0.1362741052685813
0.03603631199704816
0.06485552673106366
0.10507663630780145
0.008657343231444143
0.029340589113606624
0.024259346520712783
0.0011258512027220574
0.03430129549770629
0.08107992120849149
0.018503047252090694
0.08080016374920024
0.04740812210705001
0.006059092539726441
0.14230310276586935
0.16450504220458367
0.24080197787823165
0.20203441723138124
0.03497116529105111
0.031843360648845964
0.001253203864768855
0.025015437637446084
0.031221631217796125
0.1961073549654358
0.11361632422142252
0.0156863328351918
0.13341368447049348
0.06718146963538119
0.020595911476498342
0.13274421569537853
0.07927218840841281
0.05271654302826112
0.1090335807174458
0.24642214626683864
0.13423874556864548
0.1844386536770596
0.22435410150914498
0.04025110590144697
0.07737359065968694
0.13357549785367237
0.009677638518575282
0.03760884283855173
0.08297344796956618
0.11444744450851545
0.09221175580139072
0.06892324534697253
0.16337230645738604
0.07423007129969153
0.2293964613505389
0.1841345274826356
0.1109970137119619
0.3457307860770546
0.11433116829073006
0.23203048883496769
0.3777566575117959
0.2676757673254934
1.0
0.3845892973441891
0.10948225688809936
0.177616696330264
0.008303156049170406
0.41926823923296674
0.01597437370062301
0.1692371859591212
0.661775653669608
0.21114334431688328
0.6398252987024514
0.21453694017393776
0.12424399382185893
0.24332898484401064
0.05939471996617528
0.09107199852534907
0.2862218308638716
0.2390492490821936
0.0035424528005605234
0.07206312890641535
0.2938092814228896
0.09209072694555746
0.0994621008048808
0.01150999455003737
