0.08709749088852514
0.07562551669598643
0.01895108824399671
0.07561306366354165
0.030066061807868055
0.0029194758047983134
0.0380234572765817
0.07745303018803491
0.06284174716358583
0.013771018901511353
0.0047330444488587475
0.14151304757452515
0.039073729887953566
0.026553756303614527
0.02538994146407158
0.6926907991401412
0.4746573751841061
0.2357491122806432
0.04837266134443648
0.01950572471051245
0.028634795099922884
0.09335800166045496
0.23459769405829287
0.1553050817750666
0.24010793191957833
1.0
0.12785967261564662
0.1774489137686378
0.07090771498578173
0.022579097175793855
0.0912698517547652
0.17172651820495718
0.1941294039086955
0.10851971288166393
0.08676458254820796
0.19801824869390486
0.02850410637378938
0.05864412482058696
0.05228300742369987
0.03877806844852491
0.07743695563175576
0.011239005540701343
0.04034714097626657
0.0345325104159937
0.08895773916797721
0.06365006760937614
0.03121287379350501
0.008690820931508424
9.837393191614188E-4
0.035515593259022156
0.017202053048701177
0.08032138954961138
0.03047614940008335
0.04633493212386607
0.019046390609727636
0.013376320205186667
0.10324999513880584
0.042454316903262145
0.018541909294349783
0.054466991440502446
0.07561036833557794
0.06935407017342154
0.15249981688776448
0.002167549308109605
0.036353305433094674
0.028786197737757035
0.1559426994699183
0.08705449918970215
2.7719989268722313E-4
0.041685497766962676
8.666527722085831E-5
0.12077195971237271
0.07334646087971103
0.10803063012597465
0.04550699565417035
0.002407029661149108
0.036937874586569656
0.05182379729505948
0.0369213516991278
0.027626766424567108
0.0016207019369281752
0.05421155571057578
0.08277600337397018
0.08072603737791918
0.009133746742228803
0.07425213218861498
0.005505243472777267
0.02140257827665693
0.01816918996657531
0.045695105663378234
0.007140392661514718
9.32224285386368E-4
0.01570521968692392
0.05243334620557569
0.053147064394075384
0.061813917673017
0.028689921212002163
0.016858363731860178
0.049695235972130485
0.03146862477879937
0.006121654588993216
0.054279167286701825
0.0544662926921724
0.08178784125963293
0.052061816841844494
0.01024200942942842
0.001899692604952075
0.04552217646377311
0.028422815286243623
0.011412058777782456
0.09869296144107652
0.02050415354016884
0.021777225093275367
0.08223399715978728
0.05900346683366844
0.08430835666438048
0.08527009383985497
0.050476494400487563
0.03891492569257943
0.02772413845139946
0.05445751170386859
0.0479605949583551
0.005231365432830964
0.04118644619244055
0.026507524759870726
0.024442684367087405
0.003268685408210467
0.05475806981355531
0.03859809298588607
0.032820780249369276
0.06144070430235704
0.005404869670689866
0.01813209504391304
0.0013257946451162297
0.03759544448946351
0.003948257266861746
0.01188921812001366
0.0035269128094367603
0.02067903693464656
0.003686851165416026
0.005288372048938754
0.08985883558044422
0.025415936550742615
0.015729247160453524
0.029100239558890403
0.005309511622132718
0.012362688149468603
0.04818016748311608
0.054158810592209165
0.0825680703930217
0.05787250408678013
0.03865803452362545
0.031054475237541335
0.04477538515441517
0.02799562207131166
0.03349025154676795
0.039126757248793595
0.010086427927358433
0.004156322593220447
0.0036282369612875187
0.03401008281993494
0.04176721054197092
0.02132574583563228
0.016105255823237862
0.013936232632443745
0.017401682054787593
0.0039071569571833675
0.0297091583666057
0.01617961448578404
0.02743621849262644
0.0019641662308200105
0.00900238133951607
0.022800154394676305
0.05384241328654403
0.04512639229303469
0.030881588125928866
0.005864313080456794
0.024238880971021372
0.024131910265473407
7.53401223104823E-4
0.0071039097398091465
0.006110422332569051
0.00670293372465467
0.011709026610384018
0.00305370027725714
0.008766297199822234
0.0038806446079501
0.03200976750759242
0.0020393714310233874
1.9873296998136053E-4
0.028293795111663838
0.04957468097427539
0.027669755522885194
0.026875922028467277
0.025067333821752233
0.020299420695433324
0.012749945938203075
0.0196682407159352
0.01785193675165522
0.01853362928388967
0.05619499889031297
0.03677931389233741
0.0170813095839945
0.037880769744187914
0.0015408055651934185
0.048049167298123925
0.06868379405026297
0.022737294610051226
0.04106230621688442
0.001089999555103019
0.008308853085757377
0.03814660439384626
0.005236475552893586
0.03684703527831635
0.026693479326624324
0.03580031030913358
5.940307436672431E-4
0.014991794741597435
0.023288279748547823
0.015304186687842376
0.028400632287941183
0.007315918985696628
0.008290431843313342
0.04926151796304417
0.00425878345278931
0.062148075824236246
0.025539035665780342
0.01521953613890625
0.02589150718215129
0.0026940325744466095
0.031001730396686265
0.031106246745901837
0.003598912917948215
0.011998465052989665
0.020614391162002622
0.020446308184954316
0.01866701582153707
0.013779244091768894
0.01674124633611107
0.022136651510487205
0.02476786752151044
0.020085238221516883
0.01405442686789168
0.0159933286575077
0.017060412599525517
2.046410032493434E-4
0.02052603687283943
0.01060335968625826
0.02116994338007
0.030090908701656774
0.0015770986247086402
0.0353048550439456
0.014026093811861677
0.033545321134990015
0.01857808393513925
0.023213432619523834
0.011676739504455837
0.01838191400628833
0.005860869635796622
0.02591638957573388
0.0016307970260815252
0.029617202028397467
0.0010768799361809856
0.0601055952698913
0.020267988867280005
0.003547881337582316
0.01890783128964763
0.004387932901478506
0.0037603154022333887
0.020075912804616746
0.018032523706734947
0.007506907421299714
0.008044292353772693
0.00912212170787489
0.017088748431390702
0.019352303583740783
0.0032376710002186945
0.006037549420509981
0.008994513236421463
0.008980996803017118
0.007656191522643561
0.037210581555457166
0.006609637644939144
0.007180558759005896
0.0070805217326364795
0.03493165137787691
0.019509918591811313
0.025168805798815818
0.018316894636586274
0.010346456174885815
0.010992866021716917
0.02630447043515909
0.017283425077107208
0.02005365251546966
0.014252760005242646
0.008513158278469993
0.018828413331545977
0.01385542296537935
5.825073452920515E-4
0.014993214901685616
0.011321186369496382
0.007232797293503435
0.010104129933192955
0.002325537872345643
0.056722712996100176
0.019910219971137556
0.011951179153611938
0.0032819705599266592
0.015553123372950924
0.00786797453578206
0.02000376024457505
0.01783674587811516
0.0015568140750302393
0.010306517229244333
0.013934080333546501
0.006768971932380892
5.13396212234162E-4
0.028989666703305536
0.022184893683876297
0.030768537568492044
0.03679681728650868
0.010079126154160937
0.016423870142276226
0.012447386527371427
0.0022731654497422397
3.4428988369091863E-4
0.022366300552534506
0.013288711109119195
0.027855683538400334
0.0318378660367821
0.022174718277608103
0.028741545363007066
0.0018908092772823902
0.0452203092017649
0.0043705864736490905
0.0018642083471634668
0.0011818117509971595
0.007601868351927926
0.001825700985937728
0.008161331418862133
0.019260322565673664
0.019898662216037363
0.004765429878473043
0.0026270970838546187
0.005270676236073211
0.020723807121316662
0.0025616887225661006
0.011216105616748974
0.004857589880775564
0.017077595798420494
0.0015589368774829387
0.016070033566412692
0.009305030977096224
0.004593533566968028
0.01567252943685493
0.007447706719599999
0.008706556781917237
0.013425100402219092
0.02064705930410326
0.027162471396778184
0.020720820969773145
0.0034133712871177433
0.006224219535653604
0.007707209077407666
0.004100001236219403
0.012777224288700777
0.03277155611089208
0.003367067008733335
7.021265602355426E-4
0.012397723048558407
0.013897411280337765
0.024621541184736116
0.033311106029093394
0.019647378827077466
8.163542812470042E-4
0.019386320618381934
0.01731351405361069
0.020007321825551778
0.0022563033655069987
0.013021388950404767
0.010241756018581604
0.008736812805064236
3.8640272568294987E-4
0.001036681846772759
0.02223348923794124
0.0020538025016165464
0.00409532401587911
0.005764514795910893
0.0013583278741150036
0.032235920501765124
0.0012714646683083888
0.002732801450611409
0.0032073753575265
0.00840742729378097
0.01851660562132263
0.02130507145411973
0.01662571118906176
0.02648541640722768
0.003987629410671562
0.040308267294115754
0.016907683766162467
0.009929924912848633
0.01640807622141103
0.018148981862870308
6.309830693286854E-4
0.0332119844401182
0.00547686646885615
0.0023326375410627257
0.0034603979345567398
0.02371695432954466
0.00795200738919672
0.018179674466590943
0.02188171793027515
0.009994707187054265
0.0016102960356295106
0.03195486679473351
0.014976260370337138
0.018333179573408107
0.013060142337038363
0.004407462024168026
0.023658595639842864
0.007204294955063723
0.013630367674265816
0.0012926220991336082
0.018455287956070206
0.0020879445581227975
0.002434565585278592
0.019887866913949576
0.012410212463546105
0.014353865537501015
0.01552993845306166
0.002403573614278874
0.00792104813635544
0.02246849802430863
0.034408437508061676
0.017807762864676637
0.011261393520830821
0.01569274608016205
0.0079132943808004
0.015084801293185004
0.0012907732039060414
0.0011088452728555914
0.027808881923713176
0.009439543843729206
0.023284317780325393
0.005613133926372255
0.004069034374419501
0.02267365975638371
0.020908813371274346
0.003215152543704085
0.007946073258704306
0.008916845328643511
0.014175947059984114
0.018683864972865206
0.001253084729004198
0.0185386360821451
0.030298500646703135
0.017320405635023513
0.011502775208620478
0.03198930776932591
0.03312700242521371
0.002871256236476698
0.0
0.002871256236476698
0.03312700242521371
0.03198930776932591
0.011502775208620478
0.017320405635023513
0.030298500646703135
0.0185386360821451
0.001253084729004198
0.018683864972865206
0.014175947059984114
0.008916845328643511
0.007946073258704306
0.003215152543704085
0.020908813371274346
0.02267365975638371
0.004069034374419501
0.005613133926372255
0.023284317780325393
0.009439543843729206
0.027808881923713176
0.0011088452728555914
0.0012907732039060414
0.015084801293185004
0.0079132943808004
0.01569274608016205
0.011261393520830821
0.017807762864676637
0.034408437508061676
0.02246849802430863
0.00792104813635544
0.002403573614278874
0.01552993845306166
0.014353865537501015
0.012410212463546105
0.019887866913949576
0.002434565585278592
0.0020879445581227975
0.018455287956070206
0.0012926220991336082
0.013630367674265816
0.007204294955063723
0.023658595639842864
0.004407462024168026
0.013060142337038363
0.018333179573408107
0.014976260370337138
0.03195486679473351
0.0016102960356295106
0.009994707187054265
0.02188171793027515
0.018179674466590943
0.00795200738919672
0.02371695432954466
0.0034603979345567398
0.0023326375410627257
0.00547686646885615
0.0332119844401182
6.309830693286854E-4
0.018148981862870308
0.01640807622141103
0.009929924912848633
0.016907683766162467
0.040308267294115754
0.003987629410671562
0.02648541640722768
0.01662571118906176
0.02130507145411973
0.01851660562132263
0.00840742729378097
0.0032073753575265
0.002732801450611409
0.0012714646683083888
0.032235920501765124
0.0013583278741150036
0.005764514795910893
0.00409532401587911
0.0020538025016165464
0.02223348923794124
0.001036681846772759
3.8640272568294987E-4
0.008736812805064236
0.010241756018581604
0.013021388950404767
0.0022563033655069987
0.020007321825551778
0.01731351405361069
0.019386320618381934
8.163542812470042E-4
0.019647378827077466
0.033311106029093394
0.024621541184736116
0.013897411280337765
0.012397723048558407
7.021265602355426E-4
0.003367067008733335
0.03277155611089208
0.012777224288700777
0.004100001236219403
0.007707209077407666
0.006224219535653604
0.0034133712871177433
0.020720820969773145
0.027162471396778184
0.02064705930410326
0.013425100402219092
0.008706556781917237
0.007447706719599999
0.01567252943685493
0.004593533566968028
0.009305030977096224
0.016070033566412692
0.0015589368774829387
0.017077595798420494
0.004857589880775564
0.011216105616748974
0.0025616887225661006
0.020723807121316662
0.005270676236073211
0.0026270970838546187
0.004765429878473043
0.019898662216037363
0.019260322565673664
0.008161331418862133
0.001825700985937728
0.007601868351927926
0.0011818117509971595
0.0018642083471634668
0.0043705864736490905
0.0452203092017649
0.0018908092772823902
0.028741545363007066
0.022174718277608103
0.0318378660367821
0.027855683538400334
0.013288711109119195
0.022366300552534506
3.4428988369091863E-4
0.0022731654497422397
0.012447386527371427
0.016423870142276226
0.010079126154160937
0.03679681728650868
0.030768537568492044
0.022184893683876297
0.028989666703305536
5.13396212234162E-4
0.006768971932380892
0.013934080333546501
0.010306517229244333
0.0015568140750302393
0.01783674587811516
0.02000376024457505
0.00786797453578206
0.015553123372950924
0.0032819705599266592
0.011951179153611938
0.019910219971137556
0.056722712996100176
0.002325537872345643
0.010104129933192955
0.007232797293503435
0.011321186369496382
0.014993214901685616
5.825073452920515E-4
0.01385542296537935
0.018828413331545977
0.008513158278469993
0.014252760005242646
0.02005365251546966
0.017283425077107208
0.02630447043515909
0.010992866021716917
0.010346456174885815
0.018316894636586274
0.025168805798815818
0.019509918591811313
0.03493165137787691
0.0070805217326364795
0.007180558759005896
0.006609637644939144
0.037210581555457166
0.007656191522643561
0.008980996803017118
0.008994513236421463
0.006037549420509981
0.0032376710002186945
0.019352303583740783
0.017088748431390702
0.00912212170787489
0.008044292353772693
0.007506907421299714
0.018032523706734947
0.020075912804616746
0.0037603154022333887
0.004387932901478506
0.01890783128964763
0.003547881337582316
0.020267988867280005
0.0601055952698913
0.0010768799361809856
0.029617202028397467
0.0016307970260815252
0.02591638957573388
0.005860869635796622
0.01838191400628833
0.011676739504455837
0.023213432619523834
0.01857808393513925
0.033545321134990015
0.014026093811861677
0.0353048550439456
0.0015770986247086402
0.030090908701656774
0.02116994338007
0.01060335968625826
0.02052603687283943
2.046410032493434E-4
0.017060412599525517
0.0159933286575077
0.01405442686789168
0.020085238221516883
0.02476786752151044
0.022136651510487205
0.01674124633611107
0.013779244091768894
0.01866701582153707
0.020446308184954316
0.020614391162002622
0.011998465052989665
0.003598912917948215
0.031106246745901837
0.031001730396686265
0.0026940325744466095
0.02589150718215129
0.01521953613890625
0.025539035665780342
0.062148075824236246
0.00425878345278931
0.04926151796304417
0.008290431843313342
0.007315918985696628
0.028400632287941183
0.015304186687842376
0.023288279748547823
0.014991794741597435
5.940307436672431E-4
0.03580031030913358
0.026693479326624324
0.03684703527831635
0.005236475552893586
0.03814660439384626
0.008308853085757377
0.001089999555103019
0.04106230621688442
0.022737294610051226
0.06868379405026297
0.048049167298123925
0.0015408055651934185
0.037880769744187914
0.0170813095839945
0.03677931389233741
0.05619499889031297
0.01853362928388967
0.01785193675165522
0.0196682407159352
0.012749945938203075
0.020299420695433324
0.025067333821752233
0.026875922028467277
0.027669755522885194
0.04957468097427539
0.028293795111663838
1.9873296998136053E-4
0.0020393714310233874
0.03200976750759242
0.0038806446079501
0.008766297199822234
0.00305370027725714
0.011709026610384018
0.00670293372465467
0.006110422332569051
0.0071039097398091465
7.53401223104823E-4
0.024131910265473407
0.024238880971021372
0.005864313080456794
0.030881588125928866
0.04512639229303469
0.05384241328654403
0.022800154394676305
0.00900238133951607
0.0019641662308200105
0.02743621849262644
0.01617961448578404
0.0297091583666057
0.0039071569571833675
0.017401682054787593
0.013936232632443745
0.016105255823237862
0.02132574583563228
0.04176721054197092
0.03401008281993494
0.0036282369612875187
0.004156322593220447
0.010086427927358433
0.039126757248793595
0.03349025154676795
0.02799562207131166
0.04477538515441517
0.031054475237541335
0.03865803452362545
0.05787250408678013
0.0825680703930217
0.054158810592209165
0.04818016748311608
0.012362688149468603
0.005309511622132718
0.029100239558890403
0.015729247160453524
0.025415936550742615
0.08985883558044422
0.005288372048938754
0.003686851165416026
0.02067903693464656
0.0035269128094367603
0.01188921812001366
0.003948257266861746
0.03759544448946351
0.0013257946451162297
0.01813209504391304
0.005404869670689866
0.06144070430235704
0.032820780249369276
0.03859809298588607
0.05475806981355531
0.003268685408210467
0.024442684367087405
0.026507524759870726
0.04118644619244055
0.005231365432830964
0.0479605949583551
0.05445751170386859
0.02772413845139946
0.03891492569257943
0.050476494400487563
0.08527009383985497
0.08430835666438048
0.05900346683366844
0.08223399715978728
0.021777225093275367
0.02050415354016884
0.09869296144107652
0.011412058777782456
0.028422815286243623
0.04552217646377311
0.001899692604952075
0.01024200942942842
0.052061816841844494
0.08178784125963293
0.0544662926921724
0.054279167286701825
0.006121654588993216
0.03146862477879937
0.049695235972130485
0.016858363731860178
0.028689921212002163
0.061813917673017
0.053147064394075384
0.05243334620557569
0.01570521968692392
9.32224285386368E-4
0.007140392661514718
0.045695105663378234
0.01816918996657531
0.02140257827665693
0.005505243472777267
0.07425213218861498
0.009133746742228803
0.08072603737791918
0.08277600337397018
0.05421155571057578
0.0016207019369281752
0.027626766424567108
0.0369213516991278
0.05182379729505948
0.036937874586569656
0.002407029661149108
0.04550699565417035
0.10803063012597465
0.07334646087971103
0.12077195971237271
8.666527722085831E-5
0.041685497766962676
2.7719989268722313E-4
0.08705449918970215
0.1559426994699183
0.028786197737757035
0.036353305433094674
0.002167549308109605
0.15249981688776448
0.06935407017342154
0.07561036833557794
0.054466991440502446
0.018541909294349783
0.042454316903262145
0.10324999513880584
0.013376320205186667
0.019046390609727636
0.04633493212386607
0.03047614940008335
0.08032138954961138
0.017202053048701177
0.035515593259022156
9.837393191614188E-4
0.008690820931508424
0.03121287379350501
0.06365006760937614
0.08895773916797721
0.0345325104159937
0.04034714097626657
0.011239005540701343
0.07743695563175576
0.03877806844852491
0.05228300742369987
0.05864412482058696
0.02850410637378938
0.19801824869390486
0.08676458254820796
0.10851971288166393
0.1941294039086955
0.17172651820495718
0.0912698517547652
0.022579097175793855
0.07090771498578173
0.1774489137686378
0.12785967261564662
1.0
0.24010793191957833
0.1553050817750666
0.23459769405829287
0.09335800166045496
0.028634795099922884
0.01950572471051245
0.04837266134443648
0.2357491122806432
0.4746573751841061
0.6926907991401412
0.02538994146407158
0.026553756303614527
0.039073729887953566
0.14151304757452515
0.0047330444488587475
0.013771018901511353
0.06284174716358583
0.07745303018803491
0.0380234572765817
0.0029194758047983134
0.030066061807868055
0.07561306366354165
0.01895108824399671
0.07562551669598643
