-0.09430085236293578
0.07141325615845019
0.07753430183620136
0.141829299520613
0.023965267574034516
0.031213703299776678
0.18486065220163278
0.0463869241988691
0.08333357048179996
0.10829157180534613
0.00625982341026454
0.35337527696919396
0.23186048486622643
0.2144838206024063
0.10727686651633836
0.20822165271397686
0.6924535341821201
0.28249655610654056
0.20498958957432478
0.1604959139162553
0.6182945899691664
0.3362075008966189
0.16987665405528865
0.33477532799826604
0.1323143965841567
0.12528590323899746
0.4436369791843273
0.040277953573843714
1.0
0.2855106472245946
0.0066803628032791815
0.19919627828916356
0.4045606019878224
0.32242037806640067
0.08591514454180925
0.011477185214900614
0.10828219120261243
0.10297781331378929
0.061542087165808085
0.12212457947755162
0.05516812578336176
0.08126844236970089
0.0854995586994557
0.13495732705049815
0.06423777567663709
0.2654955112110737
0.01259195508532517
0.0932718691048231
0.10280354195224067
0.049285361148138127
0.1033218653837633
0.14753389623602997
0.0336895534553023
0.06811353603382207
0.15696890943515343
0.03741459784405644
0.04837245058072343
0.12328279206401978
0.03552569146895258
0.21621208365550207
0.1504952985218849
0.16231508836571926
0.06604918978266529
0.1439250038945251
0.050117185755180683
0.7185887900635137
0.41939462835212843
0.2548179189539477
0.12491696563982752
0.08981797636761304
0.09516821777276073
0.3220106441391425
0.09649467409697911
0.031305632052275524
0.15431710201726528
0.2148992618775311
0.11112364594012866
0.16838743493689945
0.3460146072299703
0.019553304476748818
0.3164701241619955
0.30894524567097836
0.07495948997260592
0.13990526594023722
0.1271274734481892
0.5967035461666442
0.8127936633698101
0.2157369346048183
0.13631931038333842
0.24355721823697926
0.13671220032120535
0.07134423739358928
0.760174315190137
0.046777895143403914
0.10512254066884626
0.18026894794188333
0.46504162107393066
0.43022119070148546
0.11589142934632171
0.23551884332239362
0.13017981272670773
0.2008829489890167
0.1099599762496301
0.07675603363619968
0.05643390956931521
0.018437931367613795
0.06167731256552269
0.22163812934694188
0.042254310501009494
0.22797794804683552
0.153895369989167
0.15189484799104616
0.03620197804813915
0.1240811833176712
0.0678403613260863
0.12807497102967452
0.20214764873028673
0.24023927309628104
0.06252049584885801
0.14691529358062203
0.037657219932285886
0.023003858792680177
0.12399181713838933
0.21676726932658824
0.07226748258640119
0.08852314760004384
0.04004634066675955
0.13818026482130435
0.011621090289577812
0.170769478888764
0.12548483967225268
0.028180410166355724
0.09775777588666543
0.07151218751247149
0.10174749006396107
0.1446362849846088
0.006527507337426961
0.09974821107644338
0.12718061807912445
0.03998557234271238
0.05188686254365474
0.03858371492548849
0.09407531114480612
0.09499189902085531
0.1835268733815234
0.021406085454632205
0.2537849404770559
0.06179496217855281
0.01782489959799699
0.3961312159035546
0.14903782484373074
0.4434895660109836
0.3589426637473821
0.23179120825169208
0.11316102283552294
0.32583487531981364
0.01146691811231391
0.11746904630012661
0.08602680436272683
0.035428879793558354
0.18538707470358717
0.06272174755948547
0.048150980719632835
0.06284430375287962
0.02040718082549217
0.0031236101234884996
0.15096133284158292
0.03691868741166612
0.06926611122746697
0.10100346600995658
0.10362141227691056
0.08083996978978952
0.0338460581867812
0.10583028919982071
0.004673049831403805
0.1569956131701651
0.05506259389137612
0.007729677214849628
0.03957722734726032
0.09442573994038456
0.037996382702714264
0.009121978120038662
0.29804305156428507
0.11054295466779172
0.0031061969917767105
0.0963074155974952
0.11436918365474848
0.1582952741271779
0.0959829256034521
0.13441425268209473
0.09275829172680111
0.11885644937205136
0.11516434770822052
0.10454002539392034
0.01680171759613582
0.008461593924790284
0.07088520571802913
0.1292037158864401
0.21150406628804658
0.054327193360016277
0.08932310130949347
3.7534026952806083E-4
0.0433691768261144
0.28045848652968147
0.046183923166024196
0.08926365731226422
0.1777624649256512
0.008935970922740582
0.1259528313208228
0.013319576709220722
0.019077618842337992
0.08264233677095309
0.03243807444554672
0.13725922804285334
0.11734734883746473
0.020054358145366352
0.010504423162895505
0.08670994670383257
0.042052006194740026
0.006100275280766618
0.05788299965048825
0.04435123354398115
0.06901335349316465
0.07514513862670569
0.1530460511428852
0.05907427547948625
0.025089201404723108
0.05412666888301909
0.14247940097743472
0.10841269181940887
0.04395808021209047
0.1320211933081101
0.14690025643947252
0.049913746931231365
0.027659641702122633
0.009034635873227942
0.13991391160496716
0.10670421376877393
0.09574679629739122
0.029636518472236577
0.027029928066421054
0.051167847282328684
0.14686554374439195
0.06712546395902837
0.06586422609961405
0.06390442958387839
0.01968648372311429
0.04278407750690472
0.04815675811361549
0.038371660313230735
0.10151343971103993
0.04529073611979868
0.06358583039536939
0.06495131327935215
0.01579335245733523
0.014421693949262076
0.018259486790362885
0.015827445928633287
0.04576900712164159
0.030780077336602988
0.14006669109002318
0.10565524036228158
0.13230164344471615
0.17796432281198513
0.08754717014498534
0.004346553092616577
0.1531781404080155
0.03554935284850684
0.06211144286733624
0.19245406889148614
0.04327426125016044
0.08425548261738323
0.02605330669667171
0.08236396496854032
0.1971538022087643
0.11262587246341055
0.049226777993621205
0.06564820970197666
0.10401367666866534
0.024540518219673946
0.0029801853770885334
0.07262542963418002
7.784995149982767E-4
0.1221110100294451
0.07404831618390437
0.1105791527612511
0.01871115256045268
0.021104258125220602
0.19569776052014623
0.024035925450604456
0.012110240049239813
0.10176938456729233
0.06088387734375494
0.045551302530898646
0.013451977635943378
0.03922184650787467
0.01856442800253636
0.07006931894147786
0.042767630436831974
0.03523608493998802
0.05645803017324735
0.01875451446093328
0.055151524682872086
0.10445325143393201
0.0601023574250956
0.027498675761660287
0.08120607764232066
0.026359040841448845
0.07544068189034862
0.07328454564110178
0.042357163900093885
0.07986059793789967
0.06388347552368018
0.15098598012818165
0.05078360435315847
0.10910981343268125
0.05308355480596452
0.04837572427662288
0.09993810493468644
0.038639599250218176
0.07973439921554623
0.025661387264034906
0.04842854896409816
0.013347967283069898
0.07044955118351898
0.029041048304170262
0.16534936096021163
0.03174432733735929
0.18033230104523965
0.10287399061492127
9.170161914947039E-4
0.09655023599600436
0.03994092396203837
0.02806389159288891
0.07199555081228408
0.036532346295469365
0.07522575789039956
0.0017138483153517053
0.020703383254497755
0.06033943045219772
0.07782261588388661
0.09190619745566203
0.013228903459985251
0.1600858030363824
0.09325990396505861
0.0022903386898358445
0.022560429144053075
0.10871650204924953
0.08175537361069495
0.0542342320183655
0.0029696065686327456
0.12533762985088712
0.005072226309557602
0.01954481668982885
0.019438664762805254
0.06415560038078148
0.018330027934529997
0.022795119492573002
0.02315852966626446
0.06805988069782673
0.02195562392461587
0.026733788312572424
9.742850209679683E-5
0.04655167832042125
0.03422444637092602
0.09074508876329106
0.09136691744818805
0.03341707405757885
0.18320445234023683
0.16315169560657286
0.1041676506527631
0.012937851660942704
0.04772843147089181
0.04435138682945472
0.11713171225474538
0.002197630142682307
0.036658720757004784
0.09031978149664034
0.026054302536386822
0.14098926821189695
0.04606348439699507
0.12870878538911154
0.08978573266544479
0.057569801915240665
0.012405235493663848
0.0929467530465508
0.05364478534448986
0.006483437072980253
2.1457947333897975E-4
0.015242539213901606
0.08396962615953313
0.018680679233282815
0.009395566718926576
0.084413379041001
0.016290676481746005
0.04979964462698672
0.03693982043978771
0.06832027661028542
0.061157897985764674
0.09211321891929501
0.04099899110139991
0.08097019817481774
0.026807313133193143
0.095981746785234
0.03281936774898569
0.1356503848380166
0.030507547116099546
0.02762349223816488
0.02654656473023394
0.12492497452018844
0.020487077753775642
0.11535262740039152
0.021592814820654824
0.04864923572719283
0.01646782846572695
0.05014485909845294
0.009992770114384453
0.024224890531037272
0.059923785957453256
0.03637538649443973
0.010359076692069601
0.0508034331038999
0.0361638991506222
0.043107159983406876
0.1123811617018487
0.020744579219806852
0.0665227996385714
0.06162707539473069
0.010007709869284148
0.06364346473380282
0.04978630552575185
0.05624814272624985
0.10473698818612628
0.06298246324846987
0.03991050417016985
0.1164746698980132
0.03021979887408096
0.12568232539243365
0.12973197767732156
0.016897579684261893
0.007098584318204914
0.04863497450746184
0.08309301122103796
0.06977388717081336
0.098156953682371
0.027492775779925215
0.048527895735844026
0.12596898268359571
0.0048722543673087515
0.00655517892182326
0.050891017059494253
0.030394850849036793
0.043772616924039054
0.06784918364032792
0.010753667110885826
0.010011825217885366
0.0138755996755793
0.03174705027774116
0.0783991501982638
0.12837716253034814
0.06935590477992853
0.18451278007156813
0.05658051141776147
0.18451278007156813
0.06935590477992853
0.12837716253034814
0.0783991501982638
0.03174705027774116
0.0138755996755793
0.010011825217885366
0.010753667110885826
0.06784918364032792
0.043772616924039054
0.030394850849036793
0.050891017059494253
0.00655517892182326
0.0048722543673087515
0.12596898268359571
0.048527895735844026
0.027492775779925215
0.098156953682371
0.06977388717081336
0.08309301122103796
0.04863497450746184
0.007098584318204914
0.016897579684261893
0.12973197767732156
0.12568232539243365
0.03021979887408096
0.1164746698980132
0.03991050417016985
0.06298246324846987
0.10473698818612628
0.05624814272624985
0.04978630552575185
0.06364346473380282
0.010007709869284148
0.06162707539473069
0.0665227996385714
0.020744579219806852
0.1123811617018487
0.043107159983406876
0.0361638991506222
0.0508034331038999
0.010359076692069601
0.03637538649443973
0.059923785957453256
0.024224890531037272
0.009992770114384453
0.05014485909845294
0.01646782846572695
0.04864923572719283
0.021592814820654824
0.11535262740039152
0.020487077753775642
0.12492497452018844
0.02654656473023394
0.02762349223816488
0.030507547116099546
0.1356503848380166
0.03281936774898569
0.095981746785234
0.026807313133193143
0.08097019817481774
0.04099899110139991
0.09211321891929501
0.061157897985764674
0.06832027661028542
0.03693982043978771
0.04979964462698672
0.016290676481746005
0.084413379041001
0.009395566718926576
0.018680679233282815
0.08396962615953313
0.015242539213901606
2.1457947333897975E-4
0.006483437072980253
0.05364478534448986
0.0929467530465508
0.012405235493663848
0.057569801915240665
0.08978573266544479
0.12870878538911154
0.04606348439699507
0.14098926821189695
0.026054302536386822
0.09031978149664034
0.036658720757004784
0.002197630142682307
0.11713171225474538
0.04435138682945472
0.04772843147089181
0.012937851660942704
0.1041676506527631
0.16315169560657286
0.18320445234023683
0.03341707405757885
0.09136691744818805
0.09074508876329106
0.03422444637092602
0.04655167832042125
9.742850209679683E-5
0.026733788312572424
0.02195562392461587
0.06805988069782673
0.02315852966626446
0.022795119492573002
0.018330027934529997
0.06415560038078148
0.019438664762805254
0.01954481668982885
0.005072226309557602
0.12533762985088712
0.0029696065686327456
0.0542342320183655
0.08175537361069495
0.10871650204924953
0.022560429144053075
0.0022903386898358445
0.09325990396505861
0.1600858030363824
0.013228903459985251
0.09190619745566203
0.07782261588388661
0.06033943045219772
0.020703383254497755
0.0017138483153517053
0.07522575789039956
0.036532346295469365
0.07199555081228408
0.02806389159288891
0.03994092396203837
0.09655023599600436
9.170161914947039E-4
0.10287399061492127
0.18033230104523965
0.03174432733735929
0.16534936096021163
0.029041048304170262
0.07044955118351898
0.013347967283069898
0.04842854896409816
0.025661387264034906
0.07973439921554623
0.038639599250218176
0.09993810493468644
0.04837572427662288
0.05308355480596452
0.10910981343268125
0.05078360435315847
0.15098598012818165
0.06388347552368018
0.07986059793789967
0.042357163900093885
0.07328454564110178
0.07544068189034862
0.026359040841448845
0.08120607764232066
0.027498675761660287
0.0601023574250956
0.10445325143393201
0.055151524682872086
0.01875451446093328
0.05645803017324735
0.03523608493998802
0.042767630436831974
0.07006931894147786
0.01856442800253636
0.03922184650787467
0.013451977635943378
0.045551302530898646
0.06088387734375494
0.10176938456729233
0.012110240049239813
0.024035925450604456
0.19569776052014623
0.021104258125220602
0.01871115256045268
0.1105791527612511
0.07404831618390437
0.1221110100294451
7.784995149982767E-4
0.07262542963418002
0.0029801853770885334
0.024540518219673946
0.10401367666866534
0.06564820970197666
0.049226777993621205
0.11262587246341055
0.1971538022087643
0.08236396496854032
0.02605330669667171
0.08425548261738323
0.04327426125016044
0.19245406889148614
0.06211144286733624
0.03554935284850684
0.1531781404080155
0.004346553092616577
0.08754717014498534
0.17796432281198513
0.13230164344471615
0.10565524036228158
0.14006669109002318
0.030780077336602988
0.04576900712164159
0.015827445928633287
0.018259486790362885
0.014421693949262076
0.01579335245733523
0.06495131327935215
0.06358583039536939
0.04529073611979868
0.10151343971103993
0.038371660313230735
0.04815675811361549
0.04278407750690472
0.01968648372311429
0.06390442958387839
0.06586422609961405
0.06712546395902837
0.14686554374439195
0.051167847282328684
0.027029928066421054
0.029636518472236577
0.09574679629739122
0.10670421376877393
0.13991391160496716
0.009034635873227942
0.027659641702122633
0.049913746931231365
0.14690025643947252
0.1320211933081101
0.04395808021209047
0.10841269181940887
0.14247940097743472
0.05412666888301909
0.025089201404723108
0.05907427547948625
0.1530460511428852
0.07514513862670569
0.06901335349316465
0.04435123354398115
0.05788299965048825
0.006100275280766618
0.042052006194740026
0.08670994670383257
0.010504423162895505
0.020054358145366352
0.11734734883746473
0.13725922804285334
0.03243807444554672
0.08264233677095309
0.019077618842337992
0.013319576709220722
0.1259528313208228
0.008935970922740582
0.1777624649256512
0.08926365731226422
0.046183923166024196
0.28045848652968147
0.0433691768261144
3.7534026952806083E-4
0.08932310130949347
0.054327193360016277
0.21150406628804658
0.1292037158864401
0.07088520571802913
0.008461593924790284
0.01680171759613582
0.10454002539392034
0.11516434770822052
0.11885644937205136
0.09275829172680111
0.13441425268209473
0.0959829256034521
0.1582952741271779
0.11436918365474848
0.0963074155974952
0.0031061969917767105
0.11054295466779172
0.29804305156428507
0.009121978120038662
0.037996382702714264
0.09442573994038456
0.03957722734726032
0.007729677214849628
0.05506259389137612
0.1569956131701651
0.004673049831403805
0.10583028919982071
0.0338460581867812
0.08083996978978952
0.10362141227691056
0.10100346600995658
0.06926611122746697
0.03691868741166612
0.15096133284158292
0.0031236101234884996
0.02040718082549217
0.06284430375287962
0.048150980719632835
0.06272174755948547
0.18538707470358717
0.035428879793558354
0.08602680436272683
0.11746904630012661
0.01146691811231391
0.32583487531981364
0.11316102283552294
0.23179120825169208
0.3589426637473821
0.4434895660109836
0.14903782484373074
0.3961312159035546
0.01782489959799699
0.06179496217855281
0.2537849404770559
0.021406085454632205
0.1835268733815234
0.09499189902085531
0.09407531114480612
0.03858371492548849
0.05188686254365474
0.03998557234271238
0.12718061807912445
0.09974821107644338
0.006527507337426961
0.1446362849846088
0.10174749006396107
0.07151218751247149
0.09775777588666543
0.028180410166355724
0.12548483967225268
0.170769478888764
0.011621090289577812
0.13818026482130435
0.04004634066675955
0.08852314760004384
0.07226748258640119
0.21676726932658824
0.12399181713838933
0.023003858792680177
0.037657219932285886
0.14691529358062203
0.06252049584885801
0.24023927309628104
0.20214764873028673
0.12807497102967452
0.0678403613260863
0.1240811833176712
0.03620197804813915
0.15189484799104616
0.153895369989167
0.22797794804683552
0.042254310501009494
0.22163812934694188
0.06167731256552269
0.018437931367613795
0.05643390956931521
0.07675603363619968
0.1099599762496301
0.2008829489890167
0.13017981272670773
0.23551884332239362
0.11589142934632171
0.43022119070148546
0.46504162107393066
0.18026894794188333
0.10512254066884626
0.046777895143403914
0.760174315190137
0.07134423739358928
0.13671220032120535
0.24355721823697926
0.13631931038333842
0.2157369346048183
0.8127936633698101
0.5967035461666442
0.1271274734481892
0.13990526594023722
0.07495948997260592
0.30894524567097836
0.3164701241619955
0.019553304476748818
0.3460146072299703
0.16838743493689945
0.11112364594012866
0.2148992618775311
0.15431710201726528
0.031305632052275524
0.09649467409697911
0.3220106441391425
0.09516821777276073
0.08981797636761304
0.12491696563982752
0.2548179189539477
0.41939462835212843
0.7185887900635137
0.050117185755180683
0.1439250038945251
0.06604918978266529
0.16231508836571926
0.1504952985218849
0.21621208365550207
0.03552569146895258
0.12328279206401978
0.04837245058072343
0.03741459784405644
0.15696890943515343
0.06811353603382207
0.0336895534553023
0.14753389623602997
0.1033218653837633
0.049285361148138127
0.10280354195224067
0.0932718691048231
0.01259195508532517
0.2654955112110737
0.06423777567663709
0.13495732705049815
0.0854995586994557
0.08126844236970089
0.05516812578336176
0.12212457947755162
0.061542087165808085
0.10297781331378929
0.10828219120261243
0.011477185214900614
0.08591514454180925
0.32242037806640067
0.4045606019878224
0.19919627828916356
0.0066803628032791815
0.2855106472245946
1.0
0.040277953573843714
0.4436369791843273
0.12528590323899746
0.1323143965841567
0.33477532799826604
0.16987665405528865
0.3362075008966189
0.6182945899691664
0.1604959139162553
0.20498958957432478
0.28249655610654056
0.6924535341821201
0.20822165271397686
0.10727686651633836
0.2144838206024063
0.23186048486622643
0.35337527696919396
0.00625982341026454
0.10829157180534613
0.08333357048179996
0.0463869241988691
0.18486065220163278
0.031213703299776678
0.023965267574034516
0.141829299520613
0.07753430183620136
0.07141325615845019
