0.0661411577901294
0.0686239311535779
0.06730438523113876
0.07468723909140544
0.07889665774511817
0.11234897765774916
0.10639820962627386
0.038047553503983096
0.04821310107448873
0.11109842353305757
0.11290224205179475
0.22054507073151075
0.2974945636944
0.1337841235352957
0.4331774594083428
0.2206252911429873
0.27728007406757266
0.2288802477218355
0.4693915674494076
0.24228949794647822
0.7647635518984255
0.3716254759550948
0.05901502887459979
0.2244943893851017
0.7554185843782792
0.01934173867218668
0.37666727676772893
0.06067137466073635
0.5754173139604114
0.14859230759053518
0.34654282597133834
0.12130731823121726
0.33320296833086144
0.47608987027204097
0.018320523198334954
0.8798675259204896
0.5970811272837406
0.1915957643640069
0.3550013921351657
0.4282103090717715
0.2207892788281202
0.08955229946074067
0.047421988225178464
0.23599107060810737
0.43459682517159276
0.3436352084293939
1.0
0.0831387999094448
0.24331285178913314
0.23214025693596835
0.11346890491001353
0.38930786040406384
0.03500869307165046
0.09477770415264844
0.10548876178487646
0.022844823712414346
0.28393303614092363
0.055753401014167404
0.24457664769719906
0.00228656696742552
0.10648038248466735
0.12006157382695187
0.31793448728822826
0.25606420746519587
0.2820110832086906
0.057052293433552934
0.03266943774678493
0.47591379677280304
0.14101175457247123
0.0454496760375094
0.08899736850651727
0.22952206679885148
0.041872574816252305
0.07976963082954679
0.0028001633252478174
0.21231045452086442
0.15456632938484127
0.11169512898807117
0.013927870482786741
0.2175931149540368
0.06605201317925165
0.02881367685963769
0.2928026219717588
0.14037407238283522
0.2322572122557523
0.13620335949324958
0.10167612643837376
0.037056522339297876
0.1316930130546792
0.005097013199546277
0.03522375793113566
0.05186403317073684
0.0873872671897808
0.00498384315766085
0.1905058766265649
0.14466720254345475
0.05153056838890106
0.237414443642012
0.09590886526179017
0.04111831886597283
0.1271511413198413
0.07845283197867639
0.21841614341996263
0.07057155480420625
0.25644055305481234
0.4267209027004532
0.24120154043774708
0.5265784090778405
0.34032203985762105
0.15495825244637706
0.34562086291677313
0.17216525415407302
0.2151635909943172
0.33935100020454056
0.4742448378620741
0.09683869441521575
0.038828938166363236
0.36662852373980964
0.3098048891974156
0.2841783769630206
0.3111270630541829
0.20112818014366848
0.24795071586192516
0.4833758701279613
0.35862373256418867
0.05785836871108611
0.39804940890750085
0.0041199712109984766
0.011700720208092392
0.20629641556021783
0.2076699931480372
0.023535604865434257
0.045211559512465645
0.07831307494339078
0.18565984867730162
0.018657601535581533
0.06977814733611395
0.03447246677707101
0.01025082077006712
0.1635371904021597
0.04392742847138683
0.06797564414798997
0.09135549399313399
0.014799436294079643
0.1174320892255808
0.07626560921093278
0.14919406405139177
0.019799594824834277
0.05560611155924924
0.010440737938385682
7.596692115114101E-4
2.907975972955223E-4
0.015728983252509605
0.004325731360587484
0.006420659076869852
0.04137955427713107
0.05437734671852866
0.06366870926744964
0.0109996912870479
0.011582217968004588
0.007331607284573394
0.013685146105120675
0.05282577642489227
7.940294150641728E-4
0.01156225841146289
0.014961801893357041
0.03226328862429282
0.0022524927286418383
0.015125737522610549
0.023421038793622288
0.007857370559219255
0.0037786779770025256
0.04407595258888528
0.011765966186883522
0.015598108917376936
0.0071988758596406065
0.0013203220585646569
4.6915828272256325E-4
0.0057931102490673845
0.003668921937605203
0.01561222589148669
0.012145634705871168
0.022999814709866614
0.0015686154078515975
0.013485808916959465
0.014658908234268323
0.019712419158243566
0.002885010577761859
0.017316743439189902
0.009437155984436252
0.0016200828875462601
0.004290658949163208
0.022179197944367495
0.020001448397538747
0.01847962561304654
0.015182255262630064
0.00641124524855045
0.008054527293265078
0.007333309402952313
0.002519310299818721
0.002738671894916835
0.004699116108638036
0.013955054606242807
0.014328148597377348
0.022108454391825204
0.02232507449019043
0.004963845882021036
0.0014063914568188632
0.001779521139974753
0.015675927268829416
0.008425824628150893
0.014458153026843387
9.560411192980656E-4
0.001983344385974701
0.01474035792253821
0.008360948253035782
0.003818434697077299
0.003814882374371693
0.011798058239807329
0.013276626175175553
0.01137913521519204
0.005561100333471134
0.011788198400935765
0.009964890947864253
0.012710409937954876
0.002252611316167791
0.0019023040722863861
0.0132679295672025
0.01853226292503327
0.012339041179231488
0.012354418793966938
0.008724808389148332
0.019293132354838625
0.0020192287027336934
0.0022146201411321724
0.008095602974129283
0.012342034501490412
0.01252154789775444
0.02184390167647027
0.008467133167170167
0.00420186228539238
0.010253986614038455
0.011210432344124506
0.003112993881442677
0.005589088202334909
0.00806376399618382
0.013514777465639704
0.00862320520561019
0.007737921368949214
0.017739714461182752
0.017758313324895896
0.011095545231848749
1.1336149195397635E-4
0.012616978111225217
0.0025480544193638675
0.01791838886457666
0.015813114586662867
0.010783703743964597
0.008622643837117791
0.018351393438320297
0.006944915110497814
0.005236303263600433
0.012350789604892536
0.0016958480017363825
0.011167815389512663
0.005694820861041552
0.014829496617049296
0.0021739798294597257
0.011753384689208246
0.007409279656946812
0.015891568940616215
0.009870266679966494
0.019120131768392324
0.004839187609686133
0.014683520278571019
0.0020043328036325947
0.0046060350443292465
0.00288392493693017
0.00869714518333592
0.010093250812497259
0.011368926222119716
0.00990304204282815
0.005218819326290043
0.01218478316990409
0.009698932577823456
0.003511390528017821
0.011850704040538796
0.009595940408107467
0.011544383867448388
0.012828335020213898
0.030057997609184574
0.011760423633501091
0.004011606560271805
0.011264864303890513
8.987054881853711E-4
0.0017518742605737848
0.0012570436667130919
0.006238298303715903
0.008142273526248403
0.010477027303371907
0.006410022341746192
0.006450078740016939
0.0034313078704707152
0.0118257736346551
9.361997428053405E-4
0.009767529782401157
0.005699520358298621
0.010220040066825425
0.005995528345514073
0.0018779031341983907
0.0013415195896438862
0.011551114288292719
0.0017325016081138978
0.009696323026114676
0.011609341330189175
0.009209684614037027
0.010486566795076781
0.008609252953586456
0.006347105482488896
0.003943835015577836
0.006117282743433973
0.004864244378974559
0.0031024196038411745
0.0077358926597762305
0.007088714730681609
0.008219742745281363
0.00682479430328005
0.007272136426543549
0.005974135054590845
0.007486746408824436
0.005978029965297423
0.008027097360819612
0.009489098722878777
0.0064015082950301975
0.005564776299264647
0.005509870439442536
0.008854780919160959
0.005933816117910772
0.0053954599219205885
0.009554096367870458
0.011364340939438
0.009476668454213908
0.010545307428142458
0.004738136329250838
0.0055589134702492245
0.006591087713246234
0.009148464812850088
0.006267636264820515
0.008834435611255161
0.00805953101626843
0.01009267186785531
0.007531009671513983
0.006843445033209759
0.010197975488215346
0.007954504772897233
0.00744848768047907
0.010118287070687482
0.007944542312310543
0.006646805542936672
0.005697652815656111
0.008217664619461206
0.009537909657381575
0.006786584712200184
0.005886203424647903
0.00759702896925134
0.005976920013988394
0.004984680187609925
0.008348019770139905
0.008169115810160206
0.008023183295339176
0.008727755936732248
0.00570293105200335
0.0075961590901152155
0.007316342170352881
0.008990271096476979
0.005706451318121437
0.005185098496574651
0.005345084894433615
0.0076854861283648926
0.006893977500131839
0.007413819231459931
0.006934825657560125
0.007952749618410238
0.006943917976873449
0.007326108779840669
0.006346047737642277
0.006459543057261794
0.0067526778495241085
0.007316298403691098
0.007256815558319597
0.007293006409774954
0.0068584683764628925
0.006404193234564834
0.007319801319000342
0.0064342124439245
0.006572392926722183
0.006515418298855704
0.008271912512528396
0.00705018972061064
0.007813171946534728
0.007020768299038577
0.0070175181383161644
0.007440242260209612
0.0068765000471976605
0.006627056676884482
0.006614431254913723
0.0070316608467182636
0.007299842992775841
0.00712857980491891
0.006864682195455287
0.006900464382682576
0.006912768824508139
0.007416734617155821
0.0067567632679571875
0.0067455181400915415
0.007138226557021777
0.007088773766911233
0.006963149337651993
0.006906285223845615
0.007310468393432287
0.006960955634483768
0.006779659235934684
0.006425076981482091
0.006982516183746409
0.0069991600522973495
0.007103105854115127
0.006732521144535783
0.006952464501927909
0.006991649498287316
0.006773455132367875
0.0070028106978185815
0.0069061285519226995
0.006806634840469506
0.006666032574026112
0.007054682056005662
0.006969034277371245
0.00693402533241641
0.007035890732505349
0.006917126818293404
0.007033356352252886
0.006979036272147508
0.007158034011181242
0.006809861519359218
0.006950191985019339
0.006792483476165238
0.006956045245958389
0.006635926739401229
0.006784548028702678
0.007077888157847672
0.007201873418261569
0.007054651969402532
0.0069802197053232635
0.007101816976818599
0.006915470247384516
0.007077061393725121
0.007230442668187353
0.006760393532258805
0.007071942328368171
0.006734837676737904
0.006946679655740367
0.006969116065230362
0.006943480967264271
0.006596192148875641
0.006943480967264271
0.006969116065230362
0.006946679655740367
0.006734837676737904
0.007071942328368171
0.006760393532258805
0.007230442668187353
0.007077061393725121
0.006915470247384516
0.007101816976818599
0.0069802197053232635
0.007054651969402532
0.007201873418261569
0.007077888157847672
0.006784548028702678
0.006635926739401229
0.006956045245958389
0.006792483476165238
0.006950191985019339
0.006809861519359218
0.007158034011181242
0.006979036272147508
0.007033356352252886
0.006917126818293404
0.007035890732505349
0.00693402533241641
0.006969034277371245
0.007054682056005662
0.006666032574026112
0.006806634840469506
0.0069061285519226995
0.0070028106978185815
0.006773455132367875
0.006991649498287316
0.006952464501927909
0.006732521144535783
0.007103105854115127
0.0069991600522973495
0.006982516183746409
0.006425076981482091
0.006779659235934684
0.006960955634483768
0.007310468393432287
0.006906285223845615
0.006963149337651993
0.007088773766911233
0.007138226557021777
0.0067455181400915415
0.0067567632679571875
0.007416734617155821
0.006912768824508139
0.006900464382682576
0.006864682195455287
0.00712857980491891
0.007299842992775841
0.0070316608467182636
0.006614431254913723
0.006627056676884482
0.0068765000471976605
0.007440242260209612
0.0070175181383161644
0.007020768299038577
0.007813171946534728
0.00705018972061064
0.008271912512528396
0.006515418298855704
0.006572392926722183
0.0064342124439245
0.007319801319000342
0.006404193234564834
0.0068584683764628925
0.007293006409774954
0.007256815558319597
0.007316298403691098
0.0067526778495241085
0.006459543057261794
0.006346047737642277
0.007326108779840669
0.006943917976873449
0.007952749618410238
0.006934825657560125
0.007413819231459931
0.006893977500131839
0.0076854861283648926
0.005345084894433615
0.005185098496574651
0.005706451318121437
0.008990271096476979
0.007316342170352881
0.0075961590901152155
0.00570293105200335
0.008727755936732248
0.008023183295339176
0.008169115810160206
0.008348019770139905
0.004984680187609925
0.005976920013988394
0.00759702896925134
0.005886203424647903
0.006786584712200184
0.009537909657381575
0.008217664619461206
0.005697652815656111
0.006646805542936672
0.007944542312310543
0.010118287070687482
0.00744848768047907
0.007954504772897233
0.010197975488215346
0.006843445033209759
0.007531009671513983
0.01009267186785531
0.00805953101626843
0.008834435611255161
0.006267636264820515
0.009148464812850088
0.006591087713246234
0.0055589134702492245
0.004738136329250838
0.010545307428142458
0.009476668454213908
0.011364340939438
0.009554096367870458
0.0053954599219205885
0.005933816117910772
0.008854780919160959
0.005509870439442536
0.005564776299264647
0.0064015082950301975
0.009489098722878777
0.008027097360819612
0.005978029965297423
0.007486746408824436
0.005974135054590845
0.007272136426543549
0.00682479430328005
0.008219742745281363
0.007088714730681609
0.0077358926597762305
0.0031024196038411745
0.004864244378974559
0.006117282743433973
0.003943835015577836
0.006347105482488896
0.008609252953586456
0.010486566795076781
0.009209684614037027
0.011609341330189175
0.009696323026114676
0.0017325016081138978
0.011551114288292719
0.0013415195896438862
0.0018779031341983907
0.005995528345514073
0.010220040066825425
0.005699520358298621
0.009767529782401157
9.361997428053405E-4
0.0118257736346551
0.0034313078704707152
0.006450078740016939
0.006410022341746192
0.010477027303371907
0.008142273526248403
0.006238298303715903
0.0012570436667130919
0.0017518742605737848
8.987054881853711E-4
0.011264864303890513
0.004011606560271805
0.011760423633501091
0.030057997609184574
0.012828335020213898
0.011544383867448388
0.009595940408107467
0.011850704040538796
0.003511390528017821
0.009698932577823456
0.01218478316990409
0.005218819326290043
0.00990304204282815
0.011368926222119716
0.010093250812497259
0.00869714518333592
0.00288392493693017
0.0046060350443292465
0.0020043328036325947
0.014683520278571019
0.004839187609686133
0.019120131768392324
0.009870266679966494
0.015891568940616215
0.007409279656946812
0.011753384689208246
0.0021739798294597257
0.014829496617049296
0.005694820861041552
0.011167815389512663
0.0016958480017363825
0.012350789604892536
0.005236303263600433
0.006944915110497814
0.018351393438320297
0.008622643837117791
0.010783703743964597
0.015813114586662867
0.01791838886457666
0.0025480544193638675
0.012616978111225217
1.1336149195397635E-4
0.011095545231848749
0.017758313324895896
0.017739714461182752
0.007737921368949214
0.00862320520561019
0.013514777465639704
0.00806376399618382
0.005589088202334909
0.003112993881442677
0.011210432344124506
0.010253986614038455
0.00420186228539238
0.008467133167170167
0.02184390167647027
0.01252154789775444
0.012342034501490412
0.008095602974129283
0.0022146201411321724
0.0020192287027336934
0.019293132354838625
0.008724808389148332
0.012354418793966938
0.012339041179231488
0.01853226292503327
0.0132679295672025
0.0019023040722863861
0.002252611316167791
0.012710409937954876
0.009964890947864253
0.011788198400935765
0.005561100333471134
0.01137913521519204
0.013276626175175553
0.011798058239807329
0.003814882374371693
0.003818434697077299
0.008360948253035782
0.01474035792253821
0.001983344385974701
9.560411192980656E-4
0.014458153026843387
0.008425824628150893
0.015675927268829416
0.001779521139974753
0.0014063914568188632
0.004963845882021036
0.02232507449019043
0.022108454391825204
0.014328148597377348
0.013955054606242807
0.004699116108638036
0.002738671894916835
0.002519310299818721
0.007333309402952313
0.008054527293265078
0.00641124524855045
0.015182255262630064
0.01847962561304654
0.020001448397538747
0.022179197944367495
0.004290658949163208
0.0016200828875462601
0.009437155984436252
0.017316743439189902
0.002885010577761859
0.019712419158243566
0.014658908234268323
0.013485808916959465
0.0015686154078515975
0.022999814709866614
0.012145634705871168
0.01561222589148669
0.003668921937605203
0.0057931102490673845
4.6915828272256325E-4
0.0013203220585646569
0.0071988758596406065
0.015598108917376936
0.011765966186883522
0.04407595258888528
0.0037786779770025256
0.007857370559219255
0.023421038793622288
0.015125737522610549
0.0022524927286418383
0.03226328862429282
0.014961801893357041
0.01156225841146289
7.940294150641728E-4
0.05282577642489227
0.013685146105120675
0.007331607284573394
0.011582217968004588
0.0109996912870479
0.06366870926744964
0.05437734671852866
0.04137955427713107
0.006420659076869852
0.004325731360587484
0.015728983252509605
2.907975972955223E-4
7.596692115114101E-4
0.010440737938385682
0.05560611155924924
0.019799594824834277
0.14919406405139177
0.07626560921093278
0.1174320892255808
0.014799436294079643
0.09135549399313399
0.06797564414798997
0.04392742847138683
0.1635371904021597
0.01025082077006712
0.03447246677707101
0.06977814733611395
0.018657601535581533
0.18565984867730162
0.07831307494339078
0.045211559512465645
0.023535604865434257
0.2076699931480372
0.20629641556021783
0.011700720208092392
0.0041199712109984766
0.39804940890750085
0.05785836871108611
0.35862373256418867
0.4833758701279613
0.24795071586192516
0.20112818014366848
0.3111270630541829
0.2841783769630206
0.3098048891974156
0.36662852373980964
0.038828938166363236
0.09683869441521575
0.4742448378620741
0.33935100020454056
0.2151635909943172
0.17216525415407302
0.34562086291677313
0.15495825244637706
0.34032203985762105
0.5265784090778405
0.24120154043774708
0.4267209027004532
0.25644055305481234
0.07057155480420625
0.21841614341996263
0.07845283197867639
0.1271511413198413
0.04111831886597283
0.09590886526179017
0.237414443642012
0.05153056838890106
0.14466720254345475
0.1905058766265649
0.00498384315766085
0.0873872671897808
0.05186403317073684
0.03522375793113566
0.005097013199546277
0.1316930130546792
0.037056522339297876
0.10167612643837376
0.13620335949324958
0.2322572122557523
0.14037407238283522
0.2928026219717588
0.02881367685963769
0.06605201317925165
0.2175931149540368
0.013927870482786741
0.11169512898807117
0.15456632938484127
0.21231045452086442
0.0028001633252478174
0.07976963082954679
0.041872574816252305
0.22952206679885148
0.08899736850651727
0.0454496760375094
0.14101175457247123
0.47591379677280304
0.03266943774678493
0.057052293433552934
0.2820110832086906
0.25606420746519587
0.31793448728822826
0.12006157382695187
0.10648038248466735
0.00228656696742552
0.24457664769719906
0.055753401014167404
0.28393303614092363
0.022844823712414346
0.10548876178487646
0.09477770415264844
0.03500869307165046
0.38930786040406384
0.11346890491001353
0.23214025693596835
0.24331285178913314
0.0831387999094448
1.0
0.3436352084293939
0.43459682517159276
0.23599107060810737
0.047421988225178464
0.08955229946074067
0.2207892788281202
0.4282103090717715
0.3550013921351657
0.1915957643640069
0.5970811272837406
0.8798675259204896
0.018320523198334954
0.47608987027204097
0.33320296833086144
0.12130731823121726
0.34654282597133834
0.14859230759053518
0.5754173139604114
0.06067137466073635
0.37666727676772893
0.01934173867218668
0.7554185843782792
0.2244943893851017
0.05901502887459979
0.3716254759550948
0.7647635518984255
0.24228949794647822
0.4693915674494076
0.2288802477218355
0.27728007406757266
0.2206252911429873
0.4331774594083428
0.1337841235352957
0.2974945636944
0.22054507073151075
0.11290224205179475
0.11109842353305757
0.04821310107448873
0.038047553503983096
0.10639820962627386
0.11234897765774916
0.07889665774511817
0.07468723909140544
0.06730438523113876
0.0686239311535779
