0.5048040026028424
0.546741817939656
0.17041101217396482
0.04906832527962378
0.6809385328038039
0.26763707962640343
0.7367255944406016
0.14914600566769137
0.8326321605551804
0.4536946245428062
0.056887458137044516
0.0974619549333833
0.00582993135342694
0.39957328625905175
0.016873774954318833
0.5770056171649127
0.19557741628253927
0.36529573102590623
0.35145122749540314
0.3130386929165575
0.3090883746183914
0.1713610263066247
0.06241491107628001
0.01623244416339831
0.2590963063202514
0.37216109792129304
0.43965977958737895
0.050347955493861785
0.22807952492786263
0.31381121335053874
0.012891477626217784
0.07489195188030129
0.4784054936524469
0.16350885681458407
0.8488787747339986
0.14681588957504849
0.9277912344491056
0.2812434084691267
0.44086454795751145
0.6365265325579619
0.1755091449646477
0.2700798910786349
0.6394622257115539
0.3978597914924327
0.46684260607303085
0.330381749245486
0.30922244949087374
0.29553027402114596
0.23046034783666738
0.018302006838697715
0.10273879031589973
0.2422993293227581
1.0
0.7457602871274909
0.0673389332144545
0.15506499228767398
0.3012082407464913
0.6146067952206619
0.13390461588875355
0.507742779330556
0.8480607510054738
0.8252053461899437
0.3354496179142855
0.10790505531874349
0.029291890860079522
0.3747292460896499
0.5669159625432719
0.3385752695988481
0.21045345337557342
0.17655345249758264
0.5113565728834826
0.9067600639777411
0.28643542690909307
0.42684552095580186
0.2075168216249517
0.5027650949108691
0.2560433640791547
0.5859177283090764
0.18828461141144556
0.045744813372509366
0.3807923536270614
0.4089221367453055
0.2105282765172164
0.13616055275436248
0.019390426979627135
0.22655059154880267
0.15999884721393468
0.3551361335930604
0.18610682166016457
0.7005426077408379
0.13120677888470905
0.47410274142145
0.20336875164646612
0.2575820072378055
0.030664501804768998
0.01053579789433385
0.4816542246904235
0.11268004917095586
0.2691674200507481
0.31698247118056744
0.11786551169784173
0.21369708022390016
0.0662749524860633
0.44754662625053543
0.39971005881151456
0.3362187895062389
0.15279703570552058
0.5028010770712487
0.09106820497650972
0.15527124118520275
0.18325173964436395
0.2777084421036106
0.5230573858760388
0.3436845655687332
0.25122306581873494
0.020309674738970836
0.1733174836788747
0.34135221742372857
0.20309825215626917
0.08063899156821601
0.7422143020088727
0.4537393544385046
0.05401136240875821
0.1621394196622518
0.31587753510881456
0.2624026119614667
0.3313839142418433
0.1414128780136157
0.061444982886977174
0.29207304481372354
0.2435472460641929
0.43380582746827406
0.07580211512294868
0.007491226143904629
0.158223416315771
0.43660642810640843
0.1771437031040288
0.40961336885228944
0.09052245240387922
0.4135481069499207
0.06816071322239418
0.3132378953797699
0.2655608379305471
0.0731670393496534
0.2651038492213806
0.31802819599584786
0.05884887766588076
0.5061793999389818
0.06469290677316868
0.3045476534277056
0.32107873115005664
0.06698029004007457
0.06821197127627687
0.3239428737648414
0.631005003253553
0.25544495511994003
0.4891738020217384
0.05263019167696659
0.3333755829640798
0.22117533424846786
0.1828384607028725
0.0789638508807325
0.21792743813815818
0.3901197543149141
0.6961063776173793
0.6318359564356995
0.25634430376677625
0.7120577861375879
0.034771961820139044
0.4576962810531166
0.0034862969282815582
0.3207282807062219
0.9872418091844258
0.34484400598904674
0.1265380969716278
0.025222468878733313
0.30302296758114095
0.4272886010153063
0.08476793186231929
0.3542953538123851
0.32498991126982335
0.3062365431505673
0.4739221132396757
0.6021069922371051
0.2178232021463232
0.24405556702102496
0.5332274225310187
0.20371784600518877
0.4991089588241909
0.11752135209482395
0.5863944524594981
0.03878534077919385
0.3068411894544151
0.34582131522847254
0.0856767971250805
0.35215817026088925
0.29823610351219654
0.26601143811351186
0.43796753277185557
0.2814275559042473
0.5614720711490849
0.2058761182123428
0.10033420770079032
0.4110599578097957
0.3858741375271393
0.1792400229560753
0.15797301581808065
0.3914236519281032
0.34642739306113907
0.8077851848244856
0.050795322202693706
0.18183841578385807
0.08642045502450006
0.17530520083671974
0.20925937864876173
0.480977246849186
0.21906354314562196
0.0215569271767519
0.23845700123124017
0.0985528100849259
0.13621617217669238
0.3295542369638805
0.6182070169061815
0.0887523637368852
0.22948648596159704
0.12014761865696479
0.14310183847617017
0.023806373742145278
0.24653749307963138
0.22547587701853397
0.449228053356972
0.16826800086761415
0.30287627325451477
0.44374372523400013
0.15036174514700876
0.19980713733577657
0.04382067042342997
0.08127360426971085
0.3083759904955318
0.10445990137816803
0.13333521770106582
0.012860002609487393
0.22945088895348595
0.3316885044723114
0.05372085183584237
0.04392527251423548
0.4068144403161257
0.2138129471265204
0.09144543067031297
0.4210117912437718
0.08901108662581281
0.1946032951428918
0.15255954374638775
0.2875009916195769
0.16311471361688556
0.13966299798499365
0.021995752935875242
0.32907136355022376
0.08556412086665124
6.494586776118604E-4
0.2799102224134267
0.4527581396517972
0.5219679816046551
0.07931103217898751
0.052456691260056774
0.260561887539558
0.1933209421255529
0.18329908068834863
0.18038170016882477
0.2613466421570731
0.34794343541220174
0.21326423838377193
0.1195760376480558
0.004495913901126773
0.06295384334930944
0.031259914249036555
0.2809238831024078
0.44517004829681295
0.4792243024797656
0.04750410154510005
0.2481245809823757
0.10670355294539977
0.15601859037641885
0.14980311253823844
0.39219113862314053
0.2798244167895364
0.05151698398883665
0.48285514132822327
0.2523346823082299
0.4772900642789464
0.022044172400737888
0.08948726044994958
0.17100130922388593
0.4944669054772881
0.2574533512653346
0.5475815096363861
0.21144721013246598
0.2144664184060301
0.34060669591407106
0.36979345469494207
0.18880823497055094
0.034110606205323656
0.4020890829200508
0.01007122182784479
0.26372831485504794
0.34721974991546734
0.0609386363988593
0.11313618961693414
0.1262010006507106
0.3099418454657384
0.12674656297627118
0.05578691205892444
0.025910805314706065
0.42428577706720516
0.008333031961234538
0.27561335918378277
0.26907107905250927
0.16800357876279085
0.0013421615925739386
0.05273862752965801
0.24700987780847994
0.15649676626919756
0.08687469585880597
0.6141892298680933
0.017567106422962896
0.10099885955866594
0.3090981939290982
0.11436842008985812
0.12286406851913749
0.3075548206948494
0.37387849206157425
0.06277557401061472
0.32116378003410806
0.5547908800694211
0.15903800764054446
0.23839817321496282
0.20086604596814508
0.18789582827216744
0.15362917889689445
0.028100679232461193
0.04549755850195792
0.07303723078890369
0.29316518261024427
0.06908223722250496
0.3193390050348612
0.008664917352483875
0.03611763533326181
0.18550511118187002
0.36654185561184494
0.061319631375661
0.21410293760429105
0.006126944513795916
0.06077856879341671
0.14368080210524092
0.001566025613927908
0.1506437554206668
0.3540078488528332
0.2766132762626497
0.13442165423448693
0.03903277632505639
0.10040239859239036
0.15998519132739264
0.06369363306383798
0.14936190662567214
0.3134564656059823
0.0059807745840554484
0.10455950762495887
0.3102133578012966
0.1293564207152512
0.05321615666130115
0.15725419577392813
0.16325219709758226
0.023809946564763956
0.25352114496828876
0.16622345728297458
0.03963352307321586
0.11155750155702342
0.1250849225698921
0.2101646390861995
0.16372923739213324
0.3342628788868196
0.24673877470507546
0.153732006259099
0.10165381990635526
0.1960214835730735
0.0030202747275731084
0.08788257154036717
0.1544019991875612
0.5903083049988689
0.0739299142178912
0.07413035356326755
0.20631838347994255
0.029535157670679622
0.010279952301825341
0.039361852011795324
0.20328261012104176
0.018721576354011667
0.13441354849439233
0.3193226730036869
0.23859395015435383
0.12782503836011305
0.08388772954902136
0.007926392095604182
0.3268080391952652
0.3751401538032849
0.364502257520909
0.0015397796276176686
0.5296248220972074
0.4250312302307875
0.17414872911410595
0.07513388543190253
0.18565719266786232
0.12214654121436869
0.3112968146617718
0.09961208562590203
0.05093313619310096
0.0019637195258386526
0.2222693197097829
0.04118099028528498
0.2304327469413172
0.14664696402224855
0.4340821771431338
0.525220607100562
0.06833495140153138
0.08972893616418375
0.03409476954047519
0.27823861186225396
0.2622057476785326
0.268021773009747
0.3807516974587684
0.08953246416681201
0.06352059055779315
0.12969469589946994
0.31150675933143146
0.15845571159018582
0.1924285337975597
0.2931937959929989
0.13308564275982962
0.0766649295720063
0.04859166598901844
0.19645935299134396
0.004846968094888162
7.932659420166404E-4
0.5037810421617732
0.1408575103508741
0.03365191498942918
0.44786173806791385
0.22723547168067565
0.19856514084622523
0.4758848337740213
0.3069807692458184
0.17416807534130377
0.01985411087666567
0.08883447965535557
0.018298452620042323
0.026263000875100095
0.2508023660463673
0.294736613384994
0.41227980583742385
0.11382904361943463
0.030558682351918994
0.4831222686948939
0.5048040026028424
0.4831222686948939
0.030558682351918994
0.11382904361943463
0.41227980583742385
0.294736613384994
0.2508023660463673
0.026263000875100095
0.018298452620042323
0.08883447965535557
0.01985411087666567
0.17416807534130377
0.3069807692458184
0.4758848337740213
0.19856514084622523
0.22723547168067565
0.44786173806791385
0.03365191498942918
0.1408575103508741
0.5037810421617732
7.932659420166404E-4
0.004846968094888162
0.19645935299134396
0.04859166598901844
0.0766649295720063
0.13308564275982962
0.2931937959929989
0.1924285337975597
0.15845571159018582
0.31150675933143146
0.12969469589946994
0.06352059055779315
0.08953246416681201
0.3807516974587684
0.268021773009747
0.2622057476785326
0.27823861186225396
0.03409476954047519
0.08972893616418375
0.06833495140153138
0.525220607100562
0.4340821771431338
0.14664696402224855
0.2304327469413172
0.04118099028528498
0.2222693197097829
0.0019637195258386526
0.05093313619310096
0.09961208562590203
0.3112968146617718
0.12214654121436869
0.18565719266786232
0.07513388543190253
0.17414872911410595
0.4250312302307875
0.5296248220972074
0.0015397796276176686
0.364502257520909
0.3751401538032849
0.3268080391952652
0.007926392095604182
0.08388772954902136
0.12782503836011305
0.23859395015435383
0.3193226730036869
0.13441354849439233
0.018721576354011667
0.20328261012104176
0.039361852011795324
0.010279952301825341
0.029535157670679622
0.20631838347994255
0.07413035356326755
0.0739299142178912
0.5903083049988689
0.1544019991875612
0.08788257154036717
0.0030202747275731084
0.1960214835730735
0.10165381990635526
0.153732006259099
0.24673877470507546
0.3342628788868196
0.16372923739213324
0.2101646390861995
0.1250849225698921
0.11155750155702342
0.03963352307321586
0.16622345728297458
0.25352114496828876
0.023809946564763956
0.16325219709758226
0.15725419577392813
0.05321615666130115
0.1293564207152512
0.3102133578012966
0.10455950762495887
0.0059807745840554484
0.3134564656059823
0.14936190662567214
0.06369363306383798
0.15998519132739264
0.10040239859239036
0.03903277632505639
0.13442165423448693
0.2766132762626497
0.3540078488528332
0.1506437554206668
0.001566025613927908
0.14368080210524092
0.06077856879341671
0.006126944513795916
0.21410293760429105
0.061319631375661
0.36654185561184494
0.18550511118187002
0.03611763533326181
0.008664917352483875
0.3193390050348612
0.06908223722250496
0.29316518261024427
0.07303723078890369
0.04549755850195792
0.028100679232461193
0.15362917889689445
0.18789582827216744
0.20086604596814508
0.23839817321496282
0.15903800764054446
0.5547908800694211
0.32116378003410806
0.06277557401061472
0.37387849206157425
0.3075548206948494
0.12286406851913749
0.11436842008985812
0.3090981939290982
0.10099885955866594
0.017567106422962896
0.6141892298680933
0.08687469585880597
0.15649676626919756
0.24700987780847994
0.05273862752965801
0.0013421615925739386
0.16800357876279085
0.26907107905250927
0.27561335918378277
0.008333031961234538
0.42428577706720516
0.025910805314706065
0.05578691205892444
0.12674656297627118
0.3099418454657384
0.1262010006507106
0.11313618961693414
0.0609386363988593
0.34721974991546734
0.26372831485504794
0.01007122182784479
0.4020890829200508
0.034110606205323656
0.18880823497055094
0.36979345469494207
0.34060669591407106
0.2144664184060301
0.21144721013246598
0.5475815096363861
0.2574533512653346
0.4944669054772881
0.17100130922388593
0.08948726044994958
0.022044172400737888
0.4772900642789464
0.2523346823082299
0.48285514132822327
0.05151698398883665
0.2798244167895364
0.39219113862314053
0.14980311253823844
0.15601859037641885
0.10670355294539977
0.2481245809823757
0.04750410154510005
0.4792243024797656
0.44517004829681295
0.2809238831024078
0.031259914249036555
0.06295384334930944
0.004495913901126773
0.1195760376480558
0.21326423838377193
0.34794343541220174
0.2613466421570731
0.18038170016882477
0.18329908068834863
0.1933209421255529
0.260561887539558
0.052456691260056774
0.07931103217898751
0.5219679816046551
0.4527581396517972
0.2799102224134267
6.494586776118604E-4
0.08556412086665124
0.32907136355022376
0.021995752935875242
0.13966299798499365
0.16311471361688556
0.2875009916195769
0.15255954374638775
0.1946032951428918
0.08901108662581281
0.4210117912437718
0.09144543067031297
0.2138129471265204
0.4068144403161257
0.04392527251423548
0.05372085183584237
0.3316885044723114
0.22945088895348595
0.012860002609487393
0.13333521770106582
0.10445990137816803
0.3083759904955318
0.08127360426971085
0.04382067042342997
0.19980713733577657
0.15036174514700876
0.44374372523400013
0.30287627325451477
0.16826800086761415
0.449228053356972
0.22547587701853397
0.24653749307963138
0.023806373742145278
0.14310183847617017
0.12014761865696479
0.22948648596159704
0.0887523637368852
0.6182070169061815
0.3295542369638805
0.13621617217669238
0.0985528100849259
0.23845700123124017
0.0215569271767519
0.21906354314562196
0.480977246849186
0.20925937864876173
0.17530520083671974
0.08642045502450006
0.18183841578385807
0.050795322202693706
0.8077851848244856
0.34642739306113907
0.3914236519281032
0.15797301581808065
0.1792400229560753
0.3858741375271393
0.4110599578097957
0.10033420770079032
0.2058761182123428
0.5614720711490849
0.2814275559042473
0.43796753277185557
0.26601143811351186
0.29823610351219654
0.35215817026088925
0.0856767971250805
0.34582131522847254
0.3068411894544151
0.03878534077919385
0.5863944524594981
0.11752135209482395
0.4991089588241909
0.20371784600518877
0.5332274225310187
0.24405556702102496
0.2178232021463232
0.6021069922371051
0.4739221132396757
0.3062365431505673
0.32498991126982335
0.3542953538123851
0.08476793186231929
0.4272886010153063
0.30302296758114095
0.025222468878733313
0.1265380969716278
0.34484400598904674
0.9872418091844258
0.3207282807062219
0.0034862969282815582
0.4576962810531166
0.034771961820139044
0.7120577861375879
0.25634430376677625
0.6318359564356995
0.6961063776173793
0.3901197543149141
0.21792743813815818
0.0789638508807325
0.1828384607028725
0.22117533424846786
0.3333755829640798
0.05263019167696659
0.4891738020217384
0.25544495511994003
0.631005003253553
0.3239428737648414
0.06821197127627687
0.06698029004007457
0.32107873115005664
0.3045476534277056
0.06469290677316868
0.5061793999389818
0.05884887766588076
0.31802819599584786
0.2651038492213806
0.0731670393496534
0.2655608379305471
0.3132378953797699
0.06816071322239418
0.4135481069499207
0.09052245240387922
0.40961336885228944
0.1771437031040288
0.43660642810640843
0.158223416315771
0.007491226143904629
0.07580211512294868
0.43380582746827406
0.2435472460641929
0.29207304481372354
0.061444982886977174
0.1414128780136157
0.3313839142418433
0.2624026119614667
0.31587753510881456
0.1621394196622518
0.05401136240875821
0.4537393544385046
0.7422143020088727
0.08063899156821601
0.20309825215626917
0.34135221742372857
0.1733174836788747
0.020309674738970836
0.25122306581873494
0.3436845655687332
0.5230573858760388
0.2777084421036106
0.18325173964436395
0.15527124118520275
0.09106820497650972
0.5028010770712487
0.15279703570552058
0.3362187895062389
0.39971005881151456
0.44754662625053543
0.0662749524860633
0.21369708022390016
0.11786551169784173
0.31698247118056744
0.2691674200507481
0.11268004917095586
0.4816542246904235
0.01053579789433385
0.030664501804768998
0.2575820072378055
0.20336875164646612
0.47410274142145
0.13120677888470905
0.7005426077408379
0.18610682166016457
0.3551361335930604
0.15999884721393468
0.22655059154880267
0.019390426979627135
0.13616055275436248
0.2105282765172164
0.4089221367453055
0.3807923536270614
0.045744813372509366
0.18828461141144556
0.5859177283090764
0.2560433640791547
0.5027650949108691
0.2075168216249517
0.42684552095580186
0.28643542690909307
0.9067600639777411
0.5113565728834826
0.17655345249758264
0.21045345337557342
0.3385752695988481
0.5669159625432719
0.3747292460896499
0.029291890860079522
0.10790505531874349
0.3354496179142855
0.8252053461899437
0.8480607510054738
0.507742779330556
0.13390461588875355
0.6146067952206619
0.3012082407464913
0.15506499228767398
0.0673389332144545
0.7457602871274909
1.0
0.2422993293227581
0.10273879031589973
0.018302006838697715
0.23046034783666738
0.29553027402114596
0.30922244949087374
0.330381749245486
0.46684260607303085
0.3978597914924327
0.6394622257115539
0.2700798910786349
0.1755091449646477
0.6365265325579619
0.44086454795751145
0.2812434084691267
0.9277912344491056
0.14681588957504849
0.8488787747339986
0.16350885681458407
0.4784054936524469
0.07489195188030129
0.012891477626217784
0.31381121335053874
0.22807952492786263
0.050347955493861785
0.43965977958737895
0.37216109792129304
0.2590963063202514
0.01623244416339831
0.06241491107628001
0.1713610263066247
0.3090883746183914
0.3130386929165575
0.35145122749540314
0.36529573102590623
0.19557741628253927
0.5770056171649127
0.016873774954318833
0.39957328625905175
0.00582993135342694
0.0974619549333833
0.056887458137044516
0.4536946245428062
0.8326321605551804
0.14914600566769137
0.7367255944406016
0.26763707962640343
0.6809385328038039
0.04906832527962378
0.17041101217396482
0.546741817939656
