0.029915315456973946
0.02564767384692764
0.020957064751741188
0.05600703056917176
0.04566445084582097
0.02239139206602334
0.01004178107183946
0.23357246482696653
0.14144902112289204
0.042928776127158175
0.607053865130564
0.16665521671871592
0.6449172468371978
0.7070191619697339
0.8744073579248743
0.38824068896817976
0.55206360083675
0.8991171511128705
0.03613226076673309
0.7224266858413286
0.27744286847348815
0.4463450532737836
0.6604164684809426
0.19949184761836555
0.12085595098472958
0.8442753037349161
0.07680769362167308
0.07828221294323459
0.6103555498952967
0.39479860439299724
1.0
0.06949531389425044
0.006638074106899745
0.16986977126990138
0.9178311926740261
0.2884702611153935
0.44437797166868936
0.04973603412548833
0.19049666415287167
0.8112556532679945
0.7373552288307664
0.3982321269022583
0.014379458298659102
0.1492247846889135
0.1824453512919081
0.5717317777497862
0.3936461669586549
0.130923625980758
0.2125349162554402
0.45665653732464473
0.14619934562920106
0.1760101705449492
0.17020354163469967
0.05949572229831778
0.2932760331246718
0.0383437874027689
0.060789826979519714
0.2777699481666414
0.003921345412104824
0.12487170823456094
0.06534110543822019
0.1253155281225047
0.0397298764245682
0.02471581183645402
0.07968082499077182
0.08992465780325827
0.010019198248162229
0.11497434406911876
0.040392640856337605
0.012514139413169298
0.0018022271215370215
0.017781436545467814
0.020431972116646383
0.040207929308064244
0.07969869512813864
0.047628474502437256
0.011209338792112375
0.06028912437388089
0.06901084363650903
0.019397880491320192
0.02894834281499292
0.14570727796462585
0.06585311280193987
0.022433454179793522
0.11902041270488553
0.02915516763257475
0.07865018581394302
0.010015232111653158
0.04244897902394856
0.06921398090343178
0.030210513233482696
0.008312781107597854
0.07683599135429899
0.06753100091234464
0.06989873199658911
0.0943428622437486
0.03253064850449565
0.0186721222810535
0.03168456465228031
0.07138191350652022
0.014634594879884964
0.026259262171156966
0.03181818615208163
0.001832243791202535
0.1221598743659804
0.06592376784074272
0.05707721296762008
0.08231188946640104
0.09855793707703707
0.1202973961658552
0.01659998994644756
0.14680668380153183
0.025778268780354302
0.030613359094377943
0.18229280387254873
0.010139154488028452
0.08780276219136769
0.08518279267661275
0.13238489275872245
0.007726181342530069
0.07794787905776765
0.04949011017133077
0.004482747394662106
0.028880958149019795
0.01644877313352521
0.08070590972749286
0.021706666866751895
0.008722648021273456
0.002064620896984309
0.01708293019122273
0.013487133954269311
0.022373282429946302
0.012880791279952255
0.006125725972068538
0.007918398268775618
0.010939710785757936
0.00874261082302258
1.497926943526623E-4
0.0033460451420368243
0.018043335047430956
0.0017542449876845054
0.005849007642879008
0.007065555860642552
0.0031375243562088728
0.002486174461084226
0.004097140513248939
0.0012634391529565679
8.865863581942329E-4
0.002081210469849435
0.005236045145165794
0.0020531176444054428
0.006817291810734611
0.004450933440908574
0.007348820202649599
0.006137956919495039
0.008378471583593202
0.002252382606081584
0.0033644230704926626
0.004466489470332494
0.0017642819646585199
8.121359345268434E-4
0.004991940898910598
0.002505425718151128
0.002010268565617352
0.003524800987927376
0.004434744685818161
0.007613151545667643
0.0013386893298132205
0.003440976616259494
0.0023043794719743546
6.289203214264451E-4
0.00979850965680216
0.0023008811181634424
0.0010958994007808547
0.001682129319399737
0.002642296243684
0.0037514250235346344
0.002572579901003019
0.004178181643097931
0.005146975994198189
0.0047564450508552495
0.008729390551914535
0.0011663142834704102
1.779059756263715E-4
0.004832062124643014
0.001441128013154111
0.0021519535061223154
0.005035761384251154
0.0050332271517066
0.008489491912717717
0.0010596082262003433
0.0038341840284153174
0.00464304624692195
7.145935922894048E-5
0.004164725552255611
1.5587349108966404E-5
0.003092542060232932
0.0019095898931078246
0.0071604787258407855
0.002660458442409662
0.005106602604644467
3.6502162108625273E-4
0.0030260110815835436
0.004190311802013994
0.0022972224013869742
0.0011366829161430412
0.008917278819534575
0.006828844080816033
0.003136664037607231
2.1585828561641082E-4
0.001397021520908864
0.0010340562914366875
0.0031758786824157108
5.0287218961401075E-5
3.4378083122132676E-4
8.071989283166114E-5
0.0019369976397337182
0.0031197789473772016
0.004634074595019997
0.004240220128974508
9.690240010533684E-4
0.0032828781835647163
0.0012934691942281743
0.0016231223161706527
0.002753086363874506
0.0018603245953785917
0.0036534133721062376
0.006984232644983431
0.003801471591197785
0.0038500104280747177
0.004435548966803107
0.003305942898259099
0.005775632636041332
0.001080213533281301
0.001402454997395521
0.0011981812797325973
0.0014059409100512375
0.0038032653872518713
0.0030987803356809147
4.8819613134102756E-4
1.2072876700345984E-4
0.00562820519810332
0.002370857811750809
3.9491908644123365E-4
0.004323200514313234
0.0021217201277090756
9.995747912507227E-4
6.678643517409516E-5
2.5857187388476447E-5
0.003590258305853051
0.001633278257514457
6.057953634456598E-4
0.004821851419533158
0.004201297972533008
0.005039717079669984
0.006227700981414567
0.002288293745392187
0.0018554261453995501
0.002807643076291165
0.0026476290852977
0.00322832298875461
0.004003986826767574
0.002735135506016076
0.0027003447058230796
0.002743622297648326
2.5861881114119475E-4
0.002623731841159239
5.190888714120632E-4
0.0035448041950097084
0.0037439761423267376
0.0022943432535507333
0.0017751990408805167
0.0010561779814017257
4.3709819251801175E-4
0.002147233034070576
4.6848328130036723E-4
0.002941875696913375
4.038055821769035E-4
0.008869121165583565
0.014793464170802573
0.0012660654404740772
0.005431207498097404
0.00384808917233687
0.004039926489901319
0.004156046670107877
0.0052247890838721224
0.0014708654556093857
0.0022587012174175402
0.009124423375111771
3.4582440899473923E-4
8.172530533631698E-4
0.0035464807343742557
0.004584440532251253
0.0023974216507502643
9.359347546729245E-4
0.002442224588019652
0.005857673996454323
0.003540122168611904
0.002284323281877565
0.004205047439242462
0.003627365047739236
0.002140914973787067
0.0033148870181829455
0.0014250086190809438
0.0024965156090424583
1.5265179978939244E-4
0.0011995262156047515
0.003460065983235816
7.744691405012562E-4
0.00177332599997986
0.0013345437307912182
0.0021830056779122333
0.0024292977340618516
9.375611258713969E-4
9.751564322220205E-4
0.0020961000466669724
0.003231143743718111
0.002218373860073044
6.679367228144037E-5
0.003594262898471
0.0041207215174368554
9.696001354229559E-4
0.0033520895272015163
8.161149967106828E-4
0.0014168542027912375
6.95890929326429E-4
1.6402489909062663E-4
0.003224600542619581
0.00259107999665101
5.248324562334726E-4
2.5789031914553404E-4
7.081586873304426E-4
0.0052187225136279035
0.001018279780624983
0.0037285159214020904
0.004035147378656359
0.004728975096468947
9.467785826168456E-4
0.0020982229536195933
0.001651385613346136
2.1833376954265182E-4
0.0019077230763719646
0.0011993996811181416
9.110698649673933E-4
0.0013967859077154952
0.0028277905012524603
4.100675902070002E-4
0.0017696148957716921
0.003503181918380553
0.003927043496861462
0.003318629827325449
6.716013224755405E-4
0.001345575566164841
1.4628468964972505E-4
2.855553987268356E-4
0.0010095499607219575
0.0019367736136144142
0.001369335977315836
0.0017340094761415779
0.006742622467239735
0.003951916360604774
0.004255296725348791
1.7013838230896974E-4
0.001823951345500679
0.004690279733432496
4.8440295764043496E-5
1.7696832903361763E-4
3.396788350891688E-4
1.3439851809855867E-4
9.781939950765314E-4
0.0036156449365912393
0.0019626265237490765
9.521243588958711E-4
8.469328743855986E-4
0.0023931468964205334
1.5130490456788463E-4
0.0015637281384556006
0.0016054922131594827
6.730690066701967E-4
0.002366756223467977
0.0025307424401758553
0.0026024288351036693
0.0013375456451481685
0.003547498549604169
0.0010679729261353027
1.3483471464889132E-4
0.004065731268878799
0.005547044959372821
0.0016110551678886358
0.0022713019756613103
1.071100145288982E-4
0.0013047378333816472
0.0038083309257870303
0.0036835661939453633
0.00286781090378736
8.232768726393617E-4
0.0020265472812862574
0.0018908153915221993
1.0304569523880235E-4
0.0012550586200988359
7.316030466253915E-4
4.8507281005572624E-4
0.005538213928153608
1.7610595222730937E-4
0.0013554228381273557
0.0032859406630014374
0.002053706799286796
0.004236396851332728
0.0012879901014595883
3.6928191893655964E-5
0.005506930878397091
0.0013765262183558682
0.0042321360556777324
9.575629418929347E-4
3.6057368833242024E-4
0.001060992035269571
0.00316074657120277
0.001725231518060106
2.819441658242198E-4
0.0027485542971486107
5.547412279456525E-4
1.4748534155785021E-4
0.0028465674006011576
7.691098175500725E-4
0.007052296206883819
7.364038924550467E-4
1.2044344941677853E-4
2.045097982729238E-4
1.1213748912882161E-4
0.003913305145828735
0.0044329071768206985
0.0019232744156229276
0.00473041983724198
0.0024753358955959515
0.0020928541477082986
3.9269317152628585E-4
0.0011235174393690736
0.003011060637327368
0.002156556924763665
0.005938834002083846
6.0376610519621E-4
0.0020930293673000677
0.004702860213263709
5.727009308927597E-4
0.001490386442017669
0.0012251421151753127
0.0024346252890313034
0.003160362034614987
0.0010587115460525456
0.005592312656519087
0.0013839750082957987
0.0023561683515416765
5.300775662083618E-4
0.0029501957187881254
0.004877290035492116
9.886511197776545E-4
0.0023675164421419976
5.53557970662468E-4
7.075673403697356E-4
0.003761727102236647
0.0046519417025101435
1.3541217678630487E-4
0.004716170288425568
1.3541217678630487E-4
0.0046519417025101435
0.003761727102236647
7.075673403697356E-4
5.53557970662468E-4
0.0023675164421419976
9.886511197776545E-4
0.004877290035492116
0.0029501957187881254
5.300775662083618E-4
0.0023561683515416765
0.0013839750082957987
0.005592312656519087
0.0010587115460525456
0.003160362034614987
0.0024346252890313034
0.0012251421151753127
0.001490386442017669
5.727009308927597E-4
0.004702860213263709
0.0020930293673000677
6.0376610519621E-4
0.005938834002083846
0.002156556924763665
0.003011060637327368
0.0011235174393690736
3.9269317152628585E-4
0.0020928541477082986
0.0024753358955959515
0.00473041983724198
0.0019232744156229276
0.0044329071768206985
0.003913305145828735
1.1213748912882161E-4
2.045097982729238E-4
1.2044344941677853E-4
7.364038924550467E-4
0.007052296206883819
7.691098175500725E-4
0.0028465674006011576
1.4748534155785021E-4
5.547412279456525E-4
0.0027485542971486107
2.819441658242198E-4
0.001725231518060106
0.00316074657120277
0.001060992035269571
3.6057368833242024E-4
9.575629418929347E-4
0.0042321360556777324
0.0013765262183558682
0.005506930878397091
3.6928191893655964E-5
0.0012879901014595883
0.004236396851332728
0.002053706799286796
0.0032859406630014374
0.0013554228381273557
1.7610595222730937E-4
0.005538213928153608
4.8507281005572624E-4
7.316030466253915E-4
0.0012550586200988359
1.0304569523880235E-4
0.0018908153915221993
0.0020265472812862574
8.232768726393617E-4
0.00286781090378736
0.0036835661939453633
0.0038083309257870303
0.0013047378333816472
1.071100145288982E-4
0.0022713019756613103
0.0016110551678886358
0.005547044959372821
0.004065731268878799
1.3483471464889132E-4
0.0010679729261353027
0.003547498549604169
0.0013375456451481685
0.0026024288351036693
0.0025307424401758553
0.002366756223467977
6.730690066701967E-4
0.0016054922131594827
0.0015637281384556006
1.5130490456788463E-4
0.0023931468964205334
8.469328743855986E-4
9.521243588958711E-4
0.0019626265237490765
0.0036156449365912393
9.781939950765314E-4
1.3439851809855867E-4
3.396788350891688E-4
1.7696832903361763E-4
4.8440295764043496E-5
0.004690279733432496
0.001823951345500679
1.7013838230896974E-4
0.004255296725348791
0.003951916360604774
0.006742622467239735
0.0017340094761415779
0.001369335977315836
0.0019367736136144142
0.0010095499607219575
2.855553987268356E-4
1.4628468964972505E-4
0.001345575566164841
6.716013224755405E-4
0.003318629827325449
0.003927043496861462
0.003503181918380553
0.0017696148957716921
4.100675902070002E-4
0.0028277905012524603
0.0013967859077154952
9.110698649673933E-4
0.0011993996811181416
0.0019077230763719646
2.1833376954265182E-4
0.001651385613346136
0.0020982229536195933
9.467785826168456E-4
0.004728975096468947
0.004035147378656359
0.0037285159214020904
0.001018279780624983
0.0052187225136279035
7.081586873304426E-4
2.5789031914553404E-4
5.248324562334726E-4
0.00259107999665101
0.003224600542619581
1.6402489909062663E-4
6.95890929326429E-4
0.0014168542027912375
8.161149967106828E-4
0.0033520895272015163
9.696001354229559E-4
0.0041207215174368554
0.003594262898471
6.679367228144037E-5
0.002218373860073044
0.003231143743718111
0.0020961000466669724
9.751564322220205E-4
9.375611258713969E-4
0.0024292977340618516
0.0021830056779122333
0.0013345437307912182
0.00177332599997986
7.744691405012562E-4
0.003460065983235816
0.0011995262156047515
1.5265179978939244E-4
0.0024965156090424583
0.0014250086190809438
0.0033148870181829455
0.002140914973787067
0.003627365047739236
0.004205047439242462
0.002284323281877565
0.003540122168611904
0.005857673996454323
0.002442224588019652
9.359347546729245E-4
0.0023974216507502643
0.004584440532251253
0.0035464807343742557
8.172530533631698E-4
3.4582440899473923E-4
0.009124423375111771
0.0022587012174175402
0.0014708654556093857
0.0052247890838721224
0.004156046670107877
0.004039926489901319
0.00384808917233687
0.005431207498097404
0.0012660654404740772
0.014793464170802573
0.008869121165583565
4.038055821769035E-4
0.002941875696913375
4.6848328130036723E-4
0.002147233034070576
4.3709819251801175E-4
0.0010561779814017257
0.0017751990408805167
0.0022943432535507333
0.0037439761423267376
0.0035448041950097084
5.190888714120632E-4
0.002623731841159239
2.5861881114119475E-4
0.002743622297648326
0.0027003447058230796
0.002735135506016076
0.004003986826767574
0.00322832298875461
0.0026476290852977
0.002807643076291165
0.0018554261453995501
0.002288293745392187
0.006227700981414567
0.005039717079669984
0.004201297972533008
0.004821851419533158
6.057953634456598E-4
0.001633278257514457
0.003590258305853051
2.5857187388476447E-5
6.678643517409516E-5
9.995747912507227E-4
0.0021217201277090756
0.004323200514313234
3.9491908644123365E-4
0.002370857811750809
0.00562820519810332
1.2072876700345984E-4
4.8819613134102756E-4
0.0030987803356809147
0.0038032653872518713
0.0014059409100512375
0.0011981812797325973
0.001402454997395521
0.001080213533281301
0.005775632636041332
0.003305942898259099
0.004435548966803107
0.0038500104280747177
0.003801471591197785
0.006984232644983431
0.0036534133721062376
0.0018603245953785917
0.002753086363874506
0.0016231223161706527
0.0012934691942281743
0.0032828781835647163
9.690240010533684E-4
0.004240220128974508
0.004634074595019997
0.0031197789473772016
0.0019369976397337182
8.071989283166114E-5
3.4378083122132676E-4
5.0287218961401075E-5
0.0031758786824157108
0.0010340562914366875
0.001397021520908864
2.1585828561641082E-4
0.003136664037607231
0.006828844080816033
0.008917278819534575
0.0011366829161430412
0.0022972224013869742
0.004190311802013994
0.0030260110815835436
3.6502162108625273E-4
0.005106602604644467
0.002660458442409662
0.0071604787258407855
0.0019095898931078246
0.003092542060232932
1.5587349108966404E-5
0.004164725552255611
7.145935922894048E-5
0.00464304624692195
0.0038341840284153174
0.0010596082262003433
0.008489491912717717
0.0050332271517066
0.005035761384251154
0.0021519535061223154
0.001441128013154111
0.004832062124643014
1.779059756263715E-4
0.0011663142834704102
0.008729390551914535
0.0047564450508552495
0.005146975994198189
0.004178181643097931
0.002572579901003019
0.0037514250235346344
0.002642296243684
0.001682129319399737
0.0010958994007808547
0.0023008811181634424
0.00979850965680216
6.289203214264451E-4
0.0023043794719743546
0.003440976616259494
0.0013386893298132205
0.007613151545667643
0.004434744685818161
0.003524800987927376
0.002010268565617352
0.002505425718151128
0.004991940898910598
8.121359345268434E-4
0.0017642819646585199
0.004466489470332494
0.0033644230704926626
0.002252382606081584
0.008378471583593202
0.006137956919495039
0.007348820202649599
0.004450933440908574
0.006817291810734611
0.0020531176444054428
0.005236045145165794
0.002081210469849435
8.865863581942329E-4
0.0012634391529565679
0.004097140513248939
0.002486174461084226
0.0031375243562088728
0.007065555860642552
0.005849007642879008
0.0017542449876845054
0.018043335047430956
0.0033460451420368243
1.497926943526623E-4
0.00874261082302258
0.010939710785757936
0.007918398268775618
0.006125725972068538
0.012880791279952255
0.022373282429946302
0.013487133954269311
0.01708293019122273
0.002064620896984309
0.008722648021273456
0.021706666866751895
0.08070590972749286
0.01644877313352521
0.028880958149019795
0.004482747394662106
0.04949011017133077
0.07794787905776765
0.007726181342530069
0.13238489275872245
0.08518279267661275
0.08780276219136769
0.010139154488028452
0.18229280387254873
0.030613359094377943
0.025778268780354302
0.14680668380153183
0.01659998994644756
0.1202973961658552
0.09855793707703707
0.08231188946640104
0.05707721296762008
0.06592376784074272
0.1221598743659804
0.001832243791202535
0.03181818615208163
0.026259262171156966
0.014634594879884964
0.07138191350652022
0.03168456465228031
0.0186721222810535
0.03253064850449565
0.0943428622437486
0.06989873199658911
0.06753100091234464
0.07683599135429899
0.008312781107597854
0.030210513233482696
0.06921398090343178
0.04244897902394856
0.010015232111653158
0.07865018581394302
0.02915516763257475
0.11902041270488553
0.022433454179793522
0.06585311280193987
0.14570727796462585
0.02894834281499292
0.019397880491320192
0.06901084363650903
0.06028912437388089
0.011209338792112375
0.047628474502437256
0.07969869512813864
0.040207929308064244
0.020431972116646383
0.017781436545467814
0.0018022271215370215
0.012514139413169298
0.040392640856337605
0.11497434406911876
0.010019198248162229
0.08992465780325827
0.07968082499077182
0.02471581183645402
0.0397298764245682
0.1253155281225047
0.06534110543822019
0.12487170823456094
0.003921345412104824
0.2777699481666414
0.060789826979519714
0.0383437874027689
0.2932760331246718
0.05949572229831778
0.17020354163469967
0.1760101705449492
0.14619934562920106
0.45665653732464473
0.2125349162554402
0.130923625980758
0.3936461669586549
0.5717317777497862
0.1824453512919081
0.1492247846889135
0.014379458298659102
0.3982321269022583
0.7373552288307664
0.8112556532679945
0.19049666415287167
0.04973603412548833
0.44437797166868936
0.2884702611153935
0.9178311926740261
0.16986977126990138
0.006638074106899745
0.06949531389425044
1.0
0.39479860439299724
0.6103555498952967
0.07828221294323459
0.07680769362167308
0.8442753037349161
0.12085595098472958
0.19949184761836555
0.6604164684809426
0.4463450532737836
0.27744286847348815
0.7224266858413286
0.03613226076673309
0.8991171511128705
0.55206360083675
0.38824068896817976
0.8744073579248743
0.7070191619697339
0.6449172468371978
0.16665521671871592
0.607053865130564
0.042928776127158175
0.14144902112289204
0.23357246482696653
0.01004178107183946
0.02239139206602334
0.04566445084582097
0.05600703056917176
0.020957064751741188
0.02564767384692764
