0.31476682896588093
0.0737182275529304
0.03282761990108008
0.191960386985583
0.10785463765296459
0.15392147251407357
0.08755145931010196
0.18162349015326792
0.18217995739793205
0.6869353719516317
0.1863818851128674
0.0770789651587422
0.07846631851448045
0.1844121640793747
0.01190722990298105
0.036582204046631
0.0813126778229128
0.11683859541822837
0.3520125480436051
0.1314355253476913
0.2383384908497164
0.08653580201013414
0.1143878792222608
0.10505116353635006
0.08677043873265243
0.09251654657098465
0.11487731385746351
6.30185941832716E-5
0.07675927691851699
0.12978855403860728
0.0573910305149381
0.10272206313373142
0.03774334675745884
0.06003393970038867
0.07110322214524176
0.0479313597673538
0.2878670783104423
0.17629104857363417
0.0836043855863762
0.14542009684445692
9.798413592799079E-4
0.009729454182010534
0.033655167954670606
0.27477408572471673
0.09912913961334326
0.49304997421401575
0.054191594834882166
0.31999582587426434
0.21220611558117175
0.10094746816900611
0.0772587438670244
0.0989773193324833
0.11741636501025794
0.0938554371854433
0.3638437137608053
0.07168957082727795
0.1768201722129198
0.031885387993052274
0.07995301200484221
0.04801045789832245
0.17463027052420566
0.22872699596353896
0.03187177365785753
0.19331131100023022
0.02034385127829687
0.03422324372707377
0.0014799221185970268
0.029610333854466098
0.08778224697937904
0.13522980175242313
0.17796027247490132
0.01714460422359122
0.8359258272170674
0.17052417180085416
0.07829435778108053
0.018870536556529517
0.09910100502739665
0.0821218336908781
0.15164434752447975
0.15400295733677075
0.09799891843350897
0.02699175508212242
0.05110738179996941
0.08083968170395027
0.19057963680044446
0.011902834204323224
0.11105219282859109
0.033644587340909235
0.07098516514690292
0.06008209786690577
0.2875686913513885
0.02474171545706745
0.11771285684027805
0.07589775516020549
0.06074757269822179
0.08101635929175628
0.002190350987082781
0.057450335119077864
7.356108538907409E-4
0.009201052477481876
0.012692798678955348
0.07499067319955842
0.07429509962317464
0.09317475442413385
0.1104381807923596
0.0590244853458563
0.10211150231311546
0.013742444968513321
0.03446424848057817
0.02662172115170103
0.16695643557963685
0.06595313660406187
0.025422688693334503
0.034689548186088964
0.06951522246130476
0.10231009705070944
0.10621808999396941
0.09890107140036415
0.09147306950078168
0.0425682562508748
0.030729990496384325
3.111701490082084E-4
0.11153025448890622
0.004207566205647435
0.007981016144892116
0.029151012384837638
0.12551588183856802
0.08540048279047205
0.0214289642599239
0.002796517721495442
0.0751695660748712
0.037615006441626
0.03905567473325115
0.02943108961247189
0.04203184137979673
0.02880092113868544
0.15933293125062115
0.1278118482790498
0.04047261787602453
0.13437840848179763
0.190047609416849
0.013881030143836102
0.08144786029145577
0.12891873723841013
0.13445972641230142
0.04515368355542387
0.05500887466078546
0.06534801378194947
0.007706609113446963
0.11307031997680103
0.2380399020245588
0.12028794977401172
0.06101571029128255
0.0536337697312704
0.008743523026830026
0.07621848387290849
0.0034012873463885973
0.15403860778618056
0.0709907964421853
0.0997094406535999
0.04790402016085511
0.014306822589992064
0.29147650492558136
0.030713987515660277
0.025441204403520948
0.03647230951512684
0.01135410971524555
0.14503446771563286
0.08589811844130871
0.01812548495773476
0.001145302090277131
0.3264552447226783
0.17542421926611662
0.1920885095484443
0.011782153014294491
0.13768295691054097
0.01440391869800624
0.22771540208274524
0.2457859055586004
0.06434680886378
0.04027511997828773
0.006682550448032178
0.17588266545285122
0.03251658455363315
0.04974225035831795
0.005165689652042084
0.08032830046641289
0.06268490978485525
0.1009743866044809
1.0
0.005324500746884693
0.28648023523157884
0.17327717063689368
0.017596750730867174
0.044982236292576604
0.02963479221336089
0.0026004822915369516
0.0028672210338234697
0.7712098240710308
8.109818320505257E-4
0.2302032206076405
0.08841098673518466
0.08398744378997071
0.1631048469554641
0.012918376248060984
0.05741543884195677
0.14011394713940292
0.17486910904909303
0.16132810335490336
0.28593057215849144
0.004507079672202183
0.15437121581758184
0.02479589337219907
0.2515806765936721
0.030698233119280462
0.07534890149772647
0.2605051556654573
0.027357911361161273
0.07716384680223726
0.027718387086089598
0.095293623453723
0.020467621073630374
0.06377777826219039
0.027264569057337238
0.011140908738380464
0.2607388527952487
6.626569274311834E-4
0.10848495659068338
0.15430925277632834
0.05152826631836336
0.05429251420624246
0.01748704605366005
0.07698344489341444
0.06394027982985606
0.21186233483386943
0.08116027611560259
0.08983578506773059
0.010206223188985416
0.016281769463479916
0.024000475055878826
0.0074563885005138305
0.08306712237180705
0.01131286570882203
0.18860241326291363
0.031205154697225675
0.09897104577238404
0.01738985193624997
0.005660328347973105
0.02854261471371539
0.018373180450657594
0.08117049725480029
0.025458366642992974
0.31531696192200664
0.0035254845061048795
0.024792772861754995
0.002927893718056919
0.1553357634148128
0.005060889302418763
0.016567756747027453
0.014319920909548296
0.008569027600220375
0.052479311122517316
0.13337609402197712
0.04168490235080374
0.023194755029541568
0.06270217295510104
1.0921300998951375E-4
0.03980149872040301
0.14663550104724896
0.032232445943369076
0.10161392225956047
0.10868270918647509
0.14404555142986575
0.11093897301322969
0.12323852233279062
0.024267306735257257
0.1993420555392727
0.10490975676373462
0.009465269263797172
0.0720940505820146
0.10559070984517151
0.017679440486754808
0.012315361004416239
0.026921119829669243
0.09838075201481793
0.19327125082599697
0.117440471759061
0.09082495280953268
0.053777758010535644
0.12678047436820788
0.00180987003289483
0.019500406404650485
0.11035773220300846
0.01276367036222771
0.03957809493059895
0.029717140243890227
0.08870087181634913
0.07123513038687504
0.01138512961573399
0.05114531060504419
0.05723170294722731
0.0948052305803263
0.06403429419047406
0.011288089878362158
0.11873584549954205
0.1435205049915197
0.10918710625885555
0.01676016320351037
0.18361398356343053
0.039195462046750375
0.057142306815795026
0.012045210065454795
0.07792892422894541
0.1581753878392196
0.01692698638986909
0.03477669838132813
0.06112199362136544
0.09080804581304062
0.13955204337782257
0.015965020697514404
0.023923921368316833
0.07360631823324268
0.02772277950508825
0.043192021243743356
7.003567863859405E-4
0.05005970287892407
0.03793261313358313
0.008927684121494894
0.16045909637101433
0.08114672215589223
0.07320790404322557
0.15472223316145453
0.023313946533072716
0.03589774280817604
0.0491433804707536
8.621802308258379E-4
0.11492986089088035
0.01239018330452765
0.009371289637286553
0.18059465154549373
0.2484718122049479
0.05402843868409982
0.133825255605434
0.07311406700372615
0.09194496447399002
7.883569081267749E-4
0.05842273157972679
0.031745556402672195
0.13754074654000764
0.027357060814099776
0.011662850349737628
0.03862878394006529
0.06426068312380903
0.045620605871498555
0.013645298919009037
0.02691565237280637
0.02774274500226902
0.024641054081692454
0.16388090031334118
0.07902160197190101
0.025695561513343432
0.005036548236851756
0.040008159064843854
0.07438995624347837
0.010330086940767185
0.0650882279067158
0.024146944991415262
0.012791672469497894
0.05983448840944734
0.1490000831439822
0.020548068042599114
0.0635510373675844
0.008013789649203396
0.06997802225822893
0.038135403636750914
0.0016349452570393588
0.0066470030703588735
0.0814910784505783
0.10898020046890648
0.08784780179412777
0.00331393041446046
0.145278912773264
0.05194869180850275
0.025833411644844616
0.10304235247341016
0.09960887974453815
0.055582311628805156
0.04477690035544414
0.053502418262918267
0.044120590319760844
0.06700347838619343
0.09628026637461534
0.021950811884972603
0.07273634396455898
0.03216138366191617
0.19835243019215235
0.07157431056459078
0.06492592834568046
0.16106248178563917
0.06096765985722026
0.057939505394076135
0.016179612015751126
0.07804009212124088
0.019048845699602843
0.06770418318716998
0.1858172041836552
0.028866691883754264
0.08432244312180166
0.1735512987690657
0.05671979877788779
0.11563807109919931
0.09100604475443543
0.02416173236261184
0.12636877480838427
0.03009581973439672
0.026985233929360287
0.023225387423372667
0.10071687161213085
0.16775806312926547
0.04142978653049999
0.09256440638332361
0.11310757840687011
0.1650208493101359
0.09641744108928077
0.06508198859774217
0.0627780934744767
0.05685287608022352
0.004903507527684282
0.001104322624771061
0.11846947114798002
0.15359741523415263
0.06481217101045791
0.051145168120976366
0.03644378331882726
0.18996480158323448
0.023044162624270097
0.0028841476848999468
0.015593287129671332
0.10006971506732962
0.09341123597962249
0.05736074067251802
0.06295961460811528
0.0362495829469847
0.022919352376679632
0.12875142827147404
0.013705792577131087
0.004641796141089875
0.010066522128385172
0.03988525735863287
0.10977344305400093
0.007079477296030356
0.049807794488772
0.02768780789246676
0.002147206840160434
0.14811873304165565
0.020199229108786246
0.06143064105721037
0.12534698286691867
0.1800956617234549
0.13158711243789772
0.05025352518032422
0.07564487070265576
0.0699481842146402
0.07564487070265576
0.05025352518032422
0.13158711243789772
0.1800956617234549
0.12534698286691867
0.06143064105721037
0.020199229108786246
0.14811873304165565
0.002147206840160434
0.02768780789246676
0.049807794488772
0.007079477296030356
0.10977344305400093
0.03988525735863287
0.010066522128385172
0.004641796141089875
0.013705792577131087
0.12875142827147404
0.022919352376679632
0.0362495829469847
0.06295961460811528
0.05736074067251802
0.09341123597962249
0.10006971506732962
0.015593287129671332
0.0028841476848999468
0.023044162624270097
0.18996480158323448
0.03644378331882726
0.051145168120976366
0.06481217101045791
0.15359741523415263
0.11846947114798002
0.001104322624771061
0.004903507527684282
0.05685287608022352
0.0627780934744767
0.06508198859774217
0.09641744108928077
0.1650208493101359
0.11310757840687011
0.09256440638332361
0.04142978653049999
0.16775806312926547
0.10071687161213085
0.023225387423372667
0.026985233929360287
0.03009581973439672
0.12636877480838427
0.02416173236261184
0.09100604475443543
0.11563807109919931
0.05671979877788779
0.1735512987690657
0.08432244312180166
0.028866691883754264
0.1858172041836552
0.06770418318716998
0.019048845699602843
0.07804009212124088
0.016179612015751126
0.057939505394076135
0.06096765985722026
0.16106248178563917
0.06492592834568046
0.07157431056459078
0.19835243019215235
0.03216138366191617
0.07273634396455898
0.021950811884972603
0.09628026637461534
0.06700347838619343
0.044120590319760844
0.053502418262918267
0.04477690035544414
0.055582311628805156
0.09960887974453815
0.10304235247341016
0.025833411644844616
0.05194869180850275
0.145278912773264
0.00331393041446046
0.08784780179412777
0.10898020046890648
0.0814910784505783
0.0066470030703588735
0.0016349452570393588
0.038135403636750914
0.06997802225822893
0.008013789649203396
0.0635510373675844
0.020548068042599114
0.1490000831439822
0.05983448840944734
0.012791672469497894
0.024146944991415262
0.0650882279067158
0.010330086940767185
0.07438995624347837
0.040008159064843854
0.005036548236851756
0.025695561513343432
0.07902160197190101
0.16388090031334118
0.024641054081692454
0.02774274500226902
0.02691565237280637
0.013645298919009037
0.045620605871498555
0.06426068312380903
0.03862878394006529
0.011662850349737628
0.027357060814099776
0.13754074654000764
0.031745556402672195
0.05842273157972679
7.883569081267749E-4
0.09194496447399002
0.07311406700372615
0.133825255605434
0.05402843868409982
0.2484718122049479
0.18059465154549373
0.009371289637286553
0.01239018330452765
0.11492986089088035
8.621802308258379E-4
0.0491433804707536
0.03589774280817604
0.023313946533072716
0.15472223316145453
0.07320790404322557
0.08114672215589223
0.16045909637101433
0.008927684121494894
0.03793261313358313
0.05005970287892407
7.003567863859405E-4
0.043192021243743356
0.02772277950508825
0.07360631823324268
0.023923921368316833
0.015965020697514404
0.13955204337782257
0.09080804581304062
0.06112199362136544
0.03477669838132813
0.01692698638986909
0.1581753878392196
0.07792892422894541
0.012045210065454795
0.057142306815795026
0.039195462046750375
0.18361398356343053
0.01676016320351037
0.10918710625885555
0.1435205049915197
0.11873584549954205
0.011288089878362158
0.06403429419047406
0.0948052305803263
0.05723170294722731
0.05114531060504419
0.01138512961573399
0.07123513038687504
0.08870087181634913
0.029717140243890227
0.03957809493059895
0.01276367036222771
0.11035773220300846
0.019500406404650485
0.00180987003289483
0.12678047436820788
0.053777758010535644
0.09082495280953268
0.117440471759061
0.19327125082599697
0.09838075201481793
0.026921119829669243
0.012315361004416239
0.017679440486754808
0.10559070984517151
0.0720940505820146
0.009465269263797172
0.10490975676373462
0.1993420555392727
0.024267306735257257
0.12323852233279062
0.11093897301322969
0.14404555142986575
0.10868270918647509
0.10161392225956047
0.032232445943369076
0.14663550104724896
0.03980149872040301
1.0921300998951375E-4
0.06270217295510104
0.023194755029541568
0.04168490235080374
0.13337609402197712
0.052479311122517316
0.008569027600220375
0.014319920909548296
0.016567756747027453
0.005060889302418763
0.1553357634148128
0.002927893718056919
0.024792772861754995
0.0035254845061048795
0.31531696192200664
0.025458366642992974
0.08117049725480029
0.018373180450657594
0.02854261471371539
0.005660328347973105
0.01738985193624997
0.09897104577238404
0.031205154697225675
0.18860241326291363
0.01131286570882203
0.08306712237180705
0.0074563885005138305
0.024000475055878826
0.016281769463479916
0.010206223188985416
0.08983578506773059
0.08116027611560259
0.21186233483386943
0.06394027982985606
0.07698344489341444
0.01748704605366005
0.05429251420624246
0.05152826631836336
0.15430925277632834
0.10848495659068338
6.626569274311834E-4
0.2607388527952487
0.011140908738380464
0.027264569057337238
0.06377777826219039
0.020467621073630374
0.095293623453723
0.027718387086089598
0.07716384680223726
0.027357911361161273
0.2605051556654573
0.07534890149772647
0.030698233119280462
0.2515806765936721
0.02479589337219907
0.15437121581758184
0.004507079672202183
0.28593057215849144
0.16132810335490336
0.17486910904909303
0.14011394713940292
0.05741543884195677
0.012918376248060984
0.1631048469554641
0.08398744378997071
0.08841098673518466
0.2302032206076405
8.109818320505257E-4
0.7712098240710308
0.0028672210338234697
0.0026004822915369516
0.02963479221336089
0.044982236292576604
0.017596750730867174
0.17327717063689368
0.28648023523157884
0.005324500746884693
1.0
0.1009743866044809
0.06268490978485525
0.08032830046641289
0.005165689652042084
0.04974225035831795
0.03251658455363315
0.17588266545285122
0.006682550448032178
0.04027511997828773
0.06434680886378
0.2457859055586004
0.22771540208274524
0.01440391869800624
0.13768295691054097
0.011782153014294491
0.1920885095484443
0.17542421926611662
0.3264552447226783
0.001145302090277131
0.01812548495773476
0.08589811844130871
0.14503446771563286
0.01135410971524555
0.03647230951512684
0.025441204403520948
0.030713987515660277
0.29147650492558136
0.014306822589992064
0.04790402016085511
0.0997094406535999
0.0709907964421853
0.15403860778618056
0.0034012873463885973
0.07621848387290849
0.008743523026830026
0.0536337697312704
0.06101571029128255
0.12028794977401172
0.2380399020245588
0.11307031997680103
0.007706609113446963
0.06534801378194947
0.05500887466078546
0.04515368355542387
0.13445972641230142
0.12891873723841013
0.08144786029145577
0.013881030143836102
0.190047609416849
0.13437840848179763
0.04047261787602453
0.1278118482790498
0.15933293125062115
0.02880092113868544
0.04203184137979673
0.02943108961247189
0.03905567473325115
0.037615006441626
0.0751695660748712
0.002796517721495442
0.0214289642599239
0.08540048279047205
0.12551588183856802
0.029151012384837638
0.007981016144892116
0.004207566205647435
0.11153025448890622
3.111701490082084E-4
0.030729990496384325
0.0425682562508748
0.09147306950078168
0.09890107140036415
0.10621808999396941
0.10231009705070944
0.06951522246130476
0.034689548186088964
0.025422688693334503
0.06595313660406187
0.16695643557963685
0.02662172115170103
0.03446424848057817
0.013742444968513321
0.10211150231311546
0.0590244853458563
0.1104381807923596
0.09317475442413385
0.07429509962317464
0.07499067319955842
0.012692798678955348
0.009201052477481876
7.356108538907409E-4
0.057450335119077864
0.002190350987082781
0.08101635929175628
0.06074757269822179
0.07589775516020549
0.11771285684027805
0.02474171545706745
0.2875686913513885
0.06008209786690577
0.07098516514690292
0.033644587340909235
0.11105219282859109
0.011902834204323224
0.19057963680044446
0.08083968170395027
0.05110738179996941
0.02699175508212242
0.09799891843350897
0.15400295733677075
0.15164434752447975
0.0821218336908781
0.09910100502739665
0.018870536556529517
0.07829435778108053
0.17052417180085416
0.8359258272170674
0.01714460422359122
0.17796027247490132
0.13522980175242313
0.08778224697937904
0.029610333854466098
0.0014799221185970268
0.03422324372707377
0.02034385127829687
0.19331131100023022
0.03187177365785753
0.22872699596353896
0.17463027052420566
0.04801045789832245
0.07995301200484221
0.031885387993052274
0.1768201722129198
0.07168957082727795
0.3638437137608053
0.0938554371854433
0.11741636501025794
0.0989773193324833
0.0772587438670244
0.10094746816900611
0.21220611558117175
0.31999582587426434
0.054191594834882166
0.49304997421401575
0.09912913961334326
0.27477408572471673
0.033655167954670606
0.009729454182010534
9.798413592799079E-4
0.14542009684445692
0.0836043855863762
0.17629104857363417
0.2878670783104423
0.0479313597673538
0.07110322214524176
0.06003393970038867
0.03774334675745884
0.10272206313373142
0.0573910305149381
0.12978855403860728
0.07675927691851699
6.30185941832716E-5
0.11487731385746351
0.09251654657098465
0.08677043873265243
0.10505116353635006
0.1143878792222608
0.08653580201013414
0.2383384908497164
0.1314355253476913
0.3520125480436051
0.11683859541822837
0.0813126778229128
0.036582204046631
0.01190722990298105
0.1844121640793747
0.07846631851448045
0.0770789651587422
0.1863818851128674
0.6869353719516317
0.18217995739793205
0.18162349015326792
0.08755145931010196
0.15392147251407357
0.10785463765296459
0.191960386985583
0.03282761990108008
0.0737182275529304
