0.2769739165223606
0.19205363071397635
0.26070915968783426
0.04258332456186688
0.10524802105604175
0.20174450442505515
0.13810598976281427
0.14260863250598382
0.27900344406639327
0.7313086636596758
0.0915396715808668
0.129029410399968
0.13356584548868852
0.029053173527173085
0.021553695710841328
0.018741462826210867
0.05982715014200934
0.13461306166775286
1.0
0.16614078088042175
0.23501554195087399
0.034266264447567474
0.07237415815578264
0.14967502006026795
0.13325008701560068
0.07727454485393419
0.10997634617237036
0.1631840388520165
0.015126552043841328
0.0893959386066015
0.07680087467175016
0.05177469782909086
0.04938051753120982
0.02759671586753269
0.010105462151931383
0.062337871836015045
0.28021058656505227
0.1925967572032591
0.19370342250602218
0.041843634305880624
0.046123126394095305
0.024937758075083822
0.010665201795050146
0.12026818327942193
0.05220614875719064
0.14140456220327496
0.04109492093873618
0.09756234243538568
0.010218549923025724
0.05787554223796132
0.04112664592856704
0.011913516884228268
0.06353017533362058
0.05800203561580366
0.21330526288514073
0.16050475365315559
8.372238385763743E-5
0.05881664093621958
0.10815445748041483
0.04022790942341873
0.11675377375652274
0.05442655113316174
0.04282601564789242
0.08934619928563853
0.05977926259263949
0.0521368335328367
0.03156867082519504
0.15211854256639218
0.03331552004882832
0.08289796322939176
0.011735942099750745
0.020929997472407005
0.260436174731548
0.19160238772763366
0.0924389680348564
0.08149041493896911
0.04465945976536791
0.005301066946903696
0.054396923756807485
0.029136580390376397
0.030757091108146853
0.12304179354784714
0.07621336324868844
0.01100730739159529
0.10198387296064676
0.027972104327803993
0.042478857306812626
0.0055152378036189935
0.013110158022287498
0.03892501543323882
0.019425103225698192
0.10189586639182152
0.08571262174244444
0.07899362484980565
0.09068723917565075
0.042396899716839145
0.033505924868722094
0.016086055497263968
0.06189869295631168
0.10238223701087429
0.02324237301907423
0.07891168052963435
0.10177494683753915
0.01616101753092801
0.042681455817238374
0.11419468023161373
0.11543841962182416
0.041482754288654805
0.09376764513072718
0.0023625739835314804
0.012001704952272024
0.005504708660021182
0.04257116962140064
0.040429867369107975
0.02812432702666735
0.03825787868992131
0.03852702332478687
0.006469458301430166
0.015976175739846832
0.01634534707169711
0.056681071146390004
0.0451985882620802
0.14149899531488427
0.09623739549118902
0.05947941763421261
0.10292028876325333
0.023626043455801257
0.11758724526731906
0.0267265588301495
0.1248448213684966
0.01217907685944022
0.08271512755840263
0.09710906542963184
0.04542489143944563
0.0449474124913617
0.038747592262487654
0.2218011783734505
0.09972616714721041
0.15229718618681107
0.019926292652489585
0.06585732051170368
0.0863175302655346
0.008954232502426834
0.033759312485503096
0.007337033112196888
0.0745846248283427
0.01593906360629394
0.029136177738048417
0.03755868355278598
0.07683780928717467
0.0380611790012283
0.10805273884960558
0.07569121375323917
0.07499904448925852
0.11870310708101169
0.012283123951729006
0.01249864994074918
0.07126382131485066
0.05973382356492407
0.01879407471703029
0.11313946976119484
0.013300529376856765
0.2615636435405154
0.4701248330802139
0.14827833028423754
0.15174689387525925
0.045241037672283886
0.04401198857478187
0.11582457698031462
0.0508153168167394
0.08219415727556229
0.188461837279166
0.0992171433044678
0.04597175092616291
0.20521932170212243
0.020119486261017602
0.03233187716751765
0.08600235379693023
0.05206819720417381
0.08513478392168321
0.026982559892651352
0.4475153294031895
0.4895267819036052
0.13584616110913147
0.06448095526977206
0.038100977125629376
0.012511512828809686
0.08172854782379897
0.02766515313431909
0.07212466693496679
0.17606291300989324
0.6695976050337478
0.16336475701122827
0.06376989690065536
0.08770393983120112
0.02805322513949234
0.002278957047121762
0.10812336957533702
0.22628382447532092
0.2835670292640429
0.08400754506512596
0.28195122488271945
0.09215323504889053
0.07863175896268128
0.011956513108040759
3.2884167120175766E-4
0.10323979432511642
0.046101601850180085
0.15074569745937
0.015088463361607901
0.14519715369014977
0.09098089714311997
0.10083245945438662
0.10608632197392966
0.08384147364004196
0.08685940725228276
0.300734613821887
0.11545964711822525
0.44118075677603424
0.12805620347954838
0.10434157191305286
0.03735101581661829
0.08721340396673037
0.040000398737792514
0.08008385659314173
0.1709776227879939
0.06419444714070904
0.35535963212086086
0.07560124710396873
0.07379265380531282
0.031221438130202072
0.07913540472067446
0.08641353164722518
0.004868072098319924
0.06471209437703872
0.09398150071818223
0.056427800787759094
0.0700928628595937
0.04213789705474252
0.004865319681563903
0.04035669839988519
0.017257385109550594
0.003928707825266634
0.07477482847017726
0.025403607504603888
0.14471675134827927
0.08602127707983903
0.007707975433468488
0.044601997907338084
0.04714693036411725
0.04654191604067629
0.004220626596929623
0.11759907106831119
0.025051242357656746
0.27110495267666096
0.05800299667800288
0.06010828747559485
0.05231318706735038
0.023189771341897713
3.470125687204247E-4
0.04093259593051785
0.007765039818812162
0.03772365342388662
0.018047108532104495
0.03695190134054052
0.03250278003948931
0.04742473680399176
0.027782100100428732
0.07567688523975118
0.02460976314765874
0.019986131687505362
0.09930613709855717
0.013779435760183369
0.06915185172646235
0.03737728120792337
0.039876807827192516
0.001229833637491985
0.024597436802731368
0.13639104776947225
0.0666744153487512
0.0178652128571495
0.056526229239576224
0.1589517907753439
0.0793636864114819
0.015163158826602033
0.043192699529879836
0.12962765440553237
0.04667899087335048
0.042587976144730595
0.026707629906917472
0.009171365492833209
0.16616156112397837
0.049919273152196866
0.012873376253129043
0.01073762128192401
0.05554973401023643
0.07266846376444579
0.12421190838357427
0.10540077178048103
0.0376552367829271
0.02270679982054318
0.07393443019476635
0.007776226572264888
0.021857444044432347
0.04682084760275983
0.05819622730192904
0.12351522860696466
0.10213696795366464
0.07913540472067444
0.02855087107705687
0.0594578871460209
0.12710327984948883
0.0560726327344234
0.07511132327176953
0.0021845689240038344
0.01839849649884732
0.048512370364495384
0.10534080909472508
0.001943157949188534
0.1857948228297812
0.18732223029945488
0.012889633774503256
0.04948830600563877
0.08327269185702144
0.044491405698361124
0.005409242541191132
0.10458295757387165
0.045704517979502715
0.0747485388964904
0.09574197249879517
0.11557974892945146
0.09823805406040641
0.05071753271620158
0.09432057521612673
0.10290410699556561
0.1360836777075563
0.08353132487465155
0.0010859450689618025
0.043628934861582806
0.0660085505363042
0.019438428401560636
0.03644235860237795
0.11622162297681976
0.0922984788928912
0.028130411290917
0.004968282754102371
0.0796013190029524
0.014150382978248943
0.045121066372411846
0.08141219112786467
0.027310215314846016
0.00405505219975524
0.12799940842789612
0.1838394554726212
0.09225870807893818
0.07117099200341051
0.014568780682997608
0.03766395129668108
0.1995914294932039
0.051303439314600026
0.0043849020440229714
0.1112249627108462
0.10017758811532301
0.03663962868158898
2.5701142066182685E-4
0.07896295421932722
0.05042181776923055
0.06735704579404797
0.12924837547757698
0.02383055590203788
0.044439516874479286
0.0817512714542379
0.20903733016921816
0.10950830063618196
0.05994155338112127
0.0994864159970835
0.035595569461650066
0.19507485030429353
0.058102522283974334
0.04954306607755004
0.002931613854728497
0.0875788996274917
0.08651058058745069
0.08649184437439403
0.01786140516818419
0.07383433777377078
0.03540956045238959
0.15902101718935252
0.09312234729626477
0.05066876497645421
0.10037597444873557
0.012369514614801515
0.13743691243808345
0.0013153863029009274
0.09973229198014459
0.07416422779965627
0.1340609667701724
0.039562850505888265
5.967506759212458E-4
0.4010744235458201
0.03556080320915903
0.02674696369493302
0.08293783658637913
0.04383524248815146
0.08969675910700593
0.06277964856358988
0.026233480989646986
0.13996735778625347
0.24742841263755316
0.02686847009861985
0.025426530514812265
0.0423069697220053
0.062431623181294874
0.061905929437447424
0.04168490648635403
0.025325767585610767
0.12036851827865537
0.0751198434741798
0.09352702651875079
0.07369715751088828
0.031226954507346874
0.1762539959507139
0.08262492306023268
0.07099943043704018
0.10058110027532421
0.02967915188967292
0.10776425348557307
0.23677306952863242
0.025312862661863497
0.01521903373967061
0.0669378960848918
0.07078151501178372
0.03526488295742976
0.15542149260108226
0.07191834180408216
0.04079784380450179
0.08602748550822137
0.0337278215352559
0.025812895226165998
0.0015255889059051324
0.09173661772446098
0.021066683974890144
0.043943430241960076
0.06594098071036117
0.04089040817162261
0.003994422155046687
0.09009952857100201
0.042804490607592977
0.02193623605191647
0.005018639947487902
0.06897423081300186
0.10846569084145863
0.0745143465296556
0.025129739013764234
0.09272534512316
0.08012664521783974
0.01846854068397242
0.028661225339793067
0.12479483616918817
0.032387120833671366
0.04166851265686923
0.15649528267095342
0.11870310708101169
0.15649528267095342
0.04166851265686923
0.032387120833671366
0.12479483616918817
0.028661225339793067
0.01846854068397242
0.08012664521783974
0.09272534512316
0.025129739013764234
0.0745143465296556
0.10846569084145863
0.06897423081300186
0.005018639947487902
0.02193623605191647
0.042804490607592977
0.09009952857100201
0.003994422155046687
0.04089040817162261
0.06594098071036117
0.043943430241960076
0.021066683974890144
0.09173661772446098
0.0015255889059051324
0.025812895226165998
0.0337278215352559
0.08602748550822137
0.04079784380450179
0.07191834180408216
0.15542149260108226
0.03526488295742976
0.07078151501178372
0.0669378960848918
0.01521903373967061
0.025312862661863497
0.23677306952863242
0.10776425348557307
0.02967915188967292
0.10058110027532421
0.07099943043704018
0.08262492306023268
0.1762539959507139
0.031226954507346874
0.07369715751088828
0.09352702651875079
0.0751198434741798
0.12036851827865537
0.025325767585610767
0.04168490648635403
0.061905929437447424
0.062431623181294874
0.0423069697220053
0.025426530514812265
0.02686847009861985
0.24742841263755316
0.13996735778625347
0.026233480989646986
0.06277964856358988
0.08969675910700593
0.04383524248815146
0.08293783658637913
0.02674696369493302
0.03556080320915903
0.4010744235458201
5.967506759212458E-4
0.039562850505888265
0.1340609667701724
0.07416422779965627
0.09973229198014459
0.0013153863029009274
0.13743691243808345
0.012369514614801515
0.10037597444873557
0.05066876497645421
0.09312234729626477
0.15902101718935252
0.03540956045238959
0.07383433777377078
0.01786140516818419
0.08649184437439403
0.08651058058745069
0.0875788996274917
0.002931613854728497
0.04954306607755004
0.058102522283974334
0.19507485030429353
0.035595569461650066
0.0994864159970835
0.05994155338112127
0.10950830063618196
0.20903733016921816
0.0817512714542379
0.044439516874479286
0.02383055590203788
0.12924837547757698
0.06735704579404797
0.05042181776923055
0.07896295421932722
2.5701142066182685E-4
0.03663962868158898
0.10017758811532301
0.1112249627108462
0.0043849020440229714
0.051303439314600026
0.1995914294932039
0.03766395129668108
0.014568780682997608
0.07117099200341051
0.09225870807893818
0.1838394554726212
0.12799940842789612
0.00405505219975524
0.027310215314846016
0.08141219112786467
0.045121066372411846
0.014150382978248943
0.0796013190029524
0.004968282754102371
0.028130411290917
0.0922984788928912
0.11622162297681976
0.03644235860237795
0.019438428401560636
0.0660085505363042
0.043628934861582806
0.0010859450689618025
0.08353132487465155
0.1360836777075563
0.10290410699556561
0.09432057521612673
0.05071753271620158
0.09823805406040641
0.11557974892945146
0.09574197249879517
0.0747485388964904
0.045704517979502715
0.10458295757387165
0.005409242541191132
0.044491405698361124
0.08327269185702144
0.04948830600563877
0.012889633774503256
0.18732223029945488
0.1857948228297812
0.001943157949188534
0.10534080909472508
0.048512370364495384
0.01839849649884732
0.0021845689240038344
0.07511132327176953
0.0560726327344234
0.12710327984948883
0.0594578871460209
0.02855087107705687
0.07913540472067444
0.10213696795366464
0.12351522860696466
0.05819622730192904
0.04682084760275983
0.021857444044432347
0.007776226572264888
0.07393443019476635
0.02270679982054318
0.0376552367829271
0.10540077178048103
0.12421190838357427
0.07266846376444579
0.05554973401023643
0.01073762128192401
0.012873376253129043
0.049919273152196866
0.16616156112397837
0.009171365492833209
0.026707629906917472
0.042587976144730595
0.04667899087335048
0.12962765440553237
0.043192699529879836
0.015163158826602033
0.0793636864114819
0.1589517907753439
0.056526229239576224
0.0178652128571495
0.0666744153487512
0.13639104776947225
0.024597436802731368
0.001229833637491985
0.039876807827192516
0.03737728120792337
0.06915185172646235
0.013779435760183369
0.09930613709855717
0.019986131687505362
0.02460976314765874
0.07567688523975118
0.027782100100428732
0.04742473680399176
0.03250278003948931
0.03695190134054052
0.018047108532104495
0.03772365342388662
0.007765039818812162
0.04093259593051785
3.470125687204247E-4
0.023189771341897713
0.05231318706735038
0.06010828747559485
0.05800299667800288
0.27110495267666096
0.025051242357656746
0.11759907106831119
0.004220626596929623
0.04654191604067629
0.04714693036411725
0.044601997907338084
0.007707975433468488
0.08602127707983903
0.14471675134827927
0.025403607504603888
0.07477482847017726
0.003928707825266634
0.017257385109550594
0.04035669839988519
0.004865319681563903
0.04213789705474252
0.0700928628595937
0.056427800787759094
0.09398150071818223
0.06471209437703872
0.004868072098319924
0.08641353164722518
0.07913540472067446
0.031221438130202072
0.07379265380531282
0.07560124710396873
0.35535963212086086
0.06419444714070904
0.1709776227879939
0.08008385659314173
0.040000398737792514
0.08721340396673037
0.03735101581661829
0.10434157191305286
0.12805620347954838
0.44118075677603424
0.11545964711822525
0.300734613821887
0.08685940725228276
0.08384147364004196
0.10608632197392966
0.10083245945438662
0.09098089714311997
0.14519715369014977
0.015088463361607901
0.15074569745937
0.046101601850180085
0.10323979432511642
3.2884167120175766E-4
0.011956513108040759
0.07863175896268128
0.09215323504889053
0.28195122488271945
0.08400754506512596
0.2835670292640429
0.22628382447532092
0.10812336957533702
0.002278957047121762
0.02805322513949234
0.08770393983120112
0.06376989690065536
0.16336475701122827
0.6695976050337478
0.17606291300989324
0.07212466693496679
0.02766515313431909
0.08172854782379897
0.012511512828809686
0.038100977125629376
0.06448095526977206
0.13584616110913147
0.4895267819036052
0.4475153294031895
0.026982559892651352
0.08513478392168321
0.05206819720417381
0.08600235379693023
0.03233187716751765
0.020119486261017602
0.20521932170212243
0.04597175092616291
0.0992171433044678
0.188461837279166
0.08219415727556229
0.0508153168167394
0.11582457698031462
0.04401198857478187
0.045241037672283886
0.15174689387525925
0.14827833028423754
0.4701248330802139
0.2615636435405154
0.013300529376856765
0.11313946976119484
0.01879407471703029
0.05973382356492407
0.07126382131485066
0.01249864994074918
0.012283123951729006
0.11870310708101169
0.07499904448925852
0.07569121375323917
0.10805273884960558
0.0380611790012283
0.07683780928717467
0.03755868355278598
0.029136177738048417
0.01593906360629394
0.0745846248283427
0.007337033112196888
0.033759312485503096
0.008954232502426834
0.0863175302655346
0.06585732051170368
0.019926292652489585
0.15229718618681107
0.09972616714721041
0.2218011783734505
0.038747592262487654
0.0449474124913617
0.04542489143944563
0.09710906542963184
0.08271512755840263
0.01217907685944022
0.1248448213684966
0.0267265588301495
0.11758724526731906
0.023626043455801257
0.10292028876325333
0.05947941763421261
0.09623739549118902
0.14149899531488427
0.0451985882620802
0.056681071146390004
0.01634534707169711
0.015976175739846832
0.006469458301430166
0.03852702332478687
0.03825787868992131
0.02812432702666735
0.040429867369107975
0.04257116962140064
0.005504708660021182
0.012001704952272024
0.0023625739835314804
0.09376764513072718
0.041482754288654805
0.11543841962182416
0.11419468023161373
0.042681455817238374
0.01616101753092801
0.10177494683753915
0.07891168052963435
0.02324237301907423
0.10238223701087429
0.06189869295631168
0.016086055497263968
0.033505924868722094
0.042396899716839145
0.09068723917565075
0.07899362484980565
0.08571262174244444
0.10189586639182152
0.019425103225698192
0.03892501543323882
0.013110158022287498
0.0055152378036189935
0.042478857306812626
0.027972104327803993
0.10198387296064676
0.01100730739159529
0.07621336324868844
0.12304179354784714
0.030757091108146853
0.029136580390376397
0.054396923756807485
0.005301066946903696
0.04465945976536791
0.08149041493896911
0.0924389680348564
0.19160238772763366
0.260436174731548
0.020929997472407005
0.011735942099750745
0.08289796322939176
0.03331552004882832
0.15211854256639218
0.03156867082519504
0.0521368335328367
0.05977926259263949
0.08934619928563853
0.04282601564789242
0.05442655113316174
0.11675377375652274
0.04022790942341873
0.10815445748041483
0.05881664093621958
8.372238385763743E-5
0.16050475365315559
0.21330526288514073
0.05800203561580366
0.06353017533362058
0.011913516884228268
0.04112664592856704
0.05787554223796132
0.010218549923025724
0.09756234243538568
0.04109492093873618
0.14140456220327496
0.05220614875719064
0.12026818327942193
0.010665201795050146
0.024937758075083822
0.046123126394095305
0.041843634305880624
0.19370342250602218
0.1925967572032591
0.28021058656505227
0.062337871836015045
0.010105462151931383
0.02759671586753269
0.04938051753120982
0.05177469782909086
0.07680087467175016
0.0893959386066015
0.015126552043841328
0.1631840388520165
0.10997634617237036
0.07727454485393419
0.13325008701560068
0.14967502006026795
0.07237415815578264
0.034266264447567474
0.23501554195087399
0.16614078088042175
1.0
0.13461306166775286
0.05982715014200934
0.018741462826210867
0.021553695710841328
0.029053173527173085
0.13356584548868852
0.129029410399968
0.0915396715808668
0.7313086636596758
0.27900344406639327
0.14260863250598382
0.13810598976281427
0.20174450442505515
0.10524802105604175
0.04258332456186688
0.26070915968783426
0.19205363071397635
