0.24175445599131892
0.3201349158935697
0.05724849007428975
0.2729052197020259
0.07419335607450953
0.212484792977815
0.039364118942202354
0.051113250199896494
0.3562383279615738
0.21724799561304178
0.3323974521920129
0.08203900689175414
0.23487573018681088
0.2192672129450753
0.08822527286174557
0.07692721195067934
0.012356092794304835
0.21930619925250924
0.13888333451346363
0.22578058713926158
0.0688275670259645
0.22610702414204398
0.09313344402781568
0.07291153117685674
0.169434587787788
0.25774990983277785
0.07117468057111154
0.1748928584784071
0.1923508372190779
0.29400024157736154
0.20014487473487358
0.23286184972524174
0.020381422753875295
0.14883771986592334
0.23755359357295497
0.13574227297708968
0.24016351553101103
0.36644727396244664
0.18334071687754347
0.007689938699165801
0.2694159826463737
0.07673964796592182
0.02738124973485335
0.22021965329097348
0.3856262638231783
0.6053912581728833
0.2746384742632391
0.25542570586110436
0.0778507202205407
0.02467555432182248
0.07290979534903783
0.032003002918405465
0.24536995582058363
0.09849586044998924
0.28369502209972575
0.07642616940513694
0.09482959884597963
0.04734128883924644
0.14786462543638232
0.004601003396016716
0.15230304746973922
0.08008792227737203
7.794960444658744E-4
0.007510987009992509
0.323479889658161
0.21002502357365824
0.13148563044109066
0.23234197449495028
0.04120494630967178
0.036051042585930296
0.15107757852525797
0.10504190814675093
0.060872892537218046
1.0
0.17713864113457062
0.03510468315943036
0.18352589594679095
0.013430803110628841
0.08281291119315212
0.05943598409481615
0.10979890989147022
0.250534321312041
0.3235012716440117
0.14622764726642445
0.12031381355454193
0.08221928073244308
0.07527781280557391
0.12138299660334789
0.04445891165468346
0.03348778462487948
0.004098078735624328
0.0637861044835728
0.23411168159795726
0.17292487787135943
0.020161769030679694
0.04411529981249894
0.12719595793668612
0.14416694781729372
0.1422422288003138
0.07597096934685084
0.25862304140310494
0.4926396541687232
0.07196187423819086
0.1908223196731475
0.05185572146002366
0.021877400919460614
0.0370252833108833
0.07997082044789615
0.08040444910536002
0.2697252944713632
0.12316244613113322
0.005175174506932335
0.04925140882397734
0.07512895205632152
0.16444549671278605
0.03822250064081037
0.4506267539142814
0.4450960650821755
0.17506104007495552
0.6727712027703555
0.09188402824519872
0.21540548618184793
0.23102018387986042
0.012947931248502385
0.28873901992332734
0.1592186686593591
0.10536617833015845
0.1372653613538625
0.2140193708922331
0.17003616957186987
0.10007322681991254
0.01950915413642938
0.17407356802273094
0.05034592501027993
0.011291730402620102
0.14110550905190347
0.06442202469289945
0.010180722323297826
0.13156195804184628
0.19029427322892095
0.0873995260452461
0.04549017894049445
0.16674611470226258
0.05642432654544168
0.0807045769250849
0.05038139301176168
0.23234881905231236
0.0637050624562305
0.005256023508114107
0.12142390509228125
0.09575488067748546
0.13086402209544762
0.20027175205989817
0.01770505149268661
0.09401562177440181
0.011588676952969716
0.2594204435357403
0.08574000136439702
0.05097299443781017
0.04820741292765824
0.11993248381790254
0.03486097603964013
0.044654120158016564
0.1268352478902811
0.23038431927114866
0.12185447667653267
0.04978893967137063
0.17137143233969662
0.0471758637259546
0.023977737740846508
0.02023524132728259
0.008582168418254594
0.06512219594788116
0.1520739076694641
0.05317254864774226
0.3106429858424715
0.051221403304145104
0.14034661063510911
0.15762420033816316
0.14343319931528803
0.08822067139973577
0.1957545949606917
0.2970472927080409
0.0632443117936869
0.13362903564289913
0.1257436096130677
0.08259402477159983
0.17179155054883463
0.021985885646462266
0.3860402015912639
0.32920949283515627
0.0947014770708338
0.5607299230481982
0.32817019370479344
0.1946066298997531
0.1710848438526435
0.23996036295256665
0.10767868692497828
0.05053620475302093
0.13291882074463976
0.011436332183767344
0.2848658081979623
0.2747006914064175
0.1275094995516888
0.19398078898321475
0.11378090714701325
0.044171527821710695
0.06714801659997938
0.1796789367966351
0.02031660122928591
0.05936827024898126
0.16484926675080877
0.008933009687839916
0.028133372606049943
0.06480994373778633
0.05823215756811358
0.14771951166377265
0.08031093567425518
0.028387915342685574
0.48909735507804925
0.15013438586108738
0.0996571010769852
0.105928058791062
0.13222973036747293
0.22358944419135282
0.02362769988078111
0.05533901519693657
0.11944676924002852
0.13856841392970914
0.09772504030324412
0.20638107491237856
0.10744642488503063
0.10193626405652567
0.21379725623601195
0.037522351274559274
0.1352030151059886
0.009131185484463893
0.16136355930953322
0.08405417546031663
0.15760782144627536
0.022259058509992883
0.08393374165719758
0.1016845178337859
0.0952323637041282
0.1052807627384845
0.0033256759871661355
0.26108689971867033
0.017392267431315913
0.013398733952804245
0.020503086341992056
0.16953389145728698
0.053883362116815256
0.18241177931945268
0.041717041003662025
0.015101461920367218
0.004651145399130298
0.18571203414041226
0.0783123572102775
0.05238093488052004
0.013343402044340216
0.04819172196348676
0.22395667620118437
0.18358216266778338
0.16231127117631838
0.03300114131632591
0.14800310782312767
0.04011712175402661
0.012032302420036995
0.07585692199011373
0.1422356925618248
0.0988235571486819
0.15360187001982686
0.1732650405004924
0.07394812289662837
0.2620119042402264
0.18172798157484155
0.09233317932336203
0.04553451985949446
0.11112250455119536
0.0629405445356782
0.04784444623339453
0.16853629539942974
0.09311744423184717
0.1728087495079082
0.08626924400968895
0.025788238974430607
0.01460537298873803
0.03926477885697414
0.08593872304865918
0.06331911215340347
0.04096056187761336
0.07353775010449531
0.017317193347101422
0.030739929246731804
0.0061246025600315826
0.06454210660711353
0.036339312736380275
0.019143538076557002
0.042510685262588645
0.06885377495868768
0.02591845235361729
0.035942798914859596
0.06381310614942932
0.052683884438414146
0.002898454637888955
0.00867330317925624
0.07036472609103664
0.07739106204247087
0.12087722799565946
0.013103219986517943
0.09743848979367341
0.0332504158741352
0.0715376342105739
0.03888500445937535
0.10701144649783725
0.02402479982997371
0.028942431270867118
3.6860083399168456E-6
0.10810371069897097
0.10335805793608423
0.1369195630202776
0.1257792485246271
0.06325124259281496
0.08050279159068331
0.03529800759541007
0.008593175319108045
0.003231624147997563
0.024129753387766788
0.04237213090751296
0.01251968335554043
3.646070242967843E-4
0.05716078435222371
0.06058843288676416
0.0910646011860821
0.049875399929568145
0.020940511253185502
0.019530722705989406
0.034762457645838164
0.153673869882946
0.08212443336064162
0.0315244644569071
0.12886348717681437
0.04426294574407973
0.11555703383760235
0.09232377931228204
0.08278029052307878
0.0444288097743513
0.0821942109633229
0.09817348375163303
0.030168591769268335
0.06491290388765424
0.07595278084705438
0.06840491808303767
0.05887055320502711
0.18080404346988915
0.18920180219417285
0.005223715633702627
0.030891535676816545
0.04358314572033629
0.0818263498010706
0.03980685826457226
0.0361317609769634
0.07672508232191132
0.13090933595028764
0.058965218873391276
0.05555136397878932
0.1363403956730866
0.022311713753070155
0.037902990341566856
0.11711435576329236
0.038234723297658216
0.16534652838069852
0.22888764870745354
0.11861426611541533
0.07873092691716278
0.22221952946994475
0.03864731910905027
1.7415906132146465E-4
0.10956677019993312
0.01672186910565537
0.11598336256828877
0.03024172938858052
0.11914633447513248
0.043640048841388904
0.01978788893856869
0.013430803110628841
0.011642083677435577
0.17701219771828977
0.10435563478583497
6.570436449867792E-4
0.08519490796327923
0.1320533984306656
0.02247775165678163
0.05564142876812008
0.054684529385866466
0.029483932571117106
0.1421261715372929
0.03776099498662642
0.05335923797214069
0.1290834861075169
0.23375472905976888
0.013723402203929274
0.00296743321996097
0.13837102656940148
0.0073568619471581905
0.15860754573211566
0.04682358428258554
0.0721220118511658
0.11343040972537878
0.026174204032005866
0.04985030121886168
0.058329773258704906
0.00263817250148595
0.09776122664961666
0.11777853702836734
0.029218642076431683
0.02102286695175998
0.15091674506842215
0.11705504968683632
0.02273780210683919
0.06131443096620316
0.052203209590769545
7.606886020810221E-4
0.2671406166328847
0.06357295254130436
0.07302634586862017
0.1294796262225504
0.12265320879531724
0.012259416918837614
0.06277807171627027
0.0016086459421355494
0.1187143714138589
0.0851785330715607
0.02090166586502808
0.04077982842489755
0.1544581139782467
0.10295207216010563
0.12557292112175308
0.1624209153814055
0.1254909709680546
0.06609633146678967
0.07807221282935305
0.07602871829858897
0.002760213988546468
0.015048782590422763
0.28455505735639736
0.19552315205076712
0.06665573305034204
0.004871165671053049
0.07890974958258916
0.10755542389571367
0.08355236834513717
0.03641731310782152
0.18992717262258565
0.09880890921675282
0.02340834771666487
0.18816096563559642
0.033243416358931195
0.008608569878936732
0.1421139230466301
0.12160117522142727
0.1448133104304987
0.026861606221257658
0.1448133104304987
0.12160117522142727
0.1421139230466301
0.008608569878936732
0.033243416358931195
0.18816096563559642
0.02340834771666487
0.09880890921675282
0.18992717262258565
0.03641731310782152
0.08355236834513717
0.10755542389571367
0.07890974958258916
0.004871165671053049
0.06665573305034204
0.19552315205076712
0.28455505735639736
0.015048782590422763
0.002760213988546468
0.07602871829858897
0.07807221282935305
0.06609633146678967
0.1254909709680546
0.1624209153814055
0.12557292112175308
0.10295207216010563
0.1544581139782467
0.04077982842489755
0.02090166586502808
0.0851785330715607
0.1187143714138589
0.0016086459421355494
0.06277807171627027
0.012259416918837614
0.12265320879531724
0.1294796262225504
0.07302634586862017
0.06357295254130436
0.2671406166328847
7.606886020810221E-4
0.052203209590769545
0.06131443096620316
0.02273780210683919
0.11705504968683632
0.15091674506842215
0.02102286695175998
0.029218642076431683
0.11777853702836734
0.09776122664961666
0.00263817250148595
0.058329773258704906
0.04985030121886168
0.026174204032005866
0.11343040972537878
0.0721220118511658
0.04682358428258554
0.15860754573211566
0.0073568619471581905
0.13837102656940148
0.00296743321996097
0.013723402203929274
0.23375472905976888
0.1290834861075169
0.05335923797214069
0.03776099498662642
0.1421261715372929
0.029483932571117106
0.054684529385866466
0.05564142876812008
0.02247775165678163
0.1320533984306656
0.08519490796327923
6.570436449867792E-4
0.10435563478583497
0.17701219771828977
0.011642083677435577
0.013430803110628841
0.01978788893856869
0.043640048841388904
0.11914633447513248
0.03024172938858052
0.11598336256828877
0.01672186910565537
0.10956677019993312
1.7415906132146465E-4
0.03864731910905027
0.22221952946994475
0.07873092691716278
0.11861426611541533
0.22888764870745354
0.16534652838069852
0.038234723297658216
0.11711435576329236
0.037902990341566856
0.022311713753070155
0.1363403956730866
0.05555136397878932
0.058965218873391276
0.13090933595028764
0.07672508232191132
0.0361317609769634
0.03980685826457226
0.0818263498010706
0.04358314572033629
0.030891535676816545
0.005223715633702627
0.18920180219417285
0.18080404346988915
0.05887055320502711
0.06840491808303767
0.07595278084705438
0.06491290388765424
0.030168591769268335
0.09817348375163303
0.0821942109633229
0.0444288097743513
0.08278029052307878
0.09232377931228204
0.11555703383760235
0.04426294574407973
0.12886348717681437
0.0315244644569071
0.08212443336064162
0.153673869882946
0.034762457645838164
0.019530722705989406
0.020940511253185502
0.049875399929568145
0.0910646011860821
0.06058843288676416
0.05716078435222371
3.646070242967843E-4
0.01251968335554043
0.04237213090751296
0.024129753387766788
0.003231624147997563
0.008593175319108045
0.03529800759541007
0.08050279159068331
0.06325124259281496
0.1257792485246271
0.1369195630202776
0.10335805793608423
0.10810371069897097
3.6860083399168456E-6
0.028942431270867118
0.02402479982997371
0.10701144649783725
0.03888500445937535
0.0715376342105739
0.0332504158741352
0.09743848979367341
0.013103219986517943
0.12087722799565946
0.07739106204247087
0.07036472609103664
0.00867330317925624
0.002898454637888955
0.052683884438414146
0.06381310614942932
0.035942798914859596
0.02591845235361729
0.06885377495868768
0.042510685262588645
0.019143538076557002
0.036339312736380275
0.06454210660711353
0.0061246025600315826
0.030739929246731804
0.017317193347101422
0.07353775010449531
0.04096056187761336
0.06331911215340347
0.08593872304865918
0.03926477885697414
0.01460537298873803
0.025788238974430607
0.08626924400968895
0.1728087495079082
0.09311744423184717
0.16853629539942974
0.04784444623339453
0.0629405445356782
0.11112250455119536
0.04553451985949446
0.09233317932336203
0.18172798157484155
0.2620119042402264
0.07394812289662837
0.1732650405004924
0.15360187001982686
0.0988235571486819
0.1422356925618248
0.07585692199011373
0.012032302420036995
0.04011712175402661
0.14800310782312767
0.03300114131632591
0.16231127117631838
0.18358216266778338
0.22395667620118437
0.04819172196348676
0.013343402044340216
0.05238093488052004
0.0783123572102775
0.18571203414041226
0.004651145399130298
0.015101461920367218
0.041717041003662025
0.18241177931945268
0.053883362116815256
0.16953389145728698
0.020503086341992056
0.013398733952804245
0.017392267431315913
0.26108689971867033
0.0033256759871661355
0.1052807627384845
0.0952323637041282
0.1016845178337859
0.08393374165719758
0.022259058509992883
0.15760782144627536
0.08405417546031663
0.16136355930953322
0.009131185484463893
0.1352030151059886
0.037522351274559274
0.21379725623601195
0.10193626405652567
0.10744642488503063
0.20638107491237856
0.09772504030324412
0.13856841392970914
0.11944676924002852
0.05533901519693657
0.02362769988078111
0.22358944419135282
0.13222973036747293
0.105928058791062
0.0996571010769852
0.15013438586108738
0.48909735507804925
0.028387915342685574
0.08031093567425518
0.14771951166377265
0.05823215756811358
0.06480994373778633
0.028133372606049943
0.008933009687839916
0.16484926675080877
0.05936827024898126
0.02031660122928591
0.1796789367966351
0.06714801659997938
0.044171527821710695
0.11378090714701325
0.19398078898321475
0.1275094995516888
0.2747006914064175
0.2848658081979623
0.011436332183767344
0.13291882074463976
0.05053620475302093
0.10767868692497828
0.23996036295256665
0.1710848438526435
0.1946066298997531
0.32817019370479344
0.5607299230481982
0.0947014770708338
0.32920949283515627
0.3860402015912639
0.021985885646462266
0.17179155054883463
0.08259402477159983
0.1257436096130677
0.13362903564289913
0.0632443117936869
0.2970472927080409
0.1957545949606917
0.08822067139973577
0.14343319931528803
0.15762420033816316
0.14034661063510911
0.051221403304145104
0.3106429858424715
0.05317254864774226
0.1520739076694641
0.06512219594788116
0.008582168418254594
0.02023524132728259
0.023977737740846508
0.0471758637259546
0.17137143233969662
0.04978893967137063
0.12185447667653267
0.23038431927114866
0.1268352478902811
0.044654120158016564
0.03486097603964013
0.11993248381790254
0.04820741292765824
0.05097299443781017
0.08574000136439702
0.2594204435357403
0.011588676952969716
0.09401562177440181
0.01770505149268661
0.20027175205989817
0.13086402209544762
0.09575488067748546
0.12142390509228125
0.005256023508114107
0.0637050624562305
0.23234881905231236
0.05038139301176168
0.0807045769250849
0.05642432654544168
0.16674611470226258
0.04549017894049445
0.0873995260452461
0.19029427322892095
0.13156195804184628
0.010180722323297826
0.06442202469289945
0.14110550905190347
0.011291730402620102
0.05034592501027993
0.17407356802273094
0.01950915413642938
0.10007322681991254
0.17003616957186987
0.2140193708922331
0.1372653613538625
0.10536617833015845
0.1592186686593591
0.28873901992332734
0.012947931248502385
0.23102018387986042
0.21540548618184793
0.09188402824519872
0.6727712027703555
0.17506104007495552
0.4450960650821755
0.4506267539142814
0.03822250064081037
0.16444549671278605
0.07512895205632152
0.04925140882397734
0.005175174506932335
0.12316244613113322
0.2697252944713632
0.08040444910536002
0.07997082044789615
0.0370252833108833
0.021877400919460614
0.05185572146002366
0.1908223196731475
0.07196187423819086
0.4926396541687232
0.25862304140310494
0.07597096934685084
0.1422422288003138
0.14416694781729372
0.12719595793668612
0.04411529981249894
0.020161769030679694
0.17292487787135943
0.23411168159795726
0.0637861044835728
0.004098078735624328
0.03348778462487948
0.04445891165468346
0.12138299660334789
0.07527781280557391
0.08221928073244308
0.12031381355454193
0.14622764726642445
0.3235012716440117
0.250534321312041
0.10979890989147022
0.05943598409481615
0.08281291119315212
0.013430803110628841
0.18352589594679095
0.03510468315943036
0.17713864113457062
1.0
0.060872892537218046
0.10504190814675093
0.15107757852525797
0.036051042585930296
0.04120494630967178
0.23234197449495028
0.13148563044109066
0.21002502357365824
0.323479889658161
0.007510987009992509
7.794960444658744E-4
0.08008792227737203
0.15230304746973922
0.004601003396016716
0.14786462543638232
0.04734128883924644
0.09482959884597963
0.07642616940513694
0.28369502209972575
0.09849586044998924
0.24536995582058363
0.032003002918405465
0.07290979534903783
0.02467555432182248
0.0778507202205407
0.25542570586110436
0.2746384742632391
0.6053912581728833
0.3856262638231783
0.22021965329097348
0.02738124973485335
0.07673964796592182
0.2694159826463737
0.007689938699165801
0.18334071687754347
0.36644727396244664
0.24016351553101103
0.13574227297708968
0.23755359357295497
0.14883771986592334
0.020381422753875295
0.23286184972524174
0.20014487473487358
0.29400024157736154
0.1923508372190779
0.1748928584784071
0.07117468057111154
0.25774990983277785
0.169434587787788
0.07291153117685674
0.09313344402781568
0.22610702414204398
0.0688275670259645
0.22578058713926158
0.13888333451346363
0.21930619925250924
0.012356092794304835
0.07692721195067934
0.08822527286174557
0.2192672129450753
0.23487573018681088
0.08203900689175414
0.3323974521920129
0.21724799561304178
0.3562383279615738
0.051113250199896494
0.039364118942202354
0.212484792977815
0.07419335607450953
0.2729052197020259
0.05724849007428975
0.3201349158935697
