0.16910567468534535
0.0037915157315403544
0.0025812614234512732
0.052641685633480796
0.017507914410759447
0.09411833691623138
0.040250525555438614
0.13412891160859966
0.20671929729367758
0.5655532232589796
0.3247189742801748
0.16358163951996635
0.06497035920404662
0.18275706748228032
0.09850355427235309
0.04004716655634002
0.12001447012934326
0.1325381787379475
0.5060931388932297
0.5433559546780831
0.032348407629064636
0.14490110857465405
0.06711575606860394
0.0026150678132262914
0.04813531620028605
0.0740342209512922
0.011428230019498817
0.1339522042488013
0.3272169194642341
0.05587972924218077
0.05170452663872711
0.0332276170789596
0.07358895931495618
0.0377417134376569
0.10390201136926526
0.015101118440302637
0.13038996299586816
0.3703205626459498
0.10174994410908095
0.044177793916117265
0.05529952617956065
0.019067554815024985
0.044406758941560244
0.08859950866655335
0.12528933590600488
0.07494420136040987
1.0
0.16826828759134027
0.02744311086826203
0.03239669008918629
0.04302374101356311
0.029699394001089882
0.06798900438673282
0.025915786756553774
0.018381430280218786
0.18331051422189704
0.07349504548129407
0.024707361724729024
0.03637242143383769
0.04232197029812044
0.11306862792727537
0.02242474521422808
0.08422832304448594
0.10447208309657864
0.09015567719971691
0.030540913180748433
0.03568668969616429
0.0745676847300641
0.08212687305852681
0.08504996663392739
0.07999742468237453
0.10577010326183692
0.1139960926814193
0.12133849691344838
0.5166729788209937
0.023316520342137808
0.0062172142195566025
0.0116056824110519
8.884085071805781E-4
0.07683260051205615
0.009454133012525113
0.07969029109793481
0.05208006714412802
0.06198765028699193
0.10695136473609688
0.03686077165542849
0.06388093066062514
0.05584038977960001
0.07320430531572616
0.017223640395430728
6.979541653192365E-4
0.021042615301167755
0.04156073597104647
0.13933184336965423
0.0053131541614166245
0.06355632683877392
0.020070073716299555
0.07924804633468772
0.005670049917409845
0.04513879491493825
0.04697978830570924
0.0703720921745895
0.15751864609206914
0.13682367684624966
0.019266424305847508
0.026449739516259597
0.10050935927998639
0.155308665900996
0.00402808176666664
0.002487892146366804
0.11818569483446391
0.17682145961194531
0.027830277226685393
0.07538802903051492
0.02435001173842194
0.05512748319991225
0.0067108401819096
0.021791821107779233
0.00828913669752631
0.055877421195724815
0.07391944295020257
0.10158101997380016
0.043292985819943286
0.009451990110251716
0.001617675559381291
0.056408002396312835
0.0342244390088438
0.007331380998884336
0.07459637847504569
0.08597856309635364
9.374865524155443E-4
0.09478176206227597
0.001834834560285265
0.015621537849239807
0.012320530300531178
0.06593076496083777
0.029669755550606653
0.016426137233012637
0.009026505106646845
0.053973127918563006
0.04358245720797929
0.004552490759744996
0.05094500147473947
0.001306635349682887
0.05257857468123814
0.08219231555928577
0.10678230747214973
0.05957590350812834
0.14387944227475888
0.042471232259748894
0.005857188468770396
0.042928261321589604
0.07006169859581371
0.016129788569091343
0.021138209335668172
0.018015356819893847
0.10651413577902151
0.0642863962307693
0.09007412658974348
0.040410562613114744
0.10343677126203354
0.039903510351647374
0.026776466103849077
0.08429662013382737
0.017608011959761194
0.05221840642439219
0.16282422295499133
0.05018296920576737
0.06864223893922024
0.04059261118871076
0.048837303023240644
0.09132479571288059
0.04228721258796606
0.06311603398240563
0.03228243368493472
0.0713118517870148
0.0453125939246607
0.030673871789770792
0.0020537877259526834
0.0788238531497642
0.04631440431651126
0.020266380804955592
0.0447314548851078
0.05786745213283147
0.24981748602162862
0.020051619026502262
0.10784261270912385
4.265320084710971E-4
0.07355532083726073
0.019231752237659598
0.08564164627259821
0.049121610633233795
0.07006183639381204
0.08392582270855128
0.013712485194712503
0.13473460019747657
0.1311224882132358
0.05129200194668984
0.051798852938657027
0.020113230594049944
0.04978121841274395
0.003496126193497442
0.05332327731659242
0.047544371099392066
0.019956685800099953
0.01822533203143499
0.0464539712315818
0.002608119010225415
0.017671179625148532
0.10059219616390021
0.056217479709028496
0.0873463787513893
5.525547260347236E-4
0.08693533926792821
0.05299328793353845
0.01965439802363775
0.06795111839014294
0.02436690765270457
0.0817223499671952
0.07420405909452768
0.006223208436225559
0.11144741175944199
0.11367894959534759
0.09779835985223466
0.01887717160800618
0.08086121216133148
0.031044156863343962
0.04269123259264602
0.07234722291702324
0.013551201097690107
0.12406522431820846
0.0634146280070045
0.020932990069200127
0.10577585349490233
0.10391527360142344
0.1142934741259758
0.0568354866540377
0.05485111342695455
0.05284096605433514
0.06835682740083873
0.03692735253859678
0.009402118340260402
0.005886194338522136
0.042006770896521294
0.033780978803225656
0.02147317538784578
0.0012104328295070455
0.025843709960125617
0.011896267286281797
0.0086839823678821
0.07470679606265358
0.03314976478013762
0.05091231291223275
0.010543819976996485
0.05945904456145188
0.07620474305010613
0.05489027041591622
0.06417670227719685
0.002632674514433932
0.0064079248637921
0.02463738934789394
0.04406444287727734
9.602364193897572E-4
0.04794362638840276
0.05911290030470404
0.005598290178903059
0.04648631701792504
0.0013988570969299624
0.07920129938253237
0.0791056453076694
0.036983422738570804
0.061421094409081174
0.012307367178703938
0.006805843539873206
0.07590587690689538
0.0773650909453664
0.06252084714297353
0.018643439594617246
0.016434723197875655
0.014093262972172033
0.09672364875309558
8.347393051137087E-4
0.009453621667684032
0.0014275137931509464
5.195065413559737E-4
0.06040555183495805
0.06340753205423053
0.04225807050794512
0.04910721051007636
0.03413940245938799
0.07765650370925495
0.023105476311922998
0.017543463432585525
0.001621021011559645
0.0650801838045567
0.009262660780607463
0.04455449645290207
0.035691888882767205
0.004302491135033288
0.008507945220773494
0.04089716925839087
0.016992957221629586
0.037684350684011624
0.007249128113648508
0.11129418045189574
0.01693307175125726
0.08797100331944904
0.013277192152368302
0.010569104667834082
0.084322763509467
0.10686738866718358
0.013598895289270815
0.029913993893076838
0.007599181011703893
0.02824253707667382
0.03222104210359392
0.02669441651125096
0.04424048179474054
0.004293234903839687
0.006447663858368649
0.014295167834537159
0.026529986510207767
0.06157566777472397
0.09246122961804007
0.07413133708731012
0.014700172215348452
0.015003784933964703
0.03192277429571375
0.011364141052664214
0.08202011457192769
0.04462826571310485
0.07019931091886385
0.01741567897407
0.11414022758497097
0.013479746071702856
2.1384499282152723E-4
0.031405872779652955
0.03174674363041291
0.050477083190479985
0.039509969262178
0.0777631551366678
0.12310393958069313
0.02617166431166054
0.053000726969783016
0.05289933011238513
0.07104290656123989
0.022279455324361895
0.022520906477070404
0.11743362599347403
0.013951512169680668
6.483341496582083E-4
0.04825369406676215
0.027937390902495453
0.06530601653825137
0.024037435639849638
0.03602490841435131
0.05995329920122005
0.005008123198969668
0.06902528115675842
0.007999799598075506
0.013718730804390645
0.004474202231465249
0.07348668376514747
0.024530564620052923
0.10186488691001086
0.01958052520130169
0.030684085425778242
0.003822757165490933
0.040287920136308324
0.06708024529852873
0.03446432258484837
0.05492489171553587
0.017298242527099158
0.04951887880888166
0.05131225703429862
0.03814888108494567
0.052471695502708804
0.027723138519140343
0.0799021099103801
0.04867182300344389
0.023726891186696825
0.048726310419634836
0.011386178436808725
0.02923525051491927
0.0375262674127786
0.04331299641455415
0.0646496812661819
0.007676013168841179
0.010541412579230712
0.06164273633941365
0.03603652774412905
0.024514116074306445
0.061849701130349426
0.030534470026213956
0.03842013292571561
0.005249603996863395
0.03945875947943451
0.008818017137434275
0.03507867318149593
0.010828054979185918
0.05359885209917097
5.199725034610456E-4
0.08085872987383502
0.018711595709362754
0.04274229111643607
0.04290875339899062
0.04812422035423291
0.05212214498932305
0.03685248469879235
0.03461902218860434
0.07778420351349957
0.03442960344842193
0.016739209818170866
0.012475410705226772
0.007391899043835827
0.01870336040820068
0.01584905174574255
0.02603895267431554
0.03956211384498525
0.022538593588761407
0.04713257845821976
0.029978920273148368
0.01676352164287606
0.028415076718836852
0.01723577677884749
0.004881653322934064
0.010887224444685322
0.057432755490189516
0.04982833524720162
0.028570188132847486
0.0021793747137199646
0.017620939857283094
0.11149718509646431
0.010292578762251165
0.07739975333655263
0.017115365080734343
0.0025090349622227366
0.038766711817322407
0.02963158456804975
0.03950750341953654
0.0020638574623026602
5.396265893383523E-4
0.01042009379270386
0.004161244942506856
0.015713173701518455
0.019070407087458732
0.017173057762733895
0.005223394294791048
0.0302845871479069
0.007499377867120078
0.06733574432178285
0.0475362561620908
0.01085509780519988
0.005405317584989228
0.049880515064316774
0.029358034798799854
0.005972272527089689
0.014384926404841682
0.010951975925099791
0.03669177282918647
0.029223641167872298
0.005708988841503691
0.04227641867133634
0.005708988841503691
0.029223641167872298
0.03669177282918647
0.010951975925099791
0.014384926404841682
0.005972272527089689
0.029358034798799854
0.049880515064316774
0.005405317584989228
0.01085509780519988
0.0475362561620908
0.06733574432178285
0.007499377867120078
0.0302845871479069
0.005223394294791048
0.017173057762733895
0.019070407087458732
0.015713173701518455
0.004161244942506856
0.01042009379270386
5.396265893383523E-4
0.0020638574623026602
0.03950750341953654
0.02963158456804975
0.038766711817322407
0.0025090349622227366
0.017115365080734343
0.07739975333655263
0.010292578762251165
0.11149718509646431
0.017620939857283094
0.0021793747137199646
0.028570188132847486
0.04982833524720162
0.057432755490189516
0.010887224444685322
0.004881653322934064
0.01723577677884749
0.028415076718836852
0.01676352164287606
0.029978920273148368
0.04713257845821976
0.022538593588761407
0.03956211384498525
0.02603895267431554
0.01584905174574255
0.01870336040820068
0.007391899043835827
0.012475410705226772
0.016739209818170866
0.03442960344842193
0.07778420351349957
0.03461902218860434
0.03685248469879235
0.05212214498932305
0.04812422035423291
0.04290875339899062
0.04274229111643607
0.018711595709362754
0.08085872987383502
5.199725034610456E-4
0.05359885209917097
0.010828054979185918
0.03507867318149593
0.008818017137434275
0.03945875947943451
0.005249603996863395
0.03842013292571561
0.030534470026213956
0.061849701130349426
0.024514116074306445
0.03603652774412905
0.06164273633941365
0.010541412579230712
0.007676013168841179
0.0646496812661819
0.04331299641455415
0.0375262674127786
0.02923525051491927
0.011386178436808725
0.048726310419634836
0.023726891186696825
0.04867182300344389
0.0799021099103801
0.027723138519140343
0.052471695502708804
0.03814888108494567
0.05131225703429862
0.04951887880888166
0.017298242527099158
0.05492489171553587
0.03446432258484837
0.06708024529852873
0.040287920136308324
0.003822757165490933
0.030684085425778242
0.01958052520130169
0.10186488691001086
0.024530564620052923
0.07348668376514747
0.004474202231465249
0.013718730804390645
0.007999799598075506
0.06902528115675842
0.005008123198969668
0.05995329920122005
0.03602490841435131
0.024037435639849638
0.06530601653825137
0.027937390902495453
0.04825369406676215
6.483341496582083E-4
0.013951512169680668
0.11743362599347403
0.022520906477070404
0.022279455324361895
0.07104290656123989
0.05289933011238513
0.053000726969783016
0.02617166431166054
0.12310393958069313
0.0777631551366678
0.039509969262178
0.050477083190479985
0.03174674363041291
0.031405872779652955
2.1384499282152723E-4
0.013479746071702856
0.11414022758497097
0.01741567897407
0.07019931091886385
0.04462826571310485
0.08202011457192769
0.011364141052664214
0.03192277429571375
0.015003784933964703
0.014700172215348452
0.07413133708731012
0.09246122961804007
0.06157566777472397
0.026529986510207767
0.014295167834537159
0.006447663858368649
0.004293234903839687
0.04424048179474054
0.02669441651125096
0.03222104210359392
0.02824253707667382
0.007599181011703893
0.029913993893076838
0.013598895289270815
0.10686738866718358
0.084322763509467
0.010569104667834082
0.013277192152368302
0.08797100331944904
0.01693307175125726
0.11129418045189574
0.007249128113648508
0.037684350684011624
0.016992957221629586
0.04089716925839087
0.008507945220773494
0.004302491135033288
0.035691888882767205
0.04455449645290207
0.009262660780607463
0.0650801838045567
0.001621021011559645
0.017543463432585525
0.023105476311922998
0.07765650370925495
0.03413940245938799
0.04910721051007636
0.04225807050794512
0.06340753205423053
0.06040555183495805
5.195065413559737E-4
0.0014275137931509464
0.009453621667684032
8.347393051137087E-4
0.09672364875309558
0.014093262972172033
0.016434723197875655
0.018643439594617246
0.06252084714297353
0.0773650909453664
0.07590587690689538
0.006805843539873206
0.012307367178703938
0.061421094409081174
0.036983422738570804
0.0791056453076694
0.07920129938253237
0.0013988570969299624
0.04648631701792504
0.005598290178903059
0.05911290030470404
0.04794362638840276
9.602364193897572E-4
0.04406444287727734
0.02463738934789394
0.0064079248637921
0.002632674514433932
0.06417670227719685
0.05489027041591622
0.07620474305010613
0.05945904456145188
0.010543819976996485
0.05091231291223275
0.03314976478013762
0.07470679606265358
0.0086839823678821
0.011896267286281797
0.025843709960125617
0.0012104328295070455
0.02147317538784578
0.033780978803225656
0.042006770896521294
0.005886194338522136
0.009402118340260402
0.03692735253859678
0.06835682740083873
0.05284096605433514
0.05485111342695455
0.0568354866540377
0.1142934741259758
0.10391527360142344
0.10577585349490233
0.020932990069200127
0.0634146280070045
0.12406522431820846
0.013551201097690107
0.07234722291702324
0.04269123259264602
0.031044156863343962
0.08086121216133148
0.01887717160800618
0.09779835985223466
0.11367894959534759
0.11144741175944199
0.006223208436225559
0.07420405909452768
0.0817223499671952
0.02436690765270457
0.06795111839014294
0.01965439802363775
0.05299328793353845
0.08693533926792821
5.525547260347236E-4
0.0873463787513893
0.056217479709028496
0.10059219616390021
0.017671179625148532
0.002608119010225415
0.0464539712315818
0.01822533203143499
0.019956685800099953
0.047544371099392066
0.05332327731659242
0.003496126193497442
0.04978121841274395
0.020113230594049944
0.051798852938657027
0.05129200194668984
0.1311224882132358
0.13473460019747657
0.013712485194712503
0.08392582270855128
0.07006183639381204
0.049121610633233795
0.08564164627259821
0.019231752237659598
0.07355532083726073
4.265320084710971E-4
0.10784261270912385
0.020051619026502262
0.24981748602162862
0.05786745213283147
0.0447314548851078
0.020266380804955592
0.04631440431651126
0.0788238531497642
0.0020537877259526834
0.030673871789770792
0.0453125939246607
0.0713118517870148
0.03228243368493472
0.06311603398240563
0.04228721258796606
0.09132479571288059
0.048837303023240644
0.04059261118871076
0.06864223893922024
0.05018296920576737
0.16282422295499133
0.05221840642439219
0.017608011959761194
0.08429662013382737
0.026776466103849077
0.039903510351647374
0.10343677126203354
0.040410562613114744
0.09007412658974348
0.0642863962307693
0.10651413577902151
0.018015356819893847
0.021138209335668172
0.016129788569091343
0.07006169859581371
0.042928261321589604
0.005857188468770396
0.042471232259748894
0.14387944227475888
0.05957590350812834
0.10678230747214973
0.08219231555928577
0.05257857468123814
0.001306635349682887
0.05094500147473947
0.004552490759744996
0.04358245720797929
0.053973127918563006
0.009026505106646845
0.016426137233012637
0.029669755550606653
0.06593076496083777
0.012320530300531178
0.015621537849239807
0.001834834560285265
0.09478176206227597
9.374865524155443E-4
0.08597856309635364
0.07459637847504569
0.007331380998884336
0.0342244390088438
0.056408002396312835
0.001617675559381291
0.009451990110251716
0.043292985819943286
0.10158101997380016
0.07391944295020257
0.055877421195724815
0.00828913669752631
0.021791821107779233
0.0067108401819096
0.05512748319991225
0.02435001173842194
0.07538802903051492
0.027830277226685393
0.17682145961194531
0.11818569483446391
0.002487892146366804
0.00402808176666664
0.155308665900996
0.10050935927998639
0.026449739516259597
0.019266424305847508
0.13682367684624966
0.15751864609206914
0.0703720921745895
0.04697978830570924
0.04513879491493825
0.005670049917409845
0.07924804633468772
0.020070073716299555
0.06355632683877392
0.0053131541614166245
0.13933184336965423
0.04156073597104647
0.021042615301167755
6.979541653192365E-4
0.017223640395430728
0.07320430531572616
0.05584038977960001
0.06388093066062514
0.03686077165542849
0.10695136473609688
0.06198765028699193
0.05208006714412802
0.07969029109793481
0.009454133012525113
0.07683260051205615
8.884085071805781E-4
0.0116056824110519
0.0062172142195566025
0.023316520342137808
0.5166729788209937
0.12133849691344838
0.1139960926814193
0.10577010326183692
0.07999742468237453
0.08504996663392739
0.08212687305852681
0.0745676847300641
0.03568668969616429
0.030540913180748433
0.09015567719971691
0.10447208309657864
0.08422832304448594
0.02242474521422808
0.11306862792727537
0.04232197029812044
0.03637242143383769
0.024707361724729024
0.07349504548129407
0.18331051422189704
0.018381430280218786
0.025915786756553774
0.06798900438673282
0.029699394001089882
0.04302374101356311
0.03239669008918629
0.02744311086826203
0.16826828759134027
1.0
0.07494420136040987
0.12528933590600488
0.08859950866655335
0.044406758941560244
0.019067554815024985
0.05529952617956065
0.044177793916117265
0.10174994410908095
0.3703205626459498
0.13038996299586816
0.015101118440302637
0.10390201136926526
0.0377417134376569
0.07358895931495618
0.0332276170789596
0.05170452663872711
0.05587972924218077
0.3272169194642341
0.1339522042488013
0.011428230019498817
0.0740342209512922
0.04813531620028605
0.0026150678132262914
0.06711575606860394
0.14490110857465405
0.032348407629064636
0.5433559546780831
0.5060931388932297
0.1325381787379475
0.12001447012934326
0.04004716655634002
0.09850355427235309
0.18275706748228032
0.06497035920404662
0.16358163951996635
0.3247189742801748
0.5655532232589796
0.20671929729367758
0.13412891160859966
0.040250525555438614
0.09411833691623138
0.017507914410759447
0.052641685633480796
0.0025812614234512732
0.0037915157315403544
