-0.06378838973484012
0.09605641915635972
0.11362371252004645
0.0056133457628711435
0.17011329854879043
0.15219770486895706
0.03898990766423252
0.29257741642613405
0.22161334485195103
0.32128346620107223
0.191800753378397
0.005738687575287661
0.08586139390179198
0.0354589533413295
0.04993015344221186
0.04695648875966724
0.1282364717480568
0.14975574407927938
0.2589205686536251
0.2516630500839787
0.030920589329925863
0.13858082554393442
0.013925976193944808
0.018799576284159607
0.10434127141936861
0.03997768358552978
0.0710022562871767
0.15314228063955573
0.5887737643302059
0.008781870356809753
0.1268098677613373
0.0667461414445618
0.002705395182438453
0.002933476085145927
0.11213168051918622
0.1567637069963662
0.07180291493569722
0.3241375008106478
0.039798482093294986
0.1554541644348736
0.11861558194270427
0.14595804696648496
0.03473176771233747
0.13372780457081487
0.09091715643196235
0.415049187292575
0.9277398061314699
1.0
0.29412486898247314
0.1577900879994603
0.13865228535048194
0.0912068488060203
0.07628276421985801
0.15201096676422793
0.1940941907488036
0.11074417543355196
0.003245452895503688
0.12875672091808452
0.11776777691057037
0.07448577091669524
0.0439075083843758
0.02679824550485331
0.011455382912809989
0.030171121358596616
0.05625212103154475
0.02831902530352726
0.22784961731263953
0.09174321682493664
0.02223582601704699
0.09206447981315533
0.1362788629744846
0.0038710717386279546
0.1275877133898621
0.2826911723928493
0.5613946689411473
0.35888169326163294
0.13970227856309383
0.009207060996145676
0.0052203848259434905
0.10868556174585917
0.151925678900496
0.07849727842881538
0.0966998467376093
0.16185241019754423
0.18718265368561218
0.13026049563286438
0.02288601333932657
0.1060714683977541
0.008546273288972232
0.10256497506717042
0.11947201627366176
0.02916951421595181
0.04028085022107289
0.2929277169574775
0.048228251989585004
0.04492310424117706
0.1025329795959554
0.03066434513441381
0.03459614114723572
0.02708068542131723
0.07316398084716406
4.635905782135405E-4
0.26559830851372884
0.042857515520481636
0.07566213881252767
0.04247742551194332
0.05141623637370105
0.07172041155999274
0.10336864888270288
0.02900448651692879
0.10446507848401528
0.15374039835925152
0.16285184969358196
0.025035042858765257
0.08494438841904065
0.041066464984037356
0.07602126658618265
0.03777225560335879
0.02758158697401863
0.10927478562691888
0.08083009364730777
0.27305624419459373
0.05313351442608953
0.017038672349559584
0.0707989281969587
0.0028565252981906093
0.09247154665798164
0.03159362319879637
0.07946484406960427
0.03829631042740826
0.17253168277824896
0.02293257787121717
0.061474183161079984
0.005868162639287283
0.029213418080354756
0.054223647780640524
0.004218319355298872
0.012538544556866487
0.09032262379067142
0.04198324391044765
0.08540578394575425
0.06072883509612059
0.06659163159213366
0.025532254909032496
0.04380271048307534
0.008163601759382135
0.01897124784208761
0.15026762596524373
0.08963480401605266
0.09162589846308553
0.060624652051571325
0.013411550540942067
6.454089737413014E-4
0.023739023050794162
0.01594709743371003
0.019496256885452642
0.0332523840951844
0.019169398705748075
0.04010615875174385
0.10445851899877327
0.041562663997700804
0.06265581196638784
0.04401137151211656
0.06785968400990049
7.954480105316088E-4
0.05049212795959469
0.1375736586961083
0.012498896135717698
0.10934345638228729
0.09917352249477998
0.037483173058717165
0.014878415718383393
0.05208564011693273
0.10119335921252251
0.049946553623880445
0.012538837652898548
0.008698953110502446
0.07093362519247211
0.02279426598457935
0.13205878899027043
0.07071068643216293
0.050161107641357686
0.009205163426119127
0.028150124548654107
0.13987539337118
0.009517752077868641
0.1716789985536461
0.2577082524817891
0.061258581382872365
0.02734993078239138
0.048074039937648354
0.06068218451130718
0.028465293845601827
0.12225648712506515
0.007415177370901842
0.24115494336678342
0.05627559342169183
0.04883954081739859
0.020688715409923696
0.060921308352336986
0.009991337922205665
0.01132953215289107
0.006149949773702657
0.11510177493608761
0.0419904902526916
0.10828487631072291
0.06953868454522096
0.03509600070569476
0.028438770218646006
0.047567685965236604
0.019238833156141288
0.0316090516221026
0.12165246767470085
0.030564872979865054
0.05936383136932432
0.013128906477741457
0.023082085526627525
0.0557851037835155
0.006984658538134947
0.0056091391944970165
0.04470332789260851
0.02111544418778532
0.027232540242584292
0.020430815137196624
0.01168979877547668
0.14788220443050265
0.00867825099266109
0.01835061324072746
0.021220222556887578
0.0046429341563120705
0.0818058048240907
0.03189419486742006
0.10423898704404083
0.0028783062967518724
0.006036532582114092
0.03371018000499633
0.06907902592963595
0.014745508473342108
0.08093390335711334
0.08120489250180696
0.041888738639548964
0.08416297002253778
0.04713924060991493
0.012383060086691194
0.06884247515559691
0.03229219852540139
0.0411328278319993
0.005625711276125034
0.029728506881491836
0.050247817841618414
0.05304798204731435
0.03280025515007181
0.08418222895250317
0.029677566380849913
0.0031644524268840085
0.0487469579131965
0.05918794953231988
0.04113090670930452
0.010870813645444568
0.011630102148217275
0.0752799552915815
0.035838501322439716
0.05873377763040493
0.009463357994163936
0.026774303510962112
0.05322275991793751
0.047895948006971584
0.017448618327132088
0.02401939085217662
0.03946965384713961
0.09685783369661911
0.015614306089169638
0.008258307017075046
0.06669155771049722
0.028934905106115145
0.012876366381419289
0.04129378980702704
0.04601715009313175
0.0652328964454932
0.047356165336852156
0.034224034748666574
0.006494873928797001
0.005872578578616053
0.013115061165309931
0.013748677929559075
0.009766997547617952
0.013612555354748809
0.02545538635647837
0.013892011444119
0.004454735574470086
0.04457086836647614
0.0262567528494829
0.010171479268496916
0.0695987020464182
0.036319615015874426
0.04958488650913835
0.055715658748146234
0.03344068901472994
0.05619433775426088
0.11455099528775042
0.036612481008623035
0.03922177152170099
0.026555148067815823
0.007107279347782605
0.046391154666471986
0.0010162042438889643
0.013485006964702095
0.025073014740472164
0.04784129230113009
0.027619289513166265
0.007144760603464151
0.12475296036479373
0.03771797802920559
0.028451632985067202
0.04074514048942381
0.017273564263763013
0.023397333414957658
0.012998539502112175
0.031938629409271765
0.02418922111069288
0.01887366288062448
0.08283957971103287
0.00596526819247655
0.01586723492878062
0.02278370336007028
0.02682220691108245
0.01361251589131664
0.08394423937566745
0.013945617760571651
0.014340403020653264
0.05330835618121464
0.03648937728459721
0.0498839348885435
0.04720426711274233
0.01510628443597906
0.003991572806852779
0.013343370699964852
0.07927374884538255
0.02209952188572169
0.06544167181309672
0.015786499931234873
0.02376406976858026
7.693400114606843E-4
0.02444792325219557
0.04933232189895702
0.052643901331058805
2.709588236061478E-4
0.013648336527677074
0.028265452809329364
0.033792174416455434
0.018527327741036125
0.0556572828097466
0.11986136083137336
0.07168707170891966
0.04063706920997102
0.05788484538365317
0.029546142225705934
0.015067239542617523
0.05026835917518674
0.049217970426488546
0.03415583211667527
0.010692923297694815
0.07930577629471418
0.020696384808071646
0.031250250663241136
0.057983919010041664
0.011863379225347815
0.029830756800476775
0.011860463948033407
0.08195099097490073
0.010248127050734634
0.012710071669986323
0.016019266118534433
0.0072369621773043374
0.0037321257727940403
0.08207222133120132
0.0505513024484603
0.05769060130001831
0.007343690771524682
0.03466164188715612
0.011981813054615306
0.02112801823016765
0.012518856927268075
0.027183648443676045
0.06897073650016612
0.00920706099614568
0.07791983974803636
0.010916385870450155
0.02501417454541408
0.05611694721565885
0.008131164471250526
0.010671537563478937
0.10294501068343688
0.002188317348418252
7.167028153892891E-5
0.07092174272248243
0.034404209229292236
0.08900853134096649
0.01623369946702685
0.001350947409996995
0.012505626425274956
0.008428367038007098
0.03076774753350256
0.027925853645099866
0.0789330980485563
0.03774268091436697
0.010935040634887672
0.01748760358201417
0.046582167867521763
0.03803099958371818
0.054581789266536174
0.004894013411834
0.043357808385141985
0.022854936513224233
0.018654324586632794
0.034409565682000993
0.028719478048494534
0.0980773072545463
0.04731797713089264
0.03855217133796838
0.03478200626856934
0.01743373837727774
0.0015792725236153202
0.024238543156201914
0.06894564922207286
0.002569132120547517
0.02563472322366129
0.00749207191311566
3.718894086291801E-4
0.00886648578689004
0.04131791332410465
0.035741096429084115
0.03074923485971998
0.010207897488367484
0.03625547056727214
0.01890689180987567
0.015538709486804763
0.011365976049974356
0.04618332907565329
0.010446627390575473
0.02864888042057527
0.05332320651188612
0.09832510318075852
0.049265652138126434
0.05037006455917667
0.07654577351083036
0.04654966797728442
0.029976751846989478
0.09957247016122395
0.0437604038917932
7.838294227702653E-5
0.0368570402352672
0.053510824959893344
0.039269611424435
0.0655443693727913
0.004280168734417219
0.004544766776328667
0.003129683637509119
0.06883346324159666
0.005482704014145471
0.022104803354120663
8.268355978843874E-4
0.0
8.268355978843874E-4
0.022104803354120663
0.005482704014145471
0.06883346324159666
0.003129683637509119
0.004544766776328667
0.004280168734417219
0.0655443693727913
0.039269611424435
0.053510824959893344
0.0368570402352672
7.838294227702653E-5
0.0437604038917932
0.09957247016122395
0.029976751846989478
0.04654966797728442
0.07654577351083036
0.05037006455917667
0.049265652138126434
0.09832510318075852
0.05332320651188612
0.02864888042057527
0.010446627390575473
0.04618332907565329
0.011365976049974356
0.015538709486804763
0.01890689180987567
0.03625547056727214
0.010207897488367484
0.03074923485971998
0.035741096429084115
0.04131791332410465
0.00886648578689004
3.718894086291801E-4
0.00749207191311566
0.02563472322366129
0.002569132120547517
0.06894564922207286
0.024238543156201914
0.0015792725236153202
0.01743373837727774
0.03478200626856934
0.03855217133796838
0.04731797713089264
0.0980773072545463
0.028719478048494534
0.034409565682000993
0.018654324586632794
0.022854936513224233
0.043357808385141985
0.004894013411834
0.054581789266536174
0.03803099958371818
0.046582167867521763
0.01748760358201417
0.010935040634887672
0.03774268091436697
0.0789330980485563
0.027925853645099866
0.03076774753350256
0.008428367038007098
0.012505626425274956
0.001350947409996995
0.01623369946702685
0.08900853134096649
0.034404209229292236
0.07092174272248243
7.167028153892891E-5
0.002188317348418252
0.10294501068343688
0.010671537563478937
0.008131164471250526
0.05611694721565885
0.02501417454541408
0.010916385870450155
0.07791983974803636
0.00920706099614568
0.06897073650016612
0.027183648443676045
0.012518856927268075
0.02112801823016765
0.011981813054615306
0.03466164188715612
0.007343690771524682
0.05769060130001831
0.0505513024484603
0.08207222133120132
0.0037321257727940403
0.0072369621773043374
0.016019266118534433
0.012710071669986323
0.010248127050734634
0.08195099097490073
0.011860463948033407
0.029830756800476775
0.011863379225347815
0.057983919010041664
0.031250250663241136
0.020696384808071646
0.07930577629471418
0.010692923297694815
0.03415583211667527
0.049217970426488546
0.05026835917518674
0.015067239542617523
0.029546142225705934
0.05788484538365317
0.04063706920997102
0.07168707170891966
0.11986136083137336
0.0556572828097466
0.018527327741036125
0.033792174416455434
0.028265452809329364
0.013648336527677074
2.709588236061478E-4
0.052643901331058805
0.04933232189895702
0.02444792325219557
7.693400114606843E-4
0.02376406976858026
0.015786499931234873
0.06544167181309672
0.02209952188572169
0.07927374884538255
0.013343370699964852
0.003991572806852779
0.01510628443597906
0.04720426711274233
0.0498839348885435
0.03648937728459721
0.05330835618121464
0.014340403020653264
0.013945617760571651
0.08394423937566745
0.01361251589131664
0.02682220691108245
0.02278370336007028
0.01586723492878062
0.00596526819247655
0.08283957971103287
0.01887366288062448
0.02418922111069288
0.031938629409271765
0.012998539502112175
0.023397333414957658
0.017273564263763013
0.04074514048942381
0.028451632985067202
0.03771797802920559
0.12475296036479373
0.007144760603464151
0.027619289513166265
0.04784129230113009
0.025073014740472164
0.013485006964702095
0.0010162042438889643
0.046391154666471986
0.007107279347782605
0.026555148067815823
0.03922177152170099
0.036612481008623035
0.11455099528775042
0.05619433775426088
0.03344068901472994
0.055715658748146234
0.04958488650913835
0.036319615015874426
0.0695987020464182
0.010171479268496916
0.0262567528494829
0.04457086836647614
0.004454735574470086
0.013892011444119
0.02545538635647837
0.013612555354748809
0.009766997547617952
0.013748677929559075
0.013115061165309931
0.005872578578616053
0.006494873928797001
0.034224034748666574
0.047356165336852156
0.0652328964454932
0.04601715009313175
0.04129378980702704
0.012876366381419289
0.028934905106115145
0.06669155771049722
0.008258307017075046
0.015614306089169638
0.09685783369661911
0.03946965384713961
0.02401939085217662
0.017448618327132088
0.047895948006971584
0.05322275991793751
0.026774303510962112
0.009463357994163936
0.05873377763040493
0.035838501322439716
0.0752799552915815
0.011630102148217275
0.010870813645444568
0.04113090670930452
0.05918794953231988
0.0487469579131965
0.0031644524268840085
0.029677566380849913
0.08418222895250317
0.03280025515007181
0.05304798204731435
0.050247817841618414
0.029728506881491836
0.005625711276125034
0.0411328278319993
0.03229219852540139
0.06884247515559691
0.012383060086691194
0.04713924060991493
0.08416297002253778
0.041888738639548964
0.08120489250180696
0.08093390335711334
0.014745508473342108
0.06907902592963595
0.03371018000499633
0.006036532582114092
0.0028783062967518724
0.10423898704404083
0.03189419486742006
0.0818058048240907
0.0046429341563120705
0.021220222556887578
0.01835061324072746
0.00867825099266109
0.14788220443050265
0.01168979877547668
0.020430815137196624
0.027232540242584292
0.02111544418778532
0.04470332789260851
0.0056091391944970165
0.006984658538134947
0.0557851037835155
0.023082085526627525
0.013128906477741457
0.05936383136932432
0.030564872979865054
0.12165246767470085
0.0316090516221026
0.019238833156141288
0.047567685965236604
0.028438770218646006
0.03509600070569476
0.06953868454522096
0.10828487631072291
0.0419904902526916
0.11510177493608761
0.006149949773702657
0.01132953215289107
0.009991337922205665
0.060921308352336986
0.020688715409923696
0.04883954081739859
0.05627559342169183
0.24115494336678342
0.007415177370901842
0.12225648712506515
0.028465293845601827
0.06068218451130718
0.048074039937648354
0.02734993078239138
0.061258581382872365
0.2577082524817891
0.1716789985536461
0.009517752077868641
0.13987539337118
0.028150124548654107
0.009205163426119127
0.050161107641357686
0.07071068643216293
0.13205878899027043
0.02279426598457935
0.07093362519247211
0.008698953110502446
0.012538837652898548
0.049946553623880445
0.10119335921252251
0.05208564011693273
0.014878415718383393
0.037483173058717165
0.09917352249477998
0.10934345638228729
0.012498896135717698
0.1375736586961083
0.05049212795959469
7.954480105316088E-4
0.06785968400990049
0.04401137151211656
0.06265581196638784
0.041562663997700804
0.10445851899877327
0.04010615875174385
0.019169398705748075
0.0332523840951844
0.019496256885452642
0.01594709743371003
0.023739023050794162
6.454089737413014E-4
0.013411550540942067
0.060624652051571325
0.09162589846308553
0.08963480401605266
0.15026762596524373
0.01897124784208761
0.008163601759382135
0.04380271048307534
0.025532254909032496
0.06659163159213366
0.06072883509612059
0.08540578394575425
0.04198324391044765
0.09032262379067142
0.012538544556866487
0.004218319355298872
0.054223647780640524
0.029213418080354756
0.005868162639287283
0.061474183161079984
0.02293257787121717
0.17253168277824896
0.03829631042740826
0.07946484406960427
0.03159362319879637
0.09247154665798164
0.0028565252981906093
0.0707989281969587
0.017038672349559584
0.05313351442608953
0.27305624419459373
0.08083009364730777
0.10927478562691888
0.02758158697401863
0.03777225560335879
0.07602126658618265
0.041066464984037356
0.08494438841904065
0.025035042858765257
0.16285184969358196
0.15374039835925152
0.10446507848401528
0.02900448651692879
0.10336864888270288
0.07172041155999274
0.05141623637370105
0.04247742551194332
0.07566213881252767
0.042857515520481636
0.26559830851372884
4.635905782135405E-4
0.07316398084716406
0.02708068542131723
0.03459614114723572
0.03066434513441381
0.1025329795959554
0.04492310424117706
0.048228251989585004
0.2929277169574775
0.04028085022107289
0.02916951421595181
0.11947201627366176
0.10256497506717042
0.008546273288972232
0.1060714683977541
0.02288601333932657
0.13026049563286438
0.18718265368561218
0.16185241019754423
0.0966998467376093
0.07849727842881538
0.151925678900496
0.10868556174585917
0.0052203848259434905
0.009207060996145676
0.13970227856309383
0.35888169326163294
0.5613946689411473
0.2826911723928493
0.1275877133898621
0.0038710717386279546
0.1362788629744846
0.09206447981315533
0.02223582601704699
0.09174321682493664
0.22784961731263953
0.02831902530352726
0.05625212103154475
0.030171121358596616
0.011455382912809989
0.02679824550485331
0.0439075083843758
0.07448577091669524
0.11776777691057037
0.12875672091808452
0.003245452895503688
0.11074417543355196
0.1940941907488036
0.15201096676422793
0.07628276421985801
0.0912068488060203
0.13865228535048194
0.1577900879994603
0.29412486898247314
1.0
0.9277398061314699
0.415049187292575
0.09091715643196235
0.13372780457081487
0.03473176771233747
0.14595804696648496
0.11861558194270427
0.1554541644348736
0.039798482093294986
0.3241375008106478
0.07180291493569722
0.1567637069963662
0.11213168051918622
0.002933476085145927
0.002705395182438453
0.0667461414445618
0.1268098677613373
0.008781870356809753
0.5887737643302059
0.15314228063955573
0.0710022562871767
0.03997768358552978
0.10434127141936861
0.018799576284159607
0.013925976193944808
0.13858082554393442
0.030920589329925863
0.2516630500839787
0.2589205686536251
0.14975574407927938
0.1282364717480568
0.04695648875966724
0.04993015344221186
0.0354589533413295
0.08586139390179198
0.005738687575287661
0.191800753378397
0.32128346620107223
0.22161334485195103
0.29257741642613405
0.03898990766423252
0.15219770486895706
0.17011329854879043
0.0056133457628711435
0.11362371252004645
0.09605641915635972
