0.004261013337544581
0.005368888519726942
0.007864826876924235
0.016898122898083495
0.04283167642987652
0.04920424776910269
0.10204430959950736
0.1764655168443858
0.011969407659196142
0.3709338679553095
0.04046105195130169
0.05673939454408243
0.3666332186207901
0.24695221634848638
0.29576359872909275
0.1580941197538006
0.08510926676681126
0.16866033352123042
0.09664980800301763
0.11003687598132715
0.3905862155946107
0.3425937786351587
0.3368514253306235
0.2728839630812211
0.014885603975354595
0.5556808612968605
0.0037469138967748936
0.41144444071231007
0.22574559204150607
0.8117721076771366
0.3794270847660295
0.41614692684207444
0.1896217754017893
0.022777507168272072
0.4871296291944544
0.17801246423011943
0.27733164686878037
0.5536277630877606
0.346765334620806
0.08446466979678577
0.15884652125757417
0.12919614299808857
0.4441553594441014
0.11643257731480683
0.30478428845154587
0.30586878490154007
0.4733083204820083
0.07304517878523206
0.04452806542171701
0.6981985010156452
0.3979308024041554
0.08807470682831835
0.04959580961580261
0.09134270171847539
0.070904272606595
0.2452933554245874
0.5277590062159311
0.09186767513273582
0.013426898917490247
0.15384029322655465
0.03057119980682981
0.04972981180789375
0.08206374972715902
0.1753369516676531
0.002814940197729218
0.1368298594576078
0.13614226486867323
0.0417106541920385
0.07885596626525349
0.057284806255967435
0.23012871171881236
0.24443263768167908
0.22071088534083674
0.059883372820173385
0.12007230382872516
0.1466457105036812
0.4455818666407473
0.07767963061793524
0.11438321629248425
0.16181898591399585
0.16908593035872332
0.10862493068195556
0.19621800320949276
0.007521373995325181
0.1609074389960476
0.3239414938629071
0.35994318791281155
0.025425287480083537
0.07159459607059271
0.040166563931597524
0.28494869656305555
0.016902818583047475
0.23986371199341763
0.22902857665763965
0.29211352836685706
0.4456492945681194
0.47929783660096303
0.25205265362835355
0.30861976917673445
0.32608032775342116
0.1873450382946057
0.5712095001654864
0.016759276083480167
0.1460303331180154
0.48686948480170283
0.24430332267363006
0.2858218499246193
0.5908148688284021
0.5713272760133496
0.7877300436143791
0.4209587358628809
1.0
0.7420620559353132
0.5826304643756335
0.7624634692004864
0.06496115183015115
0.41207903319744044
0.05170157635897668
0.37722542372320605
0.26839723203767857
0.28080984416916543
0.08799058979189771
0.23794857301636105
0.41511727709892465
0.6764463652577937
0.20966168756712109
0.09953576398720992
0.2671779450365091
0.4816851757672518
0.3953120445603083
0.29618558929324984
0.0817584197390717
0.10315917329689675
0.1759577520713958
0.12890661975313894
0.09250482320564542
0.03423588234864126
0.06544744585775826
0.04848425369776522
1.1939382928609788E-6
0.09106329327156804
0.20993957679784236
0.1692809966224584
0.06761050194653948
0.10118171222015904
0.020589993347782453
0.004255918795359195
0.03988397734409175
0.0015248777744199722
0.09162013678551313
0.14279847883163024
5.658246807053188E-4
0.022694686744333198
0.030468012806229888
0.03530711934261369
0.05064510923829234
0.025890252730095972
0.05792041178308404
0.004026312423817547
0.0015687259263781866
0.0075117169918333055
0.03062423299038434
0.009729347861925497
0.04784222929272777
0.03816665675119265
0.016175333383497286
0.007904906168793935
0.04425242912463168
0.028469611122934703
0.024031676970142597
0.011818159897311376
0.0029332187106100756
0.018004486060091376
7.72456721796071E-4
0.022833794165867005
0.0077023763565743095
0.02677434348298527
0.03515029924287627
0.012612335369708476
0.01887746000662884
0.0045131165169417075
0.012247412130477094
0.006084902400408381
0.03558524579160945
0.007447723194601116
0.004264676469946875
0.014768153031499073
0.013810464966334089
0.003919239572877187
0.0033102820306276
5.773878367264952E-4
0.004122075690992489
0.02059326913204985
0.005426185718730347
0.00437840378784128
0.004587389467746346
0.00551056184023636
0.010699853029772376
0.003015845711990441
0.009470786284964472
0.011880537949429865
6.93583423801052E-4
0.014753754293058854
0.0049502863678784585
3.1310043646432477E-4
0.005495307625342096
0.012692183099241458
0.003583789458413446
0.0013754836584384722
7.310731471049321E-4
0.004101828520747732
0.0011211723885787889
0.012644753981868767
0.005369416868004905
6.718201024226231E-4
0.0024704046901469112
0.0024920123298788487
0.00446596951957402
0.0011986749428366714
0.004882247518275944
0.0024487156321156946
0.0020244068558522635
0.00543389907513314
0.003521028953736037
0.0034961365940372824
0.003316457579792453
0.003076297341696185
0.00828490927005226
5.094888223570339E-4
0.012866016597907638
0.010031268654442493
0.014398065836313673
0.0038031209778089515
0.008474848301377225
0.0164079155219522
0.014662924724577036
0.010307228829635237
0.021220849817935473
3.0354121761935656E-4
0.0054828595883940805
0.0175574677003095
0.009123610386189439
0.0174259066138694
0.004969555755362666
0.005526735076475382
0.0016882780287932745
0.015503182048953238
0.0034535392282563798
0.004288339874231315
3.761861158229692E-4
0.009781155661543256
0.004916404562932906
0.0010270096558285175
0.005438443738849775
0.005837836447986886
0.0015968672546320315
0.003980065816813162
0.003454406178784204
0.00766009898489415
0.005429569128896424
0.003283463133901091
0.008071609735449015
0.002918318443898247
0.0064472955720370415
0.012823382099002903
0.013216914206673475
0.011917948247189798
0.005468061385255729
0.005766839545507939
0.013427853170016265
0.007268216348752368
8.359433603982574E-4
0.004510810978593457
0.0011364370517085544
8.950707868371788E-5
0.003571166438495949
0.005382008453593951
0.00276945259817213
1.168583280198216E-4
0.005706111497419407
0.0019298946354045423
0.013536118249063584
0.0040810687298407115
6.087662761539525E-4
0.014059604658877662
0.007570158672369364
0.004330651359125943
0.006411125167112345
0.004758344056074425
0.0025082892250590503
0.008840681328500757
0.010867132596861588
6.147189914858937E-4
0.01064948003464397
0.010691508809726602
0.0056787235912727566
0.007080108676721479
5.342343886611435E-4
0.0033426512242429383
0.0014233272971846882
1.171796106235929E-4
0.006187750626019654
0.0103555929095923
0.007042814919375357
2.207668826895572E-4
0.0023471132613630255
0.0014429033422013145
0.007956451835403852
0.00461277923612691
0.004890200401079451
0.0017651757289435784
0.007513243111057307
0.004694334887058961
4.975263063886806E-4
0.006139083370276594
0.004057364160164006
0.0035564439431368744
0.003795631699985831
0.007090599957409987
0.002430337240987932
0.0017329347714601262
0.004342147145355415
0.0033603341705748277
0.004117431350253542
0.0027009485372160866
0.0036753131292095328
0.0033324045367104428
0.001419632812840176
0.004364919546942888
0.0016455107069449687
0.0016455928745218917
0.00823660787673381
0.006931300638661067
0.002777297553975614
0.006900520408851513
0.004311882456290959
0.0013695430547781735
0.005409979985115439
0.004776420214139526
0.006455042077264581
0.005283923982947756
0.008327455536084521
0.00693931957028332
0.006997852799822431
0.0029134181777943045
6.497114840703115E-4
0.006336150782881916
0.004626143172212197
0.005186516423751941
0.0024621834059673385
0.004552364169471362
0.004163828089233931
0.0029982288032886356
0.001230165420656667
0.004702482711181199
0.004732738200907954
7.374086335783884E-5
0.003272169239204044
0.002293755282076944
0.005390377981999985
0.0030401172702314324
0.0028805461318413012
0.0056093417593589346
0.005775754493908975
0.007920543096065215
0.003574692304116221
0.005052312817652907
0.004750979437569889
0.00398592439688163
0.006571594614535872
0.004068065878813655
0.0029933340348713435
0.0023386578431917374
0.003991646696511818
0.0044147385529535775
0.0018748794585692168
0.003256408145288217
0.005020642883161852
0.005478978466882107
0.004801749663325416
0.0036247171342578223
0.003135053903498871
0.005344723372101363
0.0035585475199255154
0.004826239007397489
0.005220280238257097
0.005134053400689467
0.005048598286027455
0.0039286212650713435
0.004552935372719711
0.004338129347979419
0.0036930636194612274
0.006355884302562042
0.005447723052614868
0.004996519248495817
0.004215115971359292
0.0043765948235649586
0.005027894111667872
0.004689332065215956
0.004249697665916875
0.004610962130570279
0.005330032946349424
0.0046717781470219846
0.004699058830044101
0.0053585019071450465
0.005940087872638722
0.004801199075642691
0.004254652229014888
0.004869531512191658
0.0045470267547750715
0.0050213357417754675
0.00443544912155998
0.00509928850726703
0.0048171811524955884
0.004350346271188232
0.004211867614990242
0.004724109438404088
0.00549576967687303
0.004618038183450627
0.004578617004765339
0.004398509495146717
0.004923186018540955
0.004474202486773755
0.0046758323467598825
0.005511023741831141
0.004879131951293524
0.004642514203117659
0.004624212750870891
0.005417989879331872
0.004789673774903278
0.004608481837826984
0.005058229331947482
0.004805017366963191
0.0048734741856043574
0.0045023029555547826
0.004909915192694208
0.0043296064594012165
0.003822664154715298
0.004368863354697692
0.00532007271877399
0.005431127827370888
0.0046043072244939835
0.005409270098823514
0.005026040088768421
0.00555780229666949
0.004973274950524372
0.0053673297531206966
0.005360455292359802
0.00616524602425147
0.005220429210235447
0.005289864369165033
0.004264517869490464
0.005514978349148566
0.004464646624505426
0.004763892184623455
0.00438009313256576
0.005517913583158791
0.004506870896289852
0.004936627653136791
0.0042781914115509545
0.004683719011132958
0.004963945374184668
0.005791969323827473
0.004963945374184668
0.004683719011132958
0.0042781914115509545
0.004936627653136791
0.004506870896289852
0.005517913583158791
0.00438009313256576
0.004763892184623455
0.004464646624505426
0.005514978349148566
0.004264517869490464
0.005289864369165033
0.005220429210235447
0.00616524602425147
0.005360455292359802
0.0053673297531206966
0.004973274950524372
0.00555780229666949
0.005026040088768421
0.005409270098823514
0.0046043072244939835
0.005431127827370888
0.00532007271877399
0.004368863354697692
0.003822664154715298
0.0043296064594012165
0.004909915192694208
0.0045023029555547826
0.0048734741856043574
0.004805017366963191
0.005058229331947482
0.004608481837826984
0.004789673774903278
0.005417989879331872
0.004624212750870891
0.004642514203117659
0.004879131951293524
0.005511023741831141
0.0046758323467598825
0.004474202486773755
0.004923186018540955
0.004398509495146717
0.004578617004765339
0.004618038183450627
0.00549576967687303
0.004724109438404088
0.004211867614990242
0.004350346271188232
0.0048171811524955884
0.00509928850726703
0.00443544912155998
0.0050213357417754675
0.0045470267547750715
0.004869531512191658
0.004254652229014888
0.004801199075642691
0.005940087872638722
0.0053585019071450465
0.004699058830044101
0.0046717781470219846
0.005330032946349424
0.004610962130570279
0.004249697665916875
0.004689332065215956
0.005027894111667872
0.0043765948235649586
0.004215115971359292
0.004996519248495817
0.005447723052614868
0.006355884302562042
0.0036930636194612274
0.004338129347979419
0.004552935372719711
0.0039286212650713435
0.005048598286027455
0.005134053400689467
0.005220280238257097
0.004826239007397489
0.0035585475199255154
0.005344723372101363
0.003135053903498871
0.0036247171342578223
0.004801749663325416
0.005478978466882107
0.005020642883161852
0.003256408145288217
0.0018748794585692168
0.0044147385529535775
0.003991646696511818
0.0023386578431917374
0.0029933340348713435
0.004068065878813655
0.006571594614535872
0.00398592439688163
0.004750979437569889
0.005052312817652907
0.003574692304116221
0.007920543096065215
0.005775754493908975
0.0056093417593589346
0.0028805461318413012
0.0030401172702314324
0.005390377981999985
0.002293755282076944
0.003272169239204044
7.374086335783884E-5
0.004732738200907954
0.004702482711181199
0.001230165420656667
0.0029982288032886356
0.004163828089233931
0.004552364169471362
0.0024621834059673385
0.005186516423751941
0.004626143172212197
0.006336150782881916
6.497114840703115E-4
0.0029134181777943045
0.006997852799822431
0.00693931957028332
0.008327455536084521
0.005283923982947756
0.006455042077264581
0.004776420214139526
0.005409979985115439
0.0013695430547781735
0.004311882456290959
0.006900520408851513
0.002777297553975614
0.006931300638661067
0.00823660787673381
0.0016455928745218917
0.0016455107069449687
0.004364919546942888
0.001419632812840176
0.0033324045367104428
0.0036753131292095328
0.0027009485372160866
0.004117431350253542
0.0033603341705748277
0.004342147145355415
0.0017329347714601262
0.002430337240987932
0.007090599957409987
0.003795631699985831
0.0035564439431368744
0.004057364160164006
0.006139083370276594
4.975263063886806E-4
0.004694334887058961
0.007513243111057307
0.0017651757289435784
0.004890200401079451
0.00461277923612691
0.007956451835403852
0.0014429033422013145
0.0023471132613630255
2.207668826895572E-4
0.007042814919375357
0.0103555929095923
0.006187750626019654
1.171796106235929E-4
0.0014233272971846882
0.0033426512242429383
5.342343886611435E-4
0.007080108676721479
0.0056787235912727566
0.010691508809726602
0.01064948003464397
6.147189914858937E-4
0.010867132596861588
0.008840681328500757
0.0025082892250590503
0.004758344056074425
0.006411125167112345
0.004330651359125943
0.007570158672369364
0.014059604658877662
6.087662761539525E-4
0.0040810687298407115
0.013536118249063584
0.0019298946354045423
0.005706111497419407
1.168583280198216E-4
0.00276945259817213
0.005382008453593951
0.003571166438495949
8.950707868371788E-5
0.0011364370517085544
0.004510810978593457
8.359433603982574E-4
0.007268216348752368
0.013427853170016265
0.005766839545507939
0.005468061385255729
0.011917948247189798
0.013216914206673475
0.012823382099002903
0.0064472955720370415
0.002918318443898247
0.008071609735449015
0.003283463133901091
0.005429569128896424
0.00766009898489415
0.003454406178784204
0.003980065816813162
0.0015968672546320315
0.005837836447986886
0.005438443738849775
0.0010270096558285175
0.004916404562932906
0.009781155661543256
3.761861158229692E-4
0.004288339874231315
0.0034535392282563798
0.015503182048953238
0.0016882780287932745
0.005526735076475382
0.004969555755362666
0.0174259066138694
0.009123610386189439
0.0175574677003095
0.0054828595883940805
3.0354121761935656E-4
0.021220849817935473
0.010307228829635237
0.014662924724577036
0.0164079155219522
0.008474848301377225
0.0038031209778089515
0.014398065836313673
0.010031268654442493
0.012866016597907638
5.094888223570339E-4
0.00828490927005226
0.003076297341696185
0.003316457579792453
0.0034961365940372824
0.003521028953736037
0.00543389907513314
0.0020244068558522635
0.0024487156321156946
0.004882247518275944
0.0011986749428366714
0.00446596951957402
0.0024920123298788487
0.0024704046901469112
6.718201024226231E-4
0.005369416868004905
0.012644753981868767
0.0011211723885787889
0.004101828520747732
7.310731471049321E-4
0.0013754836584384722
0.003583789458413446
0.012692183099241458
0.005495307625342096
3.1310043646432477E-4
0.0049502863678784585
0.014753754293058854
6.93583423801052E-4
0.011880537949429865
0.009470786284964472
0.003015845711990441
0.010699853029772376
0.00551056184023636
0.004587389467746346
0.00437840378784128
0.005426185718730347
0.02059326913204985
0.004122075690992489
5.773878367264952E-4
0.0033102820306276
0.003919239572877187
0.013810464966334089
0.014768153031499073
0.004264676469946875
0.007447723194601116
0.03558524579160945
0.006084902400408381
0.012247412130477094
0.0045131165169417075
0.01887746000662884
0.012612335369708476
0.03515029924287627
0.02677434348298527
0.0077023763565743095
0.022833794165867005
7.72456721796071E-4
0.018004486060091376
0.0029332187106100756
0.011818159897311376
0.024031676970142597
0.028469611122934703
0.04425242912463168
0.007904906168793935
0.016175333383497286
0.03816665675119265
0.04784222929272777
0.009729347861925497
0.03062423299038434
0.0075117169918333055
0.0015687259263781866
0.004026312423817547
0.05792041178308404
0.025890252730095972
0.05064510923829234
0.03530711934261369
0.030468012806229888
0.022694686744333198
5.658246807053188E-4
0.14279847883163024
0.09162013678551313
0.0015248777744199722
0.03988397734409175
0.004255918795359195
0.020589993347782453
0.10118171222015904
0.06761050194653948
0.1692809966224584
0.20993957679784236
0.09106329327156804
1.1939382928609788E-6
0.04848425369776522
0.06544744585775826
0.03423588234864126
0.09250482320564542
0.12890661975313894
0.1759577520713958
0.10315917329689675
0.0817584197390717
0.29618558929324984
0.3953120445603083
0.4816851757672518
0.2671779450365091
0.09953576398720992
0.20966168756712109
0.6764463652577937
0.41511727709892465
0.23794857301636105
0.08799058979189771
0.28080984416916543
0.26839723203767857
0.37722542372320605
0.05170157635897668
0.41207903319744044
0.06496115183015115
0.7624634692004864
0.5826304643756335
0.7420620559353132
1.0
0.4209587358628809
0.7877300436143791
0.5713272760133496
0.5908148688284021
0.2858218499246193
0.24430332267363006
0.48686948480170283
0.1460303331180154
0.016759276083480167
0.5712095001654864
0.1873450382946057
0.32608032775342116
0.30861976917673445
0.25205265362835355
0.47929783660096303
0.4456492945681194
0.29211352836685706
0.22902857665763965
0.23986371199341763
0.016902818583047475
0.28494869656305555
0.040166563931597524
0.07159459607059271
0.025425287480083537
0.35994318791281155
0.3239414938629071
0.1609074389960476
0.007521373995325181
0.19621800320949276
0.10862493068195556
0.16908593035872332
0.16181898591399585
0.11438321629248425
0.07767963061793524
0.4455818666407473
0.1466457105036812
0.12007230382872516
0.059883372820173385
0.22071088534083674
0.24443263768167908
0.23012871171881236
0.057284806255967435
0.07885596626525349
0.0417106541920385
0.13614226486867323
0.1368298594576078
0.002814940197729218
0.1753369516676531
0.08206374972715902
0.04972981180789375
0.03057119980682981
0.15384029322655465
0.013426898917490247
0.09186767513273582
0.5277590062159311
0.2452933554245874
0.070904272606595
0.09134270171847539
0.04959580961580261
0.08807470682831835
0.3979308024041554
0.6981985010156452
0.04452806542171701
0.07304517878523206
0.4733083204820083
0.30586878490154007
0.30478428845154587
0.11643257731480683
0.4441553594441014
0.12919614299808857
0.15884652125757417
0.08446466979678577
0.346765334620806
0.5536277630877606
0.27733164686878037
0.17801246423011943
0.4871296291944544
0.022777507168272072
0.1896217754017893
0.41614692684207444
0.3794270847660295
0.8117721076771366
0.22574559204150607
0.41144444071231007
0.0037469138967748936
0.5556808612968605
0.014885603975354595
0.2728839630812211
0.3368514253306235
0.3425937786351587
0.3905862155946107
0.11003687598132715
0.09664980800301763
0.16866033352123042
0.08510926676681126
0.1580941197538006
0.29576359872909275
0.24695221634848638
0.3666332186207901
0.05673939454408243
0.04046105195130169
0.3709338679553095
0.011969407659196142
0.1764655168443858
0.10204430959950736
0.04920424776910269
0.04283167642987652
0.016898122898083495
0.007864826876924235
0.005368888519726942
