-0.3313133023715342
0.07025607225324684
0.04373448059269366
0.10886124319387457
0.08080850179416649
0.05810268482826427
0.07623869316965333
0.025623391375562847
0.04424991770843801
0.14974787453740218
0.1264449561793692
0.06750641695430526
0.0017051080585151442
0.06911710367679884
0.08979519269482572
0.06455044833473902
0.04792048706747484
0.15691637294892372
0.2312743487304203
0.18809871454711957
0.0016262570640604274
0.06056738167285761
0.08069925703680773
0.03287334053409913
0.03704210741240588
0.06529350730424228
0.19812216138519415
0.23795681490588336
0.7457244677189093
0.1261773074125256
0.09903287007456932
0.15362164817412496
0.0032164597994736787
0.039004397316067876
0.078550697164465
0.011041280474939566
0.09771815092800866
0.29341971849110227
0.010316055087370308
0.07316296507396751
0.02528900815795499
0.06300736765830138
0.04654326885670176
0.03217478162178549
0.059469308409948
0.15228408176378574
1.0
0.19306956148782697
0.06426251857274076
0.01371051003950971
0.031027413051255857
0.004129212605008389
0.02442120873132354
0.04214194410794852
0.025229434004530288
0.007788322723204439
0.0317086167726586
0.046487958837074045
0.053399762816195594
0.04513790542486895
0.009829298342185627
0.07739048204381846
0.06748018354692915
0.012472462335044149
0.11287382865694817
0.06164746607817101
0.0767994536130834
0.07585815477002555
0.018522905985908306
0.03547216427887767
0.05928822252172703
0.012520994688443966
0.0749486796121747
0.0998640767082558
0.006196960685228706
0.06668000232262834
0.05697041260351025
0.015074917115822404
0.02182370539243146
0.04657687529847741
0.014410750575784195
0.0017842934220097797
0.01887163377329789
0.18852149343107222
0.002733761015219179
0.03152460223106003
0.03477502289722549
0.03890885245934415
0.0053766107301764015
0.011776018702306178
0.03571494072225714
0.009675776208058576
0.0501398921988142
0.06699071507754564
0.02063618710652697
0.025082645614071194
0.049237084281154406
0.010621613272860028
0.032845689004837954
0.04456276981236954
0.04990991419850876
0.052156341541829306
0.10204878694624606
0.022395441161982298
0.07359845007778557
0.02946314392687128
0.010283913359886538
0.02780110518294779
0.06358383652668212
0.028093422052633404
0.05076784183850043
0.005000782235476313
0.08044830047268768
0.055598613290002145
0.028743384879110045
0.04790440908423677
0.013134057124081533
0.06699545597853003
0.011937289145249462
0.07295448594440726
0.0025196670932248802
0.00785520560307573
0.10782685743023593
0.003555382700924735
0.03990770575490985
0.03610282417237403
0.02821464053139262
0.026066932995568146
0.0337456889157284
0.0025115596066953867
0.0035041847531336445
0.0015418061182349957
0.07464287167312929
0.001417694716339551
0.01652628525232844
0.02939156272048425
0.011628892819234357
0.006412332753011018
0.0399056384138143
0.07103756336025428
0.015462790370475344
0.010857476779646782
0.08432637099645386
0.02245800251417372
0.05950288084217714
0.05280831545081312
0.05044182772131361
0.08052515897727142
0.08694096193679214
0.014366325611857632
0.04820364220569134
0.024611606190539915
0.015512448135137477
0.02188910395844594
0.044599867626937295
0.014442315969444482
0.018018281044467586
0.15611376110323935
0.011714317429756276
0.021717529039616615
0.03356330065281284
0.03510175995688311
0.03853601306570212
0.04195391905758883
0.03407959500803524
0.021301091363157127
0.028571723133673132
0.03417841826625551
0.001043864332424152
0.044716707680020534
0.02187644913987968
0.03828748748886579
0.0015091015136750956
0.07238193838090602
0.07462285637070462
0.11348277328490589
0.0304992657575156
0.02115994428958102
0.08298678691534568
0.01827091620922174
0.022888350680726043
0.0191605424541756
0.04329247126930981
0.03909601940054035
0.021659771270601952
0.03623177197350056
0.06181589449002379
0.005483566627424574
0.053613653909934736
0.0010100939662712766
0.11026092508598617
0.012866113054418581
0.05263312517413097
0.105000034759719
0.1681112036770352
0.02158857094995259
0.01039593379075121
0.07356483806681698
0.027114864174722503
0.00977931080624995
8.570310859122301E-4
0.014012311749607695
0.02441212257906423
0.04172620244324414
0.0012400169777311907
0.0032359301277864174
0.06642618194367994
0.004471818640389178
0.023137510105908293
0.010598772827501404
0.03185028346379743
0.0249715799130465
0.0061355564729923
0.0922261506044141
0.01476895451366182
0.018505105447536575
0.035305355007381224
0.01350730579843497
0.02135459239967928
0.010347013686379717
0.0072790203064480325
0.06370861339986905
0.07483669490356139
0.0027515590453868993
0.012987552850778445
0.0160584378629019
0.02886210226366076
0.020691119810681887
0.03665649503437522
0.008367652521973658
0.0144507117676863
0.038228457965946254
0.019725217515183073
0.001421102455008552
0.02887388501582766
0.05137107641137556
0.04292407048440443
0.007809756332531798
0.0015658606470752335
0.04510818317160331
0.055680161163423524
0.001700633619230543
0.009308832263179677
0.05094633182781341
0.054044042494604594
0.0554450200005472
0.029141307301723866
0.0017773570480265194
0.004721215773848043
0.025384939485962953
0.02452493739320793
0.02866360509210423
0.02515913363924493
0.02214018799036206
0.05160794974671294
0.0199104663029084
0.01851780038952082
0.027520041802143565
0.007924882100254594
0.022770848034724206
0.035614911839525275
0.006463021613549695
0.018130720785752927
0.004725568757590041
0.012721459891329001
0.01177218020050864
0.016907931165164976
0.06822064433675469
0.016714265876576036
0.01277434099217657
0.03784674978122948
0.0050795318358559565
0.0053173163308426
0.01352303889293149
0.004768738856382266
0.013218432150797172
0.012588916159441724
0.015190106983037665
0.014413408757991419
0.00638246437418744
0.037904783531592635
0.019617218667534575
0.010843968722077263
0.0010862905897108936
0.009064438776743644
0.0016247567318059197
0.012201685867020516
0.014143364044271644
0.013555808409008618
0.023673485832779246
0.03995319670078248
0.020347359945916375
0.002214733281715254
0.015200985332191644
0.01618031196561687
0.011438399762995958
0.03672807626929628
1.0090672254014295E-5
0.01572198461033397
0.016730726505482525
0.008242423236042877
0.004382488606350976
0.00794218443445025
0.01370906793020664
0.020054184534249758
0.008103522895447256
0.020806907428530162
0.04449962278910364
0.02548563864396417
0.018555783451841622
0.004519142057206261
0.03856625149942241
0.00927582768532103
0.007318049862355175
0.04423586041676126
0.02243245490367449
0.007193982021556166
0.021532385790411786
0.01941189720522079
0.029137560154112965
0.016993378719268766
0.013724009337560553
0.020065977284747013
0.003681121695652076
0.030968736106290726
0.013816085352709404
0.02334162865535156
0.028914603825112
0.049683964533747814
0.013869134042409942
0.0019717632119491918
0.026070279196271872
0.026527770640546674
0.0021558557180683066
5.884397088981086E-4
0.007991149590423149
0.005433430065692813
0.020632250277089054
0.03340373313695823
2.104817751540715E-4
0.0019015296368100696
0.04328626898848418
0.02075448232578607
0.009337776778196336
0.018610616388006818
0.022155336855203628
0.021814429046113568
0.0034864208002276962
0.043545956693663915
0.010330818031208767
0.015878206765522093
0.0026124218859626637
0.034637953019885946
0.011206754799892306
0.0065023004645784225
0.03861169747877775
0.015035240445167498
0.044629248125521395
0.015310078890441703
0.007538574232453547
0.012241867615453171
0.012829037962680343
0.024176364228186795
0.005319536790255179
0.003997088384457534
0.0656001961434175
0.010496864037365413
0.020075005405748105
4.19262823499734E-4
0.040694499545163666
0.002841112453535196
0.011772334642536658
0.028779722852455142
0.020635172977441656
0.01002296346774162
0.022738308347691468
0.0061911311561693135
0.0351204547609105
0.03678800407644523
0.004264861471305841
0.004593942860330208
0.017495675343137795
0.00716948577249412
0.014205761060807183
0.019242176657108544
0.004039311867150726
0.007970790789818516
0.04032770864360848
0.022170203946128453
0.011338997196931985
0.015207532608094503
0.030390235124870765
0.011021874715206414
0.03662568442200776
0.008189828051261791
0.0016957295979916193
0.030064363476845078
0.03342125461766606
0.038076570800902064
0.00883927532371881
0.02265143959045
0.0032525184622523027
0.02045980430588674
0.05008420739338207
0.03253905365434855
0.010523925342569004
0.002825967666214218
0.0066119894550298675
0.02112720974323478
0.007065922282913148
0.022111319038799593
0.02570182335121159
0.02438558744101538
0.0273971601686012
0.038943124007719127
7.906521753332509E-4
0.004225020171040471
0.025629795094835622
0.012837319944064077
0.0097280293421934
0.019345552530656167
2.4109861126772925E-4
0.0370421719576752
0.03414249449673261
0.032541562160625766
3.379213934634176E-4
0.014455170218748224
0.05616323546120076
0.01166799244334281
0.015252803709602084
0.007954226415454926
0.0025733078969867695
0.005872437333082697
0.011867709043048371
0.007433620555668516
0.03669754855281341
0.006763372127547295
0.023577050762993167
0.026727419173929113
0.0050934026762150765
0.03031867752670776
0.021389708989780626
0.023000959226420353
0.012769516286985833
5.38028278693258E-4
1.0339200469801657E-4
0.0245719086443546
0.04455315847198003
0.0026100156339378985
0.019955690744904785
0.0030603331716290753
0.015303138022822864
0.0026949615399551466
0.011973834204612671
0.013538828475723323
0.01542144127245951
2.0830502015831068E-5
0.03278798397829559
0.017048176086046474
0.024403824247514715
0.03166831903920548
0.029533796118893774
0.02548563864396417
0.029533796118893774
0.03166831903920548
0.024403824247514715
0.017048176086046474
0.03278798397829559
2.0830502015831068E-5
0.01542144127245951
0.013538828475723323
0.011973834204612671
0.0026949615399551466
0.015303138022822864
0.0030603331716290753
0.019955690744904785
0.0026100156339378985
0.04455315847198003
0.0245719086443546
1.0339200469801657E-4
5.38028278693258E-4
0.012769516286985833
0.023000959226420353
0.021389708989780626
0.03031867752670776
0.0050934026762150765
0.026727419173929113
0.023577050762993167
0.006763372127547295
0.03669754855281341
0.007433620555668516
0.011867709043048371
0.005872437333082697
0.0025733078969867695
0.007954226415454926
0.015252803709602084
0.01166799244334281
0.05616323546120076
0.014455170218748224
3.379213934634176E-4
0.032541562160625766
0.03414249449673261
0.0370421719576752
2.4109861126772925E-4
0.019345552530656167
0.0097280293421934
0.012837319944064077
0.025629795094835622
0.004225020171040471
7.906521753332509E-4
0.038943124007719127
0.0273971601686012
0.02438558744101538
0.02570182335121159
0.022111319038799593
0.007065922282913148
0.02112720974323478
0.0066119894550298675
0.002825967666214218
0.010523925342569004
0.03253905365434855
0.05008420739338207
0.02045980430588674
0.0032525184622523027
0.02265143959045
0.00883927532371881
0.038076570800902064
0.03342125461766606
0.030064363476845078
0.0016957295979916193
0.008189828051261791
0.03662568442200776
0.011021874715206414
0.030390235124870765
0.015207532608094503
0.011338997196931985
0.022170203946128453
0.04032770864360848
0.007970790789818516
0.004039311867150726
0.019242176657108544
0.014205761060807183
0.00716948577249412
0.017495675343137795
0.004593942860330208
0.004264861471305841
0.03678800407644523
0.0351204547609105
0.0061911311561693135
0.022738308347691468
0.01002296346774162
0.020635172977441656
0.028779722852455142
0.011772334642536658
0.002841112453535196
0.040694499545163666
4.19262823499734E-4
0.020075005405748105
0.010496864037365413
0.0656001961434175
0.003997088384457534
0.005319536790255179
0.024176364228186795
0.012829037962680343
0.012241867615453171
0.007538574232453547
0.015310078890441703
0.044629248125521395
0.015035240445167498
0.03861169747877775
0.0065023004645784225
0.011206754799892306
0.034637953019885946
0.0026124218859626637
0.015878206765522093
0.010330818031208767
0.043545956693663915
0.0034864208002276962
0.021814429046113568
0.022155336855203628
0.018610616388006818
0.009337776778196336
0.02075448232578607
0.04328626898848418
0.0019015296368100696
2.104817751540715E-4
0.03340373313695823
0.020632250277089054
0.005433430065692813
0.007991149590423149
5.884397088981086E-4
0.0021558557180683066
0.026527770640546674
0.026070279196271872
0.0019717632119491918
0.013869134042409942
0.049683964533747814
0.028914603825112
0.02334162865535156
0.013816085352709404
0.030968736106290726
0.003681121695652076
0.020065977284747013
0.013724009337560553
0.016993378719268766
0.029137560154112965
0.01941189720522079
0.021532385790411786
0.007193982021556166
0.02243245490367449
0.04423586041676126
0.007318049862355175
0.00927582768532103
0.03856625149942241
0.004519142057206261
0.018555783451841622
0.02548563864396417
0.04449962278910364
0.020806907428530162
0.008103522895447256
0.020054184534249758
0.01370906793020664
0.00794218443445025
0.004382488606350976
0.008242423236042877
0.016730726505482525
0.01572198461033397
1.0090672254014295E-5
0.03672807626929628
0.011438399762995958
0.01618031196561687
0.015200985332191644
0.002214733281715254
0.020347359945916375
0.03995319670078248
0.023673485832779246
0.013555808409008618
0.014143364044271644
0.012201685867020516
0.0016247567318059197
0.009064438776743644
0.0010862905897108936
0.010843968722077263
0.019617218667534575
0.037904783531592635
0.00638246437418744
0.014413408757991419
0.015190106983037665
0.012588916159441724
0.013218432150797172
0.004768738856382266
0.01352303889293149
0.0053173163308426
0.0050795318358559565
0.03784674978122948
0.01277434099217657
0.016714265876576036
0.06822064433675469
0.016907931165164976
0.01177218020050864
0.012721459891329001
0.004725568757590041
0.018130720785752927
0.006463021613549695
0.035614911839525275
0.022770848034724206
0.007924882100254594
0.027520041802143565
0.01851780038952082
0.0199104663029084
0.05160794974671294
0.02214018799036206
0.02515913363924493
0.02866360509210423
0.02452493739320793
0.025384939485962953
0.004721215773848043
0.0017773570480265194
0.029141307301723866
0.0554450200005472
0.054044042494604594
0.05094633182781341
0.009308832263179677
0.001700633619230543
0.055680161163423524
0.04510818317160331
0.0015658606470752335
0.007809756332531798
0.04292407048440443
0.05137107641137556
0.02887388501582766
0.001421102455008552
0.019725217515183073
0.038228457965946254
0.0144507117676863
0.008367652521973658
0.03665649503437522
0.020691119810681887
0.02886210226366076
0.0160584378629019
0.012987552850778445
0.0027515590453868993
0.07483669490356139
0.06370861339986905
0.0072790203064480325
0.010347013686379717
0.02135459239967928
0.01350730579843497
0.035305355007381224
0.018505105447536575
0.01476895451366182
0.0922261506044141
0.0061355564729923
0.0249715799130465
0.03185028346379743
0.010598772827501404
0.023137510105908293
0.004471818640389178
0.06642618194367994
0.0032359301277864174
0.0012400169777311907
0.04172620244324414
0.02441212257906423
0.014012311749607695
8.570310859122301E-4
0.00977931080624995
0.027114864174722503
0.07356483806681698
0.01039593379075121
0.02158857094995259
0.1681112036770352
0.105000034759719
0.05263312517413097
0.012866113054418581
0.11026092508598617
0.0010100939662712766
0.053613653909934736
0.005483566627424574
0.06181589449002379
0.03623177197350056
0.021659771270601952
0.03909601940054035
0.04329247126930981
0.0191605424541756
0.022888350680726043
0.01827091620922174
0.08298678691534568
0.02115994428958102
0.0304992657575156
0.11348277328490589
0.07462285637070462
0.07238193838090602
0.0015091015136750956
0.03828748748886579
0.02187644913987968
0.044716707680020534
0.001043864332424152
0.03417841826625551
0.028571723133673132
0.021301091363157127
0.03407959500803524
0.04195391905758883
0.03853601306570212
0.03510175995688311
0.03356330065281284
0.021717529039616615
0.011714317429756276
0.15611376110323935
0.018018281044467586
0.014442315969444482
0.044599867626937295
0.02188910395844594
0.015512448135137477
0.024611606190539915
0.04820364220569134
0.014366325611857632
0.08694096193679214
0.08052515897727142
0.05044182772131361
0.05280831545081312
0.05950288084217714
0.02245800251417372
0.08432637099645386
0.010857476779646782
0.015462790370475344
0.07103756336025428
0.0399056384138143
0.006412332753011018
0.011628892819234357
0.02939156272048425
0.01652628525232844
0.001417694716339551
0.07464287167312929
0.0015418061182349957
0.0035041847531336445
0.0025115596066953867
0.0337456889157284
0.026066932995568146
0.02821464053139262
0.03610282417237403
0.03990770575490985
0.003555382700924735
0.10782685743023593
0.00785520560307573
0.0025196670932248802
0.07295448594440726
0.011937289145249462
0.06699545597853003
0.013134057124081533
0.04790440908423677
0.028743384879110045
0.055598613290002145
0.08044830047268768
0.005000782235476313
0.05076784183850043
0.028093422052633404
0.06358383652668212
0.02780110518294779
0.010283913359886538
0.02946314392687128
0.07359845007778557
0.022395441161982298
0.10204878694624606
0.052156341541829306
0.04990991419850876
0.04456276981236954
0.032845689004837954
0.010621613272860028
0.049237084281154406
0.025082645614071194
0.02063618710652697
0.06699071507754564
0.0501398921988142
0.009675776208058576
0.03571494072225714
0.011776018702306178
0.0053766107301764015
0.03890885245934415
0.03477502289722549
0.03152460223106003
0.002733761015219179
0.18852149343107222
0.01887163377329789
0.0017842934220097797
0.014410750575784195
0.04657687529847741
0.02182370539243146
0.015074917115822404
0.05697041260351025
0.06668000232262834
0.006196960685228706
0.0998640767082558
0.0749486796121747
0.012520994688443966
0.05928822252172703
0.03547216427887767
0.018522905985908306
0.07585815477002555
0.0767994536130834
0.06164746607817101
0.11287382865694817
0.012472462335044149
0.06748018354692915
0.07739048204381846
0.009829298342185627
0.04513790542486895
0.053399762816195594
0.046487958837074045
0.0317086167726586
0.007788322723204439
0.025229434004530288
0.04214194410794852
0.02442120873132354
0.004129212605008389
0.031027413051255857
0.01371051003950971
0.06426251857274076
0.19306956148782697
1.0
0.15228408176378574
0.059469308409948
0.03217478162178549
0.04654326885670176
0.06300736765830138
0.02528900815795499
0.07316296507396751
0.010316055087370308
0.29341971849110227
0.09771815092800866
0.011041280474939566
0.078550697164465
0.039004397316067876
0.0032164597994736787
0.15362164817412496
0.09903287007456932
0.1261773074125256
0.7457244677189093
0.23795681490588336
0.19812216138519415
0.06529350730424228
0.03704210741240588
0.03287334053409913
0.08069925703680773
0.06056738167285761
0.0016262570640604274
0.18809871454711957
0.2312743487304203
0.15691637294892372
0.04792048706747484
0.06455044833473902
0.08979519269482572
0.06911710367679884
0.0017051080585151442
0.06750641695430526
0.1264449561793692
0.14974787453740218
0.04424991770843801
0.025623391375562847
0.07623869316965333
0.05810268482826427
0.08080850179416649
0.10886124319387457
0.04373448059269366
0.07025607225324684
