-0.4004896420300688
0.06618277255356221
0.07033729479571343
0.03532860285525106
0.045332773911362284
0.008978042309463153
0.0118680814638476
0.029220928799742318
0.10083823719573756
0.1485974963781168
0.03956930846945494
0.00718356335296211
0.0922197019143097
0.022682871187665047
0.006853630703365135
0.08835955028755017
0.13338685305649498
0.2512107090374941
1.0
0.5480755719435442
0.3011452834903857
0.09344717276548273
0.12354604807519351
0.03596059419764052
0.038994214334022094
0.15121682437223374
0.225358633865212
0.33421773242720837
0.32651999016659505
0.05130307843322509
0.1146503319397952
0.10126810460350606
0.1250884680068315
0.06584946001891663
0.13039587188582963
0.07084291895398828
0.16350319980811076
0.38855543646304685
0.10070434436566288
0.03518737711583868
0.05380555831700953
0.058477093510884676
0.0119420302747923
0.011150208854161429
0.06965919706159232
0.11253981997500544
0.3475070236779933
0.1071994817266595
0.07298363745451132
0.024919163489587837
0.002753000771049788
0.062174422597600185
0.026150190812714524
0.03591193923252556
0.08206851520776516
0.21714708959528223
0.04080852445799172
0.10508970418474539
0.04771346196633297
0.03239454197908335
0.0393734869052858
0.030304445795950593
0.040280690380072905
0.010620634944104888
0.19127139404953936
0.07492513971636541
0.03445572942601309
0.06188213183137204
0.043754249574372135
0.011840330456264944
0.02093415121038021
0.0029431131662594444
0.005587160831357299
0.05303031042368303
0.0018932131677335585
0.054075962565807684
0.054211441881074844
0.0037782041700949905
0.05686688119693317
0.019673811985080825
0.05179805229810458
0.0033020820682485292
0.008830691011223345
0.023356851482117087
0.02817563580973771
0.022526803486748244
2.3553567127090742E-4
7.843606702686971E-4
0.02704907475925364
0.0064011260120209485
0.029757184895085696
0.0071068318165506995
0.006628264196324743
0.055976688479371026
0.0021743907831527306
0.03611334731989258
0.010333769911984736
0.009371036412882979
0.02682328681822213
0.0051990015688408294
0.055360574088563715
0.06819139846180619
0.021702677786623457
0.04788495072216324
0.009853513636742608
0.024149445493217844
0.056350176377708394
0.01933914112431743
0.05385235952909366
0.018117177154051096
0.16214679413553806
0.020146337705175085
0.024553165254446077
0.03751065955366758
0.0038893294563831894
0.011016497019084283
0.005423368997445246
0.03083881737581967
0.024816485184725286
0.0542121777615803
0.016543038358924934
0.00816911418155276
0.08419768757557453
0.051872007654341946
0.0010395284567360466
0.022892917399845093
0.009358077695953999
0.009975797137578162
0.011936752965694374
0.02298584124556312
0.0586822598143582
0.06211474355437757
0.04970771910724616
0.06664031679388666
0.021854146276149632
0.026459307466856295
0.0038054041552915857
0.10172981612203703
0.07696208518212758
0.046019573420596024
0.012499768068351947
0.00989568977488473
0.034381942428746315
0.029498608215600255
0.015475867424003163
0.016075302640625035
0.012795651126696027
0.08382537285999139
0.025054055461208626
0.05135167998713884
0.07115502677694306
0.00790124171312526
0.00991087494704735
0.0586200337780222
0.018891020850474942
0.0024443683685701394
0.06379574248782444
0.004898758215988213
0.046382334622946636
0.03319490873894855
0.03516829928450867
0.07308857621231239
0.010920464091938677
0.009669179334746461
0.058627759328139434
0.11400685420067336
0.0638624312997774
0.022741697646718382
0.006784728191582608
0.030035798070659987
0.01884280744403294
0.023346406050166
0.00740713880142474
0.0032709245617538246
0.04436347325362683
0.07954047430614877
0.03750514593386007
0.06458870403854766
0.0077788591005345355
7.818809042274532E-4
0.03317551628829793
0.007302326502710576
0.06863169739748813
0.07430764478303041
0.06580151491907728
0.08461039965722557
0.03227484708254587
0.01765741651468926
0.05981071636729105
0.006257538413790051
0.0022261526589851016
0.044797404936612384
0.02829369253545116
0.23530789923364073
0.07476909610454859
0.0789012550900948
0.06825933254266991
0.07398097553796623
0.02160818645374426
0.050781905926088236
0.07226904007802525
0.02943335916320882
0.13054078608672987
0.03523270719320325
0.04683539840559239
0.011418927141975413
0.013611042871324287
0.04875194293431856
0.026478128432384687
0.05201249060865586
0.0502326855662762
0.01435018219857027
0.026547514579352477
0.021605226872847317
0.004272923569319724
0.02957207068517737
0.0227821489979271
0.001960548834958167
0.00517201599613159
0.016552364573749728
0.051815044908704186
0.006439487042982849
0.009145442755326125
0.05726486961589885
0.017637405180033174
0.022420570508697783
0.015858402310081184
0.05223817874436017
0.007581955449283877
0.03417676895947095
0.019915813305469904
0.05289485838132984
0.02228104089929028
0.05494258887954573
0.018676829221168572
0.020171709579414436
0.022854135835861836
0.009322534103978325
0.05092246928241095
0.025727817391924215
0.0018127590734022378
0.04429843799885121
0.01842043173590896
0.03438683737479434
0.04486734546018866
0.0440442257883282
0.02071028359241375
0.024001608166779688
0.06138464457603093
0.021351525494434323
0.019890201689046472
0.016524354335701395
9.612839699894933E-4
0.03030683741889109
0.0033373118401452562
0.054406834592894894
0.02399662284112682
0.0642945194726859
0.055635729290551675
0.012789953364944798
0.05967942808600141
0.02565911117536708
0.021989576788223705
0.0066115243560186
0.06162614628442789
0.02542037210421681
0.016848424590320408
0.020461683503826725
0.028720830037741066
0.013241042996305312
0.026942654791770704
0.02966440188241867
0.026970430598556968
0.01192708653889142
0.006804029305662511
0.0026027504682211034
0.02187752647326809
0.021379769496509545
0.035083503312433935
0.034796943506743755
0.04186794759518803
0.0055700078407708575
0.02294251029164052
0.02863582150243509
0.011982858703782589
0.0068357699498000635
0.05686648377929438
0.02146896730631378
0.04371593601611747
0.02971949410956973
0.004256387763450436
0.013593516596624196
0.018698950936550263
7.709105627901131E-4
0.018414482533473647
0.008982566007574098
0.01380089832582085
0.01931905064191242
0.012737767590565314
0.0024079796116121288
0.0068904457915374305
0.03650943817504207
0.015912304311679077
0.03181595313629594
0.014453229493096735
0.011459517963079051
0.015361111823470554
0.032518469426261076
0.0037782041700949896
0.009987125986492845
0.041906838697317726
0.032092578460511896
0.027678607197056247
2.937152810868361E-4
0.0432798297076264
0.06269145055092147
7.52688229256372E-5
0.02061190209017672
0.05126398111713776
0.01258012535379467
0.011908004983587768
9.303340029373861E-5
0.01501366424565689
0.002207213050606054
0.02802987705636621
0.017829107125249273
0.021575156867264633
0.001539390753775303
0.04647889026820113
0.06808927828018606
0.033394690859187406
0.00951904562790992
0.02254228884315142
0.01988100358885202
9.385292125500734E-4
0.01851051923339075
0.01200075464866836
0.007305096209140483
0.02744290790107676
0.02891787349726386
0.0392626728232303
0.030848742115545502
0.004845465067420047
0.003959550478392346
0.024494610916308644
0.010699413296131015
0.03151243969737593
0.006283828572823236
0.03277773305874059
0.014537544204436934
0.002573962837331816
0.06516294070252494
0.03850042433213866
0.01645743270919338
0.017399124473628548
0.02910766981270265
0.017383208102317874
0.010966097779961168
0.02307380828910209
0.015670485437630083
0.006877291380730161
0.031136545376503996
0.004064520751125555
0.02304929854303943
0.009875608889599211
0.07021051529056173
0.009338832664830444
0.0037408928738392137
0.004445970777819179
0.029559407485377626
0.036295104671932345
0.010413538589648138
0.046857288015883486
0.050497229199924526
0.01054226361358578
0.0031359878605785856
0.013739954446245503
0.02670845108598966
0.013279072051083201
0.0019330133160293996
0.019859914858991363
0.027473480637650684
0.010435564437291059
0.029672951094941873
7.472119748642029E-4
0.003778204170094987
0.009291816886177516
7.45022251683625E-4
0.05210196295698253
0.03156225310091419
0.0013423382636117349
0.029711608275456127
0.015963619267027034
0.03935686809810911
0.023789575528722025
0.05653754183855623
0.025863614523768164
0.00830097316870046
0.0019399061560391824
0.007512827574926922
0.0014583693102765613
0.04843228709155247
7.646458238205054E-4
0.002125394186340863
0.008635642360319742
0.012830300339612922
0.0014161652017485357
0.00537739173119368
0.007866041787142565
0.008383771978795364
0.03204572519918017
0.01987747027238249
0.01000470587408513
0.00910153484194417
1.7194446293441348E-4
1.2142179324762019E-4
0.08311294913714695
0.0013073808987548365
0.03268150136863085
0.010724899257762838
3.4910870595811347E-4
0.023769329628248462
0.009916631949936647
0.04089725630872343
0.010131078270655717
0.037241273538365496
0.019200124628583722
0.010346520801336273
0.01410267942374996
0.010988046565645773
0.014264272073939181
0.0016318432329309315
0.021488846129499573
0.012685069953122494
0.006204613693398598
0.0039117739520369565
0.03574870441193412
0.010664315754420959
0.006083160260198987
0.006485663462752207
0.017865805410864515
0.0034941704942291975
0.018723885145147848
0.03050877787357233
0.006463226315084264
0.030725940308346095
0.010396049468903018
0.01854903866939498
0.04417743673808021
0.025854148881899228
0.019831984835444277
0.02253664677088252
0.011849364815380561
0.0011863787824243502
0.006944348748603981
0.009352289221847387
0.029357893570351064
0.036778666839792376
0.010412472559957368
0.006114375153478944
0.021623351610055467
0.048713935835303285
0.0075564083401899775
0.048713935835303285
0.021623351610055467
0.006114375153478944
0.010412472559957368
0.036778666839792376
0.029357893570351064
0.009352289221847387
0.006944348748603981
0.0011863787824243502
0.011849364815380561
0.02253664677088252
0.019831984835444277
0.025854148881899228
0.04417743673808021
0.01854903866939498
0.010396049468903018
0.030725940308346095
0.006463226315084264
0.03050877787357233
0.018723885145147848
0.0034941704942291975
0.017865805410864515
0.006485663462752207
0.006083160260198987
0.010664315754420959
0.03574870441193412
0.0039117739520369565
0.006204613693398598
0.012685069953122494
0.021488846129499573
0.0016318432329309315
0.014264272073939181
0.010988046565645773
0.01410267942374996
0.010346520801336273
0.019200124628583722
0.037241273538365496
0.010131078270655717
0.04089725630872343
0.009916631949936647
0.023769329628248462
3.4910870595811347E-4
0.010724899257762838
0.03268150136863085
0.0013073808987548365
0.08311294913714695
1.2142179324762019E-4
1.7194446293441348E-4
0.00910153484194417
0.01000470587408513
0.01987747027238249
0.03204572519918017
0.008383771978795364
0.007866041787142565
0.00537739173119368
0.0014161652017485357
0.012830300339612922
0.008635642360319742
0.002125394186340863
7.646458238205054E-4
0.04843228709155247
0.0014583693102765613
0.007512827574926922
0.0019399061560391824
0.00830097316870046
0.025863614523768164
0.05653754183855623
0.023789575528722025
0.03935686809810911
0.015963619267027034
0.029711608275456127
0.0013423382636117349
0.03156225310091419
0.05210196295698253
7.45022251683625E-4
0.009291816886177516
0.003778204170094987
7.472119748642029E-4
0.029672951094941873
0.010435564437291059
0.027473480637650684
0.019859914858991363
0.0019330133160293996
0.013279072051083201
0.02670845108598966
0.013739954446245503
0.0031359878605785856
0.01054226361358578
0.050497229199924526
0.046857288015883486
0.010413538589648138
0.036295104671932345
0.029559407485377626
0.004445970777819179
0.0037408928738392137
0.009338832664830444
0.07021051529056173
0.009875608889599211
0.02304929854303943
0.004064520751125555
0.031136545376503996
0.006877291380730161
0.015670485437630083
0.02307380828910209
0.010966097779961168
0.017383208102317874
0.02910766981270265
0.017399124473628548
0.01645743270919338
0.03850042433213866
0.06516294070252494
0.002573962837331816
0.014537544204436934
0.03277773305874059
0.006283828572823236
0.03151243969737593
0.010699413296131015
0.024494610916308644
0.003959550478392346
0.004845465067420047
0.030848742115545502
0.0392626728232303
0.02891787349726386
0.02744290790107676
0.007305096209140483
0.01200075464866836
0.01851051923339075
9.385292125500734E-4
0.01988100358885202
0.02254228884315142
0.00951904562790992
0.033394690859187406
0.06808927828018606
0.04647889026820113
0.001539390753775303
0.021575156867264633
0.017829107125249273
0.02802987705636621
0.002207213050606054
0.01501366424565689
9.303340029373861E-5
0.011908004983587768
0.01258012535379467
0.05126398111713776
0.02061190209017672
7.52688229256372E-5
0.06269145055092147
0.0432798297076264
2.937152810868361E-4
0.027678607197056247
0.032092578460511896
0.041906838697317726
0.009987125986492845
0.0037782041700949896
0.032518469426261076
0.015361111823470554
0.011459517963079051
0.014453229493096735
0.03181595313629594
0.015912304311679077
0.03650943817504207
0.0068904457915374305
0.0024079796116121288
0.012737767590565314
0.01931905064191242
0.01380089832582085
0.008982566007574098
0.018414482533473647
7.709105627901131E-4
0.018698950936550263
0.013593516596624196
0.004256387763450436
0.02971949410956973
0.04371593601611747
0.02146896730631378
0.05686648377929438
0.0068357699498000635
0.011982858703782589
0.02863582150243509
0.02294251029164052
0.0055700078407708575
0.04186794759518803
0.034796943506743755
0.035083503312433935
0.021379769496509545
0.02187752647326809
0.0026027504682211034
0.006804029305662511
0.01192708653889142
0.026970430598556968
0.02966440188241867
0.026942654791770704
0.013241042996305312
0.028720830037741066
0.020461683503826725
0.016848424590320408
0.02542037210421681
0.06162614628442789
0.0066115243560186
0.021989576788223705
0.02565911117536708
0.05967942808600141
0.012789953364944798
0.055635729290551675
0.0642945194726859
0.02399662284112682
0.054406834592894894
0.0033373118401452562
0.03030683741889109
9.612839699894933E-4
0.016524354335701395
0.019890201689046472
0.021351525494434323
0.06138464457603093
0.024001608166779688
0.02071028359241375
0.0440442257883282
0.04486734546018866
0.03438683737479434
0.01842043173590896
0.04429843799885121
0.0018127590734022378
0.025727817391924215
0.05092246928241095
0.009322534103978325
0.022854135835861836
0.020171709579414436
0.018676829221168572
0.05494258887954573
0.02228104089929028
0.05289485838132984
0.019915813305469904
0.03417676895947095
0.007581955449283877
0.05223817874436017
0.015858402310081184
0.022420570508697783
0.017637405180033174
0.05726486961589885
0.009145442755326125
0.006439487042982849
0.051815044908704186
0.016552364573749728
0.00517201599613159
0.001960548834958167
0.0227821489979271
0.02957207068517737
0.004272923569319724
0.021605226872847317
0.026547514579352477
0.01435018219857027
0.0502326855662762
0.05201249060865586
0.026478128432384687
0.04875194293431856
0.013611042871324287
0.011418927141975413
0.04683539840559239
0.03523270719320325
0.13054078608672987
0.02943335916320882
0.07226904007802525
0.050781905926088236
0.02160818645374426
0.07398097553796623
0.06825933254266991
0.0789012550900948
0.07476909610454859
0.23530789923364073
0.02829369253545116
0.044797404936612384
0.0022261526589851016
0.006257538413790051
0.05981071636729105
0.01765741651468926
0.03227484708254587
0.08461039965722557
0.06580151491907728
0.07430764478303041
0.06863169739748813
0.007302326502710576
0.03317551628829793
7.818809042274532E-4
0.0077788591005345355
0.06458870403854766
0.03750514593386007
0.07954047430614877
0.04436347325362683
0.0032709245617538246
0.00740713880142474
0.023346406050166
0.01884280744403294
0.030035798070659987
0.006784728191582608
0.022741697646718382
0.0638624312997774
0.11400685420067336
0.058627759328139434
0.009669179334746461
0.010920464091938677
0.07308857621231239
0.03516829928450867
0.03319490873894855
0.046382334622946636
0.004898758215988213
0.06379574248782444
0.0024443683685701394
0.018891020850474942
0.0586200337780222
0.00991087494704735
0.00790124171312526
0.07115502677694306
0.05135167998713884
0.025054055461208626
0.08382537285999139
0.012795651126696027
0.016075302640625035
0.015475867424003163
0.029498608215600255
0.034381942428746315
0.00989568977488473
0.012499768068351947
0.046019573420596024
0.07696208518212758
0.10172981612203703
0.0038054041552915857
0.026459307466856295
0.021854146276149632
0.06664031679388666
0.04970771910724616
0.06211474355437757
0.0586822598143582
0.02298584124556312
0.011936752965694374
0.009975797137578162
0.009358077695953999
0.022892917399845093
0.0010395284567360466
0.051872007654341946
0.08419768757557453
0.00816911418155276
0.016543038358924934
0.0542121777615803
0.024816485184725286
0.03083881737581967
0.005423368997445246
0.011016497019084283
0.0038893294563831894
0.03751065955366758
0.024553165254446077
0.020146337705175085
0.16214679413553806
0.018117177154051096
0.05385235952909366
0.01933914112431743
0.056350176377708394
0.024149445493217844
0.009853513636742608
0.04788495072216324
0.021702677786623457
0.06819139846180619
0.055360574088563715
0.0051990015688408294
0.02682328681822213
0.009371036412882979
0.010333769911984736
0.03611334731989258
0.0021743907831527306
0.055976688479371026
0.006628264196324743
0.0071068318165506995
0.029757184895085696
0.0064011260120209485
0.02704907475925364
7.843606702686971E-4
2.3553567127090742E-4
0.022526803486748244
0.02817563580973771
0.023356851482117087
0.008830691011223345
0.0033020820682485292
0.05179805229810458
0.019673811985080825
0.05686688119693317
0.0037782041700949905
0.054211441881074844
0.054075962565807684
0.0018932131677335585
0.05303031042368303
0.005587160831357299
0.0029431131662594444
0.02093415121038021
0.011840330456264944
0.043754249574372135
0.06188213183137204
0.03445572942601309
0.07492513971636541
0.19127139404953936
0.010620634944104888
0.040280690380072905
0.030304445795950593
0.0393734869052858
0.03239454197908335
0.04771346196633297
0.10508970418474539
0.04080852445799172
0.21714708959528223
0.08206851520776516
0.03591193923252556
0.026150190812714524
0.062174422597600185
0.002753000771049788
0.024919163489587837
0.07298363745451132
0.1071994817266595
0.3475070236779933
0.11253981997500544
0.06965919706159232
0.011150208854161429
0.0119420302747923
0.058477093510884676
0.05380555831700953
0.03518737711583868
0.10070434436566288
0.38855543646304685
0.16350319980811076
0.07084291895398828
0.13039587188582963
0.06584946001891663
0.1250884680068315
0.10126810460350606
0.1146503319397952
0.05130307843322509
0.32651999016659505
0.33421773242720837
0.225358633865212
0.15121682437223374
0.038994214334022094
0.03596059419764052
0.12354604807519351
0.09344717276548273
0.3011452834903857
0.5480755719435442
1.0
0.2512107090374941
0.13338685305649498
0.08835955028755017
0.006853630703365135
0.022682871187665047
0.0922197019143097
0.00718356335296211
0.03956930846945494
0.1485974963781168
0.10083823719573756
0.029220928799742318
0.0118680814638476
0.008978042309463153
0.045332773911362284
0.03532860285525106
0.07033729479571343
0.06618277255356221
