-0.08020743235696501
0.07087214445617225
0.07580331398656448
0.056450691656149854
0.039464711408331125
0.013996257421438988
0.09763073146561138
0.14030945332574737
0.08357622297230229
0.26529393659509987
0.008754592005476985
0.03803486982282949
0.06959318410081002
0.18812360779553663
0.06282520301399498
0.23125737917849837
0.10458995135917297
0.303875482749353
1.0
0.2908422481606101
0.19026821916692263
0.06773586597524031
0.11160255091791296
0.05841382186605383
0.009129148952845998
0.016098864907215776
0.15389796611753442
0.23663127309361906
0.44133551270418325
0.19668079817452058
0.00488618870671252
0.008904325766222857
0.03191888434404433
0.11691878879670069
0.07207620568218803
0.05458541442720642
0.04815290138760223
0.07298367809253124
0.01232368869374987
0.030811899722178203
0.023749423148541664
0.04004745144307461
0.04806811734648272
0.009160863620758278
0.02388505663623672
0.1307036790364183
0.49886693895194645
0.015875470105340468
0.08596307497690563
0.03705714538349006
0.05514932811463535
0.0353339325009159
0.02876169916964081
0.013950872010431749
0.03995848765979951
0.24574202388681407
0.07686680765550143
0.04100957863476865
0.04289567965833099
0.034475342039747864
0.034513596479537036
0.055131649880113
0.005997208957611144
0.023588012662197393
0.14216570773096907
0.07999884429328943
0.014118787952742183
0.006825572757552817
0.01795855321329197
0.020454050302169836
0.025114582266060385
0.019221778702050957
0.03487520057872988
6.154446354753553E-4
0.03460897341940638
0.06657170542694008
0.015076600192207693
0.15331489873028073
0.010761785580630004
0.07981973567900214
0.04301022958245583
0.08179090333383834
0.23567481736460413
0.24427580535627275
0.10031786840468003
0.01623281004311086
0.02557065331823041
0.027895335300317597
0.01627977472685324
0.057881708117927616
0.012664557556494179
0.012632151177445325
0.05434910460493329
0.062112705232635
0.008223903617853861
0.019437676182755926
0.008898108015211209
0.012595696570889148
0.0282771297852006
0.005860588313864939
0.05351970808955347
0.04048876696517758
0.017905520664001764
0.040428686941547595
0.022554461663911417
0.050708044928059484
0.042463108335506566
3.4320604182870514E-4
0.04410212323262179
0.052002239498888374
0.049977528775119066
0.07121599534813133
0.05264433814510205
0.003817984425413273
0.056797312570700594
0.009014505463163146
0.011596532488101894
0.03346739616988339
0.05024954152574154
0.03821394405970278
0.052548855703033095
0.028835123920765374
0.05356705533262451
0.01561873582318591
0.05755180621410695
0.004113751518853931
0.03218337092759615
0.017654815203491554
0.07032040440387205
0.06333291195389079
0.07473221757151181
6.374659631623897E-4
0.04987422059517246
0.0306273179862327
0.02192262196563994
0.039571730305846854
0.013410649976267416
0.03547554861953513
0.0937367402497076
0.039387871357273146
1.0939100794426283E-4
0.021026626962306144
0.027035579172758884
0.017949017360642364
0.028625169276112965
0.03916996379165669
0.12601230228950364
0.007135344868440226
0.009405759225777344
0.019943584002063662
0.032236326133356495
0.04108979901487819
0.0808131522032919
0.03716844535806635
0.014583169519448182
0.07298755294176364
0.01903586355637205
0.0011761346029551393
0.0511078144027066
0.013205334213893775
0.03498218941132163
0.028070691393205064
0.06456206390865522
0.032599013986631925
0.018669123453319565
0.13468311020026905
0.01659353652489529
0.0757290216308447
0.02176491319414443
0.030427473611347244
0.032768898516595084
0.05215146986773893
0.034339473299685376
0.06935901991782353
0.1998820827255763
0.030923572674090506
0.07400585682013096
0.020201833743283538
0.01873685485067282
0.012865448285394094
0.02040449210608225
0.0157755210802289
0.06434410220068053
0.018155006811553978
0.006929457791576039
0.025794153573546634
0.03056618659198376
0.04535060138487204
0.011404011532490436
0.021461249625849346
0.020659169108786554
0.004394197500806302
0.09174655578475442
0.001458101310055562
0.09804029084680524
0.02454442753398869
0.025431076281728113
0.022562663207232707
0.012837222454527257
0.06399744712035353
0.06618673685654794
0.13547771571854997
0.034897705002755935
0.05495317784776487
0.020959138054926777
0.01156028129265352
0.0027668858738342512
0.016368295504053016
0.005579163245645233
0.012988129843419492
0.009156947834190297
0.0840623318248951
0.028629595166664454
0.06084291633556475
0.013315780274469374
0.032373971584389864
0.02434231258146364
0.03501744204016496
0.007995682334231067
0.0021946189759154333
0.08390985161578314
0.06250707577811841
8.977715925790341E-4
0.03660197463675836
0.004571373741033852
0.005846564027627988
0.06238580512284881
0.012538512104620408
0.018639928416005713
0.029331649411498358
0.04074387127312962
0.014583169519448182
0.024988619717070948
0.016313618499431293
0.0019118068960647346
0.026773900626731913
0.030970236287734175
0.025871286900882407
0.008790720020820594
0.023450510348537654
0.05542507440145444
0.011464052926560948
0.003318955541454498
0.035329661319126314
0.02610842287482395
0.029746680451963076
0.024349658507543094
0.018162845270955585
0.0073915014498100815
0.0015038678065503533
0.046962003975414675
0.0013364823370754903
0.01801373238995123
0.013677289092472289
0.010578686642213278
0.01632182599471926
0.026133913731393715
0.05833531655673374
0.028607915385570313
0.009926571923333157
0.035556917662902664
0.026545868543440165
0.013200239484367424
0.010089636291301033
0.0239773862714403
0.0053360701210494734
0.02005859657165946
0.06804186555148717
0.012588946124411656
0.061111411547748115
0.04516456606209525
0.013567243110028255
0.01430018600796916
0.03786406641487051
0.07466412542032042
0.016535528311106468
0.0538088179130921
0.023132897650918298
0.022682996661989772
0.003518627211534309
0.012640323158147134
0.011796198812923214
0.026818134158885586
0.06765375411022216
0.015730421130010528
0.019156524066285995
0.01246151084579024
0.012444780607716616
0.010660947021131944
0.03389660631748377
0.008262916207854182
0.06852362080130972
0.02003775631794096
0.07550619440609285
0.016976309469549648
0.019507029610259356
0.017562516386770033
0.0011273643866477545
0.03800455983804625
0.03582248606499634
0.05316465820761551
0.05406400498064218
0.001812394343541839
0.014503882585096916
0.006377782028690701
0.026334568800451978
0.011566960321998098
0.03477077609042709
0.007291584759724093
0.013912056075090199
0.048749004274355134
0.05163351475016781
0.006049833290772336
0.015360615022472723
0.042012571003775756
0.014808976387315546
0.01741320231898299
0.017884863518677418
0.05152240066673292
0.0076966602679855705
0.058338802462077365
0.02657748481474946
0.005762229367394465
0.03517610965672939
0.01487015064908056
0.027553119373017503
0.052645368663765235
0.03859704859154101
0.014409462486735638
0.039992342114992474
0.04518497230657969
0.01502425408373193
0.011927075207275482
0.027947424178376312
0.015966288741210873
0.020702245955386465
0.004655582474346852
0.027601178198089948
0.024318411027524574
0.021894038659348965
0.003377883987147957
0.015341120772606428
0.020638299531716073
0.017308669268874335
0.017176385294088676
0.009256132313565044
0.030319481825928387
0.006977846931452122
0.045392727430409736
0.014268397812885546
0.026764001681563985
0.001310793987338332
0.040711470467356015
0.014756978329830089
0.02162289602187687
0.002998738051780295
0.015588297864376703
0.06660775834718508
0.008929598897331054
0.0013900840756923844
0.03453342984807626
0.006319344055856053
0.005406276520504305
0.03540106035780191
0.008487934604498098
0.01827306417927694
0.054802829754043124
0.020299627556570592
0.0035633045167056264
0.0064908998818540495
0.014058730242108323
0.004383456729168281
0.01651471756640436
0.009574876194166047
0.037626317834258724
0.009332364784677636
0.03292108614811583
0.03687356418958028
0.0018293537750735678
0.01172760523573813
0.030705967137835508
0.04205600824591951
0.03281080973263981
0.022773391933249853
0.022918529746248695
0.014391550743373373
0.01545201507862948
0.0015739241993043965
0.017384626524224237
0.008922961350570057
0.0216743057833184
0.005019917265769311
0.023914492246165573
0.006022336565724103
0.06581510791331802
0.016153407251852856
0.011873136408957947
0.022254224355612785
0.02686999698923704
0.01883166676247264
0.007210384979362268
0.0027184206346678843
0.01239104073216395
0.021247802848591985
0.00999372654335546
0.017353747298191627
0.028179979878103917
8.822842714710722E-4
0.010718816974713838
0.006302924695621197
0.025519066597609528
0.021865540541487566
0.01908508879060632
0.008900659790675853
1.0351046054073471E-5
0.0016628337939746162
0.00971519224052558
0.012050322312056508
2.7297948475116707E-4
0.023097216730871385
0.02851719932625509
0.010225079484352697
0.020920198616112735
0.0303979352643477
0.04271390165367293
0.012895059221274676
0.02196747794314503
0.009567406316850477
0.013479875573470787
0.0385599940003056
0.030667471212919836
0.020119042086914465
0.002610685171868633
0.0011673037510121795
0.009464063093932407
0.0018017689677020368
0.022950721655297584
0.04985378460723067
0.01172732211307693
0.01297650589264324
0.023818294841619413
0.017932880628494907
0.021116433944918866
0.02933856045975971
0.022375227925413695
0.004342410105402842
0.023190780784292916
0.017976675203901317
0.040161803193898254
0.029509247167846524
0.014798434196629316
0.003138917128458037
0.026935650140313936
0.016480588908190152
0.004686596518472263
0.020487877160429543
0.017998021974752754
0.011506989497188118
0.035142805401151875
0.016484714850051443
0.0016416368192660772
0.020642982311968077
0.03645792379862046
0.020642982311968077
0.0016416368192660772
0.016484714850051443
0.035142805401151875
0.011506989497188118
0.017998021974752754
0.020487877160429543
0.004686596518472263
0.016480588908190152
0.026935650140313936
0.003138917128458037
0.014798434196629316
0.029509247167846524
0.040161803193898254
0.017976675203901317
0.023190780784292916
0.004342410105402842
0.022375227925413695
0.02933856045975971
0.021116433944918866
0.017932880628494907
0.023818294841619413
0.01297650589264324
0.01172732211307693
0.04985378460723067
0.022950721655297584
0.0018017689677020368
0.009464063093932407
0.0011673037510121795
0.002610685171868633
0.020119042086914465
0.030667471212919836
0.0385599940003056
0.013479875573470787
0.009567406316850477
0.02196747794314503
0.012895059221274676
0.04271390165367293
0.0303979352643477
0.020920198616112735
0.010225079484352697
0.02851719932625509
0.023097216730871385
2.7297948475116707E-4
0.012050322312056508
0.00971519224052558
0.0016628337939746162
1.0351046054073471E-5
0.008900659790675853
0.01908508879060632
0.021865540541487566
0.025519066597609528
0.006302924695621197
0.010718816974713838
8.822842714710722E-4
0.028179979878103917
0.017353747298191627
0.00999372654335546
0.021247802848591985
0.01239104073216395
0.0027184206346678843
0.007210384979362268
0.01883166676247264
0.02686999698923704
0.022254224355612785
0.011873136408957947
0.016153407251852856
0.06581510791331802
0.006022336565724103
0.023914492246165573
0.005019917265769311
0.0216743057833184
0.008922961350570057
0.017384626524224237
0.0015739241993043965
0.01545201507862948
0.014391550743373373
0.022918529746248695
0.022773391933249853
0.03281080973263981
0.04205600824591951
0.030705967137835508
0.01172760523573813
0.0018293537750735678
0.03687356418958028
0.03292108614811583
0.009332364784677636
0.037626317834258724
0.009574876194166047
0.01651471756640436
0.004383456729168281
0.014058730242108323
0.0064908998818540495
0.0035633045167056264
0.020299627556570592
0.054802829754043124
0.01827306417927694
0.008487934604498098
0.03540106035780191
0.005406276520504305
0.006319344055856053
0.03453342984807626
0.0013900840756923844
0.008929598897331054
0.06660775834718508
0.015588297864376703
0.002998738051780295
0.02162289602187687
0.014756978329830089
0.040711470467356015
0.001310793987338332
0.026764001681563985
0.014268397812885546
0.045392727430409736
0.006977846931452122
0.030319481825928387
0.009256132313565044
0.017176385294088676
0.017308669268874335
0.020638299531716073
0.015341120772606428
0.003377883987147957
0.021894038659348965
0.024318411027524574
0.027601178198089948
0.004655582474346852
0.020702245955386465
0.015966288741210873
0.027947424178376312
0.011927075207275482
0.01502425408373193
0.04518497230657969
0.039992342114992474
0.014409462486735638
0.03859704859154101
0.052645368663765235
0.027553119373017503
0.01487015064908056
0.03517610965672939
0.005762229367394465
0.02657748481474946
0.058338802462077365
0.0076966602679855705
0.05152240066673292
0.017884863518677418
0.01741320231898299
0.014808976387315546
0.042012571003775756
0.015360615022472723
0.006049833290772336
0.05163351475016781
0.048749004274355134
0.013912056075090199
0.007291584759724093
0.03477077609042709
0.011566960321998098
0.026334568800451978
0.006377782028690701
0.014503882585096916
0.001812394343541839
0.05406400498064218
0.05316465820761551
0.03582248606499634
0.03800455983804625
0.0011273643866477545
0.017562516386770033
0.019507029610259356
0.016976309469549648
0.07550619440609285
0.02003775631794096
0.06852362080130972
0.008262916207854182
0.03389660631748377
0.010660947021131944
0.012444780607716616
0.01246151084579024
0.019156524066285995
0.015730421130010528
0.06765375411022216
0.026818134158885586
0.011796198812923214
0.012640323158147134
0.003518627211534309
0.022682996661989772
0.023132897650918298
0.0538088179130921
0.016535528311106468
0.07466412542032042
0.03786406641487051
0.01430018600796916
0.013567243110028255
0.04516456606209525
0.061111411547748115
0.012588946124411656
0.06804186555148717
0.02005859657165946
0.0053360701210494734
0.0239773862714403
0.010089636291301033
0.013200239484367424
0.026545868543440165
0.035556917662902664
0.009926571923333157
0.028607915385570313
0.05833531655673374
0.026133913731393715
0.01632182599471926
0.010578686642213278
0.013677289092472289
0.01801373238995123
0.0013364823370754903
0.046962003975414675
0.0015038678065503533
0.0073915014498100815
0.018162845270955585
0.024349658507543094
0.029746680451963076
0.02610842287482395
0.035329661319126314
0.003318955541454498
0.011464052926560948
0.05542507440145444
0.023450510348537654
0.008790720020820594
0.025871286900882407
0.030970236287734175
0.026773900626731913
0.0019118068960647346
0.016313618499431293
0.024988619717070948
0.014583169519448182
0.04074387127312962
0.029331649411498358
0.018639928416005713
0.012538512104620408
0.06238580512284881
0.005846564027627988
0.004571373741033852
0.03660197463675836
8.977715925790341E-4
0.06250707577811841
0.08390985161578314
0.0021946189759154333
0.007995682334231067
0.03501744204016496
0.02434231258146364
0.032373971584389864
0.013315780274469374
0.06084291633556475
0.028629595166664454
0.0840623318248951
0.009156947834190297
0.012988129843419492
0.005579163245645233
0.016368295504053016
0.0027668858738342512
0.01156028129265352
0.020959138054926777
0.05495317784776487
0.034897705002755935
0.13547771571854997
0.06618673685654794
0.06399744712035353
0.012837222454527257
0.022562663207232707
0.025431076281728113
0.02454442753398869
0.09804029084680524
0.001458101310055562
0.09174655578475442
0.004394197500806302
0.020659169108786554
0.021461249625849346
0.011404011532490436
0.04535060138487204
0.03056618659198376
0.025794153573546634
0.006929457791576039
0.018155006811553978
0.06434410220068053
0.0157755210802289
0.02040449210608225
0.012865448285394094
0.01873685485067282
0.020201833743283538
0.07400585682013096
0.030923572674090506
0.1998820827255763
0.06935901991782353
0.034339473299685376
0.05215146986773893
0.032768898516595084
0.030427473611347244
0.02176491319414443
0.0757290216308447
0.01659353652489529
0.13468311020026905
0.018669123453319565
0.032599013986631925
0.06456206390865522
0.028070691393205064
0.03498218941132163
0.013205334213893775
0.0511078144027066
0.0011761346029551393
0.01903586355637205
0.07298755294176364
0.014583169519448182
0.03716844535806635
0.0808131522032919
0.04108979901487819
0.032236326133356495
0.019943584002063662
0.009405759225777344
0.007135344868440226
0.12601230228950364
0.03916996379165669
0.028625169276112965
0.017949017360642364
0.027035579172758884
0.021026626962306144
1.0939100794426283E-4
0.039387871357273146
0.0937367402497076
0.03547554861953513
0.013410649976267416
0.039571730305846854
0.02192262196563994
0.0306273179862327
0.04987422059517246
6.374659631623897E-4
0.07473221757151181
0.06333291195389079
0.07032040440387205
0.017654815203491554
0.03218337092759615
0.004113751518853931
0.05755180621410695
0.01561873582318591
0.05356705533262451
0.028835123920765374
0.052548855703033095
0.03821394405970278
0.05024954152574154
0.03346739616988339
0.011596532488101894
0.009014505463163146
0.056797312570700594
0.003817984425413273
0.05264433814510205
0.07121599534813133
0.049977528775119066
0.052002239498888374
0.04410212323262179
3.4320604182870514E-4
0.042463108335506566
0.050708044928059484
0.022554461663911417
0.040428686941547595
0.017905520664001764
0.04048876696517758
0.05351970808955347
0.005860588313864939
0.0282771297852006
0.012595696570889148
0.008898108015211209
0.019437676182755926
0.008223903617853861
0.062112705232635
0.05434910460493329
0.012632151177445325
0.012664557556494179
0.057881708117927616
0.01627977472685324
0.027895335300317597
0.02557065331823041
0.01623281004311086
0.10031786840468003
0.24427580535627275
0.23567481736460413
0.08179090333383834
0.04301022958245583
0.07981973567900214
0.010761785580630004
0.15331489873028073
0.015076600192207693
0.06657170542694008
0.03460897341940638
6.154446354753553E-4
0.03487520057872988
0.019221778702050957
0.025114582266060385
0.020454050302169836
0.01795855321329197
0.006825572757552817
0.014118787952742183
0.07999884429328943
0.14216570773096907
0.023588012662197393
0.005997208957611144
0.055131649880113
0.034513596479537036
0.034475342039747864
0.04289567965833099
0.04100957863476865
0.07686680765550143
0.24574202388681407
0.03995848765979951
0.013950872010431749
0.02876169916964081
0.0353339325009159
0.05514932811463535
0.03705714538349006
0.08596307497690563
0.015875470105340468
0.49886693895194645
0.1307036790364183
0.02388505663623672
0.009160863620758278
0.04806811734648272
0.04004745144307461
0.023749423148541664
0.030811899722178203
0.01232368869374987
0.07298367809253124
0.04815290138760223
0.05458541442720642
0.07207620568218803
0.11691878879670069
0.03191888434404433
0.008904325766222857
0.00488618870671252
0.19668079817452058
0.44133551270418325
0.23663127309361906
0.15389796611753442
0.016098864907215776
0.009129148952845998
0.05841382186605383
0.11160255091791296
0.06773586597524031
0.19026821916692263
0.2908422481606101
1.0
0.303875482749353
0.10458995135917297
0.23125737917849837
0.06282520301399498
0.18812360779553663
0.06959318410081002
0.03803486982282949
0.008754592005476985
0.26529393659509987
0.08357622297230229
0.14030945332574737
0.09763073146561138
0.013996257421438988
0.039464711408331125
0.056450691656149854
0.07580331398656448
0.07087214445617225
