-0.049163762206266115
0.0077896620753911405
0.09023909705784902
0.09502993655167223
0.016442125039653935
0.1387311270115156
0.07852002002614092
0.10691422272676812
0.011719384799907364
0.582685798715789
0.1738442235897415
0.10203145715192526
0.09004490775785065
0.01914122947969222
0.3038354380696665
0.20952860695576916
0.43096774967359747
0.33559853357146197
1.0
0.847349068735861
0.441998033570996
0.12902432499650396
0.31017410047979654
0.05593448312248911
0.11248975354465451
0.049622762579156814
0.3168717572510161
0.42092458090558726
0.237948089030123
0.08232411911388522
0.06687763177497848
0.034849458210122704
0.08713340090241023
0.05689208635057269
0.026623331841665068
0.11909507611624849
0.14796703813833667
0.4597811189527842
0.08374407293965637
0.10672939728752694
0.01688316263782888
0.05827566807107037
0.033776806042179565
0.02742123747138228
0.16337067412833484
0.21459049201876984
0.00907941420047688
0.14285379373674384
0.08144388917804261
0.05044741260366702
0.23423921316272178
0.0475658249395135
0.14967789524439284
0.16526675562396337
0.04084634721980515
0.10402231334073596
0.05006069077869156
0.08545002580007112
0.01205502571674917
0.09627327735150193
0.024771016507319388
0.003230025671864846
0.09391257317794144
0.04132205318856004
0.06005121367871687
0.017880079194648343
0.08778076270803932
0.05970011986060849
0.018410500732224958
0.017406906628434443
0.005453924734329191
0.04506504810941294
0.08177318078813198
0.26046043626071813
0.6615666711688578
0.15711970001033843
0.07672518730559628
0.05157465997279908
0.07593981413827347
0.06024355305301107
0.07598599368066389
0.0835690436323076
0.07842902088985504
0.6300698682685616
0.011423316347871072
0.024638481655192307
0.03171139101997276
0.04622070322515057
0.03918657913386893
0.03548761056104326
0.10775237313040399
0.08261511175121042
0.15997872884581554
0.00871845904233182
0.08612811247531843
0.056647774242853985
0.0431559012314515
0.025790211644168753
0.15548568801381585
0.034152904428851494
0.017812368276902416
0.09181058375739366
0.014086384214590256
0.03958428574175045
0.013196971555520666
0.09187530672908946
0.05737631832426356
0.07760773128486748
0.12222715998903722
0.1150222391472131
0.15562656114755946
0.10563368963033118
0.053730358316927636
0.04761573392215683
0.031664948404153584
0.03943775362295419
5.062994797574588E-4
0.010447591085340316
0.007817265631342187
0.04591676559874202
0.08215014103789496
0.020250740238713198
0.07325014571199331
0.01602036434721033
0.024167848902000574
0.0475758773158427
0.009724192096133523
0.0637905352146416
0.07452405436289573
0.1615161011348268
0.013378406880078774
0.0032235557806824795
0.0318372470804884
0.010797643646420371
0.03627128569094057
0.08606025830174423
4.127268463815353E-5
0.026135028916089445
0.012822617548215731
0.0744783002579951
0.032505844311987865
0.005702465201600709
0.0577861113657033
0.05648017929512284
0.10864811534011408
0.034207744932856644
0.1375300843670839
0.08131356191598933
0.02849765429568679
0.03270147875555949
0.10616439796182109
0.017416371328233038
0.04126295380117977
0.10123357132610664
0.024581881103133064
0.011630799660370034
0.011397059735796782
0.10272515343266493
0.02610221614126755
0.01821939724930459
0.11154412352643399
0.02989700349207039
0.06238692933654108
0.04892041581906045
0.0012917745850551205
0.050881598400751384
0.0783684071251412
0.026017589677499477
0.01176698494322536
0.04198456088129282
3.6815589789849254E-4
0.05784345047748557
0.04572560540827612
0.020382953624369708
0.043186299031259735
0.28910180288529
0.01714531850158141
0.1202623636664581
0.060505089164307344
0.05942772179994519
0.019647518350407837
0.0773878260820732
0.035191896243039436
0.03497065696694267
0.08755386704571205
0.05004239332576457
0.03702926896060614
0.022674516354880946
0.04871814544348061
0.03298167393054639
0.06078702458188664
0.08103334466256301
0.04097476474637303
0.015759484955871476
0.010244115379818878
0.004756262504009122
0.044274622545946246
0.10655659638521198
0.03298018581555253
0.020903755753052408
0.04155363773399131
0.10037264109355587
0.02274913408943016
0.12964894354160098
0.17147529735129682
0.03580908187634178
0.057723218769322036
0.06252287375884116
0.006487974755547823
0.023777029329827875
0.03935377602096167
0.010274377704063602
0.07554797211412413
0.057083176904736334
0.04074894730463658
0.06661556848525511
0.018998721287128793
0.0325094932852167
0.01222134441525689
0.03547383071180795
0.014571804501317984
0.024153741287803187
0.010740364335945744
0.08935878479241495
0.010656334177266445
0.016774845389757223
0.0014885693825639334
0.007569638336396819
0.019883590238417424
0.01595705045226353
0.10433302975827577
0.09832752441253223
0.02318235517119096
0.059607724359025914
0.033664878910637984
0.04814860895532443
0.01204254154668079
0.01255398177859508
9.945865123498724E-4
0.044809864210964306
0.050261532120350165
0.10142637973792926
0.04494705382272396
0.054029446163705294
0.002457460697054086
0.024420552725041927
0.010208195576389675
0.003004729241963827
0.01038224338950228
0.011151278772516463
0.08062990686481247
0.007089502118764598
0.025643727129247357
0.04559010219491543
0.07857232284665187
0.022641091111315348
0.05754335719684876
0.012740489215345046
0.01586114773400325
0.014229854990585461
0.034256381557667255
0.05202199193550453
0.08492766660784762
0.052836079495481754
0.06606766168689868
0.005937600491703761
0.008540553056708238
0.0738773461846287
0.019706160525115677
0.037963256297483115
0.0022526006234982496
0.036845400780329184
0.04655889924965401
0.002082658799329252
0.011736908915112497
0.015392456639355605
0.029703592232782038
0.019385412968405718
0.052613884323967755
0.08918149518785921
0.008924286317032184
0.08393477206331855
0.007939324056673488
0.04868713428627939
0.028926365764290654
0.027447880766277615
0.010786603846691667
0.04607732739045696
0.04492343441277706
0.048869166347111005
0.04237518367922342
0.057521756865720974
0.046432285999856444
0.017983431577857454
0.0455648095979774
0.09279751105035075
0.0642627110559687
0.03285309768519992
0.03257505647286165
0.0313171405519288
0.07967512091553744
0.013649438772544749
0.016358360009955653
0.02418938615219413
0.04329761891220476
0.01808713811336751
0.03628648264187449
0.015131523860838754
0.04916376220626611
0.04528388961336042
0.040299258503436394
0.002230666542268282
0.0044431027430939215
0.006149199155942122
0.0503236158249614
0.0019025137988490498
0.029310253867818326
0.052310809235941384
0.047702428810587144
0.019263001004860707
0.017630970248378407
0.03362078994621694
0.03989900079120463
0.08392494320142109
0.013847485234275973
0.02163907358064022
0.03513821522937338
0.024881041710661276
0.08957691422690273
0.08494268905938286
0.006654125865345898
0.07736696698521107
0.04949355057860211
0.021949646190303478
0.11054810707546546
0.030788903705842245
0.02705311092646652
0.004535329283746009
0.0739121835365729
0.010132623409368265
0.034288778963567204
0.009162143942707094
0.021852657895027276
0.011146014968602578
0.011704857249254515
0.03204702818330502
0.02936673857043626
0.010675068499536672
0.033969923787516294
0.009716806578198452
0.027071791776074133
0.01900205917558629
0.0027091493292148968
0.0029976082656200643
0.03456892795630911
0.0647185712315181
0.07044954499456434
0.07681777089331676
0.027566575720034056
0.026150245870411475
0.025421380064191448
0.11340489372301932
0.09481176380044948
0.035325235963094274
0.06049984567819564
0.01819123514826094
0.05725975316823525
0.004525028394081557
0.01062653977250106
0.014022168517788217
0.005694266155872894
0.047150995378741976
0.0490144215589592
0.021612288654726506
0.0483331030934812
0.020224021120851334
0.02787127391342795
0.02766772130417758
0.012754644407421089
0.0493575209300853
0.033148231680456025
0.0012893572147989888
0.0634904546441309
0.017110217479915833
0.040067538479802184
0.07615654107593214
0.002413083199003539
0.016891732616901387
0.10245270693454347
0.013956980391181116
0.09428270469907374
0.028065226188049616
0.025850357896511387
0.028522018736926353
0.02732838902879655
0.0055423030652736885
0.05881229570954335
0.03875527802085534
0.028543021289323667
0.02226407997300272
0.03821875422197619
0.035553453734983954
0.03104607216495042
0.012297330209641253
0.0015814182223736417
0.02717523520987565
0.0788216410696592
0.01807049831751538
0.010710155739872737
0.03760777469127847
0.005412752037154241
0.016870264174661833
0.02952376447808622
0.025979915900140167
0.013251159289149132
0.018317248950345016
0.016979511601629
0.010147177836629745
0.02937999122675754
0.009480634397113887
0.04126523953790937
0.03491248441490574
0.007241406754289815
0.05751924491659827
0.00347304999608479
0.026141263307629663
0.08521584664288578
0.04665225211447829
0.013834024117105055
0.006848493877388198
0.07719457148660062
0.07340953948989583
0.04533958245363628
0.029426253122072286
0.037329881170113634
0.005668215929547551
0.09360558219945612
0.024555577213733082
0.0018984571003014072
0.011635977215337837
0.006253100785475758
0.01070454345303345
0.017266347093059593
0.0074115691541202355
0.06618355858058995
0.0021955695289379274
0.012334587977423527
0.025617682014924967
0.056795871615455434
0.0010118862814563108
0.03737533690059323
0.061432944367142785
0.0024469276918783044
0.10373254527217816
0.008927729120331946
0.012262377349402422
0.02825904603960818
0.016296538993010826
0.028635526118384574
0.015253487332613258
0.015345432110044775
0.019203429208919362
0.049163762206266115
0.019203429208919362
0.015345432110044775
0.015253487332613258
0.028635526118384574
0.016296538993010826
0.02825904603960818
0.012262377349402422
0.008927729120331946
0.10373254527217816
0.0024469276918783044
0.061432944367142785
0.03737533690059323
0.0010118862814563108
0.056795871615455434
0.025617682014924967
0.012334587977423527
0.0021955695289379274
0.06618355858058995
0.0074115691541202355
0.017266347093059593
0.01070454345303345
0.006253100785475758
0.011635977215337837
0.0018984571003014072
0.024555577213733082
0.09360558219945612
0.005668215929547551
0.037329881170113634
0.029426253122072286
0.04533958245363628
0.07340953948989583
0.07719457148660062
0.006848493877388198
0.013834024117105055
0.04665225211447829
0.08521584664288578
0.026141263307629663
0.00347304999608479
0.05751924491659827
0.007241406754289815
0.03491248441490574
0.04126523953790937
0.009480634397113887
0.02937999122675754
0.010147177836629745
0.016979511601629
0.018317248950345016
0.013251159289149132
0.025979915900140167
0.02952376447808622
0.016870264174661833
0.005412752037154241
0.03760777469127847
0.010710155739872737
0.01807049831751538
0.0788216410696592
0.02717523520987565
0.0015814182223736417
0.012297330209641253
0.03104607216495042
0.035553453734983954
0.03821875422197619
0.02226407997300272
0.028543021289323667
0.03875527802085534
0.05881229570954335
0.0055423030652736885
0.02732838902879655
0.028522018736926353
0.025850357896511387
0.028065226188049616
0.09428270469907374
0.013956980391181116
0.10245270693454347
0.016891732616901387
0.002413083199003539
0.07615654107593214
0.040067538479802184
0.017110217479915833
0.0634904546441309
0.0012893572147989888
0.033148231680456025
0.0493575209300853
0.012754644407421089
0.02766772130417758
0.02787127391342795
0.020224021120851334
0.0483331030934812
0.021612288654726506
0.0490144215589592
0.047150995378741976
0.005694266155872894
0.014022168517788217
0.01062653977250106
0.004525028394081557
0.05725975316823525
0.01819123514826094
0.06049984567819564
0.035325235963094274
0.09481176380044948
0.11340489372301932
0.025421380064191448
0.026150245870411475
0.027566575720034056
0.07681777089331676
0.07044954499456434
0.0647185712315181
0.03456892795630911
0.0029976082656200643
0.0027091493292148968
0.01900205917558629
0.027071791776074133
0.009716806578198452
0.033969923787516294
0.010675068499536672
0.02936673857043626
0.03204702818330502
0.011704857249254515
0.011146014968602578
0.021852657895027276
0.009162143942707094
0.034288778963567204
0.010132623409368265
0.0739121835365729
0.004535329283746009
0.02705311092646652
0.030788903705842245
0.11054810707546546
0.021949646190303478
0.04949355057860211
0.07736696698521107
0.006654125865345898
0.08494268905938286
0.08957691422690273
0.024881041710661276
0.03513821522937338
0.02163907358064022
0.013847485234275973
0.08392494320142109
0.03989900079120463
0.03362078994621694
0.017630970248378407
0.019263001004860707
0.047702428810587144
0.052310809235941384
0.029310253867818326
0.0019025137988490498
0.0503236158249614
0.006149199155942122
0.0044431027430939215
0.002230666542268282
0.040299258503436394
0.04528388961336042
0.04916376220626611
0.015131523860838754
0.03628648264187449
0.01808713811336751
0.04329761891220476
0.02418938615219413
0.016358360009955653
0.013649438772544749
0.07967512091553744
0.0313171405519288
0.03257505647286165
0.03285309768519992
0.0642627110559687
0.09279751105035075
0.0455648095979774
0.017983431577857454
0.046432285999856444
0.057521756865720974
0.04237518367922342
0.048869166347111005
0.04492343441277706
0.04607732739045696
0.010786603846691667
0.027447880766277615
0.028926365764290654
0.04868713428627939
0.007939324056673488
0.08393477206331855
0.008924286317032184
0.08918149518785921
0.052613884323967755
0.019385412968405718
0.029703592232782038
0.015392456639355605
0.011736908915112497
0.002082658799329252
0.04655889924965401
0.036845400780329184
0.0022526006234982496
0.037963256297483115
0.019706160525115677
0.0738773461846287
0.008540553056708238
0.005937600491703761
0.06606766168689868
0.052836079495481754
0.08492766660784762
0.05202199193550453
0.034256381557667255
0.014229854990585461
0.01586114773400325
0.012740489215345046
0.05754335719684876
0.022641091111315348
0.07857232284665187
0.04559010219491543
0.025643727129247357
0.007089502118764598
0.08062990686481247
0.011151278772516463
0.01038224338950228
0.003004729241963827
0.010208195576389675
0.024420552725041927
0.002457460697054086
0.054029446163705294
0.04494705382272396
0.10142637973792926
0.050261532120350165
0.044809864210964306
9.945865123498724E-4
0.01255398177859508
0.01204254154668079
0.04814860895532443
0.033664878910637984
0.059607724359025914
0.02318235517119096
0.09832752441253223
0.10433302975827577
0.01595705045226353
0.019883590238417424
0.007569638336396819
0.0014885693825639334
0.016774845389757223
0.010656334177266445
0.08935878479241495
0.010740364335945744
0.024153741287803187
0.014571804501317984
0.03547383071180795
0.01222134441525689
0.0325094932852167
0.018998721287128793
0.06661556848525511
0.04074894730463658
0.057083176904736334
0.07554797211412413
0.010274377704063602
0.03935377602096167
0.023777029329827875
0.006487974755547823
0.06252287375884116
0.057723218769322036
0.03580908187634178
0.17147529735129682
0.12964894354160098
0.02274913408943016
0.10037264109355587
0.04155363773399131
0.020903755753052408
0.03298018581555253
0.10655659638521198
0.044274622545946246
0.004756262504009122
0.010244115379818878
0.015759484955871476
0.04097476474637303
0.08103334466256301
0.06078702458188664
0.03298167393054639
0.04871814544348061
0.022674516354880946
0.03702926896060614
0.05004239332576457
0.08755386704571205
0.03497065696694267
0.035191896243039436
0.0773878260820732
0.019647518350407837
0.05942772179994519
0.060505089164307344
0.1202623636664581
0.01714531850158141
0.28910180288529
0.043186299031259735
0.020382953624369708
0.04572560540827612
0.05784345047748557
3.6815589789849254E-4
0.04198456088129282
0.01176698494322536
0.026017589677499477
0.0783684071251412
0.050881598400751384
0.0012917745850551205
0.04892041581906045
0.06238692933654108
0.02989700349207039
0.11154412352643399
0.01821939724930459
0.02610221614126755
0.10272515343266493
0.011397059735796782
0.011630799660370034
0.024581881103133064
0.10123357132610664
0.04126295380117977
0.017416371328233038
0.10616439796182109
0.03270147875555949
0.02849765429568679
0.08131356191598933
0.1375300843670839
0.034207744932856644
0.10864811534011408
0.05648017929512284
0.0577861113657033
0.005702465201600709
0.032505844311987865
0.0744783002579951
0.012822617548215731
0.026135028916089445
4.127268463815353E-5
0.08606025830174423
0.03627128569094057
0.010797643646420371
0.0318372470804884
0.0032235557806824795
0.013378406880078774
0.1615161011348268
0.07452405436289573
0.0637905352146416
0.009724192096133523
0.0475758773158427
0.024167848902000574
0.01602036434721033
0.07325014571199331
0.020250740238713198
0.08215014103789496
0.04591676559874202
0.007817265631342187
0.010447591085340316
5.062994797574588E-4
0.03943775362295419
0.031664948404153584
0.04761573392215683
0.053730358316927636
0.10563368963033118
0.15562656114755946
0.1150222391472131
0.12222715998903722
0.07760773128486748
0.05737631832426356
0.09187530672908946
0.013196971555520666
0.03958428574175045
0.014086384214590256
0.09181058375739366
0.017812368276902416
0.034152904428851494
0.15548568801381585
0.025790211644168753
0.0431559012314515
0.056647774242853985
0.08612811247531843
0.00871845904233182
0.15997872884581554
0.08261511175121042
0.10775237313040399
0.03548761056104326
0.03918657913386893
0.04622070322515057
0.03171139101997276
0.024638481655192307
0.011423316347871072
0.6300698682685616
0.07842902088985504
0.0835690436323076
0.07598599368066389
0.06024355305301107
0.07593981413827347
0.05157465997279908
0.07672518730559628
0.15711970001033843
0.6615666711688578
0.26046043626071813
0.08177318078813198
0.04506504810941294
0.005453924734329191
0.017406906628434443
0.018410500732224958
0.05970011986060849
0.08778076270803932
0.017880079194648343
0.06005121367871687
0.04132205318856004
0.09391257317794144
0.003230025671864846
0.024771016507319388
0.09627327735150193
0.01205502571674917
0.08545002580007112
0.05006069077869156
0.10402231334073596
0.04084634721980515
0.16526675562396337
0.14967789524439284
0.0475658249395135
0.23423921316272178
0.05044741260366702
0.08144388917804261
0.14285379373674384
0.00907941420047688
0.21459049201876984
0.16337067412833484
0.02742123747138228
0.033776806042179565
0.05827566807107037
0.01688316263782888
0.10672939728752694
0.08374407293965637
0.4597811189527842
0.14796703813833667
0.11909507611624849
0.026623331841665068
0.05689208635057269
0.08713340090241023
0.034849458210122704
0.06687763177497848
0.08232411911388522
0.237948089030123
0.42092458090558726
0.3168717572510161
0.049622762579156814
0.11248975354465451
0.05593448312248911
0.31017410047979654
0.12902432499650396
0.441998033570996
0.847349068735861
1.0
0.33559853357146197
0.43096774967359747
0.20952860695576916
0.3038354380696665
0.01914122947969222
0.09004490775785065
0.10203145715192526
0.1738442235897415
0.582685798715789
0.011719384799907364
0.10691422272676812
0.07852002002614092
0.1387311270115156
0.016442125039653935
0.09502993655167223
0.09023909705784902
0.0077896620753911405
