0.024886991617935728
0.1732252542335115
0.02399238794034621
0.12609586016489388
0.007578184655485547
0.01990789381095329
0.1485208281092806
0.19213548873746158
0.10635570761332264
0.015119993006112923
0.02532457219341249
0.0439717934658231
0.005193548256624042
0.022448026458984284
0.08120817244263721
0.297822205286035
0.2109686730135932
0.34040487194559027
1.0
0.9647718969131863
0.277111979455432
0.23513965266172235
0.2148882975859767
0.04558625399751147
0.0633913997618254
0.13804685262250857
0.08614705839285848
0.0982965159504072
0.42309898754856196
0.17084090695349352
0.004672827552095705
0.10364356954807068
0.041716755584488674
0.0553907693197373
0.03968638862727837
0.07390543814031797
0.053736317549979234
0.1182266521808412
0.07711903947684326
0.04812254301277593
0.04795046587373699
0.05950504054986576
0.03734832426761475
0.05326027432785241
0.02817457707879474
0.13994710742011512
0.270312291506447
0.5232029026696075
0.07992089986926793
0.13117132981732688
0.016305979298052043
0.07105017301684802
0.10118620766887193
0.05593784442442826
0.12508144271119617
0.03709323785712172
0.07946918565082868
0.07450695177579866
0.039770522604169065
0.14258530072185482
0.0036213612093782964
0.07289937591661809
0.07834232627863341
0.030123058372399775
0.004516443908564034
0.02433498818370685
0.12243866206301747
0.11302728132752622
0.029969621065047185
0.02041791718084374
0.11108372762245891
0.016297910344543958
0.11569321449631806
0.13177642957716065
0.22016279284141227
0.12516683605406215
0.0068100041142908985
0.07932461313903139
0.006834657409731847
0.08622298964510612
0.018838094670843998
0.01247982231320828
0.03385514197462049
0.24358827798000418
0.28796597247621886
0.09591846370518863
0.0016685239318328258
0.13422585743423476
0.03830957643691539
0.016858782401866165
0.10396079351343872
0.017842975853797422
0.020133120000979846
0.07924341627090795
0.007272819188968519
0.08648739969430204
0.06157817790054548
0.008397708039775034
0.05958595128963482
0.009071496289866907
0.07853278645673938
0.0956351107309765
0.18013535044455892
0.02091486365785828
0.021161693108998212
0.02232734769712151
0.013844700597290621
0.001182617220695861
0.05248370006700567
0.041606464386309785
0.02856805270284552
0.018759010304204828
0.06372481123971449
0.043198693898912253
0.10123012154262971
0.0014553790425969482
0.10566968883306296
0.02064696704178154
0.0521474848578586
0.020685603039632246
0.048294243843722454
0.013696929937918908
0.07791543606348882
7.366298169633825E-4
0.015997626556949487
0.03820918000441281
0.0466073930023173
0.05375582968055224
0.049411997494724254
0.06496457952954976
0.03815903884378723
0.047464341924999466
0.04817111227853068
0.03447104899916816
0.03507813262607484
0.030125890355341297
0.0052021630217384245
0.03966131989930524
0.055794083439078865
0.03355917387552857
0.02595779101277751
0.006359666736305945
0.02746421721852872
0.09592072328464706
0.10050421291668264
0.06860262527687411
0.020789098807249096
0.019866462318037587
0.062079339062449994
0.004004070133938303
0.06764784038083262
0.0429039708242896
0.0048715539911214426
0.004891670371684089
0.049773983235871455
0.015199660945536484
0.030157179662057745
0.012540118971465713
0.04337211223806507
0.00797925656226982
0.02889053603932113
0.029778394526985757
0.02224129226101814
0.03935998693663174
0.026286547792191788
0.02816856943288455
0.05427583762751056
0.08925204240319957
0.05768446193158932
0.013681933413851799
0.03156592554871885
0.05803121154124715
0.024165211673575902
0.05388787550661433
0.14158794085683132
0.09014724467455282
0.17882255831047394
0.13595341482158493
0.01656701396823922
0.051101998801842796
0.010974124831890015
0.0329232480894038
0.0036014228965530696
0.022395757756856875
0.041009375248794264
0.016589443775971897
0.01429429443900941
0.04100884035501265
0.004180411279222163
0.040977434230305275
0.02419448051981262
0.03796499006032998
0.02473932675381575
0.01255790739847265
0.03903573297039464
0.04603702781389814
0.04103399895320345
0.009429469732915445
0.022299877784952616
0.041034261396389785
0.04991264000786772
0.049346413824224146
0.02755436215074009
0.009335591314829781
0.14876557683475244
0.0652540373881584
0.021154929199050227
0.02749898470398853
0.004318053377121113
0.04064863250899826
0.05187680467717549
0.01693059285107794
0.013798277057305321
4.415985323582091E-4
0.06270366550625192
0.010303224448903517
0.024104781109657965
0.014258579006160833
0.00985145607368842
0.05677335210131201
0.054639931363808285
0.020318932480988015
0.0034383941215108574
0.01863908989562163
0.020992171977715423
0.015396774255184324
0.05594442130626974
0.054745455152062396
0.01590258002280605
0.017978579147841737
0.0014099217300059467
0.06636531098116194
0.02065002463388687
0.04692156257973243
0.015304968367683717
0.01620254096169414
0.01237122245955318
0.027506890004495504
0.05916253473367331
0.024564790062559
0.03531484673440232
0.0674359339914184
0.03839070166246733
0.02505806227680379
0.009520184837090495
0.007684258970800155
0.017183633290815563
0.03016579886905159
0.02162860114206726
0.0012054569160178813
0.038855398253115424
0.03998901379929455
0.0038950645738747673
0.005569865016317516
0.029873729514688686
0.03244071058626955
0.026680316176140882
0.007657078338983664
0.05469981085503165
0.05704437550625726
0.010891890776958206
0.008741088518659575
0.01517254872472938
0.024671491286667204
0.04035366470601826
0.010840240407464844
0.009684958854553755
0.07810016655352081
0.0010071498691932505
0.013886195280313627
0.0502357626966063
0.032819813174311145
0.005526600678705863
0.00477714947428484
0.02424511993307452
0.00820913389208797
0.003104248467720884
0.04752274859693805
0.003876299311532409
0.051923593850885956
0.02659632442199085
0.016312598606681866
0.0023069405591779842
0.025821672584938744
0.0013401049020297013
0.06344058594309186
0.034452402908354225
0.014456563314791346
0.03260470854173639
0.06546329734246384
0.029655883500485734
0.023651075690771763
0.045490514835259906
0.02026709624354935
0.007788106678149774
0.04992710488122005
0.043853213803425405
0.0746564367295198
0.0323063908897588
0.05258447710998614
0.005017566712358543
0.02913251412006855
0.015217879176475348
0.0084534312628794
0.01423862669831149
0.015503139205177876
0.035487671030037825
0.0035978283740633423
0.024886991617935724
0.00522084877231943
0.013962157592603006
0.015815029079504158
0.010460079789543431
0.015585754161999556
0.016337097842178565
0.03529962415593008
0.040530386678626115
0.018982685945842584
0.02499941380543398
0.012005455383956132
0.004732887004933374
0.043485738619039024
0.008384055016896276
0.03347710780575144
0.0032659969690972735
0.002795909839496691
0.015163880029460222
0.0062575659077908135
0.0010596664574899415
0.006041500908455438
0.03259183768425904
0.009212375641451317
0.011139973160920193
0.018653614622666705
0.06432802520733376
7.273812821541678E-4
0.016137993660776014
0.02036204863643602
0.005469204154669227
0.0037967577057479796
0.05947444733174229
0.04247929087371974
0.028142147939147766
0.04715616626962282
0.02437878673818944
0.068121792438016
0.018273282178545663
0.022736931087871507
0.010398531209232
0.014927243138144312
0.012094796172792865
5.448612799552815E-5
4.5187554637903763E-4
0.06442119346157482
7.246567112286596E-4
0.018794478186168608
0.022204087559955493
0.06564141263128806
0.007513441861886685
0.014195432750665794
0.03928663361688744
0.007892371949848688
0.03178218945401139
0.004973776738188422
0.012971360781686998
0.01835717276570088
0.025483466771890385
0.016615055223114437
0.019682252628992137
0.027143859398962262
0.010253411512431566
0.014583542797277046
0.01215621252962823
0.006732584386050682
0.009885052591609492
0.027258008320473707
0.02060622539927623
0.017831543700433113
0.027423523461938448
0.024791987951679157
0.003718573318024274
0.044899478821284075
0.01637789754580834
0.028606520099980024
0.009398463711103977
0.02125496603051469
0.04273176150952027
0.05944584975698683
0.008588051293004672
0.024097321663681302
0.01558693599745348
0.04011309573741673
0.006834864138187725
0.012845696031898855
0.011896114037051445
0.024040959648276718
0.008773880172778102
0.03475745179761656
0.020740010302608473
0.021620304903628818
0.011255952486795277
0.03223221665659512
0.016016732115353552
0.007603264338562448
0.020170430981860672
0.0314593813351348
0.010157843455898624
0.007699048465444197
0.013065175089578952
0.004958076164870669
0.03702359659776342
0.018234813915306923
0.04123784897359468
0.026873525643734776
0.029217498511256056
0.016321828097624745
0.05041584266392832
0.06495472204264244
0.016705449327832755
0.020549192737090397
0.005327648907286635
0.034562804768019886
0.03996971585749633
0.030118237604706145
0.03830351656920929
0.012994854580459554
0.006328878498360672
0.006872997551777585
0.014327673856770336
0.031415606083532104
5.001842103237537E-5
0.005107404711271096
1.391282333649064E-4
0.030034497409087944
0.042064321624931254
0.00917377544981612
0.04728787970995566
0.03834056553828714
0.0066481281425666205
0.0030117752659078365
0.03428996528222005
0.04812990832473687
0.0050565825811045035
0.007706176005991188
0.0456614075295258
0.018488060920372133
0.031220599818483408
0.01842972515445147
0.02100417398559452
0.010215045786578298
0.026650852320106264
0.025478631506489654
0.008357824109229946
0.0251983011399981
0.0033767462669775884
0.03344107378556148
0.041981646485796296
0.003169112477677494
0.011818792853848832
0.007568204205342657
0.01082064832332648
0.014305972541857571
0.024886991617935728
0.014305972541857571
0.01082064832332648
0.007568204205342657
0.011818792853848832
0.003169112477677494
0.041981646485796296
0.03344107378556148
0.0033767462669775884
0.0251983011399981
0.008357824109229946
0.025478631506489654
0.026650852320106264
0.010215045786578298
0.02100417398559452
0.01842972515445147
0.031220599818483408
0.018488060920372133
0.0456614075295258
0.007706176005991188
0.0050565825811045035
0.04812990832473687
0.03428996528222005
0.0030117752659078365
0.0066481281425666205
0.03834056553828714
0.04728787970995566
0.00917377544981612
0.042064321624931254
0.030034497409087944
1.391282333649064E-4
0.005107404711271096
5.001842103237537E-5
0.031415606083532104
0.014327673856770336
0.006872997551777585
0.006328878498360672
0.012994854580459554
0.03830351656920929
0.030118237604706145
0.03996971585749633
0.034562804768019886
0.005327648907286635
0.020549192737090397
0.016705449327832755
0.06495472204264244
0.05041584266392832
0.016321828097624745
0.029217498511256056
0.026873525643734776
0.04123784897359468
0.018234813915306923
0.03702359659776342
0.004958076164870669
0.013065175089578952
0.007699048465444197
0.010157843455898624
0.0314593813351348
0.020170430981860672
0.007603264338562448
0.016016732115353552
0.03223221665659512
0.011255952486795277
0.021620304903628818
0.020740010302608473
0.03475745179761656
0.008773880172778102
0.024040959648276718
0.011896114037051445
0.012845696031898855
0.006834864138187725
0.04011309573741673
0.01558693599745348
0.024097321663681302
0.008588051293004672
0.05944584975698683
0.04273176150952027
0.02125496603051469
0.009398463711103977
0.028606520099980024
0.01637789754580834
0.044899478821284075
0.003718573318024274
0.024791987951679157
0.027423523461938448
0.017831543700433113
0.02060622539927623
0.027258008320473707
0.009885052591609492
0.006732584386050682
0.01215621252962823
0.014583542797277046
0.010253411512431566
0.027143859398962262
0.019682252628992137
0.016615055223114437
0.025483466771890385
0.01835717276570088
0.012971360781686998
0.004973776738188422
0.03178218945401139
0.007892371949848688
0.03928663361688744
0.014195432750665794
0.007513441861886685
0.06564141263128806
0.022204087559955493
0.018794478186168608
7.246567112286596E-4
0.06442119346157482
4.5187554637903763E-4
5.448612799552815E-5
0.012094796172792865
0.014927243138144312
0.010398531209232
0.022736931087871507
0.018273282178545663
0.068121792438016
0.02437878673818944
0.04715616626962282
0.028142147939147766
0.04247929087371974
0.05947444733174229
0.0037967577057479796
0.005469204154669227
0.02036204863643602
0.016137993660776014
7.273812821541678E-4
0.06432802520733376
0.018653614622666705
0.011139973160920193
0.009212375641451317
0.03259183768425904
0.006041500908455438
0.0010596664574899415
0.0062575659077908135
0.015163880029460222
0.002795909839496691
0.0032659969690972735
0.03347710780575144
0.008384055016896276
0.043485738619039024
0.004732887004933374
0.012005455383956132
0.02499941380543398
0.018982685945842584
0.040530386678626115
0.03529962415593008
0.016337097842178565
0.015585754161999556
0.010460079789543431
0.015815029079504158
0.013962157592603006
0.00522084877231943
0.024886991617935724
0.0035978283740633423
0.035487671030037825
0.015503139205177876
0.01423862669831149
0.0084534312628794
0.015217879176475348
0.02913251412006855
0.005017566712358543
0.05258447710998614
0.0323063908897588
0.0746564367295198
0.043853213803425405
0.04992710488122005
0.007788106678149774
0.02026709624354935
0.045490514835259906
0.023651075690771763
0.029655883500485734
0.06546329734246384
0.03260470854173639
0.014456563314791346
0.034452402908354225
0.06344058594309186
0.0013401049020297013
0.025821672584938744
0.0023069405591779842
0.016312598606681866
0.02659632442199085
0.051923593850885956
0.003876299311532409
0.04752274859693805
0.003104248467720884
0.00820913389208797
0.02424511993307452
0.00477714947428484
0.005526600678705863
0.032819813174311145
0.0502357626966063
0.013886195280313627
0.0010071498691932505
0.07810016655352081
0.009684958854553755
0.010840240407464844
0.04035366470601826
0.024671491286667204
0.01517254872472938
0.008741088518659575
0.010891890776958206
0.05704437550625726
0.05469981085503165
0.007657078338983664
0.026680316176140882
0.03244071058626955
0.029873729514688686
0.005569865016317516
0.0038950645738747673
0.03998901379929455
0.038855398253115424
0.0012054569160178813
0.02162860114206726
0.03016579886905159
0.017183633290815563
0.007684258970800155
0.009520184837090495
0.02505806227680379
0.03839070166246733
0.0674359339914184
0.03531484673440232
0.024564790062559
0.05916253473367331
0.027506890004495504
0.01237122245955318
0.01620254096169414
0.015304968367683717
0.04692156257973243
0.02065002463388687
0.06636531098116194
0.0014099217300059467
0.017978579147841737
0.01590258002280605
0.054745455152062396
0.05594442130626974
0.015396774255184324
0.020992171977715423
0.01863908989562163
0.0034383941215108574
0.020318932480988015
0.054639931363808285
0.05677335210131201
0.00985145607368842
0.014258579006160833
0.024104781109657965
0.010303224448903517
0.06270366550625192
4.415985323582091E-4
0.013798277057305321
0.01693059285107794
0.05187680467717549
0.04064863250899826
0.004318053377121113
0.02749898470398853
0.021154929199050227
0.0652540373881584
0.14876557683475244
0.009335591314829781
0.02755436215074009
0.049346413824224146
0.04991264000786772
0.041034261396389785
0.022299877784952616
0.009429469732915445
0.04103399895320345
0.04603702781389814
0.03903573297039464
0.01255790739847265
0.02473932675381575
0.03796499006032998
0.02419448051981262
0.040977434230305275
0.004180411279222163
0.04100884035501265
0.01429429443900941
0.016589443775971897
0.041009375248794264
0.022395757756856875
0.0036014228965530696
0.0329232480894038
0.010974124831890015
0.051101998801842796
0.01656701396823922
0.13595341482158493
0.17882255831047394
0.09014724467455282
0.14158794085683132
0.05388787550661433
0.024165211673575902
0.05803121154124715
0.03156592554871885
0.013681933413851799
0.05768446193158932
0.08925204240319957
0.05427583762751056
0.02816856943288455
0.026286547792191788
0.03935998693663174
0.02224129226101814
0.029778394526985757
0.02889053603932113
0.00797925656226982
0.04337211223806507
0.012540118971465713
0.030157179662057745
0.015199660945536484
0.049773983235871455
0.004891670371684089
0.0048715539911214426
0.0429039708242896
0.06764784038083262
0.004004070133938303
0.062079339062449994
0.019866462318037587
0.020789098807249096
0.06860262527687411
0.10050421291668264
0.09592072328464706
0.02746421721852872
0.006359666736305945
0.02595779101277751
0.03355917387552857
0.055794083439078865
0.03966131989930524
0.0052021630217384245
0.030125890355341297
0.03507813262607484
0.03447104899916816
0.04817111227853068
0.047464341924999466
0.03815903884378723
0.06496457952954976
0.049411997494724254
0.05375582968055224
0.0466073930023173
0.03820918000441281
0.015997626556949487
7.366298169633825E-4
0.07791543606348882
0.013696929937918908
0.048294243843722454
0.020685603039632246
0.0521474848578586
0.02064696704178154
0.10566968883306296
0.0014553790425969482
0.10123012154262971
0.043198693898912253
0.06372481123971449
0.018759010304204828
0.02856805270284552
0.041606464386309785
0.05248370006700567
0.001182617220695861
0.013844700597290621
0.02232734769712151
0.021161693108998212
0.02091486365785828
0.18013535044455892
0.0956351107309765
0.07853278645673938
0.009071496289866907
0.05958595128963482
0.008397708039775034
0.06157817790054548
0.08648739969430204
0.007272819188968519
0.07924341627090795
0.020133120000979846
0.017842975853797422
0.10396079351343872
0.016858782401866165
0.03830957643691539
0.13422585743423476
0.0016685239318328258
0.09591846370518863
0.28796597247621886
0.24358827798000418
0.03385514197462049
0.01247982231320828
0.018838094670843998
0.08622298964510612
0.006834657409731847
0.07932461313903139
0.0068100041142908985
0.12516683605406215
0.22016279284141227
0.13177642957716065
0.11569321449631806
0.016297910344543958
0.11108372762245891
0.02041791718084374
0.029969621065047185
0.11302728132752622
0.12243866206301747
0.02433498818370685
0.004516443908564034
0.030123058372399775
0.07834232627863341
0.07289937591661809
0.0036213612093782964
0.14258530072185482
0.039770522604169065
0.07450695177579866
0.07946918565082868
0.03709323785712172
0.12508144271119617
0.05593784442442826
0.10118620766887193
0.07105017301684802
0.016305979298052043
0.13117132981732688
0.07992089986926793
0.5232029026696075
0.270312291506447
0.13994710742011512
0.02817457707879474
0.05326027432785241
0.03734832426761475
0.05950504054986576
0.04795046587373699
0.04812254301277593
0.07711903947684326
0.1182266521808412
0.053736317549979234
0.07390543814031797
0.03968638862727837
0.0553907693197373
0.041716755584488674
0.10364356954807068
0.004672827552095705
0.17084090695349352
0.42309898754856196
0.0982965159504072
0.08614705839285848
0.13804685262250857
0.0633913997618254
0.04558625399751147
0.2148882975859767
0.23513965266172235
0.277111979455432
0.9647718969131863
1.0
0.34040487194559027
0.2109686730135932
0.297822205286035
0.08120817244263721
0.022448026458984284
0.005193548256624042
0.0439717934658231
0.02532457219341249
0.015119993006112923
0.10635570761332264
0.19213548873746158
0.1485208281092806
0.01990789381095329
0.007578184655485547
0.12609586016489388
0.02399238794034621
0.1732252542335115
