-0.01968110528617959
0.052074214411769314
0.033155696886730215
0.0447249047546019
0.03376507896916394
0.06015383995817106
0.02529791794305448
0.010600598974942161
0.20720632812159417
0.10618401807832696
0.09833400895970411
0.07562855762666114
0.07830712854813807
0.040327011123339314
0.003776698156849234
0.0714588814489753
0.08413074143621707
0.3900048354838124
1.0
0.8777563682708289
0.18776493971863983
0.21506689289624367
0.08936867371888574
0.08173300010832467
0.0932980234225301
0.08105294418294516
0.043925753541757755
0.07759968982040848
0.11999785294462478
0.036092814450946836
0.0065073639413655345
0.004514083032108529
0.005873473765277644
0.07381541413256656
0.01561490448283954
0.07112617559910706
0.05824399195820609
0.23526478570111384
0.0371358880373911
0.006712004685666039
0.05511834827310045
0.025412517930711195
0.031102121275935528
0.06321012225627405
0.08667268389521736
0.042493060708761916
0.9199406267435575
0.07254711464667363
0.054714730599683105
0.0428279677713279
0.00770072186236831
0.08457451214623875
0.03227283942979175
0.025443119457301478
0.06041837188112689
0.1394531543851593
0.0859455996556442
0.04997467300346598
0.06066761807045811
0.0036517734121213003
0.050816422200755954
0.03696042570733611
0.023628093231388692
0.07108149521214527
0.04169039350531142
0.04702110457707987
0.03640294212781537
0.0027274107116667338
0.02728163525520464
0.07349436712577723
0.015003390573420775
0.006381433533314286
0.013042809077669911
0.07286543031478768
0.14077075705446468
0.1044923970738917
0.023269554704183584
0.016165414441123772
0.03626956416168279
0.049928172573317935
0.02071461797343438
0.02666328391711156
0.02409859834992897
0.22537838152899545
0.007216696994840265
0.025490485210191004
0.0013088779787913086
0.007718778877149918
0.030214272677698262
0.05811203718058795
0.036378291477008357
0.020589340881152895
0.009811893838822361
0.03573252075162637
0.03922200581776291
0.04024502650259005
0.03205271652737615
0.022782038469668555
0.0020602912314050524
0.04869393261390509
0.054047802746279856
0.04637751819413271
0.0014311462993390508
0.011544010922735793
0.02682430947649886
0.028793450742878722
0.014719970039884513
0.06033190204742922
0.030121431261962022
0.009077862508042493
0.12641020661605273
0.07628407440079422
0.0461271613749603
0.011344588902891816
0.011876957255829696
0.006610491873768669
0.03925813081570097
0.06423521388836752
0.04163841118448062
0.04726599868462192
0.022630561441464955
0.04017312875416617
0.02780053706329985
0.010843103102023997
5.609456385669041E-4
0.0025029467324261044
0.03499150525087207
0.05039603143094092
0.040582142238111796
0.009100101841601238
0.04311789392075538
0.025156030649204405
0.0864652615239079
0.013443675592374988
0.014289364354564248
0.03219333651122849
0.01889629068352284
5.831780818591445E-4
0.029663545258197758
0.18596567980005188
0.08509683867520958
0.06846637239324897
0.011236279612126728
0.016487101065733225
0.017440687967919605
0.011858238202459256
0.02110025361441333
0.06158167915061544
0.005388836227315911
0.0023770782135243995
0.0028530781929625897
0.002194416533737888
4.752016270336171E-5
0.010235469742788597
0.01312073685745306
4.541048886679865E-4
0.06799599367405128
0.03547514783995847
0.019970760165779745
0.0067009930786348605
0.06706483983869013
0.00956344736781323
0.05814697968299356
0.008295531197500068
0.04441616755058498
0.016448390319076394
0.038159575594781114
0.009019600093684275
0.025364649799273286
0.0694425090398972
0.034347837551281304
0.03472623184349999
0.004505669626718122
0.002225992440838945
0.06574039160505642
0.0855567452700188
0.016909949915487926
0.0688154613569662
0.041295926890797766
0.03723008302531363
0.003926223686813668
0.044479748649424944
0.010266742746251266
0.054650347805084716
0.004452656998958701
0.039718501050233265
0.011244007595980222
0.04717601031600081
0.06294100888206161
0.004192872988681616
0.008996220122815465
0.019847477910271576
0.03838943521603353
0.06363344354769147
0.03676907983860288
0.06903914346399102
0.03838781218737056
0.0787507697085792
0.007499184259026794
0.011250885826395485
0.045580311230918866
0.029817124055526133
0.0181624458495266
0.19674087553666536
0.033193743993744015
0.03886298452900246
0.011880854970021571
0.07923217462319587
0.0065280544877596245
0.041956982197476796
0.04118074968990637
0.06247943805304446
0.023266488006432533
0.004254708020741556
0.055364707970398414
0.02149610283277876
0.017977268393058715
0.014089947467092493
0.010101093696361686
0.017472143726604154
0.021463205991386944
0.016088686541434048
7.53788609138709E-5
0.0341066342120191
0.0061711081089280695
4.4895354360391013E-4
9.668846596515741E-4
3.307923876328889E-4
0.018253924993112673
0.050243247548175766
0.035386056256381304
0.09184515800217143
0.021700873999387537
0.005751731281698554
0.027733023662324368
0.0048697861655136315
0.016880449790212117
0.04418917479205381
0.027845028431669777
0.002183407019209752
0.07547217165979497
0.020762716191486095
0.010077689480822582
0.016858596477676197
0.03769286128003864
0.03652819311080049
0.03909808547308746
0.022534133709521963
0.014005566980519224
0.012327275905346729
0.027056958201588183
0.0015604444633454592
0.03245173023131739
0.030065695780379837
0.017247989094768944
0.01912594655488797
0.020421212461684518
0.02805838333369761
0.018630973433941184
0.02967368632844434
0.019361489603026517
0.013732485978116805
0.014164347545812472
0.00823561215511243
0.03986557712065003
0.03766885952817993
0.01348377880338445
0.035074369665151435
0.04296237598566146
0.019380056382094696
0.00684508487099375
0.012605266091033985
0.018554633461747655
0.020425330567297593
0.0010553831071128512
0.0466812039418007
0.013748631735423235
0.048113040773352725
0.004112697409892502
0.013296165235881282
0.03536754293982801
0.028378166381346097
0.02697179115676867
0.03875638076130241
0.015458653185480134
0.04021838915352828
0.03460665282088264
0.016211147115445954
0.0067777885479299044
0.019639577130843824
0.010217557242008424
0.0061302405980770925
0.006758822976078818
0.0060585620875944525
0.037638017667439794
0.00427155961021955
0.040752792712735394
0.015196911353251285
0.03840464187166063
0.011843479329073018
0.007605395379799723
0.053705589988260534
0.0016912715306685883
0.05873540848698989
0.02222302395570548
0.021313380671222782
0.0021623164261224135
0.04421324825773808
5.8267776636769234E-18
0.013294480865372398
0.038067244953165325
0.007289124819303582
0.054497880416079364
0.02211494451058314
0.04930807369391548
0.04652825670440263
0.004668519591704721
0.04031251883664808
0.018645945933837383
0.06950045609952345
0.010215517399907446
0.02140364894123913
0.047638972750624675
0.0017734442979815714
0.0022877180328467104
0.007734419155292724
0.013937685652388235
0.002776323569306335
0.006440602442944845
0.003683080765632808
0.005300636828606852
0.02244954700542477
0.0057394652045029484
0.028840431645504767
0.04037636958282787
0.01376676389248309
0.005124033114093456
0.008983877202037496
0.013764351392579643
0.01775705885517612
0.018367297295895157
0.07241660321961237
0.023181518529569865
0.03207534208356928
0.0588882199482377
0.025625059137073386
0.0021690587152067595
0.01524475003559451
0.030335284510140142
0.01673681683862812
0.009350364627563926
0.040694664370580697
1.3548629207162314E-4
0.009100687341687331
0.010362889057005886
0.02383301718910212
0.009032850311645227
0.016541179643617607
0.02042224084300258
0.014648390546759331
0.019789647055657326
0.0054593725235256435
0.00196566001868574
0.004728244923076522
0.02212373630580388
5.264999715407774E-4
0.01974818364871418
0.009538282317038894
0.02771887866737714
0.026856837998461752
0.05536431649384569
0.026527892542941453
0.034321310424156176
0.012951598335327722
0.03964682640775545
0.01629086034836616
0.0035157718400254142
0.028532700797380645
5.148535479455454E-4
0.03510986682276925
0.0042681587201239286
0.02374383560994346
0.0352289272902691
0.017994884272025228
0.019087176915737115
0.029286151298576844
0.012595677044741606
0.013085284138635411
0.02927727712212866
0.012318331486957134
0.03060992993462727
0.0059166058816307555
0.012211219594128634
0.003429657277916771
0.010511268177433414
0.020680530108131714
0.024645127999296676
0.005068145660230842
0.007394604323911009
0.001577670963045565
7.541916299135657E-4
0.03609218620587425
0.04257873905808043
0.02632711028943212
0.01605478749868852
0.019041380609390313
0.0032059464386171256
0.009816488496291317
0.004195204223622183
0.015201396831930501
0.011906956162352102
0.0029091689703929107
0.0223194333913163
0.05280967616521526
0.03434552669406478
0.008768618086186094
0.010776567898595048
0.057433261954461245
0.005421356566850124
0.038639473647648116
0.006599783923058185
0.015533573319511124
0.010494475862414029
0.01572755130932707
0.026739283633579417
0.00869530518469073
0.003774730586254034
0.06533344912258339
0.03459906813318185
0.01557244911298001
0.027021137213596103
0.005118139347004331
0.004795559196073991
0.002975825301562661
0.020378866579572445
0.014676418839671534
0.011310865397904038
0.008158366328586863
0.014899471006875761
7.512797966886395E-5
0.019839394086248685
0.05090049055900455
0.024647826282043667
0.004068983778482489
0.005779893803133857
0.0023817473392151547
0.043151449744143235
0.014672794518187761
0.0018442538390208694
0.016921730706223624
0.03983928610495846
0.028867728672276407
0.04601712770572708
0.016971942504390592
0.011166861427126992
0.006425318673724218
0.025470710497170836
0.003544511260509451
0.0317652273981254
0.027085500003631722
0.013549719096692723
0.01570067282313751
0.00656036842872653
0.01570067282313751
0.013549719096692723
0.027085500003631722
0.0317652273981254
0.003544511260509451
0.025470710497170836
0.006425318673724218
0.011166861427126992
0.016971942504390592
0.04601712770572708
0.028867728672276407
0.03983928610495846
0.016921730706223624
0.0018442538390208694
0.014672794518187761
0.043151449744143235
0.0023817473392151547
0.005779893803133857
0.004068983778482489
0.024647826282043667
0.05090049055900455
0.019839394086248685
7.512797966886395E-5
0.014899471006875761
0.008158366328586863
0.011310865397904038
0.014676418839671534
0.020378866579572445
0.002975825301562661
0.004795559196073991
0.005118139347004331
0.027021137213596103
0.01557244911298001
0.03459906813318185
0.06533344912258339
0.003774730586254034
0.00869530518469073
0.026739283633579417
0.01572755130932707
0.010494475862414029
0.015533573319511124
0.006599783923058185
0.038639473647648116
0.005421356566850124
0.057433261954461245
0.010776567898595048
0.008768618086186094
0.03434552669406478
0.05280967616521526
0.0223194333913163
0.0029091689703929107
0.011906956162352102
0.015201396831930501
0.004195204223622183
0.009816488496291317
0.0032059464386171256
0.019041380609390313
0.01605478749868852
0.02632711028943212
0.04257873905808043
0.03609218620587425
7.541916299135657E-4
0.001577670963045565
0.007394604323911009
0.005068145660230842
0.024645127999296676
0.020680530108131714
0.010511268177433414
0.003429657277916771
0.012211219594128634
0.0059166058816307555
0.03060992993462727
0.012318331486957134
0.02927727712212866
0.013085284138635411
0.012595677044741606
0.029286151298576844
0.019087176915737115
0.017994884272025228
0.0352289272902691
0.02374383560994346
0.0042681587201239286
0.03510986682276925
5.148535479455454E-4
0.028532700797380645
0.0035157718400254142
0.01629086034836616
0.03964682640775545
0.012951598335327722
0.034321310424156176
0.026527892542941453
0.05536431649384569
0.026856837998461752
0.02771887866737714
0.009538282317038894
0.01974818364871418
5.264999715407774E-4
0.02212373630580388
0.004728244923076522
0.00196566001868574
0.0054593725235256435
0.019789647055657326
0.014648390546759331
0.02042224084300258
0.016541179643617607
0.009032850311645227
0.02383301718910212
0.010362889057005886
0.009100687341687331
1.3548629207162314E-4
0.040694664370580697
0.009350364627563926
0.01673681683862812
0.030335284510140142
0.01524475003559451
0.0021690587152067595
0.025625059137073386
0.0588882199482377
0.03207534208356928
0.023181518529569865
0.07241660321961237
0.018367297295895157
0.01775705885517612
0.013764351392579643
0.008983877202037496
0.005124033114093456
0.01376676389248309
0.04037636958282787
0.028840431645504767
0.0057394652045029484
0.02244954700542477
0.005300636828606852
0.003683080765632808
0.006440602442944845
0.002776323569306335
0.013937685652388235
0.007734419155292724
0.0022877180328467104
0.0017734442979815714
0.047638972750624675
0.02140364894123913
0.010215517399907446
0.06950045609952345
0.018645945933837383
0.04031251883664808
0.004668519591704721
0.04652825670440263
0.04930807369391548
0.02211494451058314
0.054497880416079364
0.007289124819303582
0.038067244953165325
0.013294480865372398
5.8267776636769234E-18
0.04421324825773808
0.0021623164261224135
0.021313380671222782
0.02222302395570548
0.05873540848698989
0.0016912715306685883
0.053705589988260534
0.007605395379799723
0.011843479329073018
0.03840464187166063
0.015196911353251285
0.040752792712735394
0.00427155961021955
0.037638017667439794
0.0060585620875944525
0.006758822976078818
0.0061302405980770925
0.010217557242008424
0.019639577130843824
0.0067777885479299044
0.016211147115445954
0.03460665282088264
0.04021838915352828
0.015458653185480134
0.03875638076130241
0.02697179115676867
0.028378166381346097
0.03536754293982801
0.013296165235881282
0.004112697409892502
0.048113040773352725
0.013748631735423235
0.0466812039418007
0.0010553831071128512
0.020425330567297593
0.018554633461747655
0.012605266091033985
0.00684508487099375
0.019380056382094696
0.04296237598566146
0.035074369665151435
0.01348377880338445
0.03766885952817993
0.03986557712065003
0.00823561215511243
0.014164347545812472
0.013732485978116805
0.019361489603026517
0.02967368632844434
0.018630973433941184
0.02805838333369761
0.020421212461684518
0.01912594655488797
0.017247989094768944
0.030065695780379837
0.03245173023131739
0.0015604444633454592
0.027056958201588183
0.012327275905346729
0.014005566980519224
0.022534133709521963
0.03909808547308746
0.03652819311080049
0.03769286128003864
0.016858596477676197
0.010077689480822582
0.020762716191486095
0.07547217165979497
0.002183407019209752
0.027845028431669777
0.04418917479205381
0.016880449790212117
0.0048697861655136315
0.027733023662324368
0.005751731281698554
0.021700873999387537
0.09184515800217143
0.035386056256381304
0.050243247548175766
0.018253924993112673
3.307923876328889E-4
9.668846596515741E-4
4.4895354360391013E-4
0.0061711081089280695
0.0341066342120191
7.53788609138709E-5
0.016088686541434048
0.021463205991386944
0.017472143726604154
0.010101093696361686
0.014089947467092493
0.017977268393058715
0.02149610283277876
0.055364707970398414
0.004254708020741556
0.023266488006432533
0.06247943805304446
0.04118074968990637
0.041956982197476796
0.0065280544877596245
0.07923217462319587
0.011880854970021571
0.03886298452900246
0.033193743993744015
0.19674087553666536
0.0181624458495266
0.029817124055526133
0.045580311230918866
0.011250885826395485
0.007499184259026794
0.0787507697085792
0.03838781218737056
0.06903914346399102
0.03676907983860288
0.06363344354769147
0.03838943521603353
0.019847477910271576
0.008996220122815465
0.004192872988681616
0.06294100888206161
0.04717601031600081
0.011244007595980222
0.039718501050233265
0.004452656998958701
0.054650347805084716
0.010266742746251266
0.044479748649424944
0.003926223686813668
0.03723008302531363
0.041295926890797766
0.0688154613569662
0.016909949915487926
0.0855567452700188
0.06574039160505642
0.002225992440838945
0.004505669626718122
0.03472623184349999
0.034347837551281304
0.0694425090398972
0.025364649799273286
0.009019600093684275
0.038159575594781114
0.016448390319076394
0.04441616755058498
0.008295531197500068
0.05814697968299356
0.00956344736781323
0.06706483983869013
0.0067009930786348605
0.019970760165779745
0.03547514783995847
0.06799599367405128
4.541048886679865E-4
0.01312073685745306
0.010235469742788597
4.752016270336171E-5
0.002194416533737888
0.0028530781929625897
0.0023770782135243995
0.005388836227315911
0.06158167915061544
0.02110025361441333
0.011858238202459256
0.017440687967919605
0.016487101065733225
0.011236279612126728
0.06846637239324897
0.08509683867520958
0.18596567980005188
0.029663545258197758
5.831780818591445E-4
0.01889629068352284
0.03219333651122849
0.014289364354564248
0.013443675592374988
0.0864652615239079
0.025156030649204405
0.04311789392075538
0.009100101841601238
0.040582142238111796
0.05039603143094092
0.03499150525087207
0.0025029467324261044
5.609456385669041E-4
0.010843103102023997
0.02780053706329985
0.04017312875416617
0.022630561441464955
0.04726599868462192
0.04163841118448062
0.06423521388836752
0.03925813081570097
0.006610491873768669
0.011876957255829696
0.011344588902891816
0.0461271613749603
0.07628407440079422
0.12641020661605273
0.009077862508042493
0.030121431261962022
0.06033190204742922
0.014719970039884513
0.028793450742878722
0.02682430947649886
0.011544010922735793
0.0014311462993390508
0.04637751819413271
0.054047802746279856
0.04869393261390509
0.0020602912314050524
0.022782038469668555
0.03205271652737615
0.04024502650259005
0.03922200581776291
0.03573252075162637
0.009811893838822361
0.020589340881152895
0.036378291477008357
0.05811203718058795
0.030214272677698262
0.007718778877149918
0.0013088779787913086
0.025490485210191004
0.007216696994840265
0.22537838152899545
0.02409859834992897
0.02666328391711156
0.02071461797343438
0.049928172573317935
0.03626956416168279
0.016165414441123772
0.023269554704183584
0.1044923970738917
0.14077075705446468
0.07286543031478768
0.013042809077669911
0.006381433533314286
0.015003390573420775
0.07349436712577723
0.02728163525520464
0.0027274107116667338
0.03640294212781537
0.04702110457707987
0.04169039350531142
0.07108149521214527
0.023628093231388692
0.03696042570733611
0.050816422200755954
0.0036517734121213003
0.06066761807045811
0.04997467300346598
0.0859455996556442
0.1394531543851593
0.06041837188112689
0.025443119457301478
0.03227283942979175
0.08457451214623875
0.00770072186236831
0.0428279677713279
0.054714730599683105
0.07254711464667363
0.9199406267435575
0.042493060708761916
0.08667268389521736
0.06321012225627405
0.031102121275935528
0.025412517930711195
0.05511834827310045
0.006712004685666039
0.0371358880373911
0.23526478570111384
0.05824399195820609
0.07112617559910706
0.01561490448283954
0.07381541413256656
0.005873473765277644
0.004514083032108529
0.0065073639413655345
0.036092814450946836
0.11999785294462478
0.07759968982040848
0.043925753541757755
0.08105294418294516
0.0932980234225301
0.08173300010832467
0.08936867371888574
0.21506689289624367
0.18776493971863983
0.8777563682708289
1.0
0.3900048354838124
0.08413074143621707
0.0714588814489753
0.003776698156849234
0.040327011123339314
0.07830712854813807
0.07562855762666114
0.09833400895970411
0.10618401807832696
0.20720632812159417
0.010600598974942161
0.02529791794305448
0.06015383995817106
0.03376507896916394
0.0447249047546019
0.033155696886730215
0.052074214411769314
