0.09564672647278953
0.08938220706458229
0.20021588296195916
0.18380317955746522
0.01431437414640844
0.020899394773121614
0.050912534720131374
0.06591111070621176
0.08821723734183624
0.026209904602730243
0.23600336109431747
0.1265749389499554
0.33612976325811195
0.14545308911155244
0.04907383392190513
0.20765321887928345
0.36689347562096597
0.2684322679225448
0.5556049802520664
0.5403785907621893
0.20281821862485594
0.04064271981084038
0.13189169553000693
0.0749638435809641
0.04435185136751742
0.13425283009368685
0.11048357637228118
0.14535764608404766
0.06985659416722417
0.09821915322500452
0.1130942618632799
0.035085093162789883
0.005675195848010732
0.09960205229365082
0.1579716550995089
0.04949707241197356
0.0038060908843383
0.18436221860606752
0.06593286863409574
0.08144327749153168
0.15180982121009526
0.06600871785110239
0.04344173059815691
0.22177479074712836
0.3374108757105587
1.0
0.030727288524008193
0.35800814492254185
0.2560821510930492
0.13665372792887015
0.0814673830304168
0.01310282912032691
0.15622528661515786
0.057365409043925696
0.11278948948089784
0.028461824552679572
0.25995377006890574
0.0826186062452081
0.03635125947749339
0.08474794994045241
0.03069564479386677
0.12385159341131105
0.13060696257723042
0.019432347618898116
0.18959992661120895
0.1613764610691455
0.03445708406480038
0.0065791364406841265
0.05452633395590743
0.00691185871199395
0.028338578093183166
0.12614191891470006
0.25018585761554163
0.6165056668379264
0.452577232878837
0.1779864815515592
0.1827489145738149
0.0711627843549698
0.1630762048715373
0.008539423613412053
0.010026208218186443
0.006528779441340234
0.16956739472481455
0.07181138056998776
0.05021848324551593
0.08972056839240057
0.02671414900989761
0.10712139923059841
0.004143126555147814
0.10755799132838925
0.09956758541435565
0.05877864528517225
0.18411624378351427
0.130283098558666
0.17340900923852226
0.030658119521128964
0.02847759853852052
0.012614601894861717
0.2101543425203135
0.144050126729301
0.2827692476673368
0.13824709636319935
0.06305026897247405
0.037253870302479335
0.21694244419759115
0.006736356824724922
0.147649900609187
0.01967275611234341
0.271328782258441
0.22489424029289018
0.00825719138359402
0.07239766842330687
0.08385675915637211
0.05581180648424296
0.031071494553520762
0.004399226477300636
0.0852831486345507
0.1062493935720165
0.03453042110036905
0.0703654005786
0.04289501284312366
0.016748281657246296
0.05946846813688108
0.014553404368972386
0.06358498663683884
0.05674354682530788
0.02617532143750381
0.019656846979369487
0.05519551205675619
0.24981816547616148
0.07236479706280874
0.03088418467339477
0.11691105257439634
0.06445887975742136
0.04043410308422238
0.08291765552669592
0.07673944420983828
0.3951612109139781
0.05581352768528565
0.1925024345609791
0.07166975378918991
0.11218013675282704
0.021625023823027962
9.307928077461889E-4
0.0669347326948853
0.022688410642584794
0.03657537608223324
0.11847147972325664
0.04311327726372661
7.059873664787286E-4
0.05624813289965859
0.05224772064112919
0.11515300243279097
0.004749659657185282
0.09564672647278953
0.07064101170623667
0.055264007313233755
0.07143129589490518
0.10406400315375554
0.05238598896704521
0.14381031995376742
0.007376997528223697
0.24693641376758693
0.06294199457013246
0.13870396351644834
0.009860609174945675
0.05823526947528128
0.03491871795421448
0.04395784855141804
0.04182192822385593
0.022805983250545857
0.07902041202608798
0.0552378681495303
0.09117311200189658
0.12990855146572022
0.04989236175902149
0.0776135498651167
0.030133167954019074
0.041343330115038136
0.034138545179252536
0.056222308930681586
0.03320501014080548
0.014433560292271212
0.07975209951306826
0.005432003158437564
0.017047306318247447
0.02120450839279965
0.03749318356968465
0.04794829972302405
0.0526460972408268
0.08921925959661627
0.10583449150233082
0.04843064501638566
0.4568293617141167
0.021831428340420428
0.13032562681367132
0.058246300061773
0.1393854651505059
0.10320831559311724
0.008001287692892245
0.12811004749760296
0.05497969897629068
0.10750246332838842
0.05145490326708768
0.06278058090769031
0.12395881119241588
0.06267311483652879
0.0022352519065453025
0.01926973908160551
0.09646989139983027
0.016107283463199656
0.05488340843376317
0.009939877178451663
0.027878510251063873
0.05226784535554349
0.04266805356069992
0.002311688585279116
0.0681448684251378
0.0015070389918519478
0.006965353397718665
0.05535078634102358
0.03702294205416472
0.0076020282432679364
0.02508089362904648
0.042050900960074605
0.04990659028077056
0.17201687431998014
0.08974214112879242
0.04160707978457662
0.11867585693496041
0.03528892010261276
0.015941121078798255
0.06865174468469083
0.033020289120425435
0.008939855305191306
0.014824606819224418
0.014962169843645012
0.027978533196423634
0.020915490729306572
0.018903196873258855
0.010510436004713443
0.13183763216101735
0.03459043373810648
0.031830740802152195
0.0682671675536753
0.0758100054686687
0.00839839536060968
0.0747311736337569
0.038367967296392226
0.043934643313270696
0.09672205305344028
0.06094117629704456
0.005503461088646746
0.09190238516853308
0.07707723520137337
0.05557454373068755
0.08718359968939494
0.1548542678627086
0.02468173138863435
0.008903646340937732
0.06678649510136705
0.011850036418881039
0.0068657428921855
0.08009770724324625
0.006349037072773715
0.015022551001964313
0.0172704117002981
0.015333015287432694
0.01455245758972626
0.056568429108799084
0.06351299060715017
0.05301672664907867
0.007655457737877462
0.03305975852093775
0.07072243954729947
0.02444014650179371
0.007889197074576375
0.036864637703102165
0.038093281866914415
0.10703826390520207
0.0619797503801634
0.1199268764759885
0.04242651601407074
0.09698090808535587
0.08208304692035419
0.03268125633714561
0.18868762511501933
0.039272987754603104
0.025293034026312458
0.05804503571733136
0.01135713441197985
0.048268819469003604
0.06551183675944992
0.06284895378333194
0.044263250343863976
0.02293577769629024
0.07861174640285636
0.04821196880731245
0.08102125631005395
0.013595583489989066
0.01786981372516103
0.01799009119279554
0.005226565779901528
0.03245481460677474
0.1067637588205801
0.030048700147067953
0.0261085555329163
0.019671064916531526
0.09564672647278953
0.012362817781567937
0.021969971541621943
0.01728165458866893
0.07653870902919707
0.004133081568150615
0.057325616817578307
7.403977892138574E-4
0.06925593893743005
0.010867230304089585
0.0034634494197414685
0.07082864468627953
0.03109378510836105
0.06398415029134617
0.09298193686926347
0.031848971099741975
0.06789411773313124
0.033617495524063755
0.06971557546264225
0.001894846584853174
0.02282261371725672
0.01282780641498961
0.012957307752522946
0.02429961184961626
0.029210483565947833
0.07142519725606958
0.008006633126120134
0.022874930158399896
0.12136583725389809
0.02075506921291777
0.08932262228122236
0.036515278199628846
0.14589415502140712
0.04686927945291486
0.06780848975260713
0.001207163575364894
0.010572471490540677
0.12280160779009257
0.008013532949371944
0.02599392523705088
0.03228072941780463
0.06459521412904733
0.02898500423354123
0.04695322600470711
0.0028589998701609894
0.01691359423230624
0.009322975031513482
0.05290842996660456
0.012689133159337652
0.03209381861354967
0.01507228377059495
0.04140395537520106
0.05051213118778706
0.03496291048890456
0.05223755531344362
0.03659200495595023
0.06570907994374028
0.011462918017597171
0.03763785709770974
0.02623128226656204
0.08637100033515549
0.10859138520839613
0.03847162402580257
0.02630900704944507
0.032282882697040785
0.029472252207493606
0.08400775944227845
0.061912909080373286
0.10324641101977507
0.046909931846124346
0.010039222965673828
0.05012556442560289
0.026724353759168172
0.03607966016992273
0.013681829492785727
0.02150576738061471
0.05269645512212341
0.03928054219737328
0.014504441574703887
0.02859870748460789
0.01713347356787058
0.05506520533460613
0.04746340273312237
0.03523376008771222
0.008161805176665904
0.09633743285036137
0.033542074454862056
0.02716750434132212
0.11528952910777095
0.012999721670184395
0.012776061450806234
0.04580722230999505
0.035532402826320635
0.15405144571026927
0.025610894006134755
0.07922928274344307
0.13026835079957097
0.12590315167271632
0.0269243873281474
6.54634211738524E-5
0.04677532510780898
0.0716837639366581
0.02178747857604178
0.03457029948599129
0.005057444121023206
0.028313338862188706
0.019570503902947248
0.05937648048863551
0.01324510881359477
0.03007063078167272
0.015491553633319506
0.03415475800861446
0.02589778769863155
0.049400124963228195
0.026832771354841443
0.14428768493683045
0.02020065795711117
0.02534174214470245
0.0476343274558744
0.01617865844615589
0.0305029494317962
0.07306208796184523
0.0037784583035435798
0.09620106511009739
0.1034812776623379
0.03162729749984731
0.028389365870089348
0.07857977807670541
0.017764187795438695
0.10584163563471338
0.0031905996438889314
0.06089219752279048
0.06647035959060234
0.020057419097064648
0.04447116582640773
0.04197913860875315
0.07249276489968697
0.005877934726318151
0.02438060652107337
0.03967808705520415
0.021450671258363353
0.06937559201724942
0.09999510686121847
0.002839946186376413
0.04795015045927417
0.063691542465621
0.014901297744562737
0.014368013856924185
0.052803975046896025
0.014872129784795745
0.04240969541153064
0.06071157730531319
0.01820524566656154
0.02648638799728442
0.0
0.02648638799728442
0.01820524566656154
0.06071157730531319
0.04240969541153064
0.014872129784795745
0.052803975046896025
0.014368013856924185
0.014901297744562737
0.063691542465621
0.04795015045927417
0.002839946186376413
0.09999510686121847
0.06937559201724942
0.021450671258363353
0.03967808705520415
0.02438060652107337
0.005877934726318151
0.07249276489968697
0.04197913860875315
0.04447116582640773
0.020057419097064648
0.06647035959060234
0.06089219752279048
0.0031905996438889314
0.10584163563471338
0.017764187795438695
0.07857977807670541
0.028389365870089348
0.03162729749984731
0.1034812776623379
0.09620106511009739
0.0037784583035435798
0.07306208796184523
0.0305029494317962
0.01617865844615589
0.0476343274558744
0.02534174214470245
0.02020065795711117
0.14428768493683045
0.026832771354841443
0.049400124963228195
0.02589778769863155
0.03415475800861446
0.015491553633319506
0.03007063078167272
0.01324510881359477
0.05937648048863551
0.019570503902947248
0.028313338862188706
0.005057444121023206
0.03457029948599129
0.02178747857604178
0.0716837639366581
0.04677532510780898
6.54634211738524E-5
0.0269243873281474
0.12590315167271632
0.13026835079957097
0.07922928274344307
0.025610894006134755
0.15405144571026927
0.035532402826320635
0.04580722230999505
0.012776061450806234
0.012999721670184395
0.11528952910777095
0.02716750434132212
0.033542074454862056
0.09633743285036137
0.008161805176665904
0.03523376008771222
0.04746340273312237
0.05506520533460613
0.01713347356787058
0.02859870748460789
0.014504441574703887
0.03928054219737328
0.05269645512212341
0.02150576738061471
0.013681829492785727
0.03607966016992273
0.026724353759168172
0.05012556442560289
0.010039222965673828
0.046909931846124346
0.10324641101977507
0.061912909080373286
0.08400775944227845
0.029472252207493606
0.032282882697040785
0.02630900704944507
0.03847162402580257
0.10859138520839613
0.08637100033515549
0.02623128226656204
0.03763785709770974
0.011462918017597171
0.06570907994374028
0.03659200495595023
0.05223755531344362
0.03496291048890456
0.05051213118778706
0.04140395537520106
0.01507228377059495
0.03209381861354967
0.012689133159337652
0.05290842996660456
0.009322975031513482
0.01691359423230624
0.0028589998701609894
0.04695322600470711
0.02898500423354123
0.06459521412904733
0.03228072941780463
0.02599392523705088
0.008013532949371944
0.12280160779009257
0.010572471490540677
0.001207163575364894
0.06780848975260713
0.04686927945291486
0.14589415502140712
0.036515278199628846
0.08932262228122236
0.02075506921291777
0.12136583725389809
0.022874930158399896
0.008006633126120134
0.07142519725606958
0.029210483565947833
0.02429961184961626
0.012957307752522946
0.01282780641498961
0.02282261371725672
0.001894846584853174
0.06971557546264225
0.033617495524063755
0.06789411773313124
0.031848971099741975
0.09298193686926347
0.06398415029134617
0.03109378510836105
0.07082864468627953
0.0034634494197414685
0.010867230304089585
0.06925593893743005
7.403977892138574E-4
0.057325616817578307
0.004133081568150615
0.07653870902919707
0.01728165458866893
0.021969971541621943
0.012362817781567937
0.09564672647278953
0.019671064916531526
0.0261085555329163
0.030048700147067953
0.1067637588205801
0.03245481460677474
0.005226565779901528
0.01799009119279554
0.01786981372516103
0.013595583489989066
0.08102125631005395
0.04821196880731245
0.07861174640285636
0.02293577769629024
0.044263250343863976
0.06284895378333194
0.06551183675944992
0.048268819469003604
0.01135713441197985
0.05804503571733136
0.025293034026312458
0.039272987754603104
0.18868762511501933
0.03268125633714561
0.08208304692035419
0.09698090808535587
0.04242651601407074
0.1199268764759885
0.0619797503801634
0.10703826390520207
0.038093281866914415
0.036864637703102165
0.007889197074576375
0.02444014650179371
0.07072243954729947
0.03305975852093775
0.007655457737877462
0.05301672664907867
0.06351299060715017
0.056568429108799084
0.01455245758972626
0.015333015287432694
0.0172704117002981
0.015022551001964313
0.006349037072773715
0.08009770724324625
0.0068657428921855
0.011850036418881039
0.06678649510136705
0.008903646340937732
0.02468173138863435
0.1548542678627086
0.08718359968939494
0.05557454373068755
0.07707723520137337
0.09190238516853308
0.005503461088646746
0.06094117629704456
0.09672205305344028
0.043934643313270696
0.038367967296392226
0.0747311736337569
0.00839839536060968
0.0758100054686687
0.0682671675536753
0.031830740802152195
0.03459043373810648
0.13183763216101735
0.010510436004713443
0.018903196873258855
0.020915490729306572
0.027978533196423634
0.014962169843645012
0.014824606819224418
0.008939855305191306
0.033020289120425435
0.06865174468469083
0.015941121078798255
0.03528892010261276
0.11867585693496041
0.04160707978457662
0.08974214112879242
0.17201687431998014
0.04990659028077056
0.042050900960074605
0.02508089362904648
0.0076020282432679364
0.03702294205416472
0.05535078634102358
0.006965353397718665
0.0015070389918519478
0.0681448684251378
0.002311688585279116
0.04266805356069992
0.05226784535554349
0.027878510251063873
0.009939877178451663
0.05488340843376317
0.016107283463199656
0.09646989139983027
0.01926973908160551
0.0022352519065453025
0.06267311483652879
0.12395881119241588
0.06278058090769031
0.05145490326708768
0.10750246332838842
0.05497969897629068
0.12811004749760296
0.008001287692892245
0.10320831559311724
0.1393854651505059
0.058246300061773
0.13032562681367132
0.021831428340420428
0.4568293617141167
0.04843064501638566
0.10583449150233082
0.08921925959661627
0.0526460972408268
0.04794829972302405
0.03749318356968465
0.02120450839279965
0.017047306318247447
0.005432003158437564
0.07975209951306826
0.014433560292271212
0.03320501014080548
0.056222308930681586
0.034138545179252536
0.041343330115038136
0.030133167954019074
0.0776135498651167
0.04989236175902149
0.12990855146572022
0.09117311200189658
0.0552378681495303
0.07902041202608798
0.022805983250545857
0.04182192822385593
0.04395784855141804
0.03491871795421448
0.05823526947528128
0.009860609174945675
0.13870396351644834
0.06294199457013246
0.24693641376758693
0.007376997528223697
0.14381031995376742
0.05238598896704521
0.10406400315375554
0.07143129589490518
0.055264007313233755
0.07064101170623667
0.09564672647278953
0.004749659657185282
0.11515300243279097
0.05224772064112919
0.05624813289965859
7.059873664787286E-4
0.04311327726372661
0.11847147972325664
0.03657537608223324
0.022688410642584794
0.0669347326948853
9.307928077461889E-4
0.021625023823027962
0.11218013675282704
0.07166975378918991
0.1925024345609791
0.05581352768528565
0.3951612109139781
0.07673944420983828
0.08291765552669592
0.04043410308422238
0.06445887975742136
0.11691105257439634
0.03088418467339477
0.07236479706280874
0.24981816547616148
0.05519551205675619
0.019656846979369487
0.02617532143750381
0.05674354682530788
0.06358498663683884
0.014553404368972386
0.05946846813688108
0.016748281657246296
0.04289501284312366
0.0703654005786
0.03453042110036905
0.1062493935720165
0.0852831486345507
0.004399226477300636
0.031071494553520762
0.05581180648424296
0.08385675915637211
0.07239766842330687
0.00825719138359402
0.22489424029289018
0.271328782258441
0.01967275611234341
0.147649900609187
0.006736356824724922
0.21694244419759115
0.037253870302479335
0.06305026897247405
0.13824709636319935
0.2827692476673368
0.144050126729301
0.2101543425203135
0.012614601894861717
0.02847759853852052
0.030658119521128964
0.17340900923852226
0.130283098558666
0.18411624378351427
0.05877864528517225
0.09956758541435565
0.10755799132838925
0.004143126555147814
0.10712139923059841
0.02671414900989761
0.08972056839240057
0.05021848324551593
0.07181138056998776
0.16956739472481455
0.006528779441340234
0.010026208218186443
0.008539423613412053
0.1630762048715373
0.0711627843549698
0.1827489145738149
0.1779864815515592
0.452577232878837
0.6165056668379264
0.25018585761554163
0.12614191891470006
0.028338578093183166
0.00691185871199395
0.05452633395590743
0.0065791364406841265
0.03445708406480038
0.1613764610691455
0.18959992661120895
0.019432347618898116
0.13060696257723042
0.12385159341131105
0.03069564479386677
0.08474794994045241
0.03635125947749339
0.0826186062452081
0.25995377006890574
0.028461824552679572
0.11278948948089784
0.057365409043925696
0.15622528661515786
0.01310282912032691
0.0814673830304168
0.13665372792887015
0.2560821510930492
0.35800814492254185
0.030727288524008193
1.0
0.3374108757105587
0.22177479074712836
0.04344173059815691
0.06600871785110239
0.15180982121009526
0.08144327749153168
0.06593286863409574
0.18436221860606752
0.0038060908843383
0.04949707241197356
0.1579716550995089
0.09960205229365082
0.005675195848010732
0.035085093162789883
0.1130942618632799
0.09821915322500452
0.06985659416722417
0.14535764608404766
0.11048357637228118
0.13425283009368685
0.04435185136751742
0.0749638435809641
0.13189169553000693
0.04064271981084038
0.20281821862485594
0.5403785907621893
0.5556049802520664
0.2684322679225448
0.36689347562096597
0.20765321887928345
0.04907383392190513
0.14545308911155244
0.33612976325811195
0.1265749389499554
0.23600336109431747
0.026209904602730243
0.08821723734183624
0.06591111070621176
0.050912534720131374
0.020899394773121614
0.01431437414640844
0.18380317955746522
0.20021588296195916
0.08938220706458229
