0.011761072232793284
0.012817901032135724
0.00886801302623989
0.026608184891850566
0.010881098505782297
0.006499366113011402
0.07661381785887264
0.004724088707898436
0.035430782603582484
0.6166979796998079
0.3469071780448746
4.442724164418439E-4
0.28767216724361594
0.39002072304860486
0.11762332483468721
0.019560050857064
0.04006821471893777
0.05506216543968514
0.1478436002768811
0.006366729429485956
0.008894542304520558
0.3026708090305613
0.03355090184182472
0.03759478053061067
0.29379798045606725
0.3730610262145676
0.04943537859615102
0.05325048005595348
0.19341497968135174
0.22746630299104695
0.34869778737011253
0.08588820597346973
0.016277039005415064
0.009963882447899934
0.06558769627846667
0.24232556363932123
0.0020796384467842203
0.3283222108192023
0.2680245059595132
0.1456768742630883
0.2611805569713011
0.2503377265435697
0.27697737374376963
0.3141150976846154
0.20494308617426119
0.01685835992453798
0.6653567244880635
1.0
0.0014544492321781127
0.094385852215938
0.037810700940687496
0.2456171229815094
0.23042517433539517
0.007562676059016298
0.03156464149167026
0.07226176854353622
0.06311143523381746
0.08871245931637053
0.013655538731263336
0.07114988062474574
0.0724734985333337
0.3704188476312105
0.02864097497884703
0.015843864986379946
0.10049028782040595
0.03723748582005894
0.06331907609029906
0.15635250078492335
0.06297235939534883
0.23750354699387394
0.05523064101494471
0.12529148294557693
0.09413507218604043
0.01794244327786893
0.0670056346546657
0.13203033449957213
0.030808075373347676
0.04806813758041184
0.19890638206666095
0.060873105190774573
0.15267767230243973
0.061614421484503974
0.0074845788966802764
0.2173419744578436
0.1151493941844909
0.25359188323610105
0.025391151012911947
0.07907741330893449
0.0464170868046682
0.16097913983125553
0.22192995968009407
0.25896384756984403
0.20337279243494055
0.28175978497510257
0.08738381476078538
0.1935924052633489
0.1880537643933976
0.1544113032992613
0.29179197909320204
0.1878714394065461
0.07759546618333303
0.0018609383800480505
0.10009403472623972
0.05191072925028215
0.21060748600656065
0.27696117355728284
0.022094081264626923
0.07494886149446636
0.03346503055049681
0.4006422993379
0.13430412562684035
0.04527676094472597
0.16608179744345755
0.0845948216954971
0.06579341844006485
0.06259611111525418
0.18340930870957273
0.10389743506850857
0.03659150896453459
0.26575010694009976
0.3701393095151574
0.057005997211232555
0.3074462912257391
0.014549769793326053
0.006702438718263307
0.20692808202893068
0.2071790436211954
0.05350269039486949
0.01794691087523337
0.08802863755182776
0.0471318984136762
0.024402598477711694
0.12179615040376232
0.09854731451663555
0.11294784942069448
0.029025840271718423
0.06844567797491397
0.05288356094538835
0.039560745790935554
0.006202024699262639
0.04605719842359259
0.03183881816092315
0.018140245079831283
0.03621462359152781
0.05218111982575203
0.030599755369671515
0.020649608661643514
0.009895588734599881
0.044267949995972375
4.1326481833007936E-4
0.040949254667595754
0.011988862171859396
0.021883105068167735
0.020044481231883855
0.01949739883957151
0.011919533917174922
0.009231362362801046
0.008046581516868297
0.01012597251727397
0.015813337198023157
0.01741673248607762
0.011086002122977105
0.010878323198931892
0.024918640853870914
0.028250665171559476
0.018864856018358325
0.0058942508588976615
0.02188071378333808
0.0046686614309946846
0.023251682171364533
0.010858269119789543
0.005662151735095411
0.01439208313089112
0.016809692030235312
0.024101191046539083
0.008256853482370345
0.02059496034576155
2.086458240940316E-4
0.0058646346824412915
0.015968733068231336
0.023621052409475565
0.012285508483335473
0.0020733383723525504
0.01769230008432314
8.500683516602528E-4
0.004513054165147388
0.0037832697873211615
0.016874517045067067
0.010866033215523907
0.0018184643966996105
0.002712803298273392
1.347296026615683E-4
0.012273182505371582
0.01409481570714326
0.012519849164125003
0.011621597121006126
0.0023184479245868285
7.065962793929972E-4
0.013921260621540976
0.008922532109962444
0.002005479583130449
0.010785058052824537
0.006780931536240774
0.007994497106188648
0.007394900931959865
0.01382838723662556
0.007449606287795844
0.005086680381774135
3.8537820162117583E-4
0.0014626032610475681
0.00845133837835102
0.010168220158800385
0.009178102455377838
0.004051524740388274
0.004497732520818665
0.007781998705028684
0.008430270259080788
0.010460519660619592
0.005406630237034513
0.007058173903190978
0.0037972053214044
0.004488089791310314
0.006697946810392126
0.0059599540799878895
0.007224042126831639
0.006550703283919536
0.006697785404591159
0.0037810920126670803
0.004852604311750175
0.009296178554974402
0.006751687772301239
2.7063611318064754E-5
0.009079758218510819
0.0036912120006544267
0.004779403307382777
0.002949206358482056
0.001374506112950677
0.012528123199329177
0.01601304652369751
0.017288518891800806
0.01002339322657117
0.004633180759187193
0.0069343163670167185
0.004836432841216328
0.007287633999588952
0.0011501708814890578
0.014168058065456665
0.00247426353581135
0.003756424441338177
0.010395046804871761
0.0012763661675875846
0.008851201852258938
0.01005478867455954
0.006653196294955557
0.0091693646609279
0.0151501028690498
0.00916043355439945
0.0028662778273222953
0.0045182945632906224
0.003163869012883696
0.005143816823089996
4.6616409902007917E-4
0.007106321293422255
0.007414332151964401
0.009599231565059185
0.0058932137856575065
0.005455037273809858
0.005799124316925396
0.0038715584242413384
0.01359054598971325
0.004829074545348247
0.004183766923758172
0.01318607629173326
4.903759102145491E-4
0.01199998559440366
0.01139128833096126
6.398304409170423E-4
0.007497897231762853
0.0075780054924836845
0.004191536565667524
0.002099316334847621
0.0019831544105868484
0.004402458136846463
0.004783615287533507
0.0063304028254426836
1.4933771897158616E-4
0.007539508034054116
0.005153484639443673
0.0032156038383415785
0.006158978543222373
0.006401624583880501
0.009387102279977303
0.004250820341458628
0.006608913517384938
0.0035991754706142273
0.006754332944715776
0.004793754636574725
0.002646602184225208
0.00231533702238424
0.004895574086000304
0.007639820464008736
0.00938284520535677
0.0029258668872536747
0.00248048016651716
0.008139309585024653
0.005961818011805569
0.011929285577837016
0.005248151584092579
0.0040131469354501735
0.00196169468845129
0.006649745267782815
0.003778385245623394
0.005753177977658893
0.005345679125425343
0.005200450697876289
0.003744649385099147
0.0020623066655845
0.004884109392914577
0.003884975740968742
0.006329630813770663
0.004807107164874261
0.004511060484040237
0.00618316634741434
0.004719223366109994
0.005102088593225926
0.004731985661863323
0.005103728273118795
0.005107886626806882
0.004798184880531048
0.0050183554434276014
0.0043291701638036445
0.004182900226959154
0.004429320171962874
0.004028056998478117
0.0052119679493712575
0.004861217224871506
0.002696861496622871
0.0036062036528150118
0.006305389102203123
0.005143962836027408
0.005363272348586556
0.005372052162684831
0.005728501115717742
0.005724067578726541
0.005788647114133521
0.00516709723017453
0.005392465113825699
0.005463122086853737
0.005381744165968373
0.004875067353139553
0.004648960613635596
0.004881682390098557
0.0043950774366191105
0.005643273580613056
0.004765922995635653
0.0042918742036718435
0.004843438378128199
0.005823711059366705
0.004602355722550887
0.004176868837968529
0.00425339781130301
0.004689060944533198
0.004877270380056249
0.004422916098660707
0.004959357843745967
0.004191800819675346
0.0050234439311291216
0.00480921343219298
0.004359591790927073
0.004557462631703709
0.004892674478226019
0.0051046158906513355
0.004065222537813381
0.004171555846454822
0.005452758205218766
0.0046666316343846855
0.0047934141912958006
0.005031654306257407
0.004728934743586212
0.005199525728996805
0.004579500252211655
0.004472330190354352
0.0052228078977116085
0.004548180449286291
0.005577863906039905
0.004748433021885684
0.0035103927402525513
0.004979784482281007
0.004485615490451897
0.004454372088339588
0.004448059477561315
0.005455915236560905
0.004742560075521365
0.004645513743144452
0.004577856806242799
0.0055142162627261435
0.005357513815360124
0.004552007635475763
0.0052089060209865685
0.004781786149981155
0.004859598367224685
0.004383348533772279
0.004867247051863195
0.005147293500227057
0.0043855236936744535
0.004932672106804262
0.004888971914964558
0.004373995246871766
0.005057245814455702
0.004843385241608324
0.004503397993392516
0.005196676168670105
0.004197489389370373
0.005231485482704226
0.005048669429821026
0.004839650805318798
0.005210098252094987
0.004523731997330966
0.004764385762511088
0.005086399327406439
0.005094584228023537
0.005391554681258341
0.005431325259232236
0.004829809907289306
0.005335221179859693
0.005301120305866805
0.004756539880495641
0.004602467341012494
0.005327889861465536
0.004082531629216665
0.005016736621336043
0.004375086521500734
0.004929284184834837
0.004934604557279315
0.005096348088835435
0.00467693044117574
0.004897800507335237
0.00494186871078042
0.006069706528424471
0.004796102135606507
0.004892571583572912
0.004532165800565067
0.0045615893978472296
0.00464524514815612
0.005140716670574641
0.0051424956610650035
0.004351687626534809
0.005264710666614912
0.004974867957588851
0.004424548157725614
0.004867353104936428
0.004502705360454366
0.004512205293748071
0.004794880486775601
0.004643166369824368
0.004714026985420189
0.0052447262286932205
0.004331710435358804
0.0047302088565730985
0.005007282128276344
0.0049076573281659226
0.004357080146759806
0.003804370505282246
0.004357080146759806
0.0049076573281659226
0.005007282128276344
0.0047302088565730985
0.004331710435358804
0.0052447262286932205
0.004714026985420189
0.004643166369824368
0.004794880486775601
0.004512205293748071
0.004502705360454366
0.004867353104936428
0.004424548157725614
0.004974867957588851
0.005264710666614912
0.004351687626534809
0.0051424956610650035
0.005140716670574641
0.00464524514815612
0.0045615893978472296
0.004532165800565067
0.004892571583572912
0.004796102135606507
0.006069706528424471
0.00494186871078042
0.004897800507335237
0.00467693044117574
0.005096348088835435
0.004934604557279315
0.004929284184834837
0.004375086521500734
0.005016736621336043
0.004082531629216665
0.005327889861465536
0.004602467341012494
0.004756539880495641
0.005301120305866805
0.005335221179859693
0.004829809907289306
0.005431325259232236
0.005391554681258341
0.005094584228023537
0.005086399327406439
0.004764385762511088
0.004523731997330966
0.005210098252094987
0.004839650805318798
0.005048669429821026
0.005231485482704226
0.004197489389370373
0.005196676168670105
0.004503397993392516
0.004843385241608324
0.005057245814455702
0.004373995246871766
0.004888971914964558
0.004932672106804262
0.0043855236936744535
0.005147293500227057
0.004867247051863195
0.004383348533772279
0.004859598367224685
0.004781786149981155
0.0052089060209865685
0.004552007635475763
0.005357513815360124
0.0055142162627261435
0.004577856806242799
0.004645513743144452
0.004742560075521365
0.005455915236560905
0.004448059477561315
0.004454372088339588
0.004485615490451897
0.004979784482281007
0.0035103927402525513
0.004748433021885684
0.005577863906039905
0.004548180449286291
0.0052228078977116085
0.004472330190354352
0.004579500252211655
0.005199525728996805
0.004728934743586212
0.005031654306257407
0.0047934141912958006
0.0046666316343846855
0.005452758205218766
0.004171555846454822
0.004065222537813381
0.0051046158906513355
0.004892674478226019
0.004557462631703709
0.004359591790927073
0.00480921343219298
0.0050234439311291216
0.004191800819675346
0.004959357843745967
0.004422916098660707
0.004877270380056249
0.004689060944533198
0.00425339781130301
0.004176868837968529
0.004602355722550887
0.005823711059366705
0.004843438378128199
0.0042918742036718435
0.004765922995635653
0.005643273580613056
0.0043950774366191105
0.004881682390098557
0.004648960613635596
0.004875067353139553
0.005381744165968373
0.005463122086853737
0.005392465113825699
0.00516709723017453
0.005788647114133521
0.005724067578726541
0.005728501115717742
0.005372052162684831
0.005363272348586556
0.005143962836027408
0.006305389102203123
0.0036062036528150118
0.002696861496622871
0.004861217224871506
0.0052119679493712575
0.004028056998478117
0.004429320171962874
0.004182900226959154
0.0043291701638036445
0.0050183554434276014
0.004798184880531048
0.005107886626806882
0.005103728273118795
0.004731985661863323
0.005102088593225926
0.004719223366109994
0.00618316634741434
0.004511060484040237
0.004807107164874261
0.006329630813770663
0.003884975740968742
0.004884109392914577
0.0020623066655845
0.003744649385099147
0.005200450697876289
0.005345679125425343
0.005753177977658893
0.003778385245623394
0.006649745267782815
0.00196169468845129
0.0040131469354501735
0.005248151584092579
0.011929285577837016
0.005961818011805569
0.008139309585024653
0.00248048016651716
0.0029258668872536747
0.00938284520535677
0.007639820464008736
0.004895574086000304
0.00231533702238424
0.002646602184225208
0.004793754636574725
0.006754332944715776
0.0035991754706142273
0.006608913517384938
0.004250820341458628
0.009387102279977303
0.006401624583880501
0.006158978543222373
0.0032156038383415785
0.005153484639443673
0.007539508034054116
1.4933771897158616E-4
0.0063304028254426836
0.004783615287533507
0.004402458136846463
0.0019831544105868484
0.002099316334847621
0.004191536565667524
0.0075780054924836845
0.007497897231762853
6.398304409170423E-4
0.01139128833096126
0.01199998559440366
4.903759102145491E-4
0.01318607629173326
0.004183766923758172
0.004829074545348247
0.01359054598971325
0.0038715584242413384
0.005799124316925396
0.005455037273809858
0.0058932137856575065
0.009599231565059185
0.007414332151964401
0.007106321293422255
4.6616409902007917E-4
0.005143816823089996
0.003163869012883696
0.0045182945632906224
0.0028662778273222953
0.00916043355439945
0.0151501028690498
0.0091693646609279
0.006653196294955557
0.01005478867455954
0.008851201852258938
0.0012763661675875846
0.010395046804871761
0.003756424441338177
0.00247426353581135
0.014168058065456665
0.0011501708814890578
0.007287633999588952
0.004836432841216328
0.0069343163670167185
0.004633180759187193
0.01002339322657117
0.017288518891800806
0.01601304652369751
0.012528123199329177
0.001374506112950677
0.002949206358482056
0.004779403307382777
0.0036912120006544267
0.009079758218510819
2.7063611318064754E-5
0.006751687772301239
0.009296178554974402
0.004852604311750175
0.0037810920126670803
0.006697785404591159
0.006550703283919536
0.007224042126831639
0.0059599540799878895
0.006697946810392126
0.004488089791310314
0.0037972053214044
0.007058173903190978
0.005406630237034513
0.010460519660619592
0.008430270259080788
0.007781998705028684
0.004497732520818665
0.004051524740388274
0.009178102455377838
0.010168220158800385
0.00845133837835102
0.0014626032610475681
3.8537820162117583E-4
0.005086680381774135
0.007449606287795844
0.01382838723662556
0.007394900931959865
0.007994497106188648
0.006780931536240774
0.010785058052824537
0.002005479583130449
0.008922532109962444
0.013921260621540976
7.065962793929972E-4
0.0023184479245868285
0.011621597121006126
0.012519849164125003
0.01409481570714326
0.012273182505371582
1.347296026615683E-4
0.002712803298273392
0.0018184643966996105
0.010866033215523907
0.016874517045067067
0.0037832697873211615
0.004513054165147388
8.500683516602528E-4
0.01769230008432314
0.0020733383723525504
0.012285508483335473
0.023621052409475565
0.015968733068231336
0.0058646346824412915
2.086458240940316E-4
0.02059496034576155
0.008256853482370345
0.024101191046539083
0.016809692030235312
0.01439208313089112
0.005662151735095411
0.010858269119789543
0.023251682171364533
0.0046686614309946846
0.02188071378333808
0.0058942508588976615
0.018864856018358325
0.028250665171559476
0.024918640853870914
0.010878323198931892
0.011086002122977105
0.01741673248607762
0.015813337198023157
0.01012597251727397
0.008046581516868297
0.009231362362801046
0.011919533917174922
0.01949739883957151
0.020044481231883855
0.021883105068167735
0.011988862171859396
0.040949254667595754
4.1326481833007936E-4
0.044267949995972375
0.009895588734599881
0.020649608661643514
0.030599755369671515
0.05218111982575203
0.03621462359152781
0.018140245079831283
0.03183881816092315
0.04605719842359259
0.006202024699262639
0.039560745790935554
0.05288356094538835
0.06844567797491397
0.029025840271718423
0.11294784942069448
0.09854731451663555
0.12179615040376232
0.024402598477711694
0.0471318984136762
0.08802863755182776
0.01794691087523337
0.05350269039486949
0.2071790436211954
0.20692808202893068
0.006702438718263307
0.014549769793326053
0.3074462912257391
0.057005997211232555
0.3701393095151574
0.26575010694009976
0.03659150896453459
0.10389743506850857
0.18340930870957273
0.06259611111525418
0.06579341844006485
0.0845948216954971
0.16608179744345755
0.04527676094472597
0.13430412562684035
0.4006422993379
0.03346503055049681
0.07494886149446636
0.022094081264626923
0.27696117355728284
0.21060748600656065
0.05191072925028215
0.10009403472623972
0.0018609383800480505
0.07759546618333303
0.1878714394065461
0.29179197909320204
0.1544113032992613
0.1880537643933976
0.1935924052633489
0.08738381476078538
0.28175978497510257
0.20337279243494055
0.25896384756984403
0.22192995968009407
0.16097913983125553
0.0464170868046682
0.07907741330893449
0.025391151012911947
0.25359188323610105
0.1151493941844909
0.2173419744578436
0.0074845788966802764
0.061614421484503974
0.15267767230243973
0.060873105190774573
0.19890638206666095
0.04806813758041184
0.030808075373347676
0.13203033449957213
0.0670056346546657
0.01794244327786893
0.09413507218604043
0.12529148294557693
0.05523064101494471
0.23750354699387394
0.06297235939534883
0.15635250078492335
0.06331907609029906
0.03723748582005894
0.10049028782040595
0.015843864986379946
0.02864097497884703
0.3704188476312105
0.0724734985333337
0.07114988062474574
0.013655538731263336
0.08871245931637053
0.06311143523381746
0.07226176854353622
0.03156464149167026
0.007562676059016298
0.23042517433539517
0.2456171229815094
0.037810700940687496
0.094385852215938
0.0014544492321781127
1.0
0.6653567244880635
0.01685835992453798
0.20494308617426119
0.3141150976846154
0.27697737374376963
0.2503377265435697
0.2611805569713011
0.1456768742630883
0.2680245059595132
0.3283222108192023
0.0020796384467842203
0.24232556363932123
0.06558769627846667
0.009963882447899934
0.016277039005415064
0.08588820597346973
0.34869778737011253
0.22746630299104695
0.19341497968135174
0.05325048005595348
0.04943537859615102
0.3730610262145676
0.29379798045606725
0.03759478053061067
0.03355090184182472
0.3026708090305613
0.008894542304520558
0.006366729429485956
0.1478436002768811
0.05506216543968514
0.04006821471893777
0.019560050857064
0.11762332483468721
0.39002072304860486
0.28767216724361594
4.442724164418439E-4
0.3469071780448746
0.6166979796998079
0.035430782603582484
0.004724088707898436
0.07661381785887264
0.006499366113011402
0.010881098505782297
0.026608184891850566
0.00886801302623989
0.012817901032135724
