0.08073865790878047
0.03768010043077935
0.08716933010744378
0.0018200815743510171
0.06469704222017676
0.07613699017054412
0.02950795178335531
0.022488346561084355
0.08699136720453962
0.14426674069106663
0.023433715619612824
0.02727819546623064
0.017170943740900925
0.13806004510250575
0.14993107593734967
0.011792430745448905
0.03358351438898407
0.09453216929976176
0.18164734092668897
0.11716139106804539
0.011427243088793844
0.05770515868138485
0.13346886621490858
0.013784075924959251
0.03536445271847595
0.018935090552508936
0.029223689973757187
0.016859431556378746
0.06886869751073775
0.031445240781090816
0.03948538404157542
0.012112869408704154
0.0983742769718663
6.911958059259895E-4
0.04128186793496719
0.004816998998545175
0.17771389061230977
0.12414693800423039
0.055120973472022786
0.076655116274812
0.16075483611441474
0.006082124484051328
0.1731748954623605
0.11862400996707569
0.2535595922067401
0.6725244908703157
0.4221942860655623
0.24997999210954544
0.15189849269742073
0.18903148676182696
0.034236480485871364
0.06363388398453393
0.04777507143885574
0.0478838172111993
0.15247700739382536
0.17642238857878648
0.11820348533976824
0.05951061666310377
0.07430598000215045
0.07214551338130172
0.061001398039011376
0.0478862195542816
0.06122680491834798
0.09046726199885302
0.024285685806122337
0.05620245264256936
0.12476036222016111
0.14317388271489406
0.09944063945574831
0.1390268562782677
0.06970657146134912
0.24220025373184564
0.8770468914874786
1.0
0.25721513087893183
0.19401546187164112
0.05215768760389792
0.0014397348504444788
0.17506149707985014
0.029069351445171226
0.016692520365351387
0.0029517626292901653
0.029569298397336217
0.07040195959583011
0.010930137779709213
0.04428769622480256
0.09203904018493489
0.0803766120030281
0.021963699598044888
0.03375496183339202
0.17146239759487658
0.32916457256115716
0.011594307665950602
0.027989999121512187
0.006439495893423499
0.009110621424433267
0.07634949589625808
0.017217376240196435
0.036007049900297045
0.1080523237197037
0.2843802319799576
0.04556805517319749
0.0607428407402459
0.014153111054552959
0.09855805286643346
0.12933374561895333
0.013701352068649548
0.010842045922303856
4.6295710709436425E-4
0.06563232578963708
0.02244376216811054
0.030279632322268962
0.007018517743029407
0.05106826378321685
0.0045765610299653495
0.05505028209885745
0.047562380469757776
0.03290669197332334
0.07111521652513363
0.0208195037659482
0.006072683665713142
0.009103399072056102
0.04418421279398129
0.027118518183732922
0.012600042261536609
0.033219064667390795
0.028553315341914628
0.2155004158184988
0.06655438631844615
0.034006594200957696
0.025165991006846654
0.07246166638933525
0.03641145637670231
0.009326392639978545
0.019034913984741667
0.039358383199698074
0.03547094541291693
0.03755593011820361
0.03432618499632774
0.02419613997082783
0.013007989980496024
0.01209623763528537
0.013055927160645249
0.014833474143857798
8.476293494923173E-4
0.0440615606892896
0.09974785639248557
0.0424600839315516
0.059449249377728206
0.03986278083263059
0.009391212380006937
0.01703013454513813
0.013929932239935569
0.07218918657190185
0.0073398779917073255
0.06510254519894837
0.06301447583657481
0.052781879427036715
0.048319984651950275
0.011776491596002765
0.027694989574507462
0.028868420955742546
0.02627981528938125
0.018974971220228128
0.07224330445883406
0.03731793604618542
0.03371255508740664
0.010797793102533558
0.04103228549194596
0.004347371066497714
0.07683520842158506
0.027428542292947024
0.026074633353496694
0.06445341033545433
0.026862953004484817
0.03171236253490699
0.0181065031229003
0.010920934423925707
0.05303110203613203
0.0183916717981315
0.006638623194975112
0.002419427019677431
0.061245637916221514
0.010359006091504992
0.06031400523120533
0.010379976723234053
0.04897090074883901
0.09905793409920093
0.03321708705035374
0.019376444609583814
0.006480396142481056
0.14201633935394228
1.0870425863411706E-4
0.00793922936984193
0.091421531225063
0.04594051616199411
0.048739078542206916
0.0068037845286307765
0.014551613484320358
0.09164055403074946
0.019884019282493018
0.06403758210370689
0.002804211900608891
0.06708481786031707
0.01514586462930057
0.011064556122343049
0.013073739776016044
0.010516094597416238
0.0504533842597393
0.07227823698524741
0.018709562061829277
0.030891644934978563
0.002239028527584481
0.03692477820846804
0.04876336016906301
0.0022413501457285985
0.020806771052306043
0.062278669662143
0.09906387272507478
0.061647336007826944
0.04621317507660637
0.046638192982746414
0.016262711280188274
0.023357641314012658
0.04086079511231187
0.004252592328606702
0.06105990379749018
0.04072250320586838
0.043940891386280184
0.031053782620754825
0.03039506159887688
0.02935951196682926
0.028881303352061006
0.011921540255974429
0.0016928407437613946
0.03504414563731066
9.190978624305791E-4
0.04025021460832918
0.021612437529014164
0.04902683161646634
0.008178519672601258
0.0312298239144675
0.026410245117539383
0.022777363360802057
0.061085412702353216
0.06372580775135935
0.036685161934295836
0.02656138313891506
0.06247411441689499
0.0026284714528136146
0.06908200179139418
0.005070232254953476
0.03220357988209663
0.07523093836310177
0.09836164846795878
0.06382025310997932
0.04385169978189164
0.013680698575222977
0.04476346966299482
0.05727041731410803
0.005174016494656918
0.0020220334264374144
0.018476983317664328
0.030636867984922257
0.0406840375777621
0.07172379571490996
0.06471212479827254
0.023362869038198432
0.10249970787936068
0.018675276250882306
0.017081913504740906
0.04566750759399002
0.058610630232299094
0.0012767847668081064
0.0058121151074233945
0.011611829166403022
0.005472355681422661
0.016171750753727537
0.005485886020460643
0.028794021377289012
0.007024794584238948
0.05688400596390553
0.12168241532085781
0.027322564198214248
0.04106678678718972
0.033206718582174215
0.04235642145445923
0.025843267099665102
0.055270510842580826
0.022433089082403535
0.05508499781174379
0.029907100323911584
0.03023666320062401
0.0164398264139466
0.05144326755510921
0.030441722888058572
0.041387517676817455
0.04753351198091484
0.05807432494133416
0.05252147021982296
0.01489226271376001
0.03217645464207722
0.04878564457634235
0.0019379543894150035
0.008631312756106358
0.011306611428178287
0.004263001406334199
0.006439341598032725
0.051379145941951206
0.04784356795700221
0.054793703151344075
0.033843683447275064
0.009314531174338099
0.03275146017173954
0.022485428771684718
0.04411060817506083
0.015238414958657343
0.007879977426781053
0.0037638576305517404
0.03649126018619134
0.04627047055308544
0.006356052884630446
0.05139504817167254
0.031422893507424714
0.010725461514309767
0.015165901078782537
0.0484948192052972
0.0029102048242355123
0.09673501252380405
0.037490982910351474
0.03680996881876767
0.00490985070561537
0.06086636179949472
0.028107613099808443
0.012953332590894222
0.020132847861073007
0.06908231566338287
0.0380546194284319
0.023409615982611622
0.05450263991075578
0.04985994678307625
0.004837155883977318
0.013504850390668099
0.01727080004428163
0.02462170084361246
0.018890313659281142
0.015369018802975105
0.010830033719419237
0.013179607556845815
0.005230825197732943
0.037191313431333424
0.025168188971013694
0.013083135985903606
0.0040455365435272325
0.01843185080323241
0.03443301315780564
0.05626687059911157
0.04587536222090836
0.01573264270153608
0.005158654066283682
8.913568939701652E-4
0.017568096255598666
0.051213840823445725
0.05647472524964162
3.290542521329944E-5
0.008299878927861997
0.05832382939166261
0.03717739992716344
0.02350156721196348
0.03245178165282409
0.004186530638213381
0.052442209081676586
0.05266074870591621
0.026409236895794098
0.006859174005182383
0.03509655494322518
0.01286711342782188
0.003198818019901908
0.009939846401126828
0.02441725514517613
0.04884558336339622
0.05947551501719971
0.06557447584416834
0.004788175968749076
0.03376776540666632
0.07483851476751763
0.02184940826114378
0.051081419726916835
0.0015643226224429363
0.027843387149899545
0.040579953397441866
0.0029812530683130008
0.008817811038301723
0.05122558136729464
0.023962031440203507
0.005877382794580478
0.018952337184474435
0.03894337532381702
0.034322640743214186
0.01877414487944669
0.039076293391834035
0.03956936818640987
0.05900790787368285
0.01870603315416192
0.0014003323949344408
0.028346682331958764
0.017139206672787854
0.0792666640494697
0.016525368766615926
0.057567971397737214
0.021894621878950964
0.015325182300079225
0.02097560092474901
0.029734446042292823
0.06263357937932575
0.01434281123927399
0.06176816635715168
0.0248568681328576
0.03529098542465241
0.03661346645973541
0.03359274088534089
0.003857598982379797
0.013007386820605088
0.08966311798534476
0.018910102111844854
0.02230900995909189
0.015162091855725314
0.0026069665953692566
0.045619613646431655
0.015193597067737515
0.01331397601388371
0.009889116368640634
0.05003668261005938
0.012745977812897765
0.03938864866680688
0.03214710747820516
0.019593160280446626
0.021373282246259714
0.053379904282214265
0.04024927204475144
2.4713214156661076E-4
0.012919430068247336
0.008946914114039577
0.03086441785189171
0.0396999662632423
0.013323868148073787
0.05877343117442605
0.008769775533549962
0.00575909118462548
0.053421962401946035
0.01634352386022288
0.09871629911897263
0.03505524606358161
0.003403024152412627
0.047047725520291905
0.035450978796849664
0.010020727807815957
0.019007113319203944
0.022978520509810408
0.008580037030313131
0.01764306623534101
0.030433170580377658
0.007339877991707315
0.030433170580377658
0.01764306623534101
0.008580037030313131
0.022978520509810408
0.019007113319203944
0.010020727807815957
0.035450978796849664
0.047047725520291905
0.003403024152412627
0.03505524606358161
0.09871629911897263
0.01634352386022288
0.053421962401946035
0.00575909118462548
0.008769775533549962
0.05877343117442605
0.013323868148073787
0.0396999662632423
0.03086441785189171
0.008946914114039577
0.012919430068247336
2.4713214156661076E-4
0.04024927204475144
0.053379904282214265
0.021373282246259714
0.019593160280446626
0.03214710747820516
0.03938864866680688
0.012745977812897765
0.05003668261005938
0.009889116368640634
0.01331397601388371
0.015193597067737515
0.045619613646431655
0.0026069665953692566
0.015162091855725314
0.02230900995909189
0.018910102111844854
0.08966311798534476
0.013007386820605088
0.003857598982379797
0.03359274088534089
0.03661346645973541
0.03529098542465241
0.0248568681328576
0.06176816635715168
0.01434281123927399
0.06263357937932575
0.029734446042292823
0.02097560092474901
0.015325182300079225
0.021894621878950964
0.057567971397737214
0.016525368766615926
0.0792666640494697
0.017139206672787854
0.028346682331958764
0.0014003323949344408
0.01870603315416192
0.05900790787368285
0.03956936818640987
0.039076293391834035
0.01877414487944669
0.034322640743214186
0.03894337532381702
0.018952337184474435
0.005877382794580478
0.023962031440203507
0.05122558136729464
0.008817811038301723
0.0029812530683130008
0.040579953397441866
0.027843387149899545
0.0015643226224429363
0.051081419726916835
0.02184940826114378
0.07483851476751763
0.03376776540666632
0.004788175968749076
0.06557447584416834
0.05947551501719971
0.04884558336339622
0.02441725514517613
0.009939846401126828
0.003198818019901908
0.01286711342782188
0.03509655494322518
0.006859174005182383
0.026409236895794098
0.05266074870591621
0.052442209081676586
0.004186530638213381
0.03245178165282409
0.02350156721196348
0.03717739992716344
0.05832382939166261
0.008299878927861997
3.290542521329944E-5
0.05647472524964162
0.051213840823445725
0.017568096255598666
8.913568939701652E-4
0.005158654066283682
0.01573264270153608
0.04587536222090836
0.05626687059911157
0.03443301315780564
0.01843185080323241
0.0040455365435272325
0.013083135985903606
0.025168188971013694
0.037191313431333424
0.005230825197732943
0.013179607556845815
0.010830033719419237
0.015369018802975105
0.018890313659281142
0.02462170084361246
0.01727080004428163
0.013504850390668099
0.004837155883977318
0.04985994678307625
0.05450263991075578
0.023409615982611622
0.0380546194284319
0.06908231566338287
0.020132847861073007
0.012953332590894222
0.028107613099808443
0.06086636179949472
0.00490985070561537
0.03680996881876767
0.037490982910351474
0.09673501252380405
0.0029102048242355123
0.0484948192052972
0.015165901078782537
0.010725461514309767
0.031422893507424714
0.05139504817167254
0.006356052884630446
0.04627047055308544
0.03649126018619134
0.0037638576305517404
0.007879977426781053
0.015238414958657343
0.04411060817506083
0.022485428771684718
0.03275146017173954
0.009314531174338099
0.033843683447275064
0.054793703151344075
0.04784356795700221
0.051379145941951206
0.006439341598032725
0.004263001406334199
0.011306611428178287
0.008631312756106358
0.0019379543894150035
0.04878564457634235
0.03217645464207722
0.01489226271376001
0.05252147021982296
0.05807432494133416
0.04753351198091484
0.041387517676817455
0.030441722888058572
0.05144326755510921
0.0164398264139466
0.03023666320062401
0.029907100323911584
0.05508499781174379
0.022433089082403535
0.055270510842580826
0.025843267099665102
0.04235642145445923
0.033206718582174215
0.04106678678718972
0.027322564198214248
0.12168241532085781
0.05688400596390553
0.007024794584238948
0.028794021377289012
0.005485886020460643
0.016171750753727537
0.005472355681422661
0.011611829166403022
0.0058121151074233945
0.0012767847668081064
0.058610630232299094
0.04566750759399002
0.017081913504740906
0.018675276250882306
0.10249970787936068
0.023362869038198432
0.06471212479827254
0.07172379571490996
0.0406840375777621
0.030636867984922257
0.018476983317664328
0.0020220334264374144
0.005174016494656918
0.05727041731410803
0.04476346966299482
0.013680698575222977
0.04385169978189164
0.06382025310997932
0.09836164846795878
0.07523093836310177
0.03220357988209663
0.005070232254953476
0.06908200179139418
0.0026284714528136146
0.06247411441689499
0.02656138313891506
0.036685161934295836
0.06372580775135935
0.061085412702353216
0.022777363360802057
0.026410245117539383
0.0312298239144675
0.008178519672601258
0.04902683161646634
0.021612437529014164
0.04025021460832918
9.190978624305791E-4
0.03504414563731066
0.0016928407437613946
0.011921540255974429
0.028881303352061006
0.02935951196682926
0.03039506159887688
0.031053782620754825
0.043940891386280184
0.04072250320586838
0.06105990379749018
0.004252592328606702
0.04086079511231187
0.023357641314012658
0.016262711280188274
0.046638192982746414
0.04621317507660637
0.061647336007826944
0.09906387272507478
0.062278669662143
0.020806771052306043
0.0022413501457285985
0.04876336016906301
0.03692477820846804
0.002239028527584481
0.030891644934978563
0.018709562061829277
0.07227823698524741
0.0504533842597393
0.010516094597416238
0.013073739776016044
0.011064556122343049
0.01514586462930057
0.06708481786031707
0.002804211900608891
0.06403758210370689
0.019884019282493018
0.09164055403074946
0.014551613484320358
0.0068037845286307765
0.048739078542206916
0.04594051616199411
0.091421531225063
0.00793922936984193
1.0870425863411706E-4
0.14201633935394228
0.006480396142481056
0.019376444609583814
0.03321708705035374
0.09905793409920093
0.04897090074883901
0.010379976723234053
0.06031400523120533
0.010359006091504992
0.061245637916221514
0.002419427019677431
0.006638623194975112
0.0183916717981315
0.05303110203613203
0.010920934423925707
0.0181065031229003
0.03171236253490699
0.026862953004484817
0.06445341033545433
0.026074633353496694
0.027428542292947024
0.07683520842158506
0.004347371066497714
0.04103228549194596
0.010797793102533558
0.03371255508740664
0.03731793604618542
0.07224330445883406
0.018974971220228128
0.02627981528938125
0.028868420955742546
0.027694989574507462
0.011776491596002765
0.048319984651950275
0.052781879427036715
0.06301447583657481
0.06510254519894837
0.0073398779917073255
0.07218918657190185
0.013929932239935569
0.01703013454513813
0.009391212380006937
0.03986278083263059
0.059449249377728206
0.0424600839315516
0.09974785639248557
0.0440615606892896
8.476293494923173E-4
0.014833474143857798
0.013055927160645249
0.01209623763528537
0.013007989980496024
0.02419613997082783
0.03432618499632774
0.03755593011820361
0.03547094541291693
0.039358383199698074
0.019034913984741667
0.009326392639978545
0.03641145637670231
0.07246166638933525
0.025165991006846654
0.034006594200957696
0.06655438631844615
0.2155004158184988
0.028553315341914628
0.033219064667390795
0.012600042261536609
0.027118518183732922
0.04418421279398129
0.009103399072056102
0.006072683665713142
0.0208195037659482
0.07111521652513363
0.03290669197332334
0.047562380469757776
0.05505028209885745
0.0045765610299653495
0.05106826378321685
0.007018517743029407
0.030279632322268962
0.02244376216811054
0.06563232578963708
4.6295710709436425E-4
0.010842045922303856
0.013701352068649548
0.12933374561895333
0.09855805286643346
0.014153111054552959
0.0607428407402459
0.04556805517319749
0.2843802319799576
0.1080523237197037
0.036007049900297045
0.017217376240196435
0.07634949589625808
0.009110621424433267
0.006439495893423499
0.027989999121512187
0.011594307665950602
0.32916457256115716
0.17146239759487658
0.03375496183339202
0.021963699598044888
0.0803766120030281
0.09203904018493489
0.04428769622480256
0.010930137779709213
0.07040195959583011
0.029569298397336217
0.0029517626292901653
0.016692520365351387
0.029069351445171226
0.17506149707985014
0.0014397348504444788
0.05215768760389792
0.19401546187164112
0.25721513087893183
1.0
0.8770468914874786
0.24220025373184564
0.06970657146134912
0.1390268562782677
0.09944063945574831
0.14317388271489406
0.12476036222016111
0.05620245264256936
0.024285685806122337
0.09046726199885302
0.06122680491834798
0.0478862195542816
0.061001398039011376
0.07214551338130172
0.07430598000215045
0.05951061666310377
0.11820348533976824
0.17642238857878648
0.15247700739382536
0.0478838172111993
0.04777507143885574
0.06363388398453393
0.034236480485871364
0.18903148676182696
0.15189849269742073
0.24997999210954544
0.4221942860655623
0.6725244908703157
0.2535595922067401
0.11862400996707569
0.1731748954623605
0.006082124484051328
0.16075483611441474
0.076655116274812
0.055120973472022786
0.12414693800423039
0.17771389061230977
0.004816998998545175
0.04128186793496719
6.911958059259895E-4
0.0983742769718663
0.012112869408704154
0.03948538404157542
0.031445240781090816
0.06886869751073775
0.016859431556378746
0.029223689973757187
0.018935090552508936
0.03536445271847595
0.013784075924959251
0.13346886621490858
0.05770515868138485
0.011427243088793844
0.11716139106804539
0.18164734092668897
0.09453216929976176
0.03358351438898407
0.011792430745448905
0.14993107593734967
0.13806004510250575
0.017170943740900925
0.02727819546623064
0.023433715619612824
0.14426674069106663
0.08699136720453962
0.022488346561084355
0.02950795178335531
0.07613699017054412
0.06469704222017676
0.0018200815743510171
0.08716933010744378
0.03768010043077935
