-0.017633673876994407
0.062196071926413604
0.026440568353343782
0.27101063377527246
0.021843473921816417
0.0692758792138161
0.025962670842737467
0.004666838389697503
0.06296734927677126
0.20719216663472398
0.08036342486808616
0.01870484612003598
0.027431871622664906
0.04490179479516707
0.07274024226990208
0.0064438378628749625
0.03326647253421435
0.1688190133145236
0.7530837977107881
0.13065049029324383
0.04337487216510629
0.16018660980342123
0.01086446472636866
0.0030040956527540717
0.014644525720764204
0.003579079286373576
0.03396812852957036
0.12676983901969632
0.006295097448846488
0.007769117671847915
0.015132751985805805
0.030028254843645793
0.07493527070478949
0.0930075175565289
0.010266987634753597
0.08706959708312671
0.11922780479039673
0.13906933681730477
0.00937565156105378
0.059397740250391615
0.16815439795077722
0.05282379922449752
0.140379120715151
0.0030361912943117557
0.19453925749902187
0.20387899490434164
0.1341491387102786
0.024783020727815235
0.15009012068562552
0.08488239004415526
0.021361198358517124
0.12950133811587833
0.10140083915020706
0.05751240177585232
0.03751775213649084
0.12250191776960909
0.14839836775611584
0.00649549812335999
0.05892303221222399
0.015437072034330396
0.03389721642121768
0.12017721053954604
0.02907610221392505
0.037743357148024514
0.02122171219383502
0.030521786309258843
0.08588426912580954
0.0032440166346695415
0.04606192299308577
0.006367590745898419
0.06664421718127032
0.0409427494355178
0.08355156741978725
1.0
0.06376199587236554
0.03555432468098555
0.02354121605505223
0.03204016145347382
0.036696330090960794
0.002049407190397558
0.10550600092918397
0.10987576981229852
0.1322594431668688
0.027268145034431056
0.05981342248336021
0.011204007544383983
0.07600571488012087
0.04331058382777097
0.05042509226393521
0.04324520329987572
0.04565962437110509
0.5549813948819863
0.01898689334519974
0.02699345289261685
0.001054433715897618
0.15776769326138881
0.09187358366138691
0.10166100616250857
0.052489782749898184
0.1012434229423458
0.2769954782377312
0.05396892908896058
0.06049119720745825
0.02079696670164611
0.015852667560783868
0.06425369709838896
0.024690190967252435
0.054056016691976905
6.986358989624456E-4
0.11676093689156164
0.06222827481646533
0.007756068437854627
0.00211458172444649
0.05330925653782108
0.022556812952257664
0.00489716322693944
0.019495862661255456
0.0396127161916586
0.009555569153948153
0.027782253988224245
0.0025623023699613287
0.07790826061522003
0.024975853309220565
0.013755380131278677
0.03383590659395884
6.229629633195155E-4
0.05587324429509551
0.10769590015989704
0.11228377974608873
0.05003654549078597
0.07842719971742322
0.014425266195067248
0.059433758310317907
0.03537168342036837
0.03846696496629679
0.06793629633953009
0.06381566092431472
0.07265620485179096
0.05427986655975465
0.017587475494294905
0.005601799270245616
0.005635915465963045
0.005829944734400422
0.07618593097683189
0.050309797523486306
0.10621048942617294
0.015175443750902868
0.01386508951006232
0.08855475799969184
0.033344121054584994
0.013008968116624197
0.023386395184410956
0.032707680037773426
0.04973774416341112
0.026450510815491608
0.01956232488154946
0.035917811983906714
0.033903640456158415
0.025412252788686553
0.05454585961724301
0.04378264208884052
0.0723236101447725
0.009567253829646767
0.05778416103073623
0.05730140391669431
0.10232912197853758
0.056993188259485725
0.047577574064712885
0.013041450687696661
0.049850556218551466
0.03035931360860558
0.07275986550117684
0.04880823437226064
0.13535969156918717
0.05319743105414689
0.03682355198655565
0.0505378859500929
0.041008020645512705
0.012082367532136295
0.00436787860774534
0.0240504376493588
0.1431488427211957
0.1598676734398366
0.07049728582509233
1.216979096433293E-4
0.03697462955183542
0.02919293932080654
0.02425983637138846
0.011842786268200714
0.08821021837333527
0.0794392588441067
0.08386323959535663
0.06469294242791061
0.029381542041279303
0.09156266750832737
5.001333326901126E-4
0.02418182647008459
0.10077305287976723
0.005238848061234857
0.02775673138249348
0.15500861710661853
0.05788965981130417
0.04947285661767507
0.031245986772667583
0.04287936900659709
0.015444100716244231
0.015599051135819731
0.06492396576728936
0.03267029009291058
0.06411602600260781
0.10223463007509546
0.08094174476224986
0.0888880319715282
0.01743623589927895
0.01726928525563965
0.006308195510713525
0.01911000419002846
0.013081138902343777
0.010470284351871334
0.03380645494027903
0.10235960548771572
0.05231503211896852
0.08611568690388026
0.057242767198638404
0.040463264125429096
0.015114922570573239
0.028233455788336567
0.013165817711811072
0.023574995081208035
0.03539176937395502
0.06445371167370535
0.026450510815491608
0.012146095382690078
0.04136198150415518
0.05265057344146335
0.012477668740527593
0.06829842082111609
0.13388267067760745
0.003709703367013157
0.0017346345782666057
0.0572369917537632
0.03981352142887525
0.02134385918483262
0.053219209916188906
0.01822976902236421
0.12305524372942771
0.018392666313532622
0.030749254636642413
0.033055764220434845
0.007238625625323009
0.02294893020799673
0.019790725738204895
0.019753789133049534
0.03693203963759193
0.11886839237172037
0.02235456482816121
0.033268071330784285
0.028146218401278244
0.07966732381520217
0.07731069797247976
0.020551388779894087
0.032625089072161856
0.015309486785874127
0.003935975131452438
0.014678926074922034
0.003915101385194868
0.026668842277653426
0.005428865856303984
0.06437401236017491
0.03708892542528625
0.013824322511151718
0.0608818353271733
0.007497421407022474
0.018165241297257738
0.03383329493310558
0.04541598987395937
0.00920252346433522
0.004843214880701134
0.013496535496942382
0.022814948371629867
0.08412039363958755
0.03199002628099164
0.19268176782771929
0.02026458803382145
0.011229178353777354
0.01899374952228306
0.02816281483190811
0.014204871186121286
0.05820820921007248
0.01617497638109996
0.01549639301698866
0.027036105547169603
0.01691812284381637
0.011643759340949056
0.03472728844001657
0.048972718585490085
0.02436309139904219
0.00985300127506234
0.018113549778991322
0.010157292155061799
0.03881110857967401
0.054988544654418325
0.05671428657805888
0.021567177428149783
0.012155671331155702
0.06550732767518068
0.03733114218957447
0.013433983891435061
0.07053469550797763
0.05128956441338024
0.046093814377351605
0.01575941680602011
0.0025395570539992287
0.00923758396793966
0.032248860061054894
0.013785359206838713
0.016480752102816066
0.012087138173301997
0.031535998931187616
0.08617322754155723
0.002472250971592917
0.009518169213501649
0.038830504343921254
0.05781822482918805
0.01728666082644791
0.048314836568746904
0.03565687794235046
0.04922978519920371
0.04674922107188316
0.013086361833360179
0.041129436890413616
0.05775160023998834
0.020844614229856617
0.059675759993871154
0.016356146992651047
0.007099130496207954
0.017195238689617573
0.037133582995779194
0.04224826354008728
0.00859659772819421
0.007934407471519007
0.041100188760207344
0.017926617066355652
0.013307839589647496
0.04785710796543616
0.007698650129237921
0.05273158207841068
0.018670495249580303
0.0370154102510779
0.017925527050467537
0.0014871447392716842
9.424386994892835E-4
0.01783990858861963
0.1043809474005907
0.001465357726095259
0.07660443572356647
0.008856993952204028
0.022770563111026137
0.032997728924573616
0.022793916837672006
0.04577134738788008
0.10417004906134901
0.020820678936511208
0.056211222334687456
0.041351213543668636
0.027388242863069907
0.0352998523052749
0.04035658381086374
0.016175347754231812
0.054333871372350115
0.0027821388169702193
0.017649010378567337
0.014203768172180626
0.04051339013327385
0.05865461757069213
0.025830189082836647
0.042801494448871366
0.04135874885314072
0.0273513985824497
0.0034975782855566975
0.002331755798667794
0.009675489290334037
0.01660173007965227
0.023122867923926357
0.036265485878609685
0.047311370993001
0.010641966116043082
0.03145058658368618
0.05012720743183242
0.03497094942620911
0.02946418443041187
0.020071560614313026
0.01640251018661824
0.06488887681501534
0.051634027465762344
1.798919076504655E-4
0.021211662754256722
0.046505029611480474
0.003741892388079929
0.04602607046756161
4.6101534158183617E-4
0.03838055426458453
0.005252555895796414
0.05876351690185294
0.03426199021301586
0.0878923373901954
0.045929357807983774
0.032851428005663985
0.06885664107355798
0.016173184717938122
0.022041933226490177
0.0017175956962285886
0.052384076897869544
0.07432507324677713
0.02983404635262307
0.09396732456456917
0.03191280659059482
0.013031205642730713
0.04049780300781732
0.03832113628085742
0.018103983514257214
0.11028945125836999
0.04838899549697961
0.0235497002590265
0.03958402472466926
0.03358493172830468
0.044845903128846246
0.002075473040106067
0.03598087964961028
0.07996948581008431
0.009534060629694852
0.05483797565002346
0.0856522100179722
0.040719490337098437
0.009648827690776669
0.013601003750885438
0.02803271380790786
0.006610015865714709
0.00576033868914068
0.024841813744662853
0.013846803117724892
0.06644946471552726
0.05463227029161454
1.3017139455503334E-4
0.02852027872198831
0.05897704551889743
0.03530669629449956
0.014401778230503226
0.047617639766898236
0.009528924426061916
7.696988761857424E-4
0.02074520536663942
0.08229224343553011
0.050178434329330536
0.10724046455943415
0.0217104639114172
0.04554243779254446
0.04660014034219663
0.021432626687140056
0.0043149182092858005
0.04093321442544741
0.09018480824225582
0.10580204326196643
0.09018480824225582
0.04093321442544741
0.0043149182092858005
0.021432626687140056
0.04660014034219663
0.04554243779254446
0.0217104639114172
0.10724046455943415
0.050178434329330536
0.08229224343553011
0.02074520536663942
7.696988761857424E-4
0.009528924426061916
0.047617639766898236
0.014401778230503226
0.03530669629449956
0.05897704551889743
0.02852027872198831
1.3017139455503334E-4
0.05463227029161454
0.06644946471552726
0.013846803117724892
0.024841813744662853
0.00576033868914068
0.006610015865714709
0.02803271380790786
0.013601003750885438
0.009648827690776669
0.040719490337098437
0.0856522100179722
0.05483797565002346
0.009534060629694852
0.07996948581008431
0.03598087964961028
0.002075473040106067
0.044845903128846246
0.03358493172830468
0.03958402472466926
0.0235497002590265
0.04838899549697961
0.11028945125836999
0.018103983514257214
0.03832113628085742
0.04049780300781732
0.013031205642730713
0.03191280659059482
0.09396732456456917
0.02983404635262307
0.07432507324677713
0.052384076897869544
0.0017175956962285886
0.022041933226490177
0.016173184717938122
0.06885664107355798
0.032851428005663985
0.045929357807983774
0.0878923373901954
0.03426199021301586
0.05876351690185294
0.005252555895796414
0.03838055426458453
4.6101534158183617E-4
0.04602607046756161
0.003741892388079929
0.046505029611480474
0.021211662754256722
1.798919076504655E-4
0.051634027465762344
0.06488887681501534
0.01640251018661824
0.020071560614313026
0.02946418443041187
0.03497094942620911
0.05012720743183242
0.03145058658368618
0.010641966116043082
0.047311370993001
0.036265485878609685
0.023122867923926357
0.01660173007965227
0.009675489290334037
0.002331755798667794
0.0034975782855566975
0.0273513985824497
0.04135874885314072
0.042801494448871366
0.025830189082836647
0.05865461757069213
0.04051339013327385
0.014203768172180626
0.017649010378567337
0.0027821388169702193
0.054333871372350115
0.016175347754231812
0.04035658381086374
0.0352998523052749
0.027388242863069907
0.041351213543668636
0.056211222334687456
0.020820678936511208
0.10417004906134901
0.04577134738788008
0.022793916837672006
0.032997728924573616
0.022770563111026137
0.008856993952204028
0.07660443572356647
0.001465357726095259
0.1043809474005907
0.01783990858861963
9.424386994892835E-4
0.0014871447392716842
0.017925527050467537
0.0370154102510779
0.018670495249580303
0.05273158207841068
0.007698650129237921
0.04785710796543616
0.013307839589647496
0.017926617066355652
0.041100188760207344
0.007934407471519007
0.00859659772819421
0.04224826354008728
0.037133582995779194
0.017195238689617573
0.007099130496207954
0.016356146992651047
0.059675759993871154
0.020844614229856617
0.05775160023998834
0.041129436890413616
0.013086361833360179
0.04674922107188316
0.04922978519920371
0.03565687794235046
0.048314836568746904
0.01728666082644791
0.05781822482918805
0.038830504343921254
0.009518169213501649
0.002472250971592917
0.08617322754155723
0.031535998931187616
0.012087138173301997
0.016480752102816066
0.013785359206838713
0.032248860061054894
0.00923758396793966
0.0025395570539992287
0.01575941680602011
0.046093814377351605
0.05128956441338024
0.07053469550797763
0.013433983891435061
0.03733114218957447
0.06550732767518068
0.012155671331155702
0.021567177428149783
0.05671428657805888
0.054988544654418325
0.03881110857967401
0.010157292155061799
0.018113549778991322
0.00985300127506234
0.02436309139904219
0.048972718585490085
0.03472728844001657
0.011643759340949056
0.01691812284381637
0.027036105547169603
0.01549639301698866
0.01617497638109996
0.05820820921007248
0.014204871186121286
0.02816281483190811
0.01899374952228306
0.011229178353777354
0.02026458803382145
0.19268176782771929
0.03199002628099164
0.08412039363958755
0.022814948371629867
0.013496535496942382
0.004843214880701134
0.00920252346433522
0.04541598987395937
0.03383329493310558
0.018165241297257738
0.007497421407022474
0.0608818353271733
0.013824322511151718
0.03708892542528625
0.06437401236017491
0.005428865856303984
0.026668842277653426
0.003915101385194868
0.014678926074922034
0.003935975131452438
0.015309486785874127
0.032625089072161856
0.020551388779894087
0.07731069797247976
0.07966732381520217
0.028146218401278244
0.033268071330784285
0.02235456482816121
0.11886839237172037
0.03693203963759193
0.019753789133049534
0.019790725738204895
0.02294893020799673
0.007238625625323009
0.033055764220434845
0.030749254636642413
0.018392666313532622
0.12305524372942771
0.01822976902236421
0.053219209916188906
0.02134385918483262
0.03981352142887525
0.0572369917537632
0.0017346345782666057
0.003709703367013157
0.13388267067760745
0.06829842082111609
0.012477668740527593
0.05265057344146335
0.04136198150415518
0.012146095382690078
0.026450510815491608
0.06445371167370535
0.03539176937395502
0.023574995081208035
0.013165817711811072
0.028233455788336567
0.015114922570573239
0.040463264125429096
0.057242767198638404
0.08611568690388026
0.05231503211896852
0.10235960548771572
0.03380645494027903
0.010470284351871334
0.013081138902343777
0.01911000419002846
0.006308195510713525
0.01726928525563965
0.01743623589927895
0.0888880319715282
0.08094174476224986
0.10223463007509546
0.06411602600260781
0.03267029009291058
0.06492396576728936
0.015599051135819731
0.015444100716244231
0.04287936900659709
0.031245986772667583
0.04947285661767507
0.05788965981130417
0.15500861710661853
0.02775673138249348
0.005238848061234857
0.10077305287976723
0.02418182647008459
5.001333326901126E-4
0.09156266750832737
0.029381542041279303
0.06469294242791061
0.08386323959535663
0.0794392588441067
0.08821021837333527
0.011842786268200714
0.02425983637138846
0.02919293932080654
0.03697462955183542
1.216979096433293E-4
0.07049728582509233
0.1598676734398366
0.1431488427211957
0.0240504376493588
0.00436787860774534
0.012082367532136295
0.041008020645512705
0.0505378859500929
0.03682355198655565
0.05319743105414689
0.13535969156918717
0.04880823437226064
0.07275986550117684
0.03035931360860558
0.049850556218551466
0.013041450687696661
0.047577574064712885
0.056993188259485725
0.10232912197853758
0.05730140391669431
0.05778416103073623
0.009567253829646767
0.0723236101447725
0.04378264208884052
0.05454585961724301
0.025412252788686553
0.033903640456158415
0.035917811983906714
0.01956232488154946
0.026450510815491608
0.04973774416341112
0.032707680037773426
0.023386395184410956
0.013008968116624197
0.033344121054584994
0.08855475799969184
0.01386508951006232
0.015175443750902868
0.10621048942617294
0.050309797523486306
0.07618593097683189
0.005829944734400422
0.005635915465963045
0.005601799270245616
0.017587475494294905
0.05427986655975465
0.07265620485179096
0.06381566092431472
0.06793629633953009
0.03846696496629679
0.03537168342036837
0.059433758310317907
0.014425266195067248
0.07842719971742322
0.05003654549078597
0.11228377974608873
0.10769590015989704
0.05587324429509551
6.229629633195155E-4
0.03383590659395884
0.013755380131278677
0.024975853309220565
0.07790826061522003
0.0025623023699613287
0.027782253988224245
0.009555569153948153
0.0396127161916586
0.019495862661255456
0.00489716322693944
0.022556812952257664
0.05330925653782108
0.00211458172444649
0.007756068437854627
0.06222827481646533
0.11676093689156164
6.986358989624456E-4
0.054056016691976905
0.024690190967252435
0.06425369709838896
0.015852667560783868
0.02079696670164611
0.06049119720745825
0.05396892908896058
0.2769954782377312
0.1012434229423458
0.052489782749898184
0.10166100616250857
0.09187358366138691
0.15776769326138881
0.001054433715897618
0.02699345289261685
0.01898689334519974
0.5549813948819863
0.04565962437110509
0.04324520329987572
0.05042509226393521
0.04331058382777097
0.07600571488012087
0.011204007544383983
0.05981342248336021
0.027268145034431056
0.1322594431668688
0.10987576981229852
0.10550600092918397
0.002049407190397558
0.036696330090960794
0.03204016145347382
0.02354121605505223
0.03555432468098555
0.06376199587236554
1.0
0.08355156741978725
0.0409427494355178
0.06664421718127032
0.006367590745898419
0.04606192299308577
0.0032440166346695415
0.08588426912580954
0.030521786309258843
0.02122171219383502
0.037743357148024514
0.02907610221392505
0.12017721053954604
0.03389721642121768
0.015437072034330396
0.05892303221222399
0.00649549812335999
0.14839836775611584
0.12250191776960909
0.03751775213649084
0.05751240177585232
0.10140083915020706
0.12950133811587833
0.021361198358517124
0.08488239004415526
0.15009012068562552
0.024783020727815235
0.1341491387102786
0.20387899490434164
0.19453925749902187
0.0030361912943117557
0.140379120715151
0.05282379922449752
0.16815439795077722
0.059397740250391615
0.00937565156105378
0.13906933681730477
0.11922780479039673
0.08706959708312671
0.010266987634753597
0.0930075175565289
0.07493527070478949
0.030028254843645793
0.015132751985805805
0.007769117671847915
0.006295097448846488
0.12676983901969632
0.03396812852957036
0.003579079286373576
0.014644525720764204
0.0030040956527540717
0.01086446472636866
0.16018660980342123
0.04337487216510629
0.13065049029324383
0.7530837977107881
0.1688190133145236
0.03326647253421435
0.0064438378628749625
0.07274024226990208
0.04490179479516707
0.027431871622664906
0.01870484612003598
0.08036342486808616
0.20719216663472398
0.06296734927677126
0.004666838389697503
0.025962670842737467
0.0692758792138161
0.021843473921816417
0.27101063377527246
0.026440568353343782
0.062196071926413604
