0.3465727507405605
0.37773139242285164
0.10528103331999736
0.3231720049506823
0.052608312693430866
0.21518954660083042
0.20411328439651888
0.16822392211672496
0.5052034186017291
0.3784812363111737
0.2158793933357012
0.5522791039533984
0.06144185356884465
0.04372326296319082
0.18910275845170144
0.2857927036694753
0.014120437081517999
0.14156756007988164
0.8445458037779454
0.5926045202618307
0.06904209514117983
0.014744585615734123
0.16722191226572658
0.008134712654329185
0.03691159624042427
0.21825139940320235
0.07807042816556749
0.41008404701676554
0.05516319078342847
0.13089980607714272
0.30468357039581623
0.07137370804462859
0.04065923311166958
0.022264108169217086
0.09547745070808698
0.39508381255832986
0.5778436346971622
0.24322555616129188
0.22109212830142372
0.17701138958149248
0.30401563346387256
0.18071723325780134
0.12753303908402272
0.23962201181227263
0.0026033348732922004
0.05743971492698251
0.4596032214441953
0.5927606849686137
0.24905854409156494
0.00679678511465964
0.04671040310561016
0.006482291275936172
0.029703839739848276
0.10520569627828433
0.1725176417870258
0.5813859119077185
0.09112641023311824
0.058645117116944076
0.0694179880027742
0.013849454141255884
0.016580753944294136
0.04313547403232087
0.19807910576957957
0.3002643825128797
0.051354239508833846
0.22193793124954567
0.01567543778013023
0.2525785850306009
0.13969218082546297
0.2905366096248919
0.3619882460404538
0.05097241058618652
0.25990970399044705
0.5272195433221545
0.9638745796954237
0.46407729170494505
0.02064284041103705
0.23867603576315008
0.17830342746199032
0.03807069751233298
0.1503626544681685
0.2806277630308257
0.3451804086363909
0.8180322907059336
0.14159558730900368
0.15742906150212854
0.1814386106801455
0.3686753723841629
0.12545379179910057
0.16428674294536905
0.03326402446889107
0.05783716711473553
1.0
0.2461782280606718
0.0079656400388256
0.011604718155640983
0.033748250495964145
0.18379632935407714
0.19703606391479622
0.21558061362332384
0.16981079671287486
0.8043008119056164
0.12179572790251326
0.09334223226047773
0.03196709982678672
0.11865814923865359
0.32633030691645387
0.14156801786225845
0.1681205694630903
0.12060060773623262
0.014997281701740814
0.05964293428372355
0.09466055740659354
0.06592375084248303
0.2032351285399764
0.03817990223334414
0.12895329843914638
0.028978295093122365
0.042587711668646805
0.025581632376883278
0.23280024418814216
0.13468925810813143
0.030633376312566414
0.06715611866599067
0.032668420399530794
0.3548189077474433
0.08097954036715845
0.1656170590625333
0.2448620232918294
0.16627011804068106
0.25392209648758346
0.10409644444078704
0.2756471427703683
0.12973801021348402
0.19431781475840817
0.18797803183079886
0.12606248857642952
0.2998415224388833
0.34150937973525947
0.1172934970397285
0.11228364112989363
0.16350403783349612
0.16434587954327584
0.08039023266067784
0.1906844628281068
0.04109306546748397
0.033802308354622626
0.23790248148088483
0.2091023638515117
0.04444355913088586
0.08518268686719394
0.09412840588864792
0.02998530147293637
0.3507501484893337
0.08086697517279746
0.17523761822577372
0.06131065812887955
0.029830531334768144
0.1604055536495447
0.0010194082277885166
0.010362481168098864
0.10133310187935372
0.009680800093649123
0.10273100532126489
0.06557587373579032
0.2765983182892291
0.025501617345590734
0.03502896678517123
0.17324627475465174
0.0158332143373484
0.11415300559150256
0.05965512695298401
0.04651854447180515
0.08043008094289847
0.16168607684551273
0.43731475560123917
0.03750028364140108
0.13194488205774713
0.027035506759262556
0.0924960994358717
0.08874579269616523
0.08953357098317938
0.030803151912715026
0.28847346789922695
0.13234464375617788
0.2965703602695419
0.04983186239513622
0.0919774063356167
0.11893912730755297
0.1095733876079815
0.19400230008025737
0.044689222880341654
0.4102859624198266
0.3338418137259162
0.27116016981893404
0.03161021792393226
0.11516693994503661
0.3579861763871713
0.019546951191164397
0.12231553147332674
0.11371510442555464
0.023009794264548494
0.1819950578030435
0.007872316648110805
0.18402248693684223
0.2076074079043484
0.13515155705657433
0.13831921709550038
0.028284505156904612
0.1151039622972187
0.05046084712658659
0.23928198109419624
0.15461424510460464
2.7466489725563626E-4
0.15548319984736791
0.0045022824149438855
0.19979277616971367
0.08095340164598695
0.058975337136526675
0.1309087478216541
0.06907487645405963
0.011125080770532434
0.18449885347011855
0.009885223972727689
0.07611830735280432
0.09091607492679707
0.0528589774224202
0.14139687249496707
0.03487726691377165
0.28496017505786375
0.08994755817483673
0.0
0.010105238491408952
0.055438926897361816
0.03396904740429021
0.018998947390998066
0.09003486268797342
0.00647161806685756
0.2636273423447276
0.023559619089627094
0.02280012425317195
0.09337921553711093
0.11294358580580363
0.025182393576636784
0.03761622618744497
0.0038637797330678975
0.02898054500767928
0.15172882136151108
0.14189185480495484
0.11723282654320562
0.052801500932357415
0.04992614445507697
0.0633869732969052
0.044439441034960794
0.035472241310739554
0.03803976441219311
0.009286288386839153
0.08307472591941795
0.0332730579375282
0.07156202904750807
0.08270813849354337
0.147315196455266
0.05676305060144782
0.023961724583483
0.00954346878014173
0.24506906840173287
0.0014833457906438272
0.04968108296990172
0.0840226895143677
0.04226558394906387
0.07957017632832948
0.03497741358392746
0.14872608143830582
0.018479661855719084
0.06286008703436591
0.032486002941678846
0.1589121408583469
0.013107758836793836
0.14295303718884195
0.0671485237459849
0.06971376551390294
0.09995504111381916
0.12793603106622825
0.09092843394695374
0.013795018992085347
0.060726911422419816
0.150249031216344
0.0337858251553379
0.12367665705624986
0.10595260775358262
0.06167564730501925
0.20478662364235262
0.1281853179450846
0.13986539998770098
0.2968716372960187
0.09708084127577109
0.0019568882377183996
0.01498108413687297
0.07809275355638645
0.0850761292027053
0.13353024135181116
0.022427550050266906
0.0916272304151049
0.09523052934788415
0.05739988464954395
0.10759591074983876
0.019558445369667266
0.058983362995785625
0.03465727507405604
0.06046119878546089
0.1594745720813803
0.18631050720634199
0.14437096867830748
0.0524752489907363
0.14183744669709084
0.02161070232915776
0.14453943111506434
0.0073072334706438735
0.14739095845862132
0.10855623828147125
0.17436041698854754
0.11046280378022952
0.18381601243019738
0.12514990296436906
0.002833219765039967
0.06458970018466217
0.05153931702301013
0.1512884131175208
0.0921504208953964
0.08670799958938294
0.03522238897129451
0.02900522381486103
0.016420553431112525
0.017950481967197802
0.020079804415223525
0.0320563887384324
0.028835687750291016
0.07122338467057016
0.025592446441601354
0.09142145930767713
0.18822339881200792
0.1851842459911726
0.12050553564350747
0.1398435905859283
0.1708821825727482
0.04661642626995111
0.059752732320250766
0.18418459791425681
0.0943909733398748
0.053528825989230144
0.019745124746609066
0.03112746587799669
0.010330817290280256
0.012629593516110774
0.03888234671195739
0.006003280622169391
0.1754227914731729
0.2064141073567967
0.14105435147689233
0.11638982071772797
0.06865206603992838
0.16207135071872525
0.02583197784096664
0.01628636231950289
0.11527920152600617
0.09171217487583355
0.14874950521757463
0.00282203855691247
0.105836218235856
0.057496258492393204
0.1732823337940104
0.1295259108382124
0.13742222840192075
0.0020002950541905306
0.16626145582277077
0.0428709294473669
0.009936776279603043
0.10033392124913729
0.16154314567039502
0.023948087704463345
0.06768153350786935
0.14274227333165684
0.11934181982933352
0.11028650284664053
0.01346726021046145
0.038582164829298334
0.00738628520027393
0.032613467508559764
0.06640633349312199
0.02731727545215888
0.04246798165130052
0.07196340780114724
0.00805283813887642
0.028305192316439964
0.16898208216599517
0.18248350442667624
0.1306966893381628
0.0021162671825988287
0.011683656551008087
0.0690516402669735
0.18850497124758203
0.037937538851446094
0.01901839531936944
0.06198405191576297
0.056934804336218184
0.11507247863729841
0.05742175637928318
0.006985810422148355
0.061694598726175116
0.10187014408081398
0.06354714078291229
0.06621485790544997
0.030439413276163854
0.07631216875461262
0.09489133785339389
0.037504708513100136
0.07748268561696744
4.004659834861386E-5
0.17402664665708753
0.020637141548316352
0.14174167745207425
0.06055136847225733
0.029349640790019473
0.11087809968910821
0.006661956706029412
0.07678348127110757
0.015349234775012823
0.007212653890408058
0.0870020568784372
0.15970769293420453
0.13032355285989417
0.146159254258029
0.0899790366948258
0.1517206545131503
0.05371909979073098
0.1400103999939048
0.01013856739619261
0.07574122301929247
0.10236146602189697
0.019794679662836278
0.011151149286652172
0.043582592750930876
0.10357714370345254
0.10328953438197641
0.0433265069850383
0.13645838786165115
0.14246047910876458
1.8070256485367895E-4
0.07035864660332009
0.021670911058495026
0.049400322175098724
0.029482479599648392
0.2374669201455105
0.11328033705131631
0.11305763259982854
0.0775196531881738
0.11977097725664143
0.022951042615664243
0.05925207528364993
0.04001403436271977
0.00873491598907919
0.06825365564045127
0.1617339503455949
0.06825365564045127
0.00873491598907919
0.04001403436271977
0.05925207528364993
0.022951042615664243
0.11977097725664143
0.0775196531881738
0.11305763259982854
0.11328033705131631
0.2374669201455105
0.029482479599648392
0.049400322175098724
0.021670911058495026
0.07035864660332009
1.8070256485367895E-4
0.14246047910876458
0.13645838786165115
0.0433265069850383
0.10328953438197641
0.10357714370345254
0.043582592750930876
0.011151149286652172
0.019794679662836278
0.10236146602189697
0.07574122301929247
0.01013856739619261
0.1400103999939048
0.05371909979073098
0.1517206545131503
0.0899790366948258
0.146159254258029
0.13032355285989417
0.15970769293420453
0.0870020568784372
0.007212653890408058
0.015349234775012823
0.07678348127110757
0.006661956706029412
0.11087809968910821
0.029349640790019473
0.06055136847225733
0.14174167745207425
0.020637141548316352
0.17402664665708753
4.004659834861386E-5
0.07748268561696744
0.037504708513100136
0.09489133785339389
0.07631216875461262
0.030439413276163854
0.06621485790544997
0.06354714078291229
0.10187014408081398
0.061694598726175116
0.006985810422148355
0.05742175637928318
0.11507247863729841
0.056934804336218184
0.06198405191576297
0.01901839531936944
0.037937538851446094
0.18850497124758203
0.0690516402669735
0.011683656551008087
0.0021162671825988287
0.1306966893381628
0.18248350442667624
0.16898208216599517
0.028305192316439964
0.00805283813887642
0.07196340780114724
0.04246798165130052
0.02731727545215888
0.06640633349312199
0.032613467508559764
0.00738628520027393
0.038582164829298334
0.01346726021046145
0.11028650284664053
0.11934181982933352
0.14274227333165684
0.06768153350786935
0.023948087704463345
0.16154314567039502
0.10033392124913729
0.009936776279603043
0.0428709294473669
0.16626145582277077
0.0020002950541905306
0.13742222840192075
0.1295259108382124
0.1732823337940104
0.057496258492393204
0.105836218235856
0.00282203855691247
0.14874950521757463
0.09171217487583355
0.11527920152600617
0.01628636231950289
0.02583197784096664
0.16207135071872525
0.06865206603992838
0.11638982071772797
0.14105435147689233
0.2064141073567967
0.1754227914731729
0.006003280622169391
0.03888234671195739
0.012629593516110774
0.010330817290280256
0.03112746587799669
0.019745124746609066
0.053528825989230144
0.0943909733398748
0.18418459791425681
0.059752732320250766
0.04661642626995111
0.1708821825727482
0.1398435905859283
0.12050553564350747
0.1851842459911726
0.18822339881200792
0.09142145930767713
0.025592446441601354
0.07122338467057016
0.028835687750291016
0.0320563887384324
0.020079804415223525
0.017950481967197802
0.016420553431112525
0.02900522381486103
0.03522238897129451
0.08670799958938294
0.0921504208953964
0.1512884131175208
0.05153931702301013
0.06458970018466217
0.002833219765039967
0.12514990296436906
0.18381601243019738
0.11046280378022952
0.17436041698854754
0.10855623828147125
0.14739095845862132
0.0073072334706438735
0.14453943111506434
0.02161070232915776
0.14183744669709084
0.0524752489907363
0.14437096867830748
0.18631050720634199
0.1594745720813803
0.06046119878546089
0.03465727507405604
0.058983362995785625
0.019558445369667266
0.10759591074983876
0.05739988464954395
0.09523052934788415
0.0916272304151049
0.022427550050266906
0.13353024135181116
0.0850761292027053
0.07809275355638645
0.01498108413687297
0.0019568882377183996
0.09708084127577109
0.2968716372960187
0.13986539998770098
0.1281853179450846
0.20478662364235262
0.06167564730501925
0.10595260775358262
0.12367665705624986
0.0337858251553379
0.150249031216344
0.060726911422419816
0.013795018992085347
0.09092843394695374
0.12793603106622825
0.09995504111381916
0.06971376551390294
0.0671485237459849
0.14295303718884195
0.013107758836793836
0.1589121408583469
0.032486002941678846
0.06286008703436591
0.018479661855719084
0.14872608143830582
0.03497741358392746
0.07957017632832948
0.04226558394906387
0.0840226895143677
0.04968108296990172
0.0014833457906438272
0.24506906840173287
0.00954346878014173
0.023961724583483
0.05676305060144782
0.147315196455266
0.08270813849354337
0.07156202904750807
0.0332730579375282
0.08307472591941795
0.009286288386839153
0.03803976441219311
0.035472241310739554
0.044439441034960794
0.0633869732969052
0.04992614445507697
0.052801500932357415
0.11723282654320562
0.14189185480495484
0.15172882136151108
0.02898054500767928
0.0038637797330678975
0.03761622618744497
0.025182393576636784
0.11294358580580363
0.09337921553711093
0.02280012425317195
0.023559619089627094
0.2636273423447276
0.00647161806685756
0.09003486268797342
0.018998947390998066
0.03396904740429021
0.055438926897361816
0.010105238491408952
0.0
0.08994755817483673
0.28496017505786375
0.03487726691377165
0.14139687249496707
0.0528589774224202
0.09091607492679707
0.07611830735280432
0.009885223972727689
0.18449885347011855
0.011125080770532434
0.06907487645405963
0.1309087478216541
0.058975337136526675
0.08095340164598695
0.19979277616971367
0.0045022824149438855
0.15548319984736791
2.7466489725563626E-4
0.15461424510460464
0.23928198109419624
0.05046084712658659
0.1151039622972187
0.028284505156904612
0.13831921709550038
0.13515155705657433
0.2076074079043484
0.18402248693684223
0.007872316648110805
0.1819950578030435
0.023009794264548494
0.11371510442555464
0.12231553147332674
0.019546951191164397
0.3579861763871713
0.11516693994503661
0.03161021792393226
0.27116016981893404
0.3338418137259162
0.4102859624198266
0.044689222880341654
0.19400230008025737
0.1095733876079815
0.11893912730755297
0.0919774063356167
0.04983186239513622
0.2965703602695419
0.13234464375617788
0.28847346789922695
0.030803151912715026
0.08953357098317938
0.08874579269616523
0.0924960994358717
0.027035506759262556
0.13194488205774713
0.03750028364140108
0.43731475560123917
0.16168607684551273
0.08043008094289847
0.04651854447180515
0.05965512695298401
0.11415300559150256
0.0158332143373484
0.17324627475465174
0.03502896678517123
0.025501617345590734
0.2765983182892291
0.06557587373579032
0.10273100532126489
0.009680800093649123
0.10133310187935372
0.010362481168098864
0.0010194082277885166
0.1604055536495447
0.029830531334768144
0.06131065812887955
0.17523761822577372
0.08086697517279746
0.3507501484893337
0.02998530147293637
0.09412840588864792
0.08518268686719394
0.04444355913088586
0.2091023638515117
0.23790248148088483
0.033802308354622626
0.04109306546748397
0.1906844628281068
0.08039023266067784
0.16434587954327584
0.16350403783349612
0.11228364112989363
0.1172934970397285
0.34150937973525947
0.2998415224388833
0.12606248857642952
0.18797803183079886
0.19431781475840817
0.12973801021348402
0.2756471427703683
0.10409644444078704
0.25392209648758346
0.16627011804068106
0.2448620232918294
0.1656170590625333
0.08097954036715845
0.3548189077474433
0.032668420399530794
0.06715611866599067
0.030633376312566414
0.13468925810813143
0.23280024418814216
0.025581632376883278
0.042587711668646805
0.028978295093122365
0.12895329843914638
0.03817990223334414
0.2032351285399764
0.06592375084248303
0.09466055740659354
0.05964293428372355
0.014997281701740814
0.12060060773623262
0.1681205694630903
0.14156801786225845
0.32633030691645387
0.11865814923865359
0.03196709982678672
0.09334223226047773
0.12179572790251326
0.8043008119056164
0.16981079671287486
0.21558061362332384
0.19703606391479622
0.18379632935407714
0.033748250495964145
0.011604718155640983
0.0079656400388256
0.2461782280606718
1.0
0.05783716711473553
0.03326402446889107
0.16428674294536905
0.12545379179910057
0.3686753723841629
0.1814386106801455
0.15742906150212854
0.14159558730900368
0.8180322907059336
0.3451804086363909
0.2806277630308257
0.1503626544681685
0.03807069751233298
0.17830342746199032
0.23867603576315008
0.02064284041103705
0.46407729170494505
0.9638745796954237
0.5272195433221545
0.25990970399044705
0.05097241058618652
0.3619882460404538
0.2905366096248919
0.13969218082546297
0.2525785850306009
0.01567543778013023
0.22193793124954567
0.051354239508833846
0.3002643825128797
0.19807910576957957
0.04313547403232087
0.016580753944294136
0.013849454141255884
0.0694179880027742
0.058645117116944076
0.09112641023311824
0.5813859119077185
0.1725176417870258
0.10520569627828433
0.029703839739848276
0.006482291275936172
0.04671040310561016
0.00679678511465964
0.24905854409156494
0.5927606849686137
0.4596032214441953
0.05743971492698251
0.0026033348732922004
0.23962201181227263
0.12753303908402272
0.18071723325780134
0.30401563346387256
0.17701138958149248
0.22109212830142372
0.24322555616129188
0.5778436346971622
0.39508381255832986
0.09547745070808698
0.022264108169217086
0.04065923311166958
0.07137370804462859
0.30468357039581623
0.13089980607714272
0.05516319078342847
0.41008404701676554
0.07807042816556749
0.21825139940320235
0.03691159624042427
0.008134712654329185
0.16722191226572658
0.014744585615734123
0.06904209514117983
0.5926045202618307
0.8445458037779454
0.14156756007988164
0.014120437081517999
0.2857927036694753
0.18910275845170144
0.04372326296319082
0.06144185356884465
0.5522791039533984
0.2158793933357012
0.3784812363111737
0.5052034186017291
0.16822392211672496
0.20411328439651888
0.21518954660083042
0.052608312693430866
0.3231720049506823
0.10528103331999736
0.37773139242285164
