0.1274144640963089
0.04923128880680068
0.00596262840753297
8.054202206470363E-4
0.016914897156965553
0.10337188294570422
0.002573100202373633
0.22848119773131567
0.1049786581059631
0.5739046345642974
0.1470848901814055
0.19193922255502494
0.12259868739037615
0.10676456122268618
0.012799009873269778
0.05866493724516048
0.06239479953347077
0.21660910778333092
0.03254019430048003
0.2296569754845818
0.020738769703040453
0.21828476493348334
0.02234631274667347
0.07197026262705397
0.05604329527249348
0.0504894112963287
0.13868373496512432
0.05019465406909435
0.017428975061892858
0.012644521519989953
0.17736209214935725
0.08223543149681685
0.07759212688054132
0.09347703750102591
0.038192071048792076
0.010789455781457423
0.024278543074750424
0.03771863481971005
0.0035846191741113276
0.08752740890785897
0.049122340316374115
0.008329913734922286
0.07032374902164186
0.15632743745895483
0.036639722421387785
0.10202477076211815
0.2348808867864447
0.10618953098485837
0.04878842654054586
0.03097604404054792
0.06088812852165541
0.11261291809913977
0.08327905864370405
0.004688276360285806
0.013963856806048372
1.0
0.10692405232754854
0.14830110548641187
0.02712119717028158
0.014352380937459504
0.022828877693411652
0.05542827285758436
0.012586471440984345
0.09102305033856951
0.21457668311119488
0.01869899263733874
0.021292007055235266
0.01032661879246894
2.660338119483827E-5
0.10312014601820842
0.25654767894784913
0.03117777013619531
0.18901457125042503
0.7342803336621203
0.36805127054348563
0.10442550699652782
0.1612235171701366
0.16425028214234527
0.023902954148904743
0.11866390454768659
0.06302239103993702
0.01224298929656648
0.16841831347822936
0.03842645716672509
0.053320812724878396
0.04810421054013256
0.006258938308394339
0.029375847915098063
0.14031927525656496
0.03750685605432977
0.02759225560522175
0.08933067420633932
0.4157870620681787
0.07455551501331135
0.02111924259929153
0.0686110305457076
0.026277998282102356
0.06726397711234024
0.12670958334621568
0.11056956294473068
0.020127028129391267
0.20238810377287428
0.11627848539438532
0.1466933479432728
0.1122547847157088
0.1302880193258358
0.017505730991592923
0.06184768025812554
0.03541082321745451
0.028164704428986817
0.05796895649364787
0.05528818498688852
0.03771702365651267
0.04681352190180437
0.011627382645337438
0.09877305105649234
0.03958201430183464
0.014971386720053234
0.09671964006343137
0.08203431267394376
0.08929037128486858
0.09626300992805006
0.047818166566694006
0.04326333971159839
0.06720704856219475
0.09352570066966776
0.05668356681496563
0.0071277361437424875
0.1312619662108008
0.1352539086044074
0.10024401253960182
0.047896717651166786
0.1095495005775134
0.022729578979845497
0.07458314251877957
0.08316493785317586
0.08283981928251884
0.20192876650010066
0.2377757414778519
0.004672666356394382
0.004274410107037671
0.031778435322117146
0.07802755166335791
0.17395964496963098
0.04613603173007934
0.03452328099568384
0.06795552206770333
0.13821222574698763
0.1276679151838302
0.07233300650474775
0.04553861681650842
0.012426157630504333
0.06845861250264244
0.051857677086647756
4.352568360307615E-18
0.0086570977151786
0.09305234292198925
0.03841869572175425
0.031537171108481324
0.0331182242631907
0.008852164281085548
0.04400857714015534
0.02735377062384639
0.0014207271794281341
0.08160793470440607
0.08277164181748857
0.06571652114026263
0.012293562884249029
0.048021408686480964
0.0769857596248074
0.00318767579778868
0.04540367952535881
0.008427872543963676
0.06950859824775209
0.24401161318137968
0.22636649848248228
0.06439664837262014
0.07157719700131765
0.06301030884926741
0.0029634843011620312
0.007485728140781255
0.10291386007739876
0.02279730346897878
0.0340435560943251
0.028456547274796858
0.09468355705712053
0.01084176922121893
0.04660556457297141
0.0035761073454600822
0.0270569543000895
0.08422068822416619
0.0908944125364209
0.012227952492588325
0.10485540308614233
0.05767576787590335
0.0528374994683749
0.024613229589028285
0.002871214068891818
0.03683125549674537
0.05572929792079745
0.05577454844741727
0.006801892942115024
0.04803830815093981
0.15909561017301693
0.09664333673999712
0.04962392893973179
0.07027741905967763
0.0685482767849859
0.03309876693678002
0.01596681651900641
0.08882237513855316
0.030436676843689683
0.052029552702179245
0.07213582051504627
0.0314527717388065
0.07971131212796918
0.041418689067566
0.0031700317066644407
0.010491059614396971
0.05626734058190476
0.04306539149668161
0.061741301121767185
0.03128185173717115
0.04277523783180615
0.03163264980293484
0.010397699921610309
0.0018444138336914284
0.014829623091031313
0.040715128164520976
0.02783722205386047
0.0263887071028058
0.049005563113964964
0.03526848585046242
0.006296614824281824
0.05890467414613461
0.007477494545984201
0.015319687390113286
0.08793378437190345
0.1349991818999154
0.0012557129839686526
0.02906097488757615
0.1684996799350904
0.07019888901454553
4.537248995871584E-4
0.028281159220295546
0.07232049454438362
0.019981659005076355
0.10378718292811603
9.275853592590333E-4
0.03241400702101966
0.0026373836074469535
0.0030942974698043696
0.009309691331879573
0.054063801202607724
0.09179580901767499
0.0692520895358858
0.015836586507883544
0.03408776603795846
0.03431506278164512
0.01550373250935363
0.09154341011747759
0.04237084208231498
0.07305487409567568
0.008702876588836757
0.01991577670578812
1.0213397992217728E-4
0.08489631895861052
0.028729349714564978
0.06136845443249841
0.03796118050145253
0.020929329375404454
0.06581335401902715
0.06743614765454761
0.07876610552556233
0.05132917345360292
0.06149176166288468
0.004623660323127043
0.08134221885138007
0.01686813115507104
0.02434369155910127
0.0011682684794718256
0.007309560265627711
0.028092731023074687
0.010972792702577382
0.028332413542980852
0.06191440145193016
0.024525777549797602
0.062236965182752235
0.01959266732276735
0.060162888425509924
0.06026710522180537
0.08592035573916493
0.043285011316558
0.13682249832995116
4.776575893070167E-4
0.045352039170919956
0.03616596737045628
0.062210527864171555
0.052974705365780354
0.07084683833269532
0.061457305219188706
0.035231727453782384
0.06130493151758558
0.0905463543943805
0.025308590465854982
0.04877844371695337
0.055931977475398784
0.007939268802655582
0.06860778835955095
0.018983919727181414
0.031526214251352366
0.01719074048915404
0.048791877194330674
0.054262914837263504
0.02344505094872744
0.023086268350352903
0.05257677218249787
0.05880054489542412
0.007687862201327577
0.03486829503934293
1.8506421832332822E-4
0.0530302868858692
0.01622994672868797
0.040307176829576
0.022307602913946973
0.02162704523048054
0.009005857367584686
0.0045657398309185285
0.10435289130078872
0.029324894234590015
0.03346631467245491
0.04854440451887617
0.009932392007639101
0.039461205401811084
0.004770184598245747
0.04609785651940887
0.01585929542872749
0.0026461100443416256
0.04105550135496514
0.026671970079950362
0.08602277707712487
0.0033069207073522645
0.03524447914927354
0.0247730326957168
0.012351556819774394
0.06161971615309155
0.03548307109938224
0.005339678573903664
0.019939306730954
0.017427534321725034
0.020179652339355644
0.02943098782788803
0.1070002995250968
0.05366370703086482
0.05970855716139198
0.0023027773386491085
0.019734692247850242
0.011692389043040931
0.0594810648130021
0.1025018798354682
0.0052985956366111715
0.06730834060740956
0.025051343255753516
0.03819772644629764
0.08317658588519924
0.01854399178612596
0.0831440341416936
0.03464956564855919
0.04501405719997673
0.0248491698824958
0.0025859892594586173
0.006027512997259159
0.025917029990180827
0.029239840454489442
0.04828267526279407
0.0897109306788108
0.05356232959342821
0.03809883340491556
0.030900505250803803
0.025160327462667595
0.09177542790112345
0.021021207043249248
0.059926322009409776
0.11722145143300375
0.03731188957114577
0.05643804329162233
0.03137284762201492
0.007186169950589588
0.02750397161083103
0.08181372178292079
0.024439322259924758
0.06908151837241469
0.10958243449280827
0.006818908945991814
0.06402957527583052
0.0032045663539208525
0.018178514978997667
0.026712293823771983
0.018637718181355498
0.03412835921742582
0.06357303802769079
2.08262353995956E-4
0.02616403636653979
0.037845358873015385
7.420577866477444E-4
0.017643145699903225
0.0167844424412235
0.004256075178402033
0.03774428717382248
0.04027381709249954
0.03885287039955548
0.02498480673175665
0.003389418519707896
0.05218894309320391
0.0015627160496098603
0.0802033569327089
0.03272009487680873
0.025559320848817832
0.023484546625200768
0.054776210995433484
0.041440116822763634
0.033316788329480644
0.06568674465164114
0.01412689189949082
0.012965855454618707
0.05029147181841947
0.04601834040720773
0.03460996862054824
0.006908895923418877
0.027674408572625993
0.08039033254799614
0.010643377978665245
0.01790241358372611
0.018981363730043752
0.020646942235632473
0.010999653277336426
0.01160629128237785
0.04259490078799326
0.03079241036693827
0.026841298456463623
0.06363000192468073
0.019273092010292266
0.00931959455965138
0.02951948125270482
0.012919619852317248
0.010813952621426006
0.0015222373768995362
0.009742652355590126
0.012246065067581401
0.059501601897339926
0.030097613661606397
0.06083118760441952
4.500868366051781E-4
0.0159951697292392
0.0030971696869067887
0.035256400267599484
0.04210757563869778
0.10111754075532502
0.006904214602485084
0.046293033238297046
0.006134223188674399
0.008578676456306533
0.02940333786837898
0.008578676456306533
0.006134223188674399
0.046293033238297046
0.006904214602485084
0.10111754075532502
0.04210757563869778
0.035256400267599484
0.0030971696869067887
0.0159951697292392
4.500868366051781E-4
0.06083118760441952
0.030097613661606397
0.059501601897339926
0.012246065067581401
0.009742652355590126
0.0015222373768995362
0.010813952621426006
0.012919619852317248
0.02951948125270482
0.00931959455965138
0.019273092010292266
0.06363000192468073
0.026841298456463623
0.03079241036693827
0.04259490078799326
0.01160629128237785
0.010999653277336426
0.020646942235632473
0.018981363730043752
0.01790241358372611
0.010643377978665245
0.08039033254799614
0.027674408572625993
0.006908895923418877
0.03460996862054824
0.04601834040720773
0.05029147181841947
0.012965855454618707
0.01412689189949082
0.06568674465164114
0.033316788329480644
0.041440116822763634
0.054776210995433484
0.023484546625200768
0.025559320848817832
0.03272009487680873
0.0802033569327089
0.0015627160496098603
0.05218894309320391
0.003389418519707896
0.02498480673175665
0.03885287039955548
0.04027381709249954
0.03774428717382248
0.004256075178402033
0.0167844424412235
0.017643145699903225
7.420577866477444E-4
0.037845358873015385
0.02616403636653979
2.08262353995956E-4
0.06357303802769079
0.03412835921742582
0.018637718181355498
0.026712293823771983
0.018178514978997667
0.0032045663539208525
0.06402957527583052
0.006818908945991814
0.10958243449280827
0.06908151837241469
0.024439322259924758
0.08181372178292079
0.02750397161083103
0.007186169950589588
0.03137284762201492
0.05643804329162233
0.03731188957114577
0.11722145143300375
0.059926322009409776
0.021021207043249248
0.09177542790112345
0.025160327462667595
0.030900505250803803
0.03809883340491556
0.05356232959342821
0.0897109306788108
0.04828267526279407
0.029239840454489442
0.025917029990180827
0.006027512997259159
0.0025859892594586173
0.0248491698824958
0.04501405719997673
0.03464956564855919
0.0831440341416936
0.01854399178612596
0.08317658588519924
0.03819772644629764
0.025051343255753516
0.06730834060740956
0.0052985956366111715
0.1025018798354682
0.0594810648130021
0.011692389043040931
0.019734692247850242
0.0023027773386491085
0.05970855716139198
0.05366370703086482
0.1070002995250968
0.02943098782788803
0.020179652339355644
0.017427534321725034
0.019939306730954
0.005339678573903664
0.03548307109938224
0.06161971615309155
0.012351556819774394
0.0247730326957168
0.03524447914927354
0.0033069207073522645
0.08602277707712487
0.026671970079950362
0.04105550135496514
0.0026461100443416256
0.01585929542872749
0.04609785651940887
0.004770184598245747
0.039461205401811084
0.009932392007639101
0.04854440451887617
0.03346631467245491
0.029324894234590015
0.10435289130078872
0.0045657398309185285
0.009005857367584686
0.02162704523048054
0.022307602913946973
0.040307176829576
0.01622994672868797
0.0530302868858692
1.8506421832332822E-4
0.03486829503934293
0.007687862201327577
0.05880054489542412
0.05257677218249787
0.023086268350352903
0.02344505094872744
0.054262914837263504
0.048791877194330674
0.01719074048915404
0.031526214251352366
0.018983919727181414
0.06860778835955095
0.007939268802655582
0.055931977475398784
0.04877844371695337
0.025308590465854982
0.0905463543943805
0.06130493151758558
0.035231727453782384
0.061457305219188706
0.07084683833269532
0.052974705365780354
0.062210527864171555
0.03616596737045628
0.045352039170919956
4.776575893070167E-4
0.13682249832995116
0.043285011316558
0.08592035573916493
0.06026710522180537
0.060162888425509924
0.01959266732276735
0.062236965182752235
0.024525777549797602
0.06191440145193016
0.028332413542980852
0.010972792702577382
0.028092731023074687
0.007309560265627711
0.0011682684794718256
0.02434369155910127
0.01686813115507104
0.08134221885138007
0.004623660323127043
0.06149176166288468
0.05132917345360292
0.07876610552556233
0.06743614765454761
0.06581335401902715
0.020929329375404454
0.03796118050145253
0.06136845443249841
0.028729349714564978
0.08489631895861052
1.0213397992217728E-4
0.01991577670578812
0.008702876588836757
0.07305487409567568
0.04237084208231498
0.09154341011747759
0.01550373250935363
0.03431506278164512
0.03408776603795846
0.015836586507883544
0.0692520895358858
0.09179580901767499
0.054063801202607724
0.009309691331879573
0.0030942974698043696
0.0026373836074469535
0.03241400702101966
9.275853592590333E-4
0.10378718292811603
0.019981659005076355
0.07232049454438362
0.028281159220295546
4.537248995871584E-4
0.07019888901454553
0.1684996799350904
0.02906097488757615
0.0012557129839686526
0.1349991818999154
0.08793378437190345
0.015319687390113286
0.007477494545984201
0.05890467414613461
0.006296614824281824
0.03526848585046242
0.049005563113964964
0.0263887071028058
0.02783722205386047
0.040715128164520976
0.014829623091031313
0.0018444138336914284
0.010397699921610309
0.03163264980293484
0.04277523783180615
0.03128185173717115
0.061741301121767185
0.04306539149668161
0.05626734058190476
0.010491059614396971
0.0031700317066644407
0.041418689067566
0.07971131212796918
0.0314527717388065
0.07213582051504627
0.052029552702179245
0.030436676843689683
0.08882237513855316
0.01596681651900641
0.03309876693678002
0.0685482767849859
0.07027741905967763
0.04962392893973179
0.09664333673999712
0.15909561017301693
0.04803830815093981
0.006801892942115024
0.05577454844741727
0.05572929792079745
0.03683125549674537
0.002871214068891818
0.024613229589028285
0.0528374994683749
0.05767576787590335
0.10485540308614233
0.012227952492588325
0.0908944125364209
0.08422068822416619
0.0270569543000895
0.0035761073454600822
0.04660556457297141
0.01084176922121893
0.09468355705712053
0.028456547274796858
0.0340435560943251
0.02279730346897878
0.10291386007739876
0.007485728140781255
0.0029634843011620312
0.06301030884926741
0.07157719700131765
0.06439664837262014
0.22636649848248228
0.24401161318137968
0.06950859824775209
0.008427872543963676
0.04540367952535881
0.00318767579778868
0.0769857596248074
0.048021408686480964
0.012293562884249029
0.06571652114026263
0.08277164181748857
0.08160793470440607
0.0014207271794281341
0.02735377062384639
0.04400857714015534
0.008852164281085548
0.0331182242631907
0.031537171108481324
0.03841869572175425
0.09305234292198925
0.0086570977151786
4.352568360307615E-18
0.051857677086647756
0.06845861250264244
0.012426157630504333
0.04553861681650842
0.07233300650474775
0.1276679151838302
0.13821222574698763
0.06795552206770333
0.03452328099568384
0.04613603173007934
0.17395964496963098
0.07802755166335791
0.031778435322117146
0.004274410107037671
0.004672666356394382
0.2377757414778519
0.20192876650010066
0.08283981928251884
0.08316493785317586
0.07458314251877957
0.022729578979845497
0.1095495005775134
0.047896717651166786
0.10024401253960182
0.1352539086044074
0.1312619662108008
0.0071277361437424875
0.05668356681496563
0.09352570066966776
0.06720704856219475
0.04326333971159839
0.047818166566694006
0.09626300992805006
0.08929037128486858
0.08203431267394376
0.09671964006343137
0.014971386720053234
0.03958201430183464
0.09877305105649234
0.011627382645337438
0.04681352190180437
0.03771702365651267
0.05528818498688852
0.05796895649364787
0.028164704428986817
0.03541082321745451
0.06184768025812554
0.017505730991592923
0.1302880193258358
0.1122547847157088
0.1466933479432728
0.11627848539438532
0.20238810377287428
0.020127028129391267
0.11056956294473068
0.12670958334621568
0.06726397711234024
0.026277998282102356
0.0686110305457076
0.02111924259929153
0.07455551501331135
0.4157870620681787
0.08933067420633932
0.02759225560522175
0.03750685605432977
0.14031927525656496
0.029375847915098063
0.006258938308394339
0.04810421054013256
0.053320812724878396
0.03842645716672509
0.16841831347822936
0.01224298929656648
0.06302239103993702
0.11866390454768659
0.023902954148904743
0.16425028214234527
0.1612235171701366
0.10442550699652782
0.36805127054348563
0.7342803336621203
0.18901457125042503
0.03117777013619531
0.25654767894784913
0.10312014601820842
2.660338119483827E-5
0.01032661879246894
0.021292007055235266
0.01869899263733874
0.21457668311119488
0.09102305033856951
0.012586471440984345
0.05542827285758436
0.022828877693411652
0.014352380937459504
0.02712119717028158
0.14830110548641187
0.10692405232754854
1.0
0.013963856806048372
0.004688276360285806
0.08327905864370405
0.11261291809913977
0.06088812852165541
0.03097604404054792
0.04878842654054586
0.10618953098485837
0.2348808867864447
0.10202477076211815
0.036639722421387785
0.15632743745895483
0.07032374902164186
0.008329913734922286
0.049122340316374115
0.08752740890785897
0.0035846191741113276
0.03771863481971005
0.024278543074750424
0.010789455781457423
0.038192071048792076
0.09347703750102591
0.07759212688054132
0.08223543149681685
0.17736209214935725
0.012644521519989953
0.017428975061892858
0.05019465406909435
0.13868373496512432
0.0504894112963287
0.05604329527249348
0.07197026262705397
0.02234631274667347
0.21828476493348334
0.020738769703040453
0.2296569754845818
0.03254019430048003
0.21660910778333092
0.06239479953347077
0.05866493724516048
0.012799009873269778
0.10676456122268618
0.12259868739037615
0.19193922255502494
0.1470848901814055
0.5739046345642974
0.1049786581059631
0.22848119773131567
0.002573100202373633
0.10337188294570422
0.016914897156965553
8.054202206470363E-4
0.00596262840753297
0.04923128880680068
