-0.10551492624626091
0.042618787963346366
0.007996965048687637
0.015543352510147065
0.028780103133194155
0.0362133906642356
0.08754875228151122
0.10741779538832895
0.10962877302932544
0.1379969525664946
0.08071396956898853
0.02844762715966029
0.07350620869445668
0.02300906709015613
0.009488051886309825
0.08968669491978166
0.08321636445747822
0.03647339432877466
0.1541990110473729
0.14762116138990694
0.011697224486020726
0.11642484762456987
0.030957231210211184
0.053211695684753396
0.10836329485418736
0.05296777795485369
0.11483866310078857
0.14570342314360635
0.06891562465871529
0.10580718040445439
0.039790156749373654
0.07914781806442446
0.012028170680095186
0.08002605505712533
0.06794517618696921
0.019962839413756983
0.047003661672842256
0.09801005496132688
0.044411673969704836
0.010707639937156736
0.07876706320099748
0.10676893256138464
0.015271471425798615
0.07419655767464306
0.048860326480432766
0.04227418434155096
1.0
0.22015928698116968
0.12942202867661215
0.0872698711670552
0.05966930018774146
0.2770968187156189
0.2583410898284836
0.036544512132334006
0.1566612088045397
0.29202186873913283
0.31776086615136245
0.0964499060534822
0.0839659775583307
0.057466789050534664
0.1371648498306573
0.02812087780779817
0.058103973316274815
0.09387971511873358
0.16448000241890756
0.21699914692211086
0.019131258846859834
0.05220088718330055
0.021854159972051073
0.014846964226455218
0.1388556840208951
0.04240649478716806
0.13507495587769136
0.12018934665938492
0.051234132227791995
0.11336431975060779
0.010478005671889341
0.01962622302821144
0.012824552132303576
0.026740395579334404
0.0686476532381493
0.03426811637424538
0.005844001803508782
0.12167441229691421
0.02992112366172851
0.026603239237471103
0.012241385009186888
0.032823183310488904
0.022159325583225274
0.06590263345724741
0.02028149518102625
0.06810918033395989
0.252944117487877
0.1767484119814502
0.05068304998899693
0.021803758996270448
0.08355112420613879
0.051989112442176307
0.08437849964920865
0.0021872001929690095
0.10642813131898257
0.32841050904007635
0.0804481931398233
0.007366995580475407
0.08371362331059347
0.014655147079012597
0.02587351595128912
0.0586999881973707
0.030213820080158955
0.06247721168596387
0.07201950172585314
0.010594685685507338
0.01004223314552745
0.08865992850883907
0.02663054447332829
0.04988524033891908
0.07761731777741866
0.05436542700785312
0.04681745187658291
0.11608889130099578
0.10012169836333362
0.00990866350065614
0.06297332915884392
0.07132667173965278
0.08132866731830579
0.03513690557539736
0.042282513435582134
0.12291845143807319
0.09953571551615051
0.008416863737003424
0.05082755485863063
0.0743067060372042
0.016930112052424295
8.704393488525573E-4
0.01841046760973893
0.05174061156717535
0.013980667613054713
0.05743772689922822
0.0395819734885019
0.03723229527028053
0.05085015382112796
0.027186541818600213
0.024060560404245108
0.0461167958469174
0.03451478552718789
0.034513507075367114
0.03774067772900527
0.12186484898985614
0.13532614157072725
0.0013904665115757476
0.04098396755120861
0.032921161603871284
0.003372393933546443
0.0220391156890656
0.0747397394244348
0.06081153155410134
0.15670464478165033
0.003874549130882105
0.01596714167633162
0.05099151528029229
0.002223885888142592
0.012859671390591727
0.013394564096617732
0.09935958353988575
0.044298365295192856
0.013697763647233222
0.10973851352739773
0.025624577997350784
0.03220242920822408
0.056384605101068935
0.016048915046515982
0.04254935722832421
0.037770233540356184
0.08692880728317695
0.10205795157590279
0.45523792864169466
0.031239989907382987
0.09312461682207099
0.060527642108603195
0.0707867275535506
0.06166364809919107
0.06715619806276289
0.013841711686251403
0.04687862974446886
0.04348480694689944
0.055472071308199734
0.02076832376025737
0.03576405931374729
0.04996614944675704
0.08604456772976295
0.022077126589423356
0.024760322886600274
0.11379180270703737
0.11361020630385378
0.135961977611725
0.04764826170216895
0.040954790982703174
0.11921384200276619
0.08755469386506368
0.019112246686046934
0.0864274217308081
0.06464299604220321
0.03482476890557693
0.03091955808728296
0.04249092274157591
0.036549361867807516
0.033150024677450415
0.05100696977956503
0.08989836605672948
0.07520271382745304
0.075928079005997
0.048725781798529995
0.031666022111959305
0.004304141575448129
0.041653309658478896
0.016344892636950454
0.006836628076494717
0.029376721574595564
6.854883405549738E-4
0.037416659812985524
0.01853793021388585
0.018048269582156676
0.06361134681790093
0.10013857584903818
0.015189604524110627
0.03212260498274702
3.1849735017300447E-4
0.047138493815268946
0.053014227005981136
0.05128449408804461
0.02127037013903052
0.04396455260260871
0.019779977565604435
0.017749134744788436
0.029868294137290093
0.0257345928449887
0.007137322300836954
0.0417347155146973
0.10842088861590223
0.019602850248885934
0.010225378232064063
0.018811043041771346
0.028781714466134325
0.04223923578588218
0.020107809641771352
0.0011003127886104976
0.007091450568572217
0.008242366976645035
0.06171948006066264
0.042462505675368786
0.023858496663740975
0.03181957230298111
0.026082810960814915
0.005967224738355838
0.03144236331412761
0.03020361607094176
0.008602617891711926
0.0827137211806949
3.8052694190655076E-4
0.03749633734605479
0.027357443129926155
0.04413958749919858
0.03756926115830191
0.04960494429884886
0.017317641997885033
0.032245121923889106
0.07275147192678832
0.06562058612030504
0.03973469297289755
0.01575330744700209
0.02209559736952737
0.015228274155134487
0.06432230920029303
0.01401209218089954
0.027862536951299238
0.03874657363933556
0.08515445736546022
0.0826039274689225
0.023953387076232218
0.034475425818598596
0.08240441386478742
0.0018313285058956699
0.03402537076794584
0.0035297115459906
0.10193140461618007
0.023448921093538598
0.014074199236421253
0.03637609825282344
0.011143994309311346
5.54232363504808E-4
0.0130138868039677
3.915458978157026E-4
0.003387921320015516
0.04721453084604546
0.04715439535255896
0.14456416619357298
0.05814866170781997
0.041661494821100466
0.029398722732647493
0.011727123744053885
0.054484616027875896
0.026350835092312383
0.04112324977558291
0.05529793460261148
0.028045785520625425
0.059301897530770954
0.03393775989937523
0.09346972893715394
0.03956809734234784
0.02645783042063687
0.020921236828674205
0.034377128238729585
0.05525230851039651
0.041625370827392996
0.00902106108607896
0.042043005434710796
0.04670240861639174
0.01576456462922686
0.06835174805074862
0.009699638071543223
0.03766078732451895
0.06846640717487482
0.1249534176883202
0.07431678565033906
0.045533884464913216
0.00529709128807767
1.3750942833746994E-5
0.01137879439608872
0.05098388933936981
0.004978378674861534
0.05392848958879305
0.03204451746875288
0.06827438357863788
0.01585067861616006
0.04985417655764232
0.04968295834620062
0.013690022281827634
0.018006244280525194
0.0035329065179522078
0.008287764325413657
0.009393012824210014
0.01779780162728949
0.05148640607779806
0.019356256621395392
0.008518707959920263
0.07451109537801784
0.014437252863339942
5.675717458698814E-5
0.02075863071621901
0.0329989099018158
0.018240276046254174
0.05609024430814818
0.027414408265445403
0.06651042759720206
0.03444499584091092
0.09103240728343719
0.05270715187109572
0.03985573223639149
0.018294015173602084
0.041388345514192244
0.02519555749161568
0.04156091748097653
8.101590151084177E-4
0.0033923858732120954
0.045672189764370645
0.0016009171559835925
0.008120426552892954
0.04244244791216157
0.0595431790060187
0.030934190545204077
8.383649606699038E-4
0.051173522131829546
0.05397694326128755
0.034452343915171886
0.034277123109642975
0.08076801921093019
0.0716560020159379
0.03267274861114359
0.02160048275206335
0.004059822875539762
0.0165941045811732
0.026724366645315214
0.023403688152018685
0.03348864281085129
0.04340506400525447
0.010833312507689697
0.04466364136372847
0.014745456371043608
0.1274368209043492
0.010569075619476356
0.0026997388004832397
0.06451762814289154
0.02186365382333021
0.032180561059501074
0.04703641648280889
0.04931678816894479
0.008405380575061022
0.0391047728792466
0.004726622476670233
0.03153078422865457
0.06540330652989292
0.061430425092433225
0.021130633581364845
0.07583843474664999
0.032026747473325345
0.03548325010017994
0.0031283573024755303
0.09370698178140335
0.03038625669521918
0.03449195359125255
0.02560442527083075
0.03438429698193154
0.046346867192881426
0.022385238870662412
0.0455036962300263
0.07573599231650928
0.04232128751124058
0.008054339458095595
0.08628496318276242
0.018826427655671774
0.04758309273627455
0.028906608936086414
0.06720035648005576
0.01363376220155889
0.018045846226485945
0.029517630675939797
0.012969243031382156
0.0016638105053706715
0.0651000212549392
0.06983653487164335
0.0020818628105502717
0.030160517747035792
0.0032572289337318015
0.07185214762874323
0.0011948595398681768
0.03223018509828216
0.02114677296722092
0.06043314727365856
0.0334391601997941
0.0021484131742748446
0.01580959997824821
0.055792658888251356
0.01076655977566644
0.017627994232485178
0.0608845623373833
0.05107706603494525
0.09026517259527808
0.007802885287671406
0.012972518783468705
0.03185577956879857
0.04678557167550187
0.011873151668932982
0.022748078529648517
0.03400601919410255
0.05350476099084011
0.061419448029913996
0.038718445299321134
0.014459664950758353
0.039715722037049976
0.021636743060030213
0.0061145890981541655
0.057426374188433695
0.017585821041043486
0.057426374188433695
0.0061145890981541655
0.021636743060030213
0.039715722037049976
0.014459664950758353
0.038718445299321134
0.061419448029913996
0.05350476099084011
0.03400601919410255
0.022748078529648517
0.011873151668932982
0.04678557167550187
0.03185577956879857
0.012972518783468705
0.007802885287671406
0.09026517259527808
0.05107706603494525
0.0608845623373833
0.017627994232485178
0.01076655977566644
0.055792658888251356
0.01580959997824821
0.0021484131742748446
0.0334391601997941
0.06043314727365856
0.02114677296722092
0.03223018509828216
0.0011948595398681768
0.07185214762874323
0.0032572289337318015
0.030160517747035792
0.0020818628105502717
0.06983653487164335
0.0651000212549392
0.0016638105053706715
0.012969243031382156
0.029517630675939797
0.018045846226485945
0.01363376220155889
0.06720035648005576
0.028906608936086414
0.04758309273627455
0.018826427655671774
0.08628496318276242
0.008054339458095595
0.04232128751124058
0.07573599231650928
0.0455036962300263
0.022385238870662412
0.046346867192881426
0.03438429698193154
0.02560442527083075
0.03449195359125255
0.03038625669521918
0.09370698178140335
0.0031283573024755303
0.03548325010017994
0.032026747473325345
0.07583843474664999
0.021130633581364845
0.061430425092433225
0.06540330652989292
0.03153078422865457
0.004726622476670233
0.0391047728792466
0.008405380575061022
0.04931678816894479
0.04703641648280889
0.032180561059501074
0.02186365382333021
0.06451762814289154
0.0026997388004832397
0.010569075619476356
0.1274368209043492
0.014745456371043608
0.04466364136372847
0.010833312507689697
0.04340506400525447
0.03348864281085129
0.023403688152018685
0.026724366645315214
0.0165941045811732
0.004059822875539762
0.02160048275206335
0.03267274861114359
0.0716560020159379
0.08076801921093019
0.034277123109642975
0.034452343915171886
0.05397694326128755
0.051173522131829546
8.383649606699038E-4
0.030934190545204077
0.0595431790060187
0.04244244791216157
0.008120426552892954
0.0016009171559835925
0.045672189764370645
0.0033923858732120954
8.101590151084177E-4
0.04156091748097653
0.02519555749161568
0.041388345514192244
0.018294015173602084
0.03985573223639149
0.05270715187109572
0.09103240728343719
0.03444499584091092
0.06651042759720206
0.027414408265445403
0.05609024430814818
0.018240276046254174
0.0329989099018158
0.02075863071621901
5.675717458698814E-5
0.014437252863339942
0.07451109537801784
0.008518707959920263
0.019356256621395392
0.05148640607779806
0.01779780162728949
0.009393012824210014
0.008287764325413657
0.0035329065179522078
0.018006244280525194
0.013690022281827634
0.04968295834620062
0.04985417655764232
0.01585067861616006
0.06827438357863788
0.03204451746875288
0.05392848958879305
0.004978378674861534
0.05098388933936981
0.01137879439608872
1.3750942833746994E-5
0.00529709128807767
0.045533884464913216
0.07431678565033906
0.1249534176883202
0.06846640717487482
0.03766078732451895
0.009699638071543223
0.06835174805074862
0.01576456462922686
0.04670240861639174
0.042043005434710796
0.00902106108607896
0.041625370827392996
0.05525230851039651
0.034377128238729585
0.020921236828674205
0.02645783042063687
0.03956809734234784
0.09346972893715394
0.03393775989937523
0.059301897530770954
0.028045785520625425
0.05529793460261148
0.04112324977558291
0.026350835092312383
0.054484616027875896
0.011727123744053885
0.029398722732647493
0.041661494821100466
0.05814866170781997
0.14456416619357298
0.04715439535255896
0.04721453084604546
0.003387921320015516
3.915458978157026E-4
0.0130138868039677
5.54232363504808E-4
0.011143994309311346
0.03637609825282344
0.014074199236421253
0.023448921093538598
0.10193140461618007
0.0035297115459906
0.03402537076794584
0.0018313285058956699
0.08240441386478742
0.034475425818598596
0.023953387076232218
0.0826039274689225
0.08515445736546022
0.03874657363933556
0.027862536951299238
0.01401209218089954
0.06432230920029303
0.015228274155134487
0.02209559736952737
0.01575330744700209
0.03973469297289755
0.06562058612030504
0.07275147192678832
0.032245121923889106
0.017317641997885033
0.04960494429884886
0.03756926115830191
0.04413958749919858
0.027357443129926155
0.03749633734605479
3.8052694190655076E-4
0.0827137211806949
0.008602617891711926
0.03020361607094176
0.03144236331412761
0.005967224738355838
0.026082810960814915
0.03181957230298111
0.023858496663740975
0.042462505675368786
0.06171948006066264
0.008242366976645035
0.007091450568572217
0.0011003127886104976
0.020107809641771352
0.04223923578588218
0.028781714466134325
0.018811043041771346
0.010225378232064063
0.019602850248885934
0.10842088861590223
0.0417347155146973
0.007137322300836954
0.0257345928449887
0.029868294137290093
0.017749134744788436
0.019779977565604435
0.04396455260260871
0.02127037013903052
0.05128449408804461
0.053014227005981136
0.047138493815268946
3.1849735017300447E-4
0.03212260498274702
0.015189604524110627
0.10013857584903818
0.06361134681790093
0.018048269582156676
0.01853793021388585
0.037416659812985524
6.854883405549738E-4
0.029376721574595564
0.006836628076494717
0.016344892636950454
0.041653309658478896
0.004304141575448129
0.031666022111959305
0.048725781798529995
0.075928079005997
0.07520271382745304
0.08989836605672948
0.05100696977956503
0.033150024677450415
0.036549361867807516
0.04249092274157591
0.03091955808728296
0.03482476890557693
0.06464299604220321
0.0864274217308081
0.019112246686046934
0.08755469386506368
0.11921384200276619
0.040954790982703174
0.04764826170216895
0.135961977611725
0.11361020630385378
0.11379180270703737
0.024760322886600274
0.022077126589423356
0.08604456772976295
0.04996614944675704
0.03576405931374729
0.02076832376025737
0.055472071308199734
0.04348480694689944
0.04687862974446886
0.013841711686251403
0.06715619806276289
0.06166364809919107
0.0707867275535506
0.060527642108603195
0.09312461682207099
0.031239989907382987
0.45523792864169466
0.10205795157590279
0.08692880728317695
0.037770233540356184
0.04254935722832421
0.016048915046515982
0.056384605101068935
0.03220242920822408
0.025624577997350784
0.10973851352739773
0.013697763647233222
0.044298365295192856
0.09935958353988575
0.013394564096617732
0.012859671390591727
0.002223885888142592
0.05099151528029229
0.01596714167633162
0.003874549130882105
0.15670464478165033
0.06081153155410134
0.0747397394244348
0.0220391156890656
0.003372393933546443
0.032921161603871284
0.04098396755120861
0.0013904665115757476
0.13532614157072725
0.12186484898985614
0.03774067772900527
0.034513507075367114
0.03451478552718789
0.0461167958469174
0.024060560404245108
0.027186541818600213
0.05085015382112796
0.03723229527028053
0.0395819734885019
0.05743772689922822
0.013980667613054713
0.05174061156717535
0.01841046760973893
8.704393488525573E-4
0.016930112052424295
0.0743067060372042
0.05082755485863063
0.008416863737003424
0.09953571551615051
0.12291845143807319
0.042282513435582134
0.03513690557539736
0.08132866731830579
0.07132667173965278
0.06297332915884392
0.00990866350065614
0.10012169836333362
0.11608889130099578
0.04681745187658291
0.05436542700785312
0.07761731777741866
0.04988524033891908
0.02663054447332829
0.08865992850883907
0.01004223314552745
0.010594685685507338
0.07201950172585314
0.06247721168596387
0.030213820080158955
0.0586999881973707
0.02587351595128912
0.014655147079012597
0.08371362331059347
0.007366995580475407
0.0804481931398233
0.32841050904007635
0.10642813131898257
0.0021872001929690095
0.08437849964920865
0.051989112442176307
0.08355112420613879
0.021803758996270448
0.05068304998899693
0.1767484119814502
0.252944117487877
0.06810918033395989
0.02028149518102625
0.06590263345724741
0.022159325583225274
0.032823183310488904
0.012241385009186888
0.026603239237471103
0.02992112366172851
0.12167441229691421
0.005844001803508782
0.03426811637424538
0.0686476532381493
0.026740395579334404
0.012824552132303576
0.01962622302821144
0.010478005671889341
0.11336431975060779
0.051234132227791995
0.12018934665938492
0.13507495587769136
0.04240649478716806
0.1388556840208951
0.014846964226455218
0.021854159972051073
0.05220088718330055
0.019131258846859834
0.21699914692211086
0.16448000241890756
0.09387971511873358
0.058103973316274815
0.02812087780779817
0.1371648498306573
0.057466789050534664
0.0839659775583307
0.0964499060534822
0.31776086615136245
0.29202186873913283
0.1566612088045397
0.036544512132334006
0.2583410898284836
0.2770968187156189
0.05966930018774146
0.0872698711670552
0.12942202867661215
0.22015928698116968
1.0
0.04227418434155096
0.048860326480432766
0.07419655767464306
0.015271471425798615
0.10676893256138464
0.07876706320099748
0.010707639937156736
0.044411673969704836
0.09801005496132688
0.047003661672842256
0.019962839413756983
0.06794517618696921
0.08002605505712533
0.012028170680095186
0.07914781806442446
0.039790156749373654
0.10580718040445439
0.06891562465871529
0.14570342314360635
0.11483866310078857
0.05296777795485369
0.10836329485418736
0.053211695684753396
0.030957231210211184
0.11642484762456987
0.011697224486020726
0.14762116138990694
0.1541990110473729
0.03647339432877466
0.08321636445747822
0.08968669491978166
0.009488051886309825
0.02300906709015613
0.07350620869445668
0.02844762715966029
0.08071396956898853
0.1379969525664946
0.10962877302932544
0.10741779538832895
0.08754875228151122
0.0362133906642356
0.028780103133194155
0.015543352510147065
0.007996965048687637
0.042618787963346366
