0.0
0.00241346203429361
0.00956683816997008
0.021202216776161582
0.036900024478990996
0.05609404735784156
0.07809168029990707
0.10209865935251436
0.1272473677512561
0.15262767615562853
0.17731918634681454
0.2004236986267729
0.2210967182065069
0.2385768551291875
0.2522120542222645
0.2614817130868327
0.2660139025983107
0.26559708988029346
0.26018597120123915
0.24990124388146998
0.23502337370381718
0.215980638897303
0.19333194502055734
0.16774509895101122
0.13997139736295028
0.11081751924049724
0.08111580806131663
0.051694083689570666
0.023346134702867605
0.0031959915186750244
0.027286859779327936
0.0483887539588756
0.0660882459814883
0.08010763391096451
0.0903108596631419
0.09670373499766632
0.09942852893536644
0.09875319186820117
0.09505570278080921
0.0888042179800474
0.0805338650394818
0.07082115782027398
0.0602571021937136
0.0494201136893316
0.03884987556276747
0.029023228257571358
0.020333100191124207
0.01307136818186146
0.00741637819347085
0.0034256693633197516
0.0010342336707738781
5.8418185893411824E-5
2.053453523735963E-4
0.0010874982357777661
0.002241901104140702
0.003153129713624961
0.0032792181411149305
0.0020793968081403743
9.574949497511742E-4
0.006285124743623404
0.014273513402123907
0.025185764745674483
0.03915873644540324
0.056188570488795615
0.07612182395176857
0.09865273052446824
0.12332688821268428
0.1495514175455141
0.1766113769030484
0.2036919670611259
0.22990581557891399
0.2543244127234875
0.2760125830153377
0.29406472791973975
0.30764147207552817
0.3160052925071328
0.31855371045751096
0.31484867981144926
0.3046409135415088
0.2878880471911767
0.26476574118110946
0.23567106499054497
0.20121777779135697
0.16222341240135002
0.11968837205249505
0.0747675514566287
0.0287352838497971
0.017055316796630665
0.061217314653820534
0.10237771588336753
0.1392263989940562
0.17056448710207767
0.19535041177474
0.21274195496908985
0.22213265484753558
0.2231811206045089
0.21583201631419022
0.20032773758498493
0.1772101089981629
0.14731176485017583
0.11173722930020918
0.07183407247716206
0.029154873816576905
0.01458893972451153
0.057580007039272546
0.09795306015929048
0.13385621537301126
0.16351352568860758
0.1852867060901538
0.19773392739385115
0.19966363098035297
0.19018144445845506
0.1687284741103689
0.13510950807755526
0.08950997672903507
0.03250087358423382
0.03496877005223428
0.11159185381908181
0.19573520143817114
0.28548275113150284
0.3786887298481415
0.47303924676792597
0.5661204381133598
0.6554910503680639
0.7387571715614538
0.8136467171197949
0.8780812522278664
0.9302427883867695
0.9686333268734655
0.9921251323878879
1.0
0.9919761188674986
0.9682215262488556
0.9293535724815133
0.8764242678749553
0.8108918410402861
0.734579289811174
0.649621135501829
0.5583999843326123
0.46347484310384146
0.3675034178767518
0.27316083478900877
0.18305735379020824
0.09965769422916097
0.025204553831459107
0.03835121950185059
0.08941154680359406
0.12678114961343723
0.1497050591601252
0.1578923665236859
0.15152541702347605
0.1312541191941558
0.09817551771764244
0.05379925479583594
2.0181408771151436E-17
0.061041650428632854
0.12690793143661938
0.19502013919666505
0.2627199078764438
0.3273529462514266
0.38635257016474706
0.4373203765336997
0.4781015006974012
0.5068520781107373
0.5220967876728505
0.5227746787373121
0.5082718662284023
0.47844010553457506
0.43360071675818046
0.37453380128347713
0.302453166831291
0.21896783460871927
0.12603142883202673
0.02588113088426599
0.07903179469854657
0.186117637741459
0.2927275968529746
0.39623430333824283
0.49411095025547136
0.5840065292172932
0.6638148255501752
0.7317350459914254
0.7863222442305354
0.8265260580932292
0.8517166659834065
0.8616972958774418
0.856703063286012
0.8373863602766027
0.8047894510450639
0.760305336343616
0.7056283160488339
0.6426959944878714
0.5736247268921106
0.5006406897496449
0.4260088675382186
0.35196228057598783
0.280633733416266
0.21399224284946772
0.1537861141911612
0.10149438147700002
0.058288020842079284
0.025001997820063758
0.002118830940909024
0.010236040921856489
0.012287197866157222
0.004590982593047129
0.01199309037661215
0.03634007066475108
0.06710498224645939
0.10277421043344084
0.14172100361647488
0.18226312982642864
0.2227206990959485
0.2614722021912896
0.29700692196982803
0.3279720405773198
0.35321298704269954
0.3718058368784624
0.38308087791072165
0.3866367835189433
0.38234517386077765
0.37034568534699475
0.35103199665790014
0.32502956460721594
0.2931660948165691
0.25643600147403134
0.21596029008112824
0.17294342160655637
0.12862878248536952
0.08425439120611605
0.04101041975724661
0.0
0.037795373900089586
0.07154473876391088
0.10058998184893615
0.12446098189951349
0.14288324838844005
0.15577802221701684
0.16325508269301214
0.16559877174624876
0.16324798751461017
0.1567711071568948
0.1468369659108228
0.13418314051547184
0.11958285645257428
0.1038118582329378
0.08761655031422733
0.07168463525422572
0.056619349266361245
0.042918228988588006
0.03095714396286747
0.020980105157458472
0.013095119785013144
0.007276116099232155
0.0033707183420655803
0.0011134208800918414
1.435005503971839E-4
2.6825167484414593E-5
2.8057066860371255E-4
3.99754712284275E-4
1.155657012943891E-4
0.0017335989774503624
0.004865760018091154
0.009844304543188674
0.01690359515384273
0.026165782935292176
0.03763150365168394
0.051175980215076404
0.06655070134770753
0.08339061892716552
0.10122658230137806
0.11950251560204952
0.13759665198351784
0.15484597416578177
0.1705728799696589
0.1841129996751727
0.19484304247681858
0.20220754388036058
0.2057434247146322
0.20510135394959528
0.20006302851706068
0.19055363911568926
0.17664897551764921
0.15857683106168302
0.13671258588127116
0.11156907352929392
0.0837810573832883
0.054084853046719616
0.02329382285981349
0.007729368679489794
0.0381027205473788
0.06695597302146651
0.09346163994779985
0.11686483262965372
0.1365107515462551
0.15186880380561152
0.1625524255676206
0.16833384510769783
0.16915320786529894
0.1651216927678552
0.15651847152779969
0.14378159111954103
0.12749308566259793
0.10835883896572408
0.08718391493493946
0.06484424254175158
0.04225567870540279
0.02034157111674302
2.0181408771151436E-17
0.017928109082449434
0.03268884053543274
0.04364202576558998
0.05028389045594842
0.052264791607882506
0.04940140536269082
0.041682931767026636
0.029271103776543617
0.012494016612226698
0.008165978481515616
0.03208985351907506
0.05854429263888633
0.08670805132357602
0.1157013026760093
0.14461688045717894
0.17255226265051085
0.19864111685882688
0.22208325065386036
0.24217187520198016
0.25831719656363067
0.2700654919440227
0.2771130024038456
0.2793141724803051
0.27668398324422144
0.2693943503021803
0.2577647835789657
0.2422477228052599
0.22340916321992826
0.20190536243092025
0.17845656493530423
0.1538187899214851
0.12875479649533028
0.1040053657642082
0.08026202030651707
0.058142239168115506
0.03816812304815145
0.02074932373384839
0.00617087952056894
0.005413599052881943
0.013983163691774185
0.0196451776051976
0.022625598542029605
0.023254330754039345
0.021946280408924698
0.019178923714382644
0.015467340173032982
0.011337769204411041
0.007300812492176389
0.0038254240756039966
0.0013148043393776008
8.524335337781633E-5
3.4884590277076E-4
0.002200919115869638
0.005612619446206242
0.010429245812857136
0.016374337926128135
0.023059501965598885
0.029999649013116254
0.03663310424496469
0.042345835864237416
0.046498870508551365
0.0484578138688242
0.04762328774414226
0.043461032500805796
0.0355304099910037
0.023510077698138603
0.007219689611380759
0.013363389388438195
0.038093195314877135
0.06665073288590177
0.0985463905064706
0.13312933462689758
0.16960374602022624
0.207051490226592
0.24446055374322193
0.28075833655742144
0.31484867981144926
0.3456513332987554
0.3721424383972928
0.393394523666479
0.40861448659710137
0.41717806787248524
0.41865941387538147
0.41285446686906424
0.3997971160638446
0.3797672805076973
0.3532903685503641
0.32112785920695713
0.2842590676355758
0.24385447891666548
0.20124134977638478
0.15786257526795952
0.11523008560823
0.07487426712229242
0.038291081586780774
0.006888682781758284
0.018064607758556256
0.03548910538168797
0.04453755441673504
0.0446322470537498
0.035494001812411025
0.017161783439964773
0.009997957131464471
0.045292809173115234
0.08771701923743412
0.13597504631392024
0.18851552350867135
0.24357472693223303
0.2992283088708512
0.3534497451715142
0.4041736873079229
0.4493622075266349
0.48707178865354317
0.5155188442672537
0.5331415633338787
0.5386559568398763
0.5311041406687894
0.5098931146106629
0.4748225852121131
0.42610072119692227
0.36434711350867666
0.29058262517265215
0.206206245509378
0.11295949442195252
0.01287934097343426
0.0917590079973309
0.19850774239534422
0.3048185013232902
0.4081186031705946
0.5058890497445285
0.5957418155292556
0.6754939293958808
0.7432359347400543
0.7973924731764087
0.836772971924552
0.8606107186432007
0.8685889701105483
0.8608531511639032
0.8380086443873185
0.8011041346349321
0.7516009403235837
0.6913292200186104
0.622432372966473
0.5473013415043095
0.46850085860888674
0.38868995389380706
0.3105392269202624
0.23664751100462197
0.16946057972774067
0.11119449085296773
0.06376602000250928
0.02873241371897693
0.0072423956327969
0.0
0.0072423956327969
0.02873241371897693
0.06376602000250928
0.11119449085296773
0.16946057972774067
0.23664751100462197
0.3105392269202624
0.38868995389380706
0.46850085860888674
0.5473013415043095
0.622432372966473
0.6913292200186104
0.7516009403235837
0.8011041346349321
0.8380086443873185
0.8608531511639032
0.8685889701105483
0.8606107186432007
0.836772971924552
0.7973924731764087
0.7432359347400543
0.6754939293958808
0.5957418155292556
0.5058890497445285
0.4081186031705946
0.3048185013232902
0.19850774239534422
0.0917590079973309
0.01287934097343426
0.11295949442195252
0.206206245509378
0.29058262517265215
0.36434711350867666
0.42610072119692227
0.4748225852121131
0.5098931146106629
0.5311041406687894
0.5386559568398763
0.5331415633338787
0.5155188442672537
0.48707178865354317
0.4493622075266349
0.4041736873079229
0.3534497451715142
0.2992283088708512
0.24357472693223303
0.18851552350867135
0.13597504631392024
0.08771701923743412
0.045292809173115234
0.009997957131464471
0.017161783439964773
0.035494001812411025
0.0446322470537498
0.04453755441673504
0.03548910538168797
0.018064607758556256
0.006888682781758284
0.038291081586780774
0.07487426712229242
0.11523008560823
0.15786257526795952
0.20124134977638478
0.24385447891666548
0.2842590676355758
0.32112785920695713
0.3532903685503641
0.3797672805076973
0.3997971160638446
0.41285446686906424
0.41865941387538147
0.41717806787248524
0.40861448659710137
0.393394523666479
0.3721424383972928
0.3456513332987554
0.31484867981144926
0.28075833655742144
0.24446055374322193
0.207051490226592
0.16960374602022624
0.13312933462689758
0.0985463905064706
0.06665073288590177
0.038093195314877135
0.013363389388438195
0.007219689611380759
0.023510077698138603
0.0355304099910037
0.043461032500805796
0.04762328774414226
0.0484578138688242
0.046498870508551365
0.042345835864237416
0.03663310424496469
0.029999649013116254
0.023059501965598885
0.016374337926128135
0.010429245812857136
0.005612619446206242
0.002200919115869638
3.4884590277076E-4
8.524335337781633E-5
0.0013148043393776008
0.0038254240756039966
0.007300812492176389
0.011337769204411041
0.015467340173032982
0.019178923714382644
0.021946280408924698
0.023254330754039345
0.022625598542029605
0.0196451776051976
0.013983163691774185
0.005413599052881943
0.00617087952056894
0.02074932373384839
0.03816812304815145
0.058142239168115506
0.08026202030651707
0.1040053657642082
0.12875479649533028
0.1538187899214851
0.17845656493530423
0.20190536243092025
0.22340916321992826
0.2422477228052599
0.2577647835789657
0.2693943503021803
0.27668398324422144
0.2793141724803051
0.2771130024038456
0.2700654919440227
0.25831719656363067
0.24217187520198016
0.22208325065386036
0.19864111685882688
0.17255226265051085
0.14461688045717894
0.1157013026760093
0.08670805132357602
0.05854429263888633
0.03208985351907506
0.008165978481515616
0.012494016612226698
0.029271103776543617
0.041682931767026636
0.04940140536269082
0.052264791607882506
0.05028389045594842
0.04364202576558998
0.03268884053543274
0.017928109082449434
2.0181408771151436E-17
0.02034157111674302
0.04225567870540279
0.06484424254175158
0.08718391493493946
0.10835883896572408
0.12749308566259793
0.14378159111954103
0.15651847152779969
0.1651216927678552
0.16915320786529894
0.16833384510769783
0.1625524255676206
0.15186880380561152
0.1365107515462551
0.11686483262965372
0.09346163994779985
0.06695597302146651
0.0381027205473788
0.007729368679489794
0.02329382285981349
0.054084853046719616
0.0837810573832883
0.11156907352929392
0.13671258588127116
0.15857683106168302
0.17664897551764921
0.19055363911568926
0.20006302851706068
0.20510135394959528
0.2057434247146322
0.20220754388036058
0.19484304247681858
0.1841129996751727
0.1705728799696589
0.15484597416578177
0.13759665198351784
0.11950251560204952
0.10122658230137806
0.08339061892716552
0.06655070134770753
0.051175980215076404
0.03763150365168394
0.026165782935292176
0.01690359515384273
0.009844304543188674
0.004865760018091154
0.0017335989774503624
1.155657012943891E-4
3.99754712284275E-4
2.8057066860371255E-4
2.6825167484414593E-5
1.435005503971839E-4
0.0011134208800918414
0.0033707183420655803
0.007276116099232155
0.013095119785013144
0.020980105157458472
0.03095714396286747
0.042918228988588006
0.056619349266361245
0.07168463525422572
0.08761655031422733
0.1038118582329378
0.11958285645257428
0.13418314051547184
0.1468369659108228
0.1567711071568948
0.16324798751461017
0.16559877174624876
0.16325508269301214
0.15577802221701684
0.14288324838844005
0.12446098189951349
0.10058998184893615
0.07154473876391088
0.037795373900089586
0.0
0.04101041975724661
0.08425439120611605
0.12862878248536952
0.17294342160655637
0.21596029008112824
0.25643600147403134
0.2931660948165691
0.32502956460721594
0.35103199665790014
0.37034568534699475
0.38234517386077765
0.3866367835189433
0.38308087791072165
0.3718058368784624
0.35321298704269954
0.3279720405773198
0.29700692196982803
0.2614722021912896
0.2227206990959485
0.18226312982642864
0.14172100361647488
0.10277421043344084
0.06710498224645939
0.03634007066475108
0.01199309037661215
0.004590982593047129
0.012287197866157222
0.010236040921856489
0.002118830940909024
0.025001997820063758
0.058288020842079284
0.10149438147700002
0.1537861141911612
0.21399224284946772
0.280633733416266
0.35196228057598783
0.4260088675382186
0.5006406897496449
0.5736247268921106
0.6426959944878714
0.7056283160488339
0.760305336343616
0.8047894510450639
0.8373863602766027
0.856703063286012
0.8616972958774418
0.8517166659834065
0.8265260580932292
0.7863222442305354
0.7317350459914254
0.6638148255501752
0.5840065292172932
0.49411095025547136
0.39623430333824283
0.2927275968529746
0.186117637741459
0.07903179469854657
0.02588113088426599
0.12603142883202673
0.21896783460871927
0.302453166831291
0.37453380128347713
0.43360071675818046
0.47844010553457506
0.5082718662284023
0.5227746787373121
0.5220967876728505
0.5068520781107373
0.4781015006974012
0.4373203765336997
0.38635257016474706
0.3273529462514266
0.2627199078764438
0.19502013919666505
0.12690793143661938
0.061041650428632854
2.0181408771151436E-17
0.05379925479583594
0.09817551771764244
0.1312541191941558
0.15152541702347605
0.1578923665236859
0.1497050591601252
0.12678114961343723
0.08941154680359406
0.03835121950185059
0.025204553831459107
0.09965769422916097
0.18305735379020824
0.27316083478900877
0.3675034178767518
0.46347484310384146
0.5583999843326123
0.649621135501829
0.734579289811174
0.8108918410402861
0.8764242678749553
0.9293535724815133
0.9682215262488556
0.9919761188674986
1.0
0.9921251323878879
0.9686333268734655
0.9302427883867695
0.8780812522278664
0.8136467171197949
0.7387571715614538
0.6554910503680639
0.5661204381133598
0.47303924676792597
0.3786887298481415
0.28548275113150284
0.19573520143817114
0.11159185381908181
0.03496877005223428
0.03250087358423382
0.08950997672903507
0.13510950807755526
0.1687284741103689
0.19018144445845506
0.19966363098035297
0.19773392739385115
0.1852867060901538
0.16351352568860758
0.13385621537301126
0.09795306015929048
0.057580007039272546
0.01458893972451153
0.029154873816576905
0.07183407247716206
0.11173722930020918
0.14731176485017583
0.1772101089981629
0.20032773758498493
0.21583201631419022
0.2231811206045089
0.22213265484753558
0.21274195496908985
0.19535041177474
0.17056448710207767
0.1392263989940562
0.10237771588336753
0.061217314653820534
0.017055316796630665
0.0287352838497971
0.0747675514566287
0.11968837205249505
0.16222341240135002
0.20121777779135697
0.23567106499054497
0.26476574118110946
0.2878880471911767
0.3046409135415088
0.31484867981144926
0.31855371045751096
0.3160052925071328
0.30764147207552817
0.29406472791973975
0.2760125830153377
0.2543244127234875
0.22990581557891399
0.2036919670611259
0.1766113769030484
0.1495514175455141
0.12332688821268428
0.09865273052446824
0.07612182395176857
0.056188570488795615
0.03915873644540324
0.025185764745674483
0.014273513402123907
0.006285124743623404
9.574949497511742E-4
0.0020793968081403743
0.0032792181411149305
0.003153129713624961
0.002241901104140702
0.0010874982357777661
2.053453523735963E-4
5.8418185893411824E-5
0.0010342336707738781
0.0034256693633197516
0.00741637819347085
0.01307136818186146
0.020333100191124207
0.029023228257571358
0.03884987556276747
0.0494201136893316
0.0602571021937136
0.07082115782027398
0.0805338650394818
0.0888042179800474
0.09505570278080921
0.09875319186820117
0.09942852893536644
0.09670373499766632
0.0903108596631419
0.08010763391096451
0.0660882459814883
0.0483887539588756
0.027286859779327936
0.0031959915186750244
0.023346134702867605
0.051694083689570666
0.08111580806131663
0.11081751924049724
0.13997139736295028
0.16774509895101122
0.19333194502055734
0.215980638897303
0.23502337370381718
0.24990124388146998
0.26018597120123915
0.26559708988029346
0.2660139025983107
0.2614817130868327
0.2522120542222645
0.2385768551291875
0.2210967182065069
0.2004236986267729
0.17731918634681454
0.15262767615562853
0.1272473677512561
0.10209865935251436
0.07809168029990707
0.05609404735784156
0.036900024478990996
0.021202216776161582
0.00956683816997008
0.00241346203429361
