-0.015043988903775552
0.04054081150213039
0.06762201092952282
0.10951588637580367
0.12177120539747593
0.0013954789111130872
0.04757564803575062
0.029667578912104583
0.05305638012314965
0.07738502315549443
0.018463540779902827
0.10161977190485398
0.01979477747829438
0.04796314288052519
0.06251870467309732
0.09807246241290751
0.023489109211599146
0.002976596626134358
0.06538595732622997
0.006266947794499723
0.10897289767448712
0.14602683882762652
0.043355759933880654
0.01566442105078629
0.025114547978852642
0.030197798936323104
0.02302269314748004
0.05574240588816981
0.07516248500640567
0.009347340719345128
0.06703874053414874
0.02768805888617585
0.01711108855308409
0.012228408311784641
0.025434798456784775
0.04513600218063164
0.01373075027191879
0.06311722656167014
0.0705948515719112
0.002285550378495422
0.031027367092425134
0.026157603044544234
0.023635340804722908
0.035724685106022544
0.03817187642896141
0.025809811496170305
0.02736323112937732
0.0196407599987203
0.024518614672083192
0.03078675949400805
0.004673147357000169
0.0321493033012083
0.05311538022299707
0.0021690247993470615
6.841182122109472E-4
0.05015882702369062
0.024802526751120917
0.07655644258985658
0.03953814460825547
0.11580316513609223
0.04881727720480072
0.05418845349221624
0.0611554233865299
0.030460988204912276
0.03920113213329829
0.032216252260467496
0.06197430183856717
0.026876644809334986
0.0588664294692662
0.052329541993655186
0.04160806879403338
0.07494427852976189
0.06728995786990569
0.1587522830060614
0.06961951276530967
0.03174226707781647
0.13284738568986162
0.023771413339221423
0.05071188385681736
0.024437707741134188
0.06239262791494575
0.028494794446774323
0.059287767127944646
6.293007527042591E-4
0.003867488924460605
0.07434602003177206
0.004651011399496655
0.0182566893625202
0.0198811024201273
0.023993463346508814
0.04015425880701664
0.035305317689476916
0.10982089023313235
0.0529444265050177
0.05911294512660498
0.028385714341588455
0.048042608021313764
0.026776661109908673
0.06519923429317703
0.02727578225147955
0.04732885526186305
0.13169177324552903
0.058069928734088616
0.0405863266287571
0.0698329724312008
0.08758274371948815
0.08554102357509467
0.03875295266129854
0.10097468895527598
0.03300041525350182
0.09734126772336596
0.06951666994026509
0.25488477274510574
0.06474222661366165
0.06978603299894366
0.012832852932002866
0.06911135161918053
0.13739920964999547
0.07086783006660988
0.1467219399252451
0.0022440213584090144
0.09808732851687374
0.46131729584504094
0.0719361669819817
0.05420278799466907
0.22819577003467809
0.016391753445779162
0.1945203452847178
0.08094809505022932
0.21199980464409346
0.09763376602742811
0.08434828934329654
0.014987327636783473
0.3282478616951929
0.5549133046471939
0.42163958080607866
0.29821128125068447
0.04822089256496283
0.002614794443495533
0.11678663869312697
0.017272171453448077
0.10466676251344423
0.06984950553173237
0.01792592623050855
0.19049091653088393
0.12687068222583048
0.11132215508422749
0.08443888087265505
0.046617907203703
0.12308513459795682
0.05482487363877483
0.17013787112341475
0.02893119428183522
0.10958242905065678
0.24446481968635272
0.22264021905155423
0.07862416736070528
0.1745538774975305
0.00900928729462911
0.5358867441557232
0.004243421771404262
0.07951663036834931
0.2621848143825549
0.09312672127351587
0.1954548812442348
0.021473027838399494
0.03869099283927216
0.3870060773599125
0.22578929738155165
0.7614724351569307
0.06090526612745082
0.2542448381083866
0.6818289917293547
0.1695467546256768
0.043978664453618206
0.05620535102612579
0.21473692863867094
0.20880085378302576
0.1142301270974693
0.10899857628844618
0.07380242075244654
0.044943443308199695
0.2003321588201991
1.0
0.17132785625032984
0.053659675820815614
0.35101967544425483
0.3839921286258382
0.36192869116224896
0.37631904499709545
0.175028323345345
0.12751442904463778
0.10845168475654342
0.15610772942382248
0.015027752124213537
0.0802676869989174
0.22950126132629117
0.031506129975168745
0.23862606642036718
0.21102595683045014
0.5287915493311568
0.20193844551631726
0.05547604093914667
0.27063261275157297
0.07306944112816603
0.006087956981887708
0.01771030371406823
0.16170506852923058
0.13841407971288527
0.28898659682306255
0.1207239688845234
0.11942994189118455
0.13274887160281135
0.2298713252692067
0.12028267056516219
0.030926187440653664
0.10115369279567833
0.001478469363096709
0.013461554433146884
0.04118308162149061
0.0490188103422929
0.027914993257232547
0.031360465432301705
0.0308789259353278
0.07269030445289869
0.05872782612225171
0.07389438969780693
0.04931903001071933
0.03253886731725522
0.037678706899466854
0.03828190426369916
0.052653961163214434
0.0632895961413733
0.013005384073130186
0.05408517287560185
0.10247890715591602
0.05115813794475938
0.1438131621131407
0.0457728469682131
0.0187582013668387
0.08631498794859396
0.07681612199058627
0.09869519191936231
0.4709117056491068
0.25701887106339905
0.07783027303435149
0.15425661566986457
0.05470512370853129
0.05583017430126434
0.15212750240144918
0.11108631968315426
0.1192870207723312
0.10099567886968717
0.11657786365046027
0.19964286492186784
0.20032895846884913
0.05330088053656472
0.40853066028787877
0.10791043023114949
0.12978356574592173
0.0364593977577599
0.10515443058198339
0.10224132898286994
0.008842374651531084
0.026392641561825737
0.0826512987324567
0.018564963566848645
0.04557351322947692
0.051356808389654764
0.13391094265504938
0.01126288653089263
0.009966651065982973
0.0830588654848118
3.263901313550388E-4
0.07467562432263394
0.021134064118211154
0.08844721545278834
0.0633541058758268
0.09132483686799597
0.03562793883066821
0.03516267554797738
0.06064887651742463
0.050649798324371914
0.04729369580898528
0.01611363588319679
0.030984625902503827
0.015989400902742035
0.12179465717865692
0.05904185141313197
0.039710580071965436
0.00253048060607406
0.050042847107237165
0.022741882996129004
0.023286349275111327
0.03985175878153722
0.02347073252402667
0.01482771850657493
0.01832962552740583
0.029307245111998306
0.03391289462547729
0.007889773039518719
0.04205903020289288
0.012711359592589849
0.06057214754041974
0.0758249485631225
0.04057424667678849
0.03586171145028256
0.0368331265861123
0.10906891955237275
0.045562582052061686
0.07039532140581753
0.0021693671426433413
0.02488838650955835
0.01386872885708974
0.030931004276452016
0.02954458157418756
0.05784763722650088
0.014961821154179721
0.05834812528276554
0.06631493628648968
0.04111668933142301
0.004167692121576002
0.09324248433841441
0.04186777687598378
0.06725669895816362
0.07072407396856932
0.02860543577188689
0.06302588988710532
0.038410123223205084
0.04351182156768879
0.00740688941432497
0.031128316128574838
0.04059844855973021
0.08232642565111789
0.018037711732065604
0.007851080663277794
0.021910252153132102
0.03966023901517227
0.04233282798333708
0.05382285206924459
0.019745485994056018
0.053695781771993474
0.03110366752678072
0.004486162227571812
0.09066988144536763
3.685487243713463E-4
0.033131627863686744
0.014839737969624086
0.08120848537757644
0.11757106523238883
0.007797920189845519
0.03373104865839382
0.016585215949944995
0.007084765108983192
0.029526701741456298
0.04543309886064588
0.010528911744853023
0.0040274403482940474
0.030694503200350144
0.004966510037103793
0.10455482607185693
0.052070926073168364
0.015329274609182486
0.012526871114325825
0.0031598820805021693
0.055460140645518644
0.012716774697023033
0.024265705759828324
0.024983975562452826
0.0451325725780241
0.04061552184278816
0.06682009834260878
0.06764260439994799
0.004201527839871668
0.02422519379660968
0.0583954872755439
0.026662060944385484
0.07949027294419758
0.011830384801115439
0.09731148599992909
0.10782726377318987
0.08040170720152146
0.02175440578092253
0.09067797631239904
0.09097537020116286
0.10651335230998694
0.02800072102248859
0.0487060668415261
0.04482701058908911
0.012076107399957585
0.07649989363622878
0.04763349381018155
0.039925168048447146
0.14487926169223447
3.8368423789264506E-4
0.04630532896056545
0.09777692816131471
0.05512834592563045
0.01979578620024588
0.05472237578057662
0.013436478225560607
0.009793477914942422
0.008892516768871771
0.14811763845523523
0.12379048559903916
0.03958991411732865
0.03291395177903051
0.022728080149216293
0.02043347548250796
0.008755505696221381
0.07015689949871705
0.04030631523070849
0.004626013760818042
0.037223923130979206
0.028837552610812396
0.05541774278249126
0.04235896244484244
0.08149004922306621
0.027905637949087982
0.07073566846099683
0.03503298034042268
0.02079129078647413
0.01804500494070438
0.05624573580816283
0.0650173156991196
0.09164131794062291
0.04844468496539291
0.07773501299778775
0.02785628671155225
0.052031061677589925
0.08177642620725842
0.07557671318515125
0.03796904046361445
0.027425799144396405
0.019729214398084657
0.010021545251494799
0.0013264711864347247
0.005650099320264726
0.03873987381428282
0.00774131047461085
0.04150841642646895
0.021381377921733148
0.056472213337015985
0.03453554667061367
0.025940348060248353
0.015099435191423543
0.05072166975949571
0.07191246274623574
0.043410175484667066
0.05734917267570539
0.11988198984788696
0.03223198819768663
0.049983117829411144
0.008416642449342447
0.014508082123062219
0.02325503203524818
0.028529918410828185
0.05223364484023479
0.0017775800852084115
0.0011521547268188927
0.045443552404489385
0.00887697909646675
0.030087977807551104
0.00887697909646675
0.045443552404489385
0.0011521547268188927
0.0017775800852084115
0.05223364484023479
0.028529918410828185
0.02325503203524818
0.014508082123062219
0.008416642449342447
0.049983117829411144
0.03223198819768663
0.11988198984788696
0.05734917267570539
0.043410175484667066
0.07191246274623574
0.05072166975949571
0.015099435191423543
0.025940348060248353
0.03453554667061367
0.056472213337015985
0.021381377921733148
0.04150841642646895
0.00774131047461085
0.03873987381428282
0.005650099320264726
0.0013264711864347247
0.010021545251494799
0.019729214398084657
0.027425799144396405
0.03796904046361445
0.07557671318515125
0.08177642620725842
0.052031061677589925
0.02785628671155225
0.07773501299778775
0.04844468496539291
0.09164131794062291
0.0650173156991196
0.05624573580816283
0.01804500494070438
0.02079129078647413
0.03503298034042268
0.07073566846099683
0.027905637949087982
0.08149004922306621
0.04235896244484244
0.05541774278249126
0.028837552610812396
0.037223923130979206
0.004626013760818042
0.04030631523070849
0.07015689949871705
0.008755505696221381
0.02043347548250796
0.022728080149216293
0.03291395177903051
0.03958991411732865
0.12379048559903916
0.14811763845523523
0.008892516768871771
0.009793477914942422
0.013436478225560607
0.05472237578057662
0.01979578620024588
0.05512834592563045
0.09777692816131471
0.04630532896056545
3.8368423789264506E-4
0.14487926169223447
0.039925168048447146
0.04763349381018155
0.07649989363622878
0.012076107399957585
0.04482701058908911
0.0487060668415261
0.02800072102248859
0.10651335230998694
0.09097537020116286
0.09067797631239904
0.02175440578092253
0.08040170720152146
0.10782726377318987
0.09731148599992909
0.011830384801115439
0.07949027294419758
0.026662060944385484
0.0583954872755439
0.02422519379660968
0.004201527839871668
0.06764260439994799
0.06682009834260878
0.04061552184278816
0.0451325725780241
0.024983975562452826
0.024265705759828324
0.012716774697023033
0.055460140645518644
0.0031598820805021693
0.012526871114325825
0.015329274609182486
0.052070926073168364
0.10455482607185693
0.004966510037103793
0.030694503200350144
0.0040274403482940474
0.010528911744853023
0.04543309886064588
0.029526701741456298
0.007084765108983192
0.016585215949944995
0.03373104865839382
0.007797920189845519
0.11757106523238883
0.08120848537757644
0.014839737969624086
0.033131627863686744
3.685487243713463E-4
0.09066988144536763
0.004486162227571812
0.03110366752678072
0.053695781771993474
0.019745485994056018
0.05382285206924459
0.04233282798333708
0.03966023901517227
0.021910252153132102
0.007851080663277794
0.018037711732065604
0.08232642565111789
0.04059844855973021
0.031128316128574838
0.00740688941432497
0.04351182156768879
0.038410123223205084
0.06302588988710532
0.02860543577188689
0.07072407396856932
0.06725669895816362
0.04186777687598378
0.09324248433841441
0.004167692121576002
0.04111668933142301
0.06631493628648968
0.05834812528276554
0.014961821154179721
0.05784763722650088
0.02954458157418756
0.030931004276452016
0.01386872885708974
0.02488838650955835
0.0021693671426433413
0.07039532140581753
0.045562582052061686
0.10906891955237275
0.0368331265861123
0.03586171145028256
0.04057424667678849
0.0758249485631225
0.06057214754041974
0.012711359592589849
0.04205903020289288
0.007889773039518719
0.03391289462547729
0.029307245111998306
0.01832962552740583
0.01482771850657493
0.02347073252402667
0.03985175878153722
0.023286349275111327
0.022741882996129004
0.050042847107237165
0.00253048060607406
0.039710580071965436
0.05904185141313197
0.12179465717865692
0.015989400902742035
0.030984625902503827
0.01611363588319679
0.04729369580898528
0.050649798324371914
0.06064887651742463
0.03516267554797738
0.03562793883066821
0.09132483686799597
0.0633541058758268
0.08844721545278834
0.021134064118211154
0.07467562432263394
3.263901313550388E-4
0.0830588654848118
0.009966651065982973
0.01126288653089263
0.13391094265504938
0.051356808389654764
0.04557351322947692
0.018564963566848645
0.0826512987324567
0.026392641561825737
0.008842374651531084
0.10224132898286994
0.10515443058198339
0.0364593977577599
0.12978356574592173
0.10791043023114949
0.40853066028787877
0.05330088053656472
0.20032895846884913
0.19964286492186784
0.11657786365046027
0.10099567886968717
0.1192870207723312
0.11108631968315426
0.15212750240144918
0.05583017430126434
0.05470512370853129
0.15425661566986457
0.07783027303435149
0.25701887106339905
0.4709117056491068
0.09869519191936231
0.07681612199058627
0.08631498794859396
0.0187582013668387
0.0457728469682131
0.1438131621131407
0.05115813794475938
0.10247890715591602
0.05408517287560185
0.013005384073130186
0.0632895961413733
0.052653961163214434
0.03828190426369916
0.037678706899466854
0.03253886731725522
0.04931903001071933
0.07389438969780693
0.05872782612225171
0.07269030445289869
0.0308789259353278
0.031360465432301705
0.027914993257232547
0.0490188103422929
0.04118308162149061
0.013461554433146884
0.001478469363096709
0.10115369279567833
0.030926187440653664
0.12028267056516219
0.2298713252692067
0.13274887160281135
0.11942994189118455
0.1207239688845234
0.28898659682306255
0.13841407971288527
0.16170506852923058
0.01771030371406823
0.006087956981887708
0.07306944112816603
0.27063261275157297
0.05547604093914667
0.20193844551631726
0.5287915493311568
0.21102595683045014
0.23862606642036718
0.031506129975168745
0.22950126132629117
0.0802676869989174
0.015027752124213537
0.15610772942382248
0.10845168475654342
0.12751442904463778
0.175028323345345
0.37631904499709545
0.36192869116224896
0.3839921286258382
0.35101967544425483
0.053659675820815614
0.17132785625032984
1.0
0.2003321588201991
0.044943443308199695
0.07380242075244654
0.10899857628844618
0.1142301270974693
0.20880085378302576
0.21473692863867094
0.05620535102612579
0.043978664453618206
0.1695467546256768
0.6818289917293547
0.2542448381083866
0.06090526612745082
0.7614724351569307
0.22578929738155165
0.3870060773599125
0.03869099283927216
0.021473027838399494
0.1954548812442348
0.09312672127351587
0.2621848143825549
0.07951663036834931
0.004243421771404262
0.5358867441557232
0.00900928729462911
0.1745538774975305
0.07862416736070528
0.22264021905155423
0.24446481968635272
0.10958242905065678
0.02893119428183522
0.17013787112341475
0.05482487363877483
0.12308513459795682
0.046617907203703
0.08443888087265505
0.11132215508422749
0.12687068222583048
0.19049091653088393
0.01792592623050855
0.06984950553173237
0.10466676251344423
0.017272171453448077
0.11678663869312697
0.002614794443495533
0.04822089256496283
0.29821128125068447
0.42163958080607866
0.5549133046471939
0.3282478616951929
0.014987327636783473
0.08434828934329654
0.09763376602742811
0.21199980464409346
0.08094809505022932
0.1945203452847178
0.016391753445779162
0.22819577003467809
0.05420278799466907
0.0719361669819817
0.46131729584504094
0.09808732851687374
0.0022440213584090144
0.1467219399252451
0.07086783006660988
0.13739920964999547
0.06911135161918053
0.012832852932002866
0.06978603299894366
0.06474222661366165
0.25488477274510574
0.06951666994026509
0.09734126772336596
0.03300041525350182
0.10097468895527598
0.03875295266129854
0.08554102357509467
0.08758274371948815
0.0698329724312008
0.0405863266287571
0.058069928734088616
0.13169177324552903
0.04732885526186305
0.02727578225147955
0.06519923429317703
0.026776661109908673
0.048042608021313764
0.028385714341588455
0.05911294512660498
0.0529444265050177
0.10982089023313235
0.035305317689476916
0.04015425880701664
0.023993463346508814
0.0198811024201273
0.0182566893625202
0.004651011399496655
0.07434602003177206
0.003867488924460605
6.293007527042591E-4
0.059287767127944646
0.028494794446774323
0.06239262791494575
0.024437707741134188
0.05071188385681736
0.023771413339221423
0.13284738568986162
0.03174226707781647
0.06961951276530967
0.1587522830060614
0.06728995786990569
0.07494427852976189
0.04160806879403338
0.052329541993655186
0.0588664294692662
0.026876644809334986
0.06197430183856717
0.032216252260467496
0.03920113213329829
0.030460988204912276
0.0611554233865299
0.05418845349221624
0.04881727720480072
0.11580316513609223
0.03953814460825547
0.07655644258985658
0.024802526751120917
0.05015882702369062
6.841182122109472E-4
0.0021690247993470615
0.05311538022299707
0.0321493033012083
0.004673147357000169
0.03078675949400805
0.024518614672083192
0.0196407599987203
0.02736323112937732
0.025809811496170305
0.03817187642896141
0.035724685106022544
0.023635340804722908
0.026157603044544234
0.031027367092425134
0.002285550378495422
0.0705948515719112
0.06311722656167014
0.01373075027191879
0.04513600218063164
0.025434798456784775
0.012228408311784641
0.01711108855308409
0.02768805888617585
0.06703874053414874
0.009347340719345128
0.07516248500640567
0.05574240588816981
0.02302269314748004
0.030197798936323104
0.025114547978852642
0.01566442105078629
0.043355759933880654
0.14602683882762652
0.10897289767448712
0.006266947794499723
0.06538595732622997
0.002976596626134358
0.023489109211599146
0.09807246241290751
0.06251870467309732
0.04796314288052519
0.01979477747829438
0.10161977190485398
0.018463540779902827
0.07738502315549443
0.05305638012314965
0.029667578912104583
0.04757564803575062
0.0013954789111130872
0.12177120539747593
0.10951588637580367
0.06762201092952282
0.04054081150213039
