-0.05693172707609371
0.08423119687548916
0.0800092862319158
0.1855703642898502
0.13750765503810802
0.10297445476888506
0.11284712448845943
0.1242673411847195
0.12773434506621434
0.04498201547705703
0.06656441268511815
0.058505854322971694
0.17091168028665144
0.13952754118419558
0.07262604492106454
0.24423190068032893
0.011651659388744398
0.07224842436084226
0.065712554609962
0.11758100831196244
0.01011546567449855
0.03600984351113836
0.04539198607932107
0.08616824617421569
0.22164883519227022
0.1117571026410754
0.02600156373569275
0.14134878303562454
0.045464514637921456
0.07051016669091179
0.06095125139747676
0.13668323718245023
0.018916125685971938
0.01301043067258261
0.10720053831180712
0.14395330307542684
0.09320146143664496
0.015264835774684212
0.008507608773645071
0.03448247794301365
0.09500643227723718
0.007709416927072168
0.044421124387276044
0.058057005477862515
0.0442018317450665
0.0014270638555482242
0.03547291533424727
0.12113287991310052
0.025796153749380407
2.767947280545789E-4
0.0469901787685047
0.015971690262566146
0.10045139114655754
0.012948966015612616
0.11512736324514225
0.044663892151809825
0.033351623882848895
0.0793875261042024
0.027688817009624472
0.10175129370466834
0.007258760190609623
0.07100093364705116
0.0219593956660174
0.0429960738149469
0.04808054453551928
0.11485952156469999
0.09269294994480587
0.06848551590928788
0.003846431721889201
0.03657024727769939
0.12284430699595597
0.019484451287162745
0.05015739627452403
0.02415354304509112
0.14681074535275387
0.06684220744988764
0.03243486140536104
0.028465863538046865
0.0816538563346038
0.06781340147192676
0.12575759678511134
0.08485839237979063
0.06026190060258079
0.009910852174967304
0.012056930513670476
0.039719006018168385
0.10429174003443828
0.11662773594327407
0.0046249573226906406
0.08522648658925618
0.09191187198800217
0.10399478723195955
0.03194375976369307
0.024082567182932644
0.028166516858977537
0.0421844562824795
0.0186486772840504
0.07137658774096717
0.03493472496213314
0.13412431434738595
0.06743140668794756
0.04756919352636714
0.10310315192132748
0.01912960826535089
0.06569869022178261
0.027853511612102373
0.05724410214931032
0.15869067009098362
0.21709651775006072
0.11597983247934665
0.2901893481333476
0.027487597521374845
0.3885442461270763
0.2502751610118807
0.1404634158109586
0.41469802100226477
0.22786987654809546
0.26784548620352217
0.045913078173013384
0.15727782655159064
0.4318451435560904
0.26409549673702987
0.40127584737597966
0.2250573958143144
0.049014140662482
0.07271875002546352
0.22862710606271028
0.03890438345729025
0.26059790485675166
0.29553003062519495
0.31562252084718173
0.15215940540192208
0.5867617205959679
0.5371175978107021
0.055127230335474287
0.2729105842548956
0.01015563164706895
0.035915420464423316
0.18663929924710987
0.12861602902874222
0.09317043064787303
0.10725848207070048
0.18368782018063418
0.39646384292310216
0.02375771549990828
0.11948496503605255
0.05095346341420134
0.07321553800785031
0.25858472957560735
0.5363604320375298
0.1364447119602594
0.19308997118817545
0.06964367603666496
0.2307180605503897
0.11955662685979679
0.20582861494977941
0.44829304015263066
0.5715885070523622
0.17515742330160478
0.08966345178718696
0.43259967872370364
0.15766929873380975
0.4663538483652447
0.0868885652918034
0.4057885580018839
0.5254061273123074
1.0
0.07285338274170824
0.004268398052169552
0.59398830250667
0.5174902400011157
0.1612461755501436
0.3349802967721131
0.21861826503995682
0.43565649540200546
0.06334113109076674
0.4035894361189789
0.24979617754806868
0.20480918009950247
0.10191653386780236
0.2535708271576867
0.45518680395420685
0.09465792368301039
0.21011740347813906
0.6851931488447811
0.25267573873358584
0.10302019410159886
0.6156422436578837
0.12812779121589898
0.07641935332551368
0.41541675835115255
0.6185646334718599
0.7211970302024886
0.19718048995966983
0.04366507442594583
0.28121424299746417
0.46031268775970774
0.3529131409097456
0.1272374350393592
0.018075562250281455
0.1990692347997116
0.2212346963962196
0.020015531288411704
0.13989252661736704
0.3662411866244475
0.09674769834379718
0.169671345574246
0.4505055441257379
0.25608407956642104
0.1381289179455966
0.17070078529893162
0.2341096534091572
0.08165436228301304
0.3043369661860429
0.06032382809758999
0.19443386280565475
0.0326396079478871
0.09515725656275235
0.08511151763588394
0.014149708592377665
0.027303116561230748
0.07717750472095508
0.029293387139488647
0.06415468657491029
0.10936878350387776
0.0667992706102346
0.11598176670184798
0.22401348455165318
0.08477901026262528
0.03581260193320141
0.11751507659302697
0.11386345415218742
0.0321237158105964
0.03380310774652912
0.08659972797344176
0.07248938521679758
0.025579718667264086
0.11406516627411092
0.12012958611599166
0.1518371938568459
0.1476989864186287
0.07865627162007174
0.02141257666999249
0.18496752254518703
0.1032002844873867
0.13449426372438913
0.3961596309549724
0.14029842690034458
0.09446823776119449
0.1761312395347473
0.1454657081784146
0.07641822567463334
0.15051252315971897
0.2000668784566854
0.21520870289997193
0.08067336486078912
0.16692058105017712
0.11222955540523505
0.1119978396422909
0.17644147717667938
0.07971369796886099
0.297532895088531
0.1363464111351931
0.0234479582735151
0.0455717971141013
0.034602813345472286
0.20097763110436168
0.034493670951959224
0.13000901314950736
0.19606335488753876
0.23910537864534726
0.006285936477619677
0.09606083064271488
0.04847427149897485
0.18586235757737324
0.18575663459409444
0.06107728427083502
0.10459877815590979
0.09972575864336874
0.08280419853796055
0.07358995893453449
0.046503915166255586
0.0586317859072045
0.025117885612283987
0.0944110001062109
1.9695066024965537E-4
0.02455282124318523
0.04777337689408316
0.03029277013816962
0.056904640620961545
0.02175883126447
0.022925451775902522
7.188686531229304E-4
0.057002551974132794
0.03312203393731042
0.0889894891700154
0.08559352488744622
0.04347120168879628
0.09427323944099317
1.0259723058226934E-4
0.030482159026710184
0.04234314143894492
0.20314112266598663
0.04777036412826977
0.02406370225242455
0.0056748172290726215
0.006270129782955378
0.0017069937005651198
0.09678393602935931
0.0501159547765361
0.09167765927272571
0.06640603058889306
0.012455613175421053
0.11464217263147489
0.14906172161170386
0.022730241849845803
0.03835246177509477
0.0326442236520052
0.052853938233016644
0.05374578510843049
0.08292396437349571
0.02524398052224029
0.021305522371673574
0.03190484944866064
0.07041552433317956
0.09928639367604167
0.00909249407365799
0.060652313586918465
0.1329385682010702
0.013691467471075545
0.10778483259568135
0.012911065729924284
0.06642205824497735
0.07075515177829356
0.12031734687781039
0.09315398107139082
0.055441663297813075
0.03121512797800613
0.09988286682668317
0.0034438882847427758
0.02641848976175227
0.03921020673485641
0.048292346623007985
0.007657169622454781
0.09910077216678656
0.04073047188719559
0.005502799110649736
0.09239864530350012
0.1504184299680961
0.02394976926488338
0.07082333408678433
0.04732074271590383
0.0705235224472389
0.03817558647910917
0.0808851434685576
0.05209093154384355
0.020797780693347315
0.0241075623596028
0.028613176310637672
0.09335115514812699
0.08322162804330942
0.09437655230319511
0.0833287051875214
0.04708217001268823
7.701559797043384E-4
0.1026793595845099
0.014647358341294997
0.08414026090934938
0.010053450303820302
0.01750741463671226
0.05518195641807772
0.07554126628930181
0.19782574216165696
0.059193345626363046
0.12332663277564883
0.008421115483251777
0.03278204410435946
0.03267465067309411
0.029358920332285827
0.15857876754956543
0.004570042496737908
0.1133348620973216
0.05999323444196197
0.09400495347618552
0.06739204645920545
0.028465863538046844
0.07003366490928895
0.039374989268539586
0.04453244746357962
0.051139088060679266
0.04344278309072532
0.01689612443379819
0.10848038802100661
0.02747268001263734
0.05810580418586301
0.01445064562775225
0.034497552504632496
0.042431381215370025
0.12578886548251283
0.09745040352585933
0.09736476114605624
0.014195173581599389
0.02790169937867887
0.025513416480059725
0.10475679561490597
0.0014665021573965153
0.017256578310464146
0.07118450126586462
0.04562632382193597
0.0539414268024767
0.03681611702487376
0.09800780638346748
0.047351100150802586
0.10365875184415309
0.019238875259166194
0.01048784784178705
0.031928901010942666
0.08368946543438677
0.00334092529037314
0.003742212999723031
0.11917434327335871
0.05361662234617993
0.034131816763185135
0.004651387497013444
0.004662670348145141
0.04970865056674912
0.04898843150226038
0.032464443207679584
0.13696749997126986
0.07683994241700935
0.03857191038851222
0.04097622869089516
0.020298572496283963
0.05400418630607591
0.12707409041042336
0.00452646070558135
0.0349835782418677
0.06576797132778693
0.0664767264213793
0.03638181965972222
0.18926789392061655
0.10499207300696026
0.12653070118832868
0.029611867989924587
0.06292625728267846
0.08076198118829846
0.07481189506463175
0.1221467398175397
0.07062295445799573
0.08130418108566188
0.11174991190710132
0.03637336919952351
0.1005509169484527
0.05290375857809688
0.07851465776835474
0.03047110799680039
0.021892712983723552
0.1360559311099094
0.08762065700582386
0.08061033400296304
0.001376013946807937
0.02579733165603428
0.03415903624565623
0.02579733165603428
0.001376013946807937
0.08061033400296304
0.08762065700582386
0.1360559311099094
0.021892712983723552
0.03047110799680039
0.07851465776835474
0.05290375857809688
0.1005509169484527
0.03637336919952351
0.11174991190710132
0.08130418108566188
0.07062295445799573
0.1221467398175397
0.07481189506463175
0.08076198118829846
0.06292625728267846
0.029611867989924587
0.12653070118832868
0.10499207300696026
0.18926789392061655
0.03638181965972222
0.0664767264213793
0.06576797132778693
0.0349835782418677
0.00452646070558135
0.12707409041042336
0.05400418630607591
0.020298572496283963
0.04097622869089516
0.03857191038851222
0.07683994241700935
0.13696749997126986
0.032464443207679584
0.04898843150226038
0.04970865056674912
0.004662670348145141
0.004651387497013444
0.034131816763185135
0.05361662234617993
0.11917434327335871
0.003742212999723031
0.00334092529037314
0.08368946543438677
0.031928901010942666
0.01048784784178705
0.019238875259166194
0.10365875184415309
0.047351100150802586
0.09800780638346748
0.03681611702487376
0.0539414268024767
0.04562632382193597
0.07118450126586462
0.017256578310464146
0.0014665021573965153
0.10475679561490597
0.025513416480059725
0.02790169937867887
0.014195173581599389
0.09736476114605624
0.09745040352585933
0.12578886548251283
0.042431381215370025
0.034497552504632496
0.01445064562775225
0.05810580418586301
0.02747268001263734
0.10848038802100661
0.01689612443379819
0.04344278309072532
0.051139088060679266
0.04453244746357962
0.039374989268539586
0.07003366490928895
0.028465863538046844
0.06739204645920545
0.09400495347618552
0.05999323444196197
0.1133348620973216
0.004570042496737908
0.15857876754956543
0.029358920332285827
0.03267465067309411
0.03278204410435946
0.008421115483251777
0.12332663277564883
0.059193345626363046
0.19782574216165696
0.07554126628930181
0.05518195641807772
0.01750741463671226
0.010053450303820302
0.08414026090934938
0.014647358341294997
0.1026793595845099
7.701559797043384E-4
0.04708217001268823
0.0833287051875214
0.09437655230319511
0.08322162804330942
0.09335115514812699
0.028613176310637672
0.0241075623596028
0.020797780693347315
0.05209093154384355
0.0808851434685576
0.03817558647910917
0.0705235224472389
0.04732074271590383
0.07082333408678433
0.02394976926488338
0.1504184299680961
0.09239864530350012
0.005502799110649736
0.04073047188719559
0.09910077216678656
0.007657169622454781
0.048292346623007985
0.03921020673485641
0.02641848976175227
0.0034438882847427758
0.09988286682668317
0.03121512797800613
0.055441663297813075
0.09315398107139082
0.12031734687781039
0.07075515177829356
0.06642205824497735
0.012911065729924284
0.10778483259568135
0.013691467471075545
0.1329385682010702
0.060652313586918465
0.00909249407365799
0.09928639367604167
0.07041552433317956
0.03190484944866064
0.021305522371673574
0.02524398052224029
0.08292396437349571
0.05374578510843049
0.052853938233016644
0.0326442236520052
0.03835246177509477
0.022730241849845803
0.14906172161170386
0.11464217263147489
0.012455613175421053
0.06640603058889306
0.09167765927272571
0.0501159547765361
0.09678393602935931
0.0017069937005651198
0.006270129782955378
0.0056748172290726215
0.02406370225242455
0.04777036412826977
0.20314112266598663
0.04234314143894492
0.030482159026710184
1.0259723058226934E-4
0.09427323944099317
0.04347120168879628
0.08559352488744622
0.0889894891700154
0.03312203393731042
0.057002551974132794
7.188686531229304E-4
0.022925451775902522
0.02175883126447
0.056904640620961545
0.03029277013816962
0.04777337689408316
0.02455282124318523
1.9695066024965537E-4
0.0944110001062109
0.025117885612283987
0.0586317859072045
0.046503915166255586
0.07358995893453449
0.08280419853796055
0.09972575864336874
0.10459877815590979
0.06107728427083502
0.18575663459409444
0.18586235757737324
0.04847427149897485
0.09606083064271488
0.006285936477619677
0.23910537864534726
0.19606335488753876
0.13000901314950736
0.034493670951959224
0.20097763110436168
0.034602813345472286
0.0455717971141013
0.0234479582735151
0.1363464111351931
0.297532895088531
0.07971369796886099
0.17644147717667938
0.1119978396422909
0.11222955540523505
0.16692058105017712
0.08067336486078912
0.21520870289997193
0.2000668784566854
0.15051252315971897
0.07641822567463334
0.1454657081784146
0.1761312395347473
0.09446823776119449
0.14029842690034458
0.3961596309549724
0.13449426372438913
0.1032002844873867
0.18496752254518703
0.02141257666999249
0.07865627162007174
0.1476989864186287
0.1518371938568459
0.12012958611599166
0.11406516627411092
0.025579718667264086
0.07248938521679758
0.08659972797344176
0.03380310774652912
0.0321237158105964
0.11386345415218742
0.11751507659302697
0.03581260193320141
0.08477901026262528
0.22401348455165318
0.11598176670184798
0.0667992706102346
0.10936878350387776
0.06415468657491029
0.029293387139488647
0.07717750472095508
0.027303116561230748
0.014149708592377665
0.08511151763588394
0.09515725656275235
0.0326396079478871
0.19443386280565475
0.06032382809758999
0.3043369661860429
0.08165436228301304
0.2341096534091572
0.17070078529893162
0.1381289179455966
0.25608407956642104
0.4505055441257379
0.169671345574246
0.09674769834379718
0.3662411866244475
0.13989252661736704
0.020015531288411704
0.2212346963962196
0.1990692347997116
0.018075562250281455
0.1272374350393592
0.3529131409097456
0.46031268775970774
0.28121424299746417
0.04366507442594583
0.19718048995966983
0.7211970302024886
0.6185646334718599
0.41541675835115255
0.07641935332551368
0.12812779121589898
0.6156422436578837
0.10302019410159886
0.25267573873358584
0.6851931488447811
0.21011740347813906
0.09465792368301039
0.45518680395420685
0.2535708271576867
0.10191653386780236
0.20480918009950247
0.24979617754806868
0.4035894361189789
0.06334113109076674
0.43565649540200546
0.21861826503995682
0.3349802967721131
0.1612461755501436
0.5174902400011157
0.59398830250667
0.004268398052169552
0.07285338274170824
1.0
0.5254061273123074
0.4057885580018839
0.0868885652918034
0.4663538483652447
0.15766929873380975
0.43259967872370364
0.08966345178718696
0.17515742330160478
0.5715885070523622
0.44829304015263066
0.20582861494977941
0.11955662685979679
0.2307180605503897
0.06964367603666496
0.19308997118817545
0.1364447119602594
0.5363604320375298
0.25858472957560735
0.07321553800785031
0.05095346341420134
0.11948496503605255
0.02375771549990828
0.39646384292310216
0.18368782018063418
0.10725848207070048
0.09317043064787303
0.12861602902874222
0.18663929924710987
0.035915420464423316
0.01015563164706895
0.2729105842548956
0.055127230335474287
0.5371175978107021
0.5867617205959679
0.15215940540192208
0.31562252084718173
0.29553003062519495
0.26059790485675166
0.03890438345729025
0.22862710606271028
0.07271875002546352
0.049014140662482
0.2250573958143144
0.40127584737597966
0.26409549673702987
0.4318451435560904
0.15727782655159064
0.045913078173013384
0.26784548620352217
0.22786987654809546
0.41469802100226477
0.1404634158109586
0.2502751610118807
0.3885442461270763
0.027487597521374845
0.2901893481333476
0.11597983247934665
0.21709651775006072
0.15869067009098362
0.05724410214931032
0.027853511612102373
0.06569869022178261
0.01912960826535089
0.10310315192132748
0.04756919352636714
0.06743140668794756
0.13412431434738595
0.03493472496213314
0.07137658774096717
0.0186486772840504
0.0421844562824795
0.028166516858977537
0.024082567182932644
0.03194375976369307
0.10399478723195955
0.09191187198800217
0.08522648658925618
0.0046249573226906406
0.11662773594327407
0.10429174003443828
0.039719006018168385
0.012056930513670476
0.009910852174967304
0.06026190060258079
0.08485839237979063
0.12575759678511134
0.06781340147192676
0.0816538563346038
0.028465863538046865
0.03243486140536104
0.06684220744988764
0.14681074535275387
0.02415354304509112
0.05015739627452403
0.019484451287162745
0.12284430699595597
0.03657024727769939
0.003846431721889201
0.06848551590928788
0.09269294994480587
0.11485952156469999
0.04808054453551928
0.0429960738149469
0.0219593956660174
0.07100093364705116
0.007258760190609623
0.10175129370466834
0.027688817009624472
0.0793875261042024
0.033351623882848895
0.044663892151809825
0.11512736324514225
0.012948966015612616
0.10045139114655754
0.015971690262566146
0.0469901787685047
2.767947280545789E-4
0.025796153749380407
0.12113287991310052
0.03547291533424727
0.0014270638555482242
0.0442018317450665
0.058057005477862515
0.044421124387276044
0.007709416927072168
0.09500643227723718
0.03448247794301365
0.008507608773645071
0.015264835774684212
0.09320146143664496
0.14395330307542684
0.10720053831180712
0.01301043067258261
0.018916125685971938
0.13668323718245023
0.06095125139747676
0.07051016669091179
0.045464514637921456
0.14134878303562454
0.02600156373569275
0.1117571026410754
0.22164883519227022
0.08616824617421569
0.04539198607932107
0.03600984351113836
0.01011546567449855
0.11758100831196244
0.065712554609962
0.07224842436084226
0.011651659388744398
0.24423190068032893
0.07262604492106454
0.13952754118419558
0.17091168028665144
0.058505854322971694
0.06656441268511815
0.04498201547705703
0.12773434506621434
0.1242673411847195
0.11284712448845943
0.10297445476888506
0.13750765503810802
0.1855703642898502
0.0800092862319158
0.08423119687548916
