-0.12748314200855768
0.06257129469995866
0.08495155270272663
0.06921540091207276
0.013548330250631669
0.02000091977970081
0.031056434214900154
0.06287193162030474
0.021156881607978906
0.023683524068673367
0.022664950273203272
0.014168106890175232
0.028158061003097496
0.005109819578237825
0.146768712330003
0.028661294035649994
0.014535925057880136
0.09590589872362322
0.05605819712842847
0.059870811184137326
0.045305860814718615
0.041471876923555716
0.024662577259863358
0.07762042885201505
0.09168493936608826
0.008940466148240216
0.07544360581415314
0.017129639448342723
0.015872918469797187
0.10838728723463217
0.04333101051151868
0.07567155952216861
0.07377558294524818
0.03748752152338413
0.006271636968632127
0.013680435067739874
5.606438181104258E-4
0.041485439546549076
0.04605307343549208
0.007153056446766547
0.022856193951983912
0.016798409669624467
0.04763321583285528
0.03161846916233475
0.05183473796525849
0.060288372595351844
0.05220271370948701
0.007770191829563677
0.08049306747222772
0.06401381518697917
0.0953582777726838
0.1060647634592069
0.05461696681331487
2.1906493234774972E-4
0.008960539184424413
0.038735119478083224
0.0240335152894754
0.04588310138851782
8.63983394335016E-4
0.02190910814778302
0.03068236152686493
0.0692429211990607
0.05905798682649686
0.032315062781605036
0.04501904718942398
0.018617811431900236
0.01639046028767128
0.03275693558821861
0.07622251172457573
0.022972025932751248
0.055068498453040834
0.0016475114515124355
0.038560562184924145
0.014593948741260592
0.01766836104172415
0.00870742059641492
0.004469312181352123
0.04061992335140028
0.14051640638930593
0.10047280091696115
0.042460815407913015
0.019377112021221395
0.00821461269477981
0.016267850424759082
0.16770430381679827
0.0548138050003217
0.07629436473415763
0.01681850905042422
0.03197129920445495
0.008642557872736118
0.06002613091093969
0.035775972362045556
0.09150999719682959
0.04228124257872098
0.028395681002996404
0.07526107579751615
0.04201751742358095
0.0803579073879787
0.04995485252478455
0.2987275322522912
0.06192910171886142
0.33874488442653566
0.015854246868337453
0.10528600953955515
0.040036526253896955
0.05620280683681216
0.15271806410944455
0.08096799613090312
0.17294998551703372
0.13585973270271506
0.025108151650453128
0.12059897770619601
0.044277546796980864
0.05221039790816931
0.3017204980747163
1.0
0.1696366396653629
0.22837698679109864
0.3218828057911275
0.11930437420841856
0.22306230638892505
0.2576566585979753
0.2047597672376896
1.5433556099162175E-4
0.13048332284675176
0.22868080109585298
0.11667890373571438
0.07628332404683198
0.20325074018691916
0.3935328737988163
0.2551966559492763
0.19466261320325207
0.07933769089786417
0.33900553998406513
0.4570891229078257
0.26972186709205986
0.3270663703717464
0.8522625340263543
0.5194866795366874
0.36660186153482716
0.2913666685520867
0.09684295899244486
0.0024969741243890033
0.003924131123983243
0.12268189676448686
0.007647711340870791
0.12815596285915956
0.1667587989773137
0.6604203768515959
0.014613424606018145
0.04602212515714633
0.13336729635493091
0.3592291058535991
0.20574869834309384
0.5258679607853004
0.40744646516891553
0.3634612610071203
0.18233932481296272
0.5676110917218855
0.04205320964575268
0.01688392364995469
0.16769840681895262
0.015385080784983903
0.02817639860318247
0.13215429163734493
0.013177153630425296
0.21090751762605092
0.21632897789416564
0.23948656108264396
0.7931085175525698
0.16628989821656992
0.34391518130479865
0.24246477466974223
0.006717921210723455
0.0566675995573907
0.00834357612575688
0.2603626084899739
0.40247291985909295
0.07695838785992919
0.18571966986917887
0.0041682469276689066
0.047461420802836836
0.15991101500819718
0.01826645963256596
0.019720792769639433
0.2844911700267236
0.26424805599544005
0.18202409921502838
0.15199432068088484
0.08129263273677356
0.3337945330033202
0.21970549111365176
0.33386128305242446
0.037445379013373345
0.31657986798642984
0.0073356908973298855
0.11969141231538963
0.15168960708242882
0.06351044797380229
0.04919978299267222
0.2166933774707739
0.3865619404404567
3.7242023196400637E-4
0.6047640286041038
0.2683603385349642
0.059768545211181384
0.024452345060796625
0.13546483791789268
0.11502702454456644
0.20390019451076502
0.07691847624253305
0.18678560213862633
0.13253363502103158
0.24239600516671292
0.06601222995844552
0.005939023554333509
0.02422877542756145
0.1980079311223162
0.07856792973714193
0.09796581397286583
0.008573745810946427
0.1478293143338461
0.09387698503541846
0.003106613319618186
0.02286352882217194
0.09096002511714127
0.11418191379068486
0.07158077026665313
0.06429339801919016
0.0018906289721167854
0.08359508769499735
0.007967696375534855
0.02381632634146346
0.022915822414342524
0.019315795240585163
0.07653018609965073
0.09468241161500436
0.11663152910292093
0.016161763137302824
0.042245559090669384
0.015582540002481002
0.10369005908219084
0.13433234133086244
0.13379830678417967
0.04020075039219465
0.005977147620876872
0.044470975316070735
0.002280536817583967
0.007394806548054725
0.017104714180351303
0.026174207941417525
0.03233865834971538
0.054547397955430905
0.05519595594062756
0.10732435963705553
0.1170772998013082
0.14448874721182095
0.0964823314360599
0.08066316228115185
0.13857282095052562
0.05802664347908134
0.10512860488009099
0.08756883889997147
0.04797638056734684
0.0173357913079843
0.01851100355973825
0.053877073293969756
0.11640661349113914
0.05864571799876661
0.10341122174713308
0.029130396216208672
0.013265399144340035
0.053162519931283354
0.025404244560305655
0.031100253040532783
0.01896711325168559
0.02957635023745657
0.011201774261099941
0.06766382088515141
0.03988228566042123
0.05604886878792395
0.013797801855267543
0.01791057540462517
0.031116534836381996
0.012229131904568901
0.10535429756919089
0.02537678524969984
0.03755091589940156
0.05605710655459775
0.008691368293174866
0.051189224269717615
0.03032131755108734
0.08528740466109473
0.03412786603551884
0.030226714240326497
0.0614832274627717
0.0034839696859014536
0.006805508213656369
0.016230703944532764
0.07723056167668718
0.024633921072041952
0.002604013057597047
0.013965810806678925
0.027396960388913386
0.037755526263923145
0.022278277485768834
0.08712256339869584
0.03920231277447889
0.007967696375534855
0.05152629054521966
0.02362837957343406
0.025713875078480036
0.10117635847944963
0.02642755801547285
0.0031535753541686103
0.02529628384816396
9.735512028775487E-5
0.02806110824083729
0.05819500178549936
0.013235335699579836
0.03774022752065902
0.02688094989116539
0.0746101649075403
0.01063168586769058
0.07153254201864374
0.028914712416606807
0.01154466976854708
0.05185952641252139
0.07806765608047404
0.0493515388955793
0.10380399738807816
0.0071792781831827406
0.05282832059920001
0.022874763486498483
0.016018640571359204
0.12549746813841262
0.043367211107874705
0.04449177087569421
0.1260805056281604
0.06455725786647898
0.012767573861166998
0.035671999645164335
0.10130397808622069
0.07892688955060458
0.032751521147378976
0.08987955535856126
0.056464511140800575
0.024554325358646018
0.040752921594318973
0.016122047130945213
0.02130582462036013
0.05366373942118218
0.01807719382447648
0.05985765236757291
0.027268344296204356
0.04987218536279519
0.07883141940032588
0.01653449536075148
0.04164037117004702
0.030966060054363805
0.0031885401842693074
0.03542935135409584
0.04018317043947991
0.048483317548715016
0.10295704114682551
0.048225398918521685
0.08833421350421627
0.02824086395501015
0.05098177561686443
0.06767669521481792
0.02236457837996136
0.0343895556329011
0.04279421896430758
0.007779518174456884
0.01738598413743286
0.017628886994662262
0.048484091549049674
0.009152291274182232
0.0153797594678256
0.05220082968196475
0.10592195011699632
0.029844990124292682
0.021650902330482853
0.0014343861884952489
0.015551276393139376
7.814414737260064E-4
0.0518963613815152
0.024786551693438554
0.08815546903797084
0.014497089750268305
0.020896970545812667
0.010767961260422884
0.017205329490025376
0.0086839619609264
0.017587539940978
0.026786449114916736
0.04886730395263924
0.07225232428993705
0.05482557721168705
0.0013775517336533402
0.06091436427230606
0.021979058915087904
0.054907668302414794
0.04572608007954195
0.030012559989007762
0.039376475985931435
0.09548543056721095
0.019245730987400254
0.05704981238917524
0.057738531830291054
0.02038879165565386
0.04364695063153194
0.07371114209334301
0.05065739671945313
0.07021517804459239
0.03652552529759355
0.0066788277888519395
0.06418069170140017
0.01752256893162179
0.00224325347807038
0.1385903389700819
0.05891024702093811
0.051280644430936516
0.07034986457024174
0.014117837102879076
0.06097346801041246
0.04320525728725514
0.09053976418086458
0.020093273876224553
0.022104765332309796
0.021529100557070375
0.028560016195887824
0.009294545247310989
0.029044656019547026
0.028466863375205608
0.038059107450462426
0.06639634159887581
0.003654806474320598
0.06609145514418964
0.10077517831104038
0.015867919576199246
0.0585424558626114
0.00836161913653317
0.03323516512364419
0.03410344353936383
0.04122457925612905
0.008235336609821575
0.008137573588217815
0.04366163819388161
0.017883973751365627
0.04833496093778439
0.04301388146947298
0.05287659906631629
0.01912439441793832
0.034863907170014814
0.02902526144922646
0.015038280065939675
0.03743991187854072
0.034604058341914476
0.017046038570391542
0.050954114845751665
0.06084446053514757
0.047806178253209125
0.06084446053514757
0.050954114845751665
0.017046038570391542
0.034604058341914476
0.03743991187854072
0.015038280065939675
0.02902526144922646
0.034863907170014814
0.01912439441793832
0.05287659906631629
0.04301388146947298
0.04833496093778439
0.017883973751365627
0.04366163819388161
0.008137573588217815
0.008235336609821575
0.04122457925612905
0.03410344353936383
0.03323516512364419
0.00836161913653317
0.0585424558626114
0.015867919576199246
0.10077517831104038
0.06609145514418964
0.003654806474320598
0.06639634159887581
0.038059107450462426
0.028466863375205608
0.029044656019547026
0.009294545247310989
0.028560016195887824
0.021529100557070375
0.022104765332309796
0.020093273876224553
0.09053976418086458
0.04320525728725514
0.06097346801041246
0.014117837102879076
0.07034986457024174
0.051280644430936516
0.05891024702093811
0.1385903389700819
0.00224325347807038
0.01752256893162179
0.06418069170140017
0.0066788277888519395
0.03652552529759355
0.07021517804459239
0.05065739671945313
0.07371114209334301
0.04364695063153194
0.02038879165565386
0.057738531830291054
0.05704981238917524
0.019245730987400254
0.09548543056721095
0.039376475985931435
0.030012559989007762
0.04572608007954195
0.054907668302414794
0.021979058915087904
0.06091436427230606
0.0013775517336533402
0.05482557721168705
0.07225232428993705
0.04886730395263924
0.026786449114916736
0.017587539940978
0.0086839619609264
0.017205329490025376
0.010767961260422884
0.020896970545812667
0.014497089750268305
0.08815546903797084
0.024786551693438554
0.0518963613815152
7.814414737260064E-4
0.015551276393139376
0.0014343861884952489
0.021650902330482853
0.029844990124292682
0.10592195011699632
0.05220082968196475
0.0153797594678256
0.009152291274182232
0.048484091549049674
0.017628886994662262
0.01738598413743286
0.007779518174456884
0.04279421896430758
0.0343895556329011
0.02236457837996136
0.06767669521481792
0.05098177561686443
0.02824086395501015
0.08833421350421627
0.048225398918521685
0.10295704114682551
0.048483317548715016
0.04018317043947991
0.03542935135409584
0.0031885401842693074
0.030966060054363805
0.04164037117004702
0.01653449536075148
0.07883141940032588
0.04987218536279519
0.027268344296204356
0.05985765236757291
0.01807719382447648
0.05366373942118218
0.02130582462036013
0.016122047130945213
0.040752921594318973
0.024554325358646018
0.056464511140800575
0.08987955535856126
0.032751521147378976
0.07892688955060458
0.10130397808622069
0.035671999645164335
0.012767573861166998
0.06455725786647898
0.1260805056281604
0.04449177087569421
0.043367211107874705
0.12549746813841262
0.016018640571359204
0.022874763486498483
0.05282832059920001
0.0071792781831827406
0.10380399738807816
0.0493515388955793
0.07806765608047404
0.05185952641252139
0.01154466976854708
0.028914712416606807
0.07153254201864374
0.01063168586769058
0.0746101649075403
0.02688094989116539
0.03774022752065902
0.013235335699579836
0.05819500178549936
0.02806110824083729
9.735512028775487E-5
0.02529628384816396
0.0031535753541686103
0.02642755801547285
0.10117635847944963
0.025713875078480036
0.02362837957343406
0.05152629054521966
0.007967696375534855
0.03920231277447889
0.08712256339869584
0.022278277485768834
0.037755526263923145
0.027396960388913386
0.013965810806678925
0.002604013057597047
0.024633921072041952
0.07723056167668718
0.016230703944532764
0.006805508213656369
0.0034839696859014536
0.0614832274627717
0.030226714240326497
0.03412786603551884
0.08528740466109473
0.03032131755108734
0.051189224269717615
0.008691368293174866
0.05605710655459775
0.03755091589940156
0.02537678524969984
0.10535429756919089
0.012229131904568901
0.031116534836381996
0.01791057540462517
0.013797801855267543
0.05604886878792395
0.03988228566042123
0.06766382088515141
0.011201774261099941
0.02957635023745657
0.01896711325168559
0.031100253040532783
0.025404244560305655
0.053162519931283354
0.013265399144340035
0.029130396216208672
0.10341122174713308
0.05864571799876661
0.11640661349113914
0.053877073293969756
0.01851100355973825
0.0173357913079843
0.04797638056734684
0.08756883889997147
0.10512860488009099
0.05802664347908134
0.13857282095052562
0.08066316228115185
0.0964823314360599
0.14448874721182095
0.1170772998013082
0.10732435963705553
0.05519595594062756
0.054547397955430905
0.03233865834971538
0.026174207941417525
0.017104714180351303
0.007394806548054725
0.002280536817583967
0.044470975316070735
0.005977147620876872
0.04020075039219465
0.13379830678417967
0.13433234133086244
0.10369005908219084
0.015582540002481002
0.042245559090669384
0.016161763137302824
0.11663152910292093
0.09468241161500436
0.07653018609965073
0.019315795240585163
0.022915822414342524
0.02381632634146346
0.007967696375534855
0.08359508769499735
0.0018906289721167854
0.06429339801919016
0.07158077026665313
0.11418191379068486
0.09096002511714127
0.02286352882217194
0.003106613319618186
0.09387698503541846
0.1478293143338461
0.008573745810946427
0.09796581397286583
0.07856792973714193
0.1980079311223162
0.02422877542756145
0.005939023554333509
0.06601222995844552
0.24239600516671292
0.13253363502103158
0.18678560213862633
0.07691847624253305
0.20390019451076502
0.11502702454456644
0.13546483791789268
0.024452345060796625
0.059768545211181384
0.2683603385349642
0.6047640286041038
3.7242023196400637E-4
0.3865619404404567
0.2166933774707739
0.04919978299267222
0.06351044797380229
0.15168960708242882
0.11969141231538963
0.0073356908973298855
0.31657986798642984
0.037445379013373345
0.33386128305242446
0.21970549111365176
0.3337945330033202
0.08129263273677356
0.15199432068088484
0.18202409921502838
0.26424805599544005
0.2844911700267236
0.019720792769639433
0.01826645963256596
0.15991101500819718
0.047461420802836836
0.0041682469276689066
0.18571966986917887
0.07695838785992919
0.40247291985909295
0.2603626084899739
0.00834357612575688
0.0566675995573907
0.006717921210723455
0.24246477466974223
0.34391518130479865
0.16628989821656992
0.7931085175525698
0.23948656108264396
0.21632897789416564
0.21090751762605092
0.013177153630425296
0.13215429163734493
0.02817639860318247
0.015385080784983903
0.16769840681895262
0.01688392364995469
0.04205320964575268
0.5676110917218855
0.18233932481296272
0.3634612610071203
0.40744646516891553
0.5258679607853004
0.20574869834309384
0.3592291058535991
0.13336729635493091
0.04602212515714633
0.014613424606018145
0.6604203768515959
0.1667587989773137
0.12815596285915956
0.007647711340870791
0.12268189676448686
0.003924131123983243
0.0024969741243890033
0.09684295899244486
0.2913666685520867
0.36660186153482716
0.5194866795366874
0.8522625340263543
0.3270663703717464
0.26972186709205986
0.4570891229078257
0.33900553998406513
0.07933769089786417
0.19466261320325207
0.2551966559492763
0.3935328737988163
0.20325074018691916
0.07628332404683198
0.11667890373571438
0.22868080109585298
0.13048332284675176
1.5433556099162175E-4
0.2047597672376896
0.2576566585979753
0.22306230638892505
0.11930437420841856
0.3218828057911275
0.22837698679109864
0.1696366396653629
1.0
0.3017204980747163
0.05221039790816931
0.044277546796980864
0.12059897770619601
0.025108151650453128
0.13585973270271506
0.17294998551703372
0.08096799613090312
0.15271806410944455
0.05620280683681216
0.040036526253896955
0.10528600953955515
0.015854246868337453
0.33874488442653566
0.06192910171886142
0.2987275322522912
0.04995485252478455
0.0803579073879787
0.04201751742358095
0.07526107579751615
0.028395681002996404
0.04228124257872098
0.09150999719682959
0.035775972362045556
0.06002613091093969
0.008642557872736118
0.03197129920445495
0.01681850905042422
0.07629436473415763
0.0548138050003217
0.16770430381679827
0.016267850424759082
0.00821461269477981
0.019377112021221395
0.042460815407913015
0.10047280091696115
0.14051640638930593
0.04061992335140028
0.004469312181352123
0.00870742059641492
0.01766836104172415
0.014593948741260592
0.038560562184924145
0.0016475114515124355
0.055068498453040834
0.022972025932751248
0.07622251172457573
0.03275693558821861
0.01639046028767128
0.018617811431900236
0.04501904718942398
0.032315062781605036
0.05905798682649686
0.0692429211990607
0.03068236152686493
0.02190910814778302
8.63983394335016E-4
0.04588310138851782
0.0240335152894754
0.038735119478083224
0.008960539184424413
2.1906493234774972E-4
0.05461696681331487
0.1060647634592069
0.0953582777726838
0.06401381518697917
0.08049306747222772
0.007770191829563677
0.05220271370948701
0.060288372595351844
0.05183473796525849
0.03161846916233475
0.04763321583285528
0.016798409669624467
0.022856193951983912
0.007153056446766547
0.04605307343549208
0.041485439546549076
5.606438181104258E-4
0.013680435067739874
0.006271636968632127
0.03748752152338413
0.07377558294524818
0.07567155952216861
0.04333101051151868
0.10838728723463217
0.015872918469797187
0.017129639448342723
0.07544360581415314
0.008940466148240216
0.09168493936608826
0.07762042885201505
0.024662577259863358
0.041471876923555716
0.045305860814718615
0.059870811184137326
0.05605819712842847
0.09590589872362322
0.014535925057880136
0.028661294035649994
0.146768712330003
0.005109819578237825
0.028158061003097496
0.014168106890175232
0.022664950273203272
0.023683524068673367
0.021156881607978906
0.06287193162030474
0.031056434214900154
0.02000091977970081
0.013548330250631669
0.06921540091207276
0.08495155270272663
0.06257129469995866
