-0.0536064746394549
0.1776649392630454
0.32268754106105774
0.057865640467393585
0.03984578339803843
0.30794255476693294
0.08524574754722204
0.5155228170151657
0.01673066892519689
0.2736373318874855
0.43989223434443303
0.2900404418431928
0.08900447025579214
0.09317591272040407
0.39156239784425984
0.38178130421693957
0.039214225199102754
0.08691010240922271
0.16526178537361472
0.15043931836306862
0.09468916406069343
0.10664564853668466
0.15822642656720054
0.08423073955580997
0.26120546945951423
0.30932667200066494
0.07192843471418395
0.24165851939287258
0.11922197322617765
0.13462370767668236
0.3384910586658967
0.07655229296175532
0.21949709142254648
0.2680703357647674
0.25116610659432875
0.19639273041744615
0.06980951485001884
0.2060352102957986
0.42430926180550244
0.008083834590989032
0.25349563592546076
0.18639035923932099
0.07650553700896535
0.2337788652392655
0.31191595444554765
0.0586918128105915
0.0400627963465668
0.039421893367357054
0.12320598413713676
0.08136928100934153
0.0073184375492854475
0.0128754843187041
0.3457092851373863
0.1382247786635084
0.07724787819948672
0.2221906641504605
0.02344550970878086
0.13597170453487595
0.15546800571590627
0.1975122820383398
0.21839970838560285
0.021901831230012648
0.20627200022658948
0.05424953766178692
0.36043016527651156
0.03320530349076311
0.25505235529733156
0.13966839420674995
0.0048818722894278166
0.20199320884925628
0.012230135998144338
0.7792178016229978
0.1792717994831262
0.1748453081666196
0.25239811548950797
0.15397165030043652
0.08219561377295176
0.14119809239299794
0.09632010337700664
0.5191658940777134
0.19978614613756074
0.02255788886073116
0.3148043855879495
0.2047552477849725
0.004484231743302612
0.3164589481505706
0.2946938774994836
0.2863962022278464
0.6398915540128866
0.10338050318724311
0.04954829675031985
0.35034080940369877
0.028928391893860022
0.034544193719827365
0.27983359995540336
0.019330506745124963
0.40642169146783824
0.33008004509995204
0.3326782442640187
0.20268673908657295
0.16493839587053358
0.006561663344812384
0.17130941276069575
0.1776909843609886
0.08324643505615252
0.17121174323012475
0.10648207259772806
0.17537812215969528
0.1931679276494231
0.19093866875913454
0.3451986319721972
0.24299871628094294
0.014885834193273688
0.35823776253872475
0.5169972491693039
0.24071301446120555
0.012388335674119125
0.3923289959350929
0.25023430481393816
0.40480902363899524
0.14598320751591035
0.11730504648713387
0.0542292513184735
0.29152809097640936
0.3092006450250674
0.3923444534023384
0.15505381226540357
0.32971870134319986
0.405008655885285
0.13949290267410108
0.5605420453896292
0.364573152678472
0.3276110495814181
0.280751381642173
0.14694748122868176
0.1245283208652835
0.1792206837014298
0.09290883564872587
0.7069316609680555
0.34593320945855904
0.53618503937012
0.4253593632770194
0.27576274917471266
0.44647485553780825
0.022704129669337998
0.29098575682281996
0.11813057149020861
0.18201516721875244
0.19581648798799547
0.12143199117093655
0.17273098252037083
0.004900743476707124
0.37978774933749265
0.5482884919584401
0.4288517971156392
0.47726518922025407
0.3456277817568438
0.008339267817042483
0.24120901265654865
0.15456776600144406
0.9330791881924914
0.43730276502176285
0.401348860761729
0.32794869958826867
0.8050344545656432
0.9108898656487753
1.0
0.21498899033847352
0.6355952183234458
0.1436554779022398
0.42776801100462847
0.02576850959743213
0.05702716147680895
0.38627282507046773
0.1514419274586902
0.21057059443733533
0.609090952092642
0.39947327082971434
0.26279166740354226
0.06586303250380081
0.560940770299225
0.05834183651653511
0.41348608314509466
0.495808930115484
0.4549687475848964
0.6134419514840017
0.3511852242323877
0.11536614393447221
0.535701186659585
0.2911964717665731
0.007266489692532755
0.28174253157432116
0.03918463533994762
0.01030900811625664
0.23444318583017126
0.5385001114791931
0.13932131033390685
0.33448001224035945
0.2366480555098662
0.03910273594352287
0.11652023040953513
0.37733616985121293
0.4103082368394386
0.027261720718022946
0.26366628171117446
0.12665498317527116
0.017795697924025366
0.2786717208821997
0.08431189068155139
0.05037659500769352
0.07704220256727769
0.33458151227119154
0.1141434894782304
0.25649901441433554
0.1542747583371641
0.15424560646161622
0.3070812194468158
0.05279852187081084
0.04498657672164389
0.04555988148442218
0.15932793887469995
0.26720863517211035
0.10098252929419556
0.10953854538387482
0.1413583837258016
0.09875944994540836
0.09854522325259882
0.22306257350815664
0.25594150456569753
0.013242053617490387
0.1762360514992883
0.0536064746394549
0.12234771730366244
0.02076991462587999
0.2117933676588558
0.1603420251606537
0.2297485079472739
0.13326166828356464
0.07578336437915544
0.3871055936012079
0.07657003169757647
0.49000931806621767
0.14336562558537386
0.45211984385087867
0.22541413482976516
0.3638574743438402
0.0679407562427293
0.19732702087442752
0.32502803108913153
0.16631292602544842
0.22807098736240075
0.028984336413065567
0.08884907405893568
0.3132868292939898
0.2229244417677674
0.3521755093293505
0.0566039857824416
0.06413721796980192
0.15684507569096587
0.038120241277340365
0.12609055527348603
0.1497480871596269
0.033196356187378574
0.11022221904412602
0.08055382790616539
0.11352234967078287
0.15298314317123704
0.28132740566722053
0.08326764471539914
0.34189526899202866
0.261069096132217
0.05271532271697161
0.06686892048708802
0.24573012149056964
0.005483505398275249
0.21125247499141936
0.2628505057562779
0.32823819731178666
0.10918710895543758
0.01816069859785497
0.08631953252301336
0.07002124736555454
0.04949559569084189
0.1765599313341332
0.3308868646691636
0.15193058609007887
0.1617774526158217
0.248787489064598
0.19125072564707193
0.0656388909218294
0.08402626475124791
0.26841590998550213
0.11430952488034696
0.06560469849114835
0.40491807788031225
0.05915856730544359
0.17215128849885533
0.07367798307890319
0.009053601245726335
0.286230405061091
0.04448925027360403
0.00776945791932293
0.13879896027921976
0.02924707270903427
0.134059615434833
0.030524044549804067
0.3050626516321983
0.0971230595866695
0.2680323731972745
0.26421968942283036
0.15688951808560817
0.16678777848001636
0.06254796707960736
0.1082807498903292
0.20887681013352768
0.1304364977123652
0.058554175280744525
0.19630857411859712
0.0733955613189017
0.24610876571131987
0.27589635039152693
0.12049411913792203
0.15250126478187603
0.3568988821445303
0.1785263632597501
0.12175389956615798
0.07264097132284018
0.3104381665817318
0.15445899253693085
0.05727777250900443
0.06284861369155863
0.08272267075278293
0.07655746328064733
0.009493655425842192
0.005523097298676048
0.26396910275576463
0.3958185762187324
0.05289294859674093
0.041504143837079545
0.06224347239072472
0.05722575274157123
0.1755818826892124
0.08136479466898566
0.18435875565202214
0.007834160143121742
0.4793828211234591
0.21697578856100233
0.08978830083731622
0.19714367457824067
0.19656279588436082
0.07004629870283939
0.21207172434604138
0.1417003074259286
0.04990364514267297
0.12167434620759511
0.2441185155762
0.09988707227178142
0.2971908963523237
0.19942840383173763
0.07963812668743954
0.040331393597479566
0.31031139964236787
0.04410279433156771
0.13386592365032568
0.010017317248813431
0.014074509134959015
0.1834937752034403
0.009014019619218565
0.3255528216975101
0.30286882645456753
0.1068442342407322
0.11475175561061535
0.21710821842555403
0.25392370140334136
0.03215510949542453
0.07621145623120736
0.038229536369325134
0.2368614342898137
0.03697101523040968
0.014485306237640223
0.11505294612808974
0.0657133377391603
0.16589071793388102
0.15992095391900354
0.12439894091252082
0.2340472300831864
0.0451510270920009
0.004090445655174805
0.12324336686233049
0.022182967520743363
0.029889903372658108
0.08060558036286272
0.1622152891272866
0.15011685123083696
0.09934573606501128
0.09760981644247549
0.4078766455936174
0.5357984981337267
0.2686357708720519
0.05028951028664773
0.0739260219748504
0.18408596173335381
0.1058454636473958
0.3221429641334932
0.03406349470871413
0.032248906968415876
0.320678510555507
0.0051441163286267575
0.20097719325687488
0.2811011213847824
0.44960314307309535
0.06580258724570914
0.13341109435968548
0.3649535369068529
0.22189810501009688
0.2085636258992483
0.15849777099857568
0.45099067416003136
0.0795288569322548
0.27386474288726187
0.12158903689479927
0.08601908706746467
0.20305587800287334
0.1420656263112272
0.14508078034558314
0.20214422423334996
0.32464624208736537
0.1444236297477762
0.5294226808470073
0.3707703954879938
0.20407537479722693
0.016825009042741677
0.0837941132335552
0.33355754765987694
0.5989926033492892
0.4193070624488284
0.248077080061047
0.19666502793538237
0.29286175955471194
0.03512023258192807
0.22574283399970738
0.2797423372791667
0.01372269426340294
0.014990033695172933
0.19457810251494304
0.4479750052069246
0.3071112863844897
0.21900864837629921
0.24121440412048806
0.2674335870916688
0.2112060521343818
0.46230905783016435
0.549463419901049
0.10971275327670084
0.1009644500628906
0.018886282097786172
0.007654442071536249
0.09637292622313545
0.013698055938692656
0.0388306147695204
0.07775492101743335
0.15135612543662655
0.2680323731972745
0.15135612543662655
0.07775492101743335
0.0388306147695204
0.013698055938692656
0.09637292622313545
0.007654442071536249
0.018886282097786172
0.1009644500628906
0.10971275327670084
0.549463419901049
0.46230905783016435
0.2112060521343818
0.2674335870916688
0.24121440412048806
0.21900864837629921
0.3071112863844897
0.4479750052069246
0.19457810251494304
0.014990033695172933
0.01372269426340294
0.2797423372791667
0.22574283399970738
0.03512023258192807
0.29286175955471194
0.19666502793538237
0.248077080061047
0.4193070624488284
0.5989926033492892
0.33355754765987694
0.0837941132335552
0.016825009042741677
0.20407537479722693
0.3707703954879938
0.5294226808470073
0.1444236297477762
0.32464624208736537
0.20214422423334996
0.14508078034558314
0.1420656263112272
0.20305587800287334
0.08601908706746467
0.12158903689479927
0.27386474288726187
0.0795288569322548
0.45099067416003136
0.15849777099857568
0.2085636258992483
0.22189810501009688
0.3649535369068529
0.13341109435968548
0.06580258724570914
0.44960314307309535
0.2811011213847824
0.20097719325687488
0.0051441163286267575
0.320678510555507
0.032248906968415876
0.03406349470871413
0.3221429641334932
0.1058454636473958
0.18408596173335381
0.0739260219748504
0.05028951028664773
0.2686357708720519
0.5357984981337267
0.4078766455936174
0.09760981644247549
0.09934573606501128
0.15011685123083696
0.1622152891272866
0.08060558036286272
0.029889903372658108
0.022182967520743363
0.12324336686233049
0.004090445655174805
0.0451510270920009
0.2340472300831864
0.12439894091252082
0.15992095391900354
0.16589071793388102
0.0657133377391603
0.11505294612808974
0.014485306237640223
0.03697101523040968
0.2368614342898137
0.038229536369325134
0.07621145623120736
0.03215510949542453
0.25392370140334136
0.21710821842555403
0.11475175561061535
0.1068442342407322
0.30286882645456753
0.3255528216975101
0.009014019619218565
0.1834937752034403
0.014074509134959015
0.010017317248813431
0.13386592365032568
0.04410279433156771
0.31031139964236787
0.040331393597479566
0.07963812668743954
0.19942840383173763
0.2971908963523237
0.09988707227178142
0.2441185155762
0.12167434620759511
0.04990364514267297
0.1417003074259286
0.21207172434604138
0.07004629870283939
0.19656279588436082
0.19714367457824067
0.08978830083731622
0.21697578856100233
0.4793828211234591
0.007834160143121742
0.18435875565202214
0.08136479466898566
0.1755818826892124
0.05722575274157123
0.06224347239072472
0.041504143837079545
0.05289294859674093
0.3958185762187324
0.26396910275576463
0.005523097298676048
0.009493655425842192
0.07655746328064733
0.08272267075278293
0.06284861369155863
0.05727777250900443
0.15445899253693085
0.3104381665817318
0.07264097132284018
0.12175389956615798
0.1785263632597501
0.3568988821445303
0.15250126478187603
0.12049411913792203
0.27589635039152693
0.24610876571131987
0.0733955613189017
0.19630857411859712
0.058554175280744525
0.1304364977123652
0.20887681013352768
0.1082807498903292
0.06254796707960736
0.16678777848001636
0.15688951808560817
0.26421968942283036
0.2680323731972745
0.0971230595866695
0.3050626516321983
0.030524044549804067
0.134059615434833
0.02924707270903427
0.13879896027921976
0.00776945791932293
0.04448925027360403
0.286230405061091
0.009053601245726335
0.07367798307890319
0.17215128849885533
0.05915856730544359
0.40491807788031225
0.06560469849114835
0.11430952488034696
0.26841590998550213
0.08402626475124791
0.0656388909218294
0.19125072564707193
0.248787489064598
0.1617774526158217
0.15193058609007887
0.3308868646691636
0.1765599313341332
0.04949559569084189
0.07002124736555454
0.08631953252301336
0.01816069859785497
0.10918710895543758
0.32823819731178666
0.2628505057562779
0.21125247499141936
0.005483505398275249
0.24573012149056964
0.06686892048708802
0.05271532271697161
0.261069096132217
0.34189526899202866
0.08326764471539914
0.28132740566722053
0.15298314317123704
0.11352234967078287
0.08055382790616539
0.11022221904412602
0.033196356187378574
0.1497480871596269
0.12609055527348603
0.038120241277340365
0.15684507569096587
0.06413721796980192
0.0566039857824416
0.3521755093293505
0.2229244417677674
0.3132868292939898
0.08884907405893568
0.028984336413065567
0.22807098736240075
0.16631292602544842
0.32502803108913153
0.19732702087442752
0.0679407562427293
0.3638574743438402
0.22541413482976516
0.45211984385087867
0.14336562558537386
0.49000931806621767
0.07657003169757647
0.3871055936012079
0.07578336437915544
0.13326166828356464
0.2297485079472739
0.1603420251606537
0.2117933676588558
0.02076991462587999
0.12234771730366244
0.0536064746394549
0.1762360514992883
0.013242053617490387
0.25594150456569753
0.22306257350815664
0.09854522325259882
0.09875944994540836
0.1413583837258016
0.10953854538387482
0.10098252929419556
0.26720863517211035
0.15932793887469995
0.04555988148442218
0.04498657672164389
0.05279852187081084
0.3070812194468158
0.15424560646161622
0.1542747583371641
0.25649901441433554
0.1141434894782304
0.33458151227119154
0.07704220256727769
0.05037659500769352
0.08431189068155139
0.2786717208821997
0.017795697924025366
0.12665498317527116
0.26366628171117446
0.027261720718022946
0.4103082368394386
0.37733616985121293
0.11652023040953513
0.03910273594352287
0.2366480555098662
0.33448001224035945
0.13932131033390685
0.5385001114791931
0.23444318583017126
0.01030900811625664
0.03918463533994762
0.28174253157432116
0.007266489692532755
0.2911964717665731
0.535701186659585
0.11536614393447221
0.3511852242323877
0.6134419514840017
0.4549687475848964
0.495808930115484
0.41348608314509466
0.05834183651653511
0.560940770299225
0.06586303250380081
0.26279166740354226
0.39947327082971434
0.609090952092642
0.21057059443733533
0.1514419274586902
0.38627282507046773
0.05702716147680895
0.02576850959743213
0.42776801100462847
0.1436554779022398
0.6355952183234458
0.21498899033847352
1.0
0.9108898656487753
0.8050344545656432
0.32794869958826867
0.401348860761729
0.43730276502176285
0.9330791881924914
0.15456776600144406
0.24120901265654865
0.008339267817042483
0.3456277817568438
0.47726518922025407
0.4288517971156392
0.5482884919584401
0.37978774933749265
0.004900743476707124
0.17273098252037083
0.12143199117093655
0.19581648798799547
0.18201516721875244
0.11813057149020861
0.29098575682281996
0.022704129669337998
0.44647485553780825
0.27576274917471266
0.4253593632770194
0.53618503937012
0.34593320945855904
0.7069316609680555
0.09290883564872587
0.1792206837014298
0.1245283208652835
0.14694748122868176
0.280751381642173
0.3276110495814181
0.364573152678472
0.5605420453896292
0.13949290267410108
0.405008655885285
0.32971870134319986
0.15505381226540357
0.3923444534023384
0.3092006450250674
0.29152809097640936
0.0542292513184735
0.11730504648713387
0.14598320751591035
0.40480902363899524
0.25023430481393816
0.3923289959350929
0.012388335674119125
0.24071301446120555
0.5169972491693039
0.35823776253872475
0.014885834193273688
0.24299871628094294
0.3451986319721972
0.19093866875913454
0.1931679276494231
0.17537812215969528
0.10648207259772806
0.17121174323012475
0.08324643505615252
0.1776909843609886
0.17130941276069575
0.006561663344812384
0.16493839587053358
0.20268673908657295
0.3326782442640187
0.33008004509995204
0.40642169146783824
0.019330506745124963
0.27983359995540336
0.034544193719827365
0.028928391893860022
0.35034080940369877
0.04954829675031985
0.10338050318724311
0.6398915540128866
0.2863962022278464
0.2946938774994836
0.3164589481505706
0.004484231743302612
0.2047552477849725
0.3148043855879495
0.02255788886073116
0.19978614613756074
0.5191658940777134
0.09632010337700664
0.14119809239299794
0.08219561377295176
0.15397165030043652
0.25239811548950797
0.1748453081666196
0.1792717994831262
0.7792178016229978
0.012230135998144338
0.20199320884925628
0.0048818722894278166
0.13966839420674995
0.25505235529733156
0.03320530349076311
0.36043016527651156
0.05424953766178692
0.20627200022658948
0.021901831230012648
0.21839970838560285
0.1975122820383398
0.15546800571590627
0.13597170453487595
0.02344550970878086
0.2221906641504605
0.07724787819948672
0.1382247786635084
0.3457092851373863
0.0128754843187041
0.0073184375492854475
0.08136928100934153
0.12320598413713676
0.039421893367357054
0.0400627963465668
0.0586918128105915
0.31191595444554765
0.2337788652392655
0.07650553700896535
0.18639035923932099
0.25349563592546076
0.008083834590989032
0.42430926180550244
0.2060352102957986
0.06980951485001884
0.19639273041744615
0.25116610659432875
0.2680703357647674
0.21949709142254648
0.07655229296175532
0.3384910586658967
0.13462370767668236
0.11922197322617765
0.24165851939287258
0.07192843471418395
0.30932667200066494
0.26120546945951423
0.08423073955580997
0.15822642656720054
0.10664564853668466
0.09468916406069343
0.15043931836306862
0.16526178537361472
0.08691010240922271
0.039214225199102754
0.38178130421693957
0.39156239784425984
0.09317591272040407
0.08900447025579214
0.2900404418431928
0.43989223434443303
0.2736373318874855
0.01673066892519689
0.5155228170151657
0.08524574754722204
0.30794255476693294
0.03984578339803843
0.057865640467393585
0.32268754106105774
0.1776649392630454
