0.03475343382104401
0.034976173595578766
0.0328263094515226
0.03147410383222576
0.05688137486240781
0.012492722484740374
0.17027197349203885
0.07257911519587419
0.09844344472578247
0.036679925722737296
0.016128745382514645
0.17588357308315314
0.12889658407010104
0.0354373005125206
0.016871577993792953
0.10681037939511016
0.23779371106282438
0.32733300876787974
0.05502270752301396
0.20878742141458043
0.25776588908941356
0.059519397719690906
0.23698718159316226
0.09071542349152262
0.09896783895044976
0.034222839984117535
0.015240775997294485
0.06409354035627866
0.38519220776167756
0.19519277210921482
0.04729905114729062
0.17464285119032186
0.12207198786139227
0.11563216735317094
0.1976191436692775
0.026527224414728604
0.3316153115698745
0.25418419350062404
0.13152580848990245
0.06771258210451656
0.09931735299064189
0.15990835328307376
0.21840763687079215
0.005060512047895327
0.8580039677539183
0.23145763139153783
0.08586242434273102
0.4495698237714633
0.13928619505649661
0.6139990346752565
0.043267471032414455
0.15720131155410877
0.020205162839026243
0.06062133293951136
0.07271500513876052
0.2734551845102482
0.11056251597952224
0.08895420894623264
0.1701583743902786
0.12245814152065482
0.1088404150999871
0.19093744442637084
0.00834985700502935
0.30732446185764206
0.027712021209427364
0.1929137098504752
0.08603769774649586
0.06006648821742111
0.029240278290645235
0.07417569699357913
0.15586913866800792
0.004479040454529188
0.13489460824782212
0.15669259975848998
0.1421109314140996
0.02451519931554233
0.19224582354031997
0.1719525513927279
0.29741838593092756
0.081402030068802
0.2921930765908554
0.1499631331533358
0.016772618197191
0.1273423181133235
0.15849421496097074
0.052505323947998665
0.06971654149300079
0.31614979535662335
0.07929601159263311
0.007748024526779305
0.00826343875685175
0.06075557881869052
0.16366304401192022
0.07288571391443002
0.03452190967649649
0.06587403535327398
0.12523505854190167
0.11237557288675415
0.14190109596192177
0.023870090816324623
0.09374398398373691
0.07618620780211369
0.217525496708362
0.4998506619320699
0.25577282393260714
0.970463497014627
1.0
0.5475271156575113
0.6468393497401549
0.2966249994053303
0.5451268518948567
0.40919234219101597
0.08050127710880732
0.169839860859908
0.16751612481379385
0.43128432793943366
0.34826751510373066
0.2889810905057277
0.349197755330423
0.10880290613617265
0.0010093949652017107
0.0822311121493454
0.49384355559027543
0.3111997951788607
0.3309906019489386
0.21673289087427777
0.052954376783872575
0.042408941500253705
0.2826335140289346
0.24025337673324532
0.026048969984113084
0.010585254091048444
0.08237467798731668
0.23684684859863714
0.0988948710299785
0.03575959066770576
0.01472546938138132
0.10436567871485614
0.015158164556119442
0.07256468493210305
0.017064860688766097
0.023858288008341888
0.012328338907730624
0.04438047307805492
0.04174970918082839
7.289701796183591E-4
0.005533294928089011
0.0028422632923525027
0.003206279613859452
0.004792487395094439
0.026995298636540616
0.020713646072927753
0.0025623984503319827
0.023997788996007834
8.651219382155788E-4
0.024306884556045762
0.03616668766443416
0.004739329277497831
0.021396551126587664
0.017590605450459023
0.010886913309483522
0.00461346326409481
0.009760321743624406
0.009287250664231061
0.003278168545411385
1.9002460860521428E-4
0.0013837128040957375
0.004644300026665078
0.003695643021012018
0.005852785707239589
9.681603717534261E-4
0.01085203702132072
0.002729553998985994
0.008477866662677837
8.67744652299671E-4
0.004659701622726555
0.012219590594801166
0.014260349523279217
0.0037898539948289086
0.002475292318800848
0.001770552051204406
0.011546335109610206
0.008813013991243538
0.003424574668053051
0.006154393895810665
0.0017031954621298867
0.0018312880089789065
0.004805121509836871
0.007668652191823641
0.004399594181467711
0.001185940752300828
0.004921060280612816
0.0029204576100415316
0.0045353702029649915
0.004665581871236577
0.002081033828421143
0.005625446442588755
0.00334739988996184
0.002907881808645337
0.005546316265033615
0.0014624248373276494
0.002626988174075223
5.563260359596165E-4
0.0025611998807627255
0.002137798952194129
0.0026479000746429926
0.0027839028361572823
0.0015465495350668985
0.0068274455955407804
0.005461977593576872
3.243412323452827E-4
1.5779590377749787E-4
0.002965753924838072
0.0031100445654958352
0.0018887149074764094
0.0032643439247137156
7.237636161926574E-4
8.731525692184744E-4
0.0016517407157690498
0.0011705496853829172
2.8771345710679067E-4
2.8706638084656066E-4
0.003768007758099994
0.0037986308110541287
0.002073296102191698
3.2793189522276723E-4
0.0021286871797367925
8.375881400326281E-4
6.657469062842855E-4
0.002655047836172163
0.00120875042854294
0.0017564596927407206
3.1590264277691374E-4
0.0012886945539963741
0.0015468236403866362
0.0023324240509377705
0.0017592543426912112
7.208128628846861E-6
0.002205692444427996
0.0021615488235016073
0.0011523972618914392
1.5730423073019576E-4
8.252231439854204E-4
0.00116154044528692
0.004489078915208654
0.0019217342905434203
1.097312241104513E-4
2.882116425991706E-4
5.415658226002959E-4
0.00330401912674024
5.264207411452834E-4
0.0017429323006793883
0.002127733061969393
5.470357028044829E-4
0.0013734636604152309
1.579718666493556E-5
0.001162786163180578
2.3475865030885283E-4
3.623683070331512E-4
9.367641991238389E-4
6.452959469364944E-4
3.87331614261052E-4
7.513673409267352E-4
4.997580380016486E-4
0.001929393530383365
0.0015395489169188052
9.619783383872078E-4
0.0010453542109906402
1.4661847603146219E-4
0.0013019764023275784
0.0016647689325847523
1.7768931000749632E-4
0.0025615588669526544
6.134354784308278E-4
6.266393155456784E-4
0.0011709469244847678
0.0010255511901526165
0.003269052521701942
9.841538339021628E-4
0.001375535681235709
0.0034096157166789163
0.0015532332499792333
0.002274789338013941
0.0010731191532961607
8.096595663885706E-4
0.0011435048204574622
7.102473128722191E-4
0.0019327101696469816
0.001461729196514667
7.998706572932543E-4
0.0010275624322666694
5.836206310828881E-4
1.0277896204141728E-4
2.101072292065673E-4
2.0531449189046538E-4
0.002205242548028848
0.0014138716754926732
6.579692241699786E-4
0.0027583068057753907
0.002085108757824875
7.732612551583481E-4
1.977777163538822E-4
6.943507094116967E-4
0.0016398964896001272
0.0018467162887838328
0.0020716976107600844
0.0011680154436126957
0.0020312614602951496
6.728726186121169E-4
0.0027367617357248056
0.0015350384905812912
0.001573883417415935
6.857210558817768E-5
0.0018707885778748465
5.062793680781558E-4
9.568516419447907E-4
0.0012447535909796722
0.002267831411768709
0.0010415354884332608
0.001172081875199619
0.0026901347134535647
0.0018970392579011823
0.0013236698981419753
0.0018698413200648497
0.0022808827689478886
0.0019297466343334594
9.049541997417303E-4
0.0032363343164978323
0.0018995301747184625
0.0027431426190308
0.0013156976979701984
0.0011715293266561775
0.0014881864770411347
0.0019719080485009165
0.001866641044277835
0.0010344318347616298
0.0012620791046369837
0.00303738673066824
0.0013328801128395073
0.0016724971497914375
0.0013239105422518805
0.0017731188332768678
8.193441486003877E-4
0.00264308211869359
0.0021025988833132878
0.002186024825279223
0.0029532791210883295
0.00255800700180143
0.0015395081348490967
0.0011361045460267015
0.0015103174329228787
9.623886245409903E-4
0.002254894542182935
0.0010783571944363627
0.0026230430620009524
0.0022258533644317507
0.0019069197443338259
0.003350155994612315
0.00104838282275776
0.0016742798993429752
0.0026142266453543688
0.0018339087757233616
0.0027528952315273364
0.0015978231221055281
0.0033017091623220264
0.0026505195712767634
0.0019330543209284171
0.002206965999465016
0.0028939628617078465
0.0012996228257352788
0.002054489200449153
0.003211050391722433
0.0034669469221809807
0.00199289469278697
0.001532645235172245
0.001962668413402129
0.0022070009571271243
0.0016224835733104086
0.0024107261614275013
8.320663694325365E-4
5.205919992265407E-5
0.002465573029325527
0.0018191493147098545
0.0021498640504159405
0.0012710059504998155
0.0024410831350935706
7.399988421381904E-4
0.0012574423363628858
0.003281159134810384
0.0020978776733272583
0.002395591098438866
0.0032288807851168833
0.0020879497279505223
0.0017225662830726736
0.0039035123748485307
0.0024935145040286544
0.0033052449660441775
0.0016738422238352032
7.971500978414437E-4
0.002044414413455028
0.002653012089143487
0.0030971202453964706
0.002518256181358883
0.0012204479072753004
4.61970004725244E-4
0.002504634374415601
0.0025459775525804315
5.770607903837418E-4
0.001846401159751475
0.0015921818121677658
0.003955566130478856
6.868707109662137E-4
0.0017354317612077066
0.001188885101136875
0.001574588845296026
2.9713428119449814E-4
0.0014669963600774838
0.0013451780637039276
0.0018702309805137588
0.0023797482989576404
0.00159824274870784
0.002606813533395882
0.0027056962489483928
0.0026566668701570985
0.0030224197816618855
0.002715610494267552
0.0011679866895049596
0.0017774583001565773
0.0025547897865328528
0.003578532355196074
0.0010588100011970315
0.0024684006809858414
0.002588251449381012
6.583325674245319E-4
0.001098833029574215
0.0014690573150626714
0.0025439648308694064
0.0016047635141521732
0.002490585752402896
7.08155458973741E-4
0.004085793846232343
0.003289839728278001
0.0014487734262747908
0.002070527072685821
0.00191343712934071
0.0011913272817707155
0.0028214045754715294
0.002088860788625852
0.004104267802451466
0.0021667896593631965
7.253995701134381E-4
0.0025218880029679574
0.0015248673003549242
0.002116897197847719
0.00129637639000305
0.0022624148308127623
0.0020380715521602427
0.0023362466525100834
0.0026210988784965594
0.0020414876891805523
0.002352696123242283
0.00302444582485859
0.0023856392841702326
0.00302444582485859
0.002352696123242283
0.0020414876891805523
0.0026210988784965594
0.0023362466525100834
0.0020380715521602427
0.0022624148308127623
0.00129637639000305
0.002116897197847719
0.0015248673003549242
0.0025218880029679574
7.253995701134381E-4
0.0021667896593631965
0.004104267802451466
0.002088860788625852
0.0028214045754715294
0.0011913272817707155
0.00191343712934071
0.002070527072685821
0.0014487734262747908
0.003289839728278001
0.004085793846232343
7.08155458973741E-4
0.002490585752402896
0.0016047635141521732
0.0025439648308694064
0.0014690573150626714
0.001098833029574215
6.583325674245319E-4
0.002588251449381012
0.0024684006809858414
0.0010588100011970315
0.003578532355196074
0.0025547897865328528
0.0017774583001565773
0.0011679866895049596
0.002715610494267552
0.0030224197816618855
0.0026566668701570985
0.0027056962489483928
0.002606813533395882
0.00159824274870784
0.0023797482989576404
0.0018702309805137588
0.0013451780637039276
0.0014669963600774838
2.9713428119449814E-4
0.001574588845296026
0.001188885101136875
0.0017354317612077066
6.868707109662137E-4
0.003955566130478856
0.0015921818121677658
0.001846401159751475
5.770607903837418E-4
0.0025459775525804315
0.002504634374415601
4.61970004725244E-4
0.0012204479072753004
0.002518256181358883
0.0030971202453964706
0.002653012089143487
0.002044414413455028
7.971500978414437E-4
0.0016738422238352032
0.0033052449660441775
0.0024935145040286544
0.0039035123748485307
0.0017225662830726736
0.0020879497279505223
0.0032288807851168833
0.002395591098438866
0.0020978776733272583
0.003281159134810384
0.0012574423363628858
7.399988421381904E-4
0.0024410831350935706
0.0012710059504998155
0.0021498640504159405
0.0018191493147098545
0.002465573029325527
5.205919992265407E-5
8.320663694325365E-4
0.0024107261614275013
0.0016224835733104086
0.0022070009571271243
0.001962668413402129
0.001532645235172245
0.00199289469278697
0.0034669469221809807
0.003211050391722433
0.002054489200449153
0.0012996228257352788
0.0028939628617078465
0.002206965999465016
0.0019330543209284171
0.0026505195712767634
0.0033017091623220264
0.0015978231221055281
0.0027528952315273364
0.0018339087757233616
0.0026142266453543688
0.0016742798993429752
0.00104838282275776
0.003350155994612315
0.0019069197443338259
0.0022258533644317507
0.0026230430620009524
0.0010783571944363627
0.002254894542182935
9.623886245409903E-4
0.0015103174329228787
0.0011361045460267015
0.0015395081348490967
0.00255800700180143
0.0029532791210883295
0.002186024825279223
0.0021025988833132878
0.00264308211869359
8.193441486003877E-4
0.0017731188332768678
0.0013239105422518805
0.0016724971497914375
0.0013328801128395073
0.00303738673066824
0.0012620791046369837
0.0010344318347616298
0.001866641044277835
0.0019719080485009165
0.0014881864770411347
0.0011715293266561775
0.0013156976979701984
0.0027431426190308
0.0018995301747184625
0.0032363343164978323
9.049541997417303E-4
0.0019297466343334594
0.0022808827689478886
0.0018698413200648497
0.0013236698981419753
0.0018970392579011823
0.0026901347134535647
0.001172081875199619
0.0010415354884332608
0.002267831411768709
0.0012447535909796722
9.568516419447907E-4
5.062793680781558E-4
0.0018707885778748465
6.857210558817768E-5
0.001573883417415935
0.0015350384905812912
0.0027367617357248056
6.728726186121169E-4
0.0020312614602951496
0.0011680154436126957
0.0020716976107600844
0.0018467162887838328
0.0016398964896001272
6.943507094116967E-4
1.977777163538822E-4
7.732612551583481E-4
0.002085108757824875
0.0027583068057753907
6.579692241699786E-4
0.0014138716754926732
0.002205242548028848
2.0531449189046538E-4
2.101072292065673E-4
1.0277896204141728E-4
5.836206310828881E-4
0.0010275624322666694
7.998706572932543E-4
0.001461729196514667
0.0019327101696469816
7.102473128722191E-4
0.0011435048204574622
8.096595663885706E-4
0.0010731191532961607
0.002274789338013941
0.0015532332499792333
0.0034096157166789163
0.001375535681235709
9.841538339021628E-4
0.003269052521701942
0.0010255511901526165
0.0011709469244847678
6.266393155456784E-4
6.134354784308278E-4
0.0025615588669526544
1.7768931000749632E-4
0.0016647689325847523
0.0013019764023275784
1.4661847603146219E-4
0.0010453542109906402
9.619783383872078E-4
0.0015395489169188052
0.001929393530383365
4.997580380016486E-4
7.513673409267352E-4
3.87331614261052E-4
6.452959469364944E-4
9.367641991238389E-4
3.623683070331512E-4
2.3475865030885283E-4
0.001162786163180578
1.579718666493556E-5
0.0013734636604152309
5.470357028044829E-4
0.002127733061969393
0.0017429323006793883
5.264207411452834E-4
0.00330401912674024
5.415658226002959E-4
2.882116425991706E-4
1.097312241104513E-4
0.0019217342905434203
0.004489078915208654
0.00116154044528692
8.252231439854204E-4
1.5730423073019576E-4
0.0011523972618914392
0.0021615488235016073
0.002205692444427996
7.208128628846861E-6
0.0017592543426912112
0.0023324240509377705
0.0015468236403866362
0.0012886945539963741
3.1590264277691374E-4
0.0017564596927407206
0.00120875042854294
0.002655047836172163
6.657469062842855E-4
8.375881400326281E-4
0.0021286871797367925
3.2793189522276723E-4
0.002073296102191698
0.0037986308110541287
0.003768007758099994
2.8706638084656066E-4
2.8771345710679067E-4
0.0011705496853829172
0.0016517407157690498
8.731525692184744E-4
7.237636161926574E-4
0.0032643439247137156
0.0018887149074764094
0.0031100445654958352
0.002965753924838072
1.5779590377749787E-4
3.243412323452827E-4
0.005461977593576872
0.0068274455955407804
0.0015465495350668985
0.0027839028361572823
0.0026479000746429926
0.002137798952194129
0.0025611998807627255
5.563260359596165E-4
0.002626988174075223
0.0014624248373276494
0.005546316265033615
0.002907881808645337
0.00334739988996184
0.005625446442588755
0.002081033828421143
0.004665581871236577
0.0045353702029649915
0.0029204576100415316
0.004921060280612816
0.001185940752300828
0.004399594181467711
0.007668652191823641
0.004805121509836871
0.0018312880089789065
0.0017031954621298867
0.006154393895810665
0.003424574668053051
0.008813013991243538
0.011546335109610206
0.001770552051204406
0.002475292318800848
0.0037898539948289086
0.014260349523279217
0.012219590594801166
0.004659701622726555
8.67744652299671E-4
0.008477866662677837
0.002729553998985994
0.01085203702132072
9.681603717534261E-4
0.005852785707239589
0.003695643021012018
0.004644300026665078
0.0013837128040957375
1.9002460860521428E-4
0.003278168545411385
0.009287250664231061
0.009760321743624406
0.00461346326409481
0.010886913309483522
0.017590605450459023
0.021396551126587664
0.004739329277497831
0.03616668766443416
0.024306884556045762
8.651219382155788E-4
0.023997788996007834
0.0025623984503319827
0.020713646072927753
0.026995298636540616
0.004792487395094439
0.003206279613859452
0.0028422632923525027
0.005533294928089011
7.289701796183591E-4
0.04174970918082839
0.04438047307805492
0.012328338907730624
0.023858288008341888
0.017064860688766097
0.07256468493210305
0.015158164556119442
0.10436567871485614
0.01472546938138132
0.03575959066770576
0.0988948710299785
0.23684684859863714
0.08237467798731668
0.010585254091048444
0.026048969984113084
0.24025337673324532
0.2826335140289346
0.042408941500253705
0.052954376783872575
0.21673289087427777
0.3309906019489386
0.3111997951788607
0.49384355559027543
0.0822311121493454
0.0010093949652017107
0.10880290613617265
0.349197755330423
0.2889810905057277
0.34826751510373066
0.43128432793943366
0.16751612481379385
0.169839860859908
0.08050127710880732
0.40919234219101597
0.5451268518948567
0.2966249994053303
0.6468393497401549
0.5475271156575113
1.0
0.970463497014627
0.25577282393260714
0.4998506619320699
0.217525496708362
0.07618620780211369
0.09374398398373691
0.023870090816324623
0.14190109596192177
0.11237557288675415
0.12523505854190167
0.06587403535327398
0.03452190967649649
0.07288571391443002
0.16366304401192022
0.06075557881869052
0.00826343875685175
0.007748024526779305
0.07929601159263311
0.31614979535662335
0.06971654149300079
0.052505323947998665
0.15849421496097074
0.1273423181133235
0.016772618197191
0.1499631331533358
0.2921930765908554
0.081402030068802
0.29741838593092756
0.1719525513927279
0.19224582354031997
0.02451519931554233
0.1421109314140996
0.15669259975848998
0.13489460824782212
0.004479040454529188
0.15586913866800792
0.07417569699357913
0.029240278290645235
0.06006648821742111
0.08603769774649586
0.1929137098504752
0.027712021209427364
0.30732446185764206
0.00834985700502935
0.19093744442637084
0.1088404150999871
0.12245814152065482
0.1701583743902786
0.08895420894623264
0.11056251597952224
0.2734551845102482
0.07271500513876052
0.06062133293951136
0.020205162839026243
0.15720131155410877
0.043267471032414455
0.6139990346752565
0.13928619505649661
0.4495698237714633
0.08586242434273102
0.23145763139153783
0.8580039677539183
0.005060512047895327
0.21840763687079215
0.15990835328307376
0.09931735299064189
0.06771258210451656
0.13152580848990245
0.25418419350062404
0.3316153115698745
0.026527224414728604
0.1976191436692775
0.11563216735317094
0.12207198786139227
0.17464285119032186
0.04729905114729062
0.19519277210921482
0.38519220776167756
0.06409354035627866
0.015240775997294485
0.034222839984117535
0.09896783895044976
0.09071542349152262
0.23698718159316226
0.059519397719690906
0.25776588908941356
0.20878742141458043
0.05502270752301396
0.32733300876787974
0.23779371106282438
0.10681037939511016
0.016871577993792953
0.0354373005125206
0.12889658407010104
0.17588357308315314
0.016128745382514645
0.036679925722737296
0.09844344472578247
0.07257911519587419
0.17027197349203885
0.012492722484740374
0.05688137486240781
0.03147410383222576
0.0328263094515226
0.034976173595578766
