0.013851661785493422
0.014722419528043625
0.029999118940250865
0.013986048262823347
0.010916667422259661
0.004025966296854211
0.08520768646650137
0.06670174571651205
0.04533343656833596
0.0386474182254136
0.05747461158621564
0.05538142485414599
0.0887573726215174
0.4647668872797645
0.29969225839517644
0.10883628587529551
0.17862186120395807
0.1845350955599784
0.003954392426318714
0.048305151285913464
0.19875110333603357
0.015414583370968323
0.30392656237281923
0.1738149509247845
0.06801718978461348
0.39330479205134167
0.3438774767893179
0.10546378151572003
0.1439202235707393
0.18936092595585674
0.12748723233600034
0.26199723803054287
0.12269014002400357
0.055407567272645133
0.44849538616456386
0.17811470151574657
0.3432198072206834
0.21843416763718476
0.19287248835042728
0.2162377683665502
0.3169217591310118
0.20020530948978973
0.20696856162762464
0.25205392591519216
0.4955039133678564
0.4361846011983817
0.05315772035635142
1.0
0.2179122381112972
0.13141562254115133
0.22059185263439396
0.23574662193300977
0.39464633184321535
0.19398483009664547
0.36427648298107196
0.3257639170229109
0.07855899965681035
0.11281015527828003
0.22240747548537104
0.03882067005245912
0.25354394994669915
0.13935109453662695
0.16092078525156278
0.08159446690749206
0.009754325210366998
0.5575223688130445
0.18597539021505272
0.025679754376950106
0.10946232776459347
0.12477452199423347
0.11944401733928349
0.027726515525046087
0.01889797440779178
0.05855214130050268
0.0347906715226558
0.0978858956367089
0.0831545260307591
0.20310539982964812
0.12208021970354753
0.09489112077594693
0.20735784603938834
0.0574135747383603
0.2654771545013507
0.06192208933121274
0.30339121794017493
0.1304181097992944
0.03733090974712665
0.29956130495511357
0.201407802380198
0.4258371302162471
0.19986071652285903
0.0251864626190932
0.0919762825941036
0.05620385662013731
0.476782379952626
0.12844447538386145
0.35631052290236775
0.05670169961749972
0.2972733387808118
0.13710154270867134
0.541896446053693
0.5161585521616147
0.18769755235823457
0.40598923848310214
0.005089363681369343
0.7144233933784282
0.006935217727447785
0.3613454579876024
0.9385223113334955
0.38209498826301846
0.08746546681199205
0.33879662889968176
0.4517932403959457
0.08487502763419318
0.24371762918626355
0.04868664085139788
0.42935336104001354
0.07842821823414199
0.4582305021262276
0.6313511261059925
0.33005086924396365
0.010989472490455286
0.20336927610052835
0.13705274393792474
0.09467340328707925
0.3830294751697509
0.005189519171111259
0.16365841438885928
0.14851208220886272
0.17413062747816474
0.021372938052821915
0.06063208696287521
0.00674029678400928
0.09828408575122756
0.03109408184296864
0.15654932921597153
0.10435375450265003
0.02056394457672096
0.11840539833682391
0.1485259026801638
0.09078488283777024
1.319187051309406E-6
0.06241912967576047
0.01747535383048597
0.15864045502497318
0.11977474247604952
0.015264814881835778
0.00556627458998816
0.03540562750169991
0.02393551215499408
0.022569699736612145
0.05698738500108147
0.02527140647930478
0.026565561837381242
0.019231548282537734
0.02423433222048766
0.016763546403193393
0.02673002485458584
0.024512388302655497
0.029866794732955945
0.0011928618352365491
0.019168889473656515
0.02533091814624812
0.0012655101520989962
0.018873631050030797
0.01433053864056731
0.011774177173556069
0.003505254180086106
0.014376889249132503
0.03264452637536016
0.007724287847306209
0.0187091388119845
0.026094001869106254
0.023865800786300552
0.01774643394277957
0.017485659173478496
0.007807771814747325
0.014642187878664878
0.010905864136728201
0.01325423017475539
0.01488666250569017
0.013005538439285575
0.015451252792164437
0.018034437310276222
0.016589909807273512
0.01621540315521198
0.013229852200886157
0.01810412593024876
0.016231862238397513
0.009471948356599938
0.014082049145612063
0.015976853338350396
0.015586034319131302
0.01342788885962643
0.012135806518761094
0.019166450686532773
0.015773942349736454
0.013918743224108458
0.014087627268899441
0.0155389268523239
0.0155337226176782
0.013479239400670449
0.013597437400387359
0.017545783063196412
0.01157866167334952
0.014100888854365896
0.016265922287511975
0.017147554855341092
0.013877719991250207
0.01659132693724258
0.015419537646184651
0.008549090035570127
0.017708046072371312
0.01307033395013413
0.013113343633733354
0.012891204603304701
0.013808260433439872
0.01352780507998719
0.014877071800973455
0.014069708277817023
0.015045725017838017
0.011049510678863892
0.013631737859832878
0.012156392688141796
0.014604330852001038
0.014359848095926987
0.013455112722154985
0.017530028588730446
0.010704922912210844
0.013009445188505385
0.016205794194225704
0.011996528510650552
0.011605605437658977
0.010789580208552177
0.012527074245713539
0.011810532549061165
0.014789290513004618
0.011111161207382913
0.011173718804946997
0.009261956248218283
0.011465680513838788
0.014262264250328699
0.012622619933602789
0.011928510789235605
0.014699870899828736
0.013831676930754025
0.010115748962601204
0.011227229423019373
0.011931963539267223
0.009219610105469475
0.015508285059718428
0.01396401860108671
0.011510708558150125
0.01234343294377379
0.014083019941500258
0.013999278331460164
0.013416712883386939
0.01313754785109845
0.012335491553967326
0.015696938015437895
0.013059912442610865
0.0162449048968586
0.012475593844224303
0.01481357957802129
0.01474662816340287
0.014709616044294506
0.012674710291193252
0.009960222907646641
0.014538968567075195
0.0123634529509807
0.010166071280280482
0.013862796199818004
0.015465076989729744
0.014543401384486202
0.01097709416390973
0.013125902120259592
0.01256546778826109
0.013023156229007394
0.014094065246340387
0.01429822889933348
0.010220695162903916
0.013288634085991253
0.012852530941715115
0.012991668859408523
0.011525465673347758
0.013133491397214671
0.013424035344954444
0.013602225819232303
0.01278855721492012
0.015008394655698767
0.012344384502037014
0.014017768676123291
0.015860663868258795
0.011964366008388877
0.012128474378333568
0.013178448682376892
0.009806948734972525
0.01235202509201683
0.013819333465469102
0.011662106053132207
0.012624679968716057
0.014851412387922484
0.012306801090310062
0.013590433948347224
0.013203702338987934
0.012782825829443902
0.012529378939066554
0.01233245746536788
0.011934690734822463
0.013330936338148467
0.011817231698539848
0.013134016040138636
0.012058483670660682
0.013058055067720922
0.013055160576332618
0.015002644321793481
0.013885235798984858
0.014095185727055464
0.010611759025515628
0.01496084332753517
0.00896512388156038
0.014596692055563949
0.012051793973546976
0.015865671973046228
0.012904426195599707
0.012432357011885952
0.012183001330062712
0.013565198527119687
0.012613399679469872
0.013841679507048964
0.012562739268964233
0.012349834373077613
0.013241723797610414
0.01046115754423244
0.011969216205238846
0.013450155274885325
0.012782619914119674
0.013334883082217776
0.012282865703978558
0.010845184087249294
0.01402408647965193
0.013458302215246961
0.012367062423014276
0.01116417838047967
0.01082877491096202
0.013185758898190921
0.013313433350765612
0.01233837827674403
0.013522517353971149
0.012940572616793846
0.01135875991670626
0.010215707813863998
0.014179548327468145
0.01272704330817352
0.011640839603909308
0.012980771571634511
0.011709789258829234
0.01482059163393351
0.011890549314122265
0.013650549608521157
0.01112789331262697
0.012497058553042568
0.012910304524322975
0.011221658885459779
0.013300631059704061
0.012339641465375492
0.011888232931590465
0.011346171335779724
0.01422003993277085
0.014422327313842772
0.012711092700218115
0.013317062861967323
0.012631722849337227
0.014377799250645931
0.011733212525736345
0.011737205820806553
0.01297779005318646
0.012637201391966698
0.01349614946793794
0.013658959902968771
0.010028328939519777
0.012744665952703368
0.012342252218074138
0.01280560644315961
0.011420145367258118
0.012337411155437066
0.01328667714173014
0.010226516294053276
0.014233312057804324
0.01226739430996396
0.011522320937235694
0.012334771081153651
0.012930276922713542
0.012228635153034299
0.011955762371336007
0.011075157204830332
0.01121838760166956
0.012460560954047097
0.012836931865311646
0.014923289500762287
0.010561042118999074
0.01103381126466329
0.013251242916207679
0.012760327128735508
0.012717402571248109
0.012552964012132307
0.012676115334400986
0.011830782280643916
0.013791671427261636
0.011815689040487411
0.014019649990451482
0.012360937847320163
0.012554189913794173
0.012528406430215104
0.012978995100245496
0.012726705108947889
0.01012935081923389
0.012550502346951141
0.012404789335345364
0.010695087519903007
0.01248471261597091
0.013155400695024402
0.01396784944857758
0.01298025545950266
0.01161766224990311
0.012108872596070163
0.013146072094503925
0.014475881356256392
0.012153670778529533
0.01428810314534235
0.010896186572416587
0.012986139629660323
0.013245790722748941
0.012757297673124468
0.013301130107333302
0.013048370550901403
0.01229580223039463
0.013082973747703959
0.012173878836077425
0.011973986586494218
0.012510234992996715
0.014817683255208389
0.011216494226226668
0.012951405113350706
0.012977816945338444
0.01486595415233427
0.011862764359432737
0.011533209300287138
0.010363553068225782
0.01329985355598629
0.014324328888934408
0.010352792474450558
0.011308597917339073
0.012331340904344193
0.01328551085181518
0.011041357359671215
0.009279978030352605
0.011071476012860295
0.0128575020713893
0.012592627144953865
0.012039123169765938
0.013633189647633168
0.010306295971349272
0.013633189647633168
0.012039123169765938
0.012592627144953865
0.0128575020713893
0.011071476012860295
0.009279978030352605
0.011041357359671215
0.01328551085181518
0.012331340904344193
0.011308597917339073
0.010352792474450558
0.014324328888934408
0.01329985355598629
0.010363553068225782
0.011533209300287138
0.011862764359432737
0.01486595415233427
0.012977816945338444
0.012951405113350706
0.011216494226226668
0.014817683255208389
0.012510234992996715
0.011973986586494218
0.012173878836077425
0.013082973747703959
0.01229580223039463
0.013048370550901403
0.013301130107333302
0.012757297673124468
0.013245790722748941
0.012986139629660323
0.010896186572416587
0.01428810314534235
0.012153670778529533
0.014475881356256392
0.013146072094503925
0.012108872596070163
0.01161766224990311
0.01298025545950266
0.01396784944857758
0.013155400695024402
0.01248471261597091
0.010695087519903007
0.012404789335345364
0.012550502346951141
0.01012935081923389
0.012726705108947889
0.012978995100245496
0.012528406430215104
0.012554189913794173
0.012360937847320163
0.014019649990451482
0.011815689040487411
0.013791671427261636
0.011830782280643916
0.012676115334400986
0.012552964012132307
0.012717402571248109
0.012760327128735508
0.013251242916207679
0.01103381126466329
0.010561042118999074
0.014923289500762287
0.012836931865311646
0.012460560954047097
0.01121838760166956
0.011075157204830332
0.011955762371336007
0.012228635153034299
0.012930276922713542
0.012334771081153651
0.011522320937235694
0.01226739430996396
0.014233312057804324
0.010226516294053276
0.01328667714173014
0.012337411155437066
0.011420145367258118
0.01280560644315961
0.012342252218074138
0.012744665952703368
0.010028328939519777
0.013658959902968771
0.01349614946793794
0.012637201391966698
0.01297779005318646
0.011737205820806553
0.011733212525736345
0.014377799250645931
0.012631722849337227
0.013317062861967323
0.012711092700218115
0.014422327313842772
0.01422003993277085
0.011346171335779724
0.011888232931590465
0.012339641465375492
0.013300631059704061
0.011221658885459779
0.012910304524322975
0.012497058553042568
0.01112789331262697
0.013650549608521157
0.011890549314122265
0.01482059163393351
0.011709789258829234
0.012980771571634511
0.011640839603909308
0.01272704330817352
0.014179548327468145
0.010215707813863998
0.01135875991670626
0.012940572616793846
0.013522517353971149
0.01233837827674403
0.013313433350765612
0.013185758898190921
0.01082877491096202
0.01116417838047967
0.012367062423014276
0.013458302215246961
0.01402408647965193
0.010845184087249294
0.012282865703978558
0.013334883082217776
0.012782619914119674
0.013450155274885325
0.011969216205238846
0.01046115754423244
0.013241723797610414
0.012349834373077613
0.012562739268964233
0.013841679507048964
0.012613399679469872
0.013565198527119687
0.012183001330062712
0.012432357011885952
0.012904426195599707
0.015865671973046228
0.012051793973546976
0.014596692055563949
0.00896512388156038
0.01496084332753517
0.010611759025515628
0.014095185727055464
0.013885235798984858
0.015002644321793481
0.013055160576332618
0.013058055067720922
0.012058483670660682
0.013134016040138636
0.011817231698539848
0.013330936338148467
0.011934690734822463
0.01233245746536788
0.012529378939066554
0.012782825829443902
0.013203702338987934
0.013590433948347224
0.012306801090310062
0.014851412387922484
0.012624679968716057
0.011662106053132207
0.013819333465469102
0.01235202509201683
0.009806948734972525
0.013178448682376892
0.012128474378333568
0.011964366008388877
0.015860663868258795
0.014017768676123291
0.012344384502037014
0.015008394655698767
0.01278855721492012
0.013602225819232303
0.013424035344954444
0.013133491397214671
0.011525465673347758
0.012991668859408523
0.012852530941715115
0.013288634085991253
0.010220695162903916
0.01429822889933348
0.014094065246340387
0.013023156229007394
0.01256546778826109
0.013125902120259592
0.01097709416390973
0.014543401384486202
0.015465076989729744
0.013862796199818004
0.010166071280280482
0.0123634529509807
0.014538968567075195
0.009960222907646641
0.012674710291193252
0.014709616044294506
0.01474662816340287
0.01481357957802129
0.012475593844224303
0.0162449048968586
0.013059912442610865
0.015696938015437895
0.012335491553967326
0.01313754785109845
0.013416712883386939
0.013999278331460164
0.014083019941500258
0.01234343294377379
0.011510708558150125
0.01396401860108671
0.015508285059718428
0.009219610105469475
0.011931963539267223
0.011227229423019373
0.010115748962601204
0.013831676930754025
0.014699870899828736
0.011928510789235605
0.012622619933602789
0.014262264250328699
0.011465680513838788
0.009261956248218283
0.011173718804946997
0.011111161207382913
0.014789290513004618
0.011810532549061165
0.012527074245713539
0.010789580208552177
0.011605605437658977
0.011996528510650552
0.016205794194225704
0.013009445188505385
0.010704922912210844
0.017530028588730446
0.013455112722154985
0.014359848095926987
0.014604330852001038
0.012156392688141796
0.013631737859832878
0.011049510678863892
0.015045725017838017
0.014069708277817023
0.014877071800973455
0.01352780507998719
0.013808260433439872
0.012891204603304701
0.013113343633733354
0.01307033395013413
0.017708046072371312
0.008549090035570127
0.015419537646184651
0.01659132693724258
0.013877719991250207
0.017147554855341092
0.016265922287511975
0.014100888854365896
0.01157866167334952
0.017545783063196412
0.013597437400387359
0.013479239400670449
0.0155337226176782
0.0155389268523239
0.014087627268899441
0.013918743224108458
0.015773942349736454
0.019166450686532773
0.012135806518761094
0.01342788885962643
0.015586034319131302
0.015976853338350396
0.014082049145612063
0.009471948356599938
0.016231862238397513
0.01810412593024876
0.013229852200886157
0.01621540315521198
0.016589909807273512
0.018034437310276222
0.015451252792164437
0.013005538439285575
0.01488666250569017
0.01325423017475539
0.010905864136728201
0.014642187878664878
0.007807771814747325
0.017485659173478496
0.01774643394277957
0.023865800786300552
0.026094001869106254
0.0187091388119845
0.007724287847306209
0.03264452637536016
0.014376889249132503
0.003505254180086106
0.011774177173556069
0.01433053864056731
0.018873631050030797
0.0012655101520989962
0.02533091814624812
0.019168889473656515
0.0011928618352365491
0.029866794732955945
0.024512388302655497
0.02673002485458584
0.016763546403193393
0.02423433222048766
0.019231548282537734
0.026565561837381242
0.02527140647930478
0.05698738500108147
0.022569699736612145
0.02393551215499408
0.03540562750169991
0.00556627458998816
0.015264814881835778
0.11977474247604952
0.15864045502497318
0.01747535383048597
0.06241912967576047
1.319187051309406E-6
0.09078488283777024
0.1485259026801638
0.11840539833682391
0.02056394457672096
0.10435375450265003
0.15654932921597153
0.03109408184296864
0.09828408575122756
0.00674029678400928
0.06063208696287521
0.021372938052821915
0.17413062747816474
0.14851208220886272
0.16365841438885928
0.005189519171111259
0.3830294751697509
0.09467340328707925
0.13705274393792474
0.20336927610052835
0.010989472490455286
0.33005086924396365
0.6313511261059925
0.4582305021262276
0.07842821823414199
0.42935336104001354
0.04868664085139788
0.24371762918626355
0.08487502763419318
0.4517932403959457
0.33879662889968176
0.08746546681199205
0.38209498826301846
0.9385223113334955
0.3613454579876024
0.006935217727447785
0.7144233933784282
0.005089363681369343
0.40598923848310214
0.18769755235823457
0.5161585521616147
0.541896446053693
0.13710154270867134
0.2972733387808118
0.05670169961749972
0.35631052290236775
0.12844447538386145
0.476782379952626
0.05620385662013731
0.0919762825941036
0.0251864626190932
0.19986071652285903
0.4258371302162471
0.201407802380198
0.29956130495511357
0.03733090974712665
0.1304181097992944
0.30339121794017493
0.06192208933121274
0.2654771545013507
0.0574135747383603
0.20735784603938834
0.09489112077594693
0.12208021970354753
0.20310539982964812
0.0831545260307591
0.0978858956367089
0.0347906715226558
0.05855214130050268
0.01889797440779178
0.027726515525046087
0.11944401733928349
0.12477452199423347
0.10946232776459347
0.025679754376950106
0.18597539021505272
0.5575223688130445
0.009754325210366998
0.08159446690749206
0.16092078525156278
0.13935109453662695
0.25354394994669915
0.03882067005245912
0.22240747548537104
0.11281015527828003
0.07855899965681035
0.3257639170229109
0.36427648298107196
0.19398483009664547
0.39464633184321535
0.23574662193300977
0.22059185263439396
0.13141562254115133
0.2179122381112972
1.0
0.05315772035635142
0.4361846011983817
0.4955039133678564
0.25205392591519216
0.20696856162762464
0.20020530948978973
0.3169217591310118
0.2162377683665502
0.19287248835042728
0.21843416763718476
0.3432198072206834
0.17811470151574657
0.44849538616456386
0.055407567272645133
0.12269014002400357
0.26199723803054287
0.12748723233600034
0.18936092595585674
0.1439202235707393
0.10546378151572003
0.3438774767893179
0.39330479205134167
0.06801718978461348
0.1738149509247845
0.30392656237281923
0.015414583370968323
0.19875110333603357
0.048305151285913464
0.003954392426318714
0.1845350955599784
0.17862186120395807
0.10883628587529551
0.29969225839517644
0.4647668872797645
0.0887573726215174
0.05538142485414599
0.05747461158621564
0.0386474182254136
0.04533343656833596
0.06670174571651205
0.08520768646650137
0.004025966296854211
0.010916667422259661
0.013986048262823347
0.029999118940250865
0.014722419528043625
