0.18904281567007095
0.18269892758981054
0.16390335359912664
0.13335512174978315
0.09218882876991374
0.04193020764901088
0.015563641559857976
0.07817703410982911
0.14361866459850317
0.2095115220358768
0.2734862503273627
0.3332743084107021
0.3867972844965424
0.43224885960487713
0.468166191672527
0.49348789256831915
0.5075962812495511
0.5103421976733811
0.5020513311105301
0.4835117277538434
0.45594286888001606
0.4209474245972125
0.3804474621130331
0.336607495671957
0.29174728447307074
0.24824769495979335
0.20845322894761312
0.17457496790913285
0.14859769029634962
0.13219478235659604
0.12665428821361882
0.13281904200499867
0.15104330843209948
0.18116774735046975
0.22251383577221426
0.27389815238220727
0.33366618269319726
0.39974456535138897
0.4697099996321935
0.5408723972752211
0.6103693126023343
0.6752682442017913
0.7326730861708852
0.7798308291446872
0.8142345781231858
0.8337190670662058
0.8365451055107914
0.8214697809072481
0.7877997478071515
0.7354255428468001
0.6648355502626359
0.5771089811287459
0.47388799331213594
0.3573298400241708
0.23004066462184686
0.09499323093857624
0.04456853298808116
0.18523481618245954
0.3235413083985568
0.4560827387255084
0.5796245412001914
0.691208686366395
0.7882499293889269
0.8686190738916549
0.9307103231639267
0.9734903692126418
0.996527533849376
1.0
0.9846829289204565
0.9519150220159696
0.9035458263626241
0.8418657735901085
0.769521557184736
0.689419971046114
0.60462373349434
0.5182430914656115
0.43332712983995475
0.35275869644329133
0.27915669537046695
0.2147892063275241
0.1615004672034361
0.12065422719294441
0.0930953586507801
0.07913093085381868
0.07853122372949582
0.0905504215107064
0.11396600270090528
0.14713516051629885
0.18806597228746155
0.2345005097211616
0.284006663578146
0.3340751612067096
0.38221809379127014
0.42606524738213114
0.4634546477892154
0.4925139790618286
0.5117299083595231
0.5200028317790917
0.5166851273604907
0.5016016409829807
0.4750518136726729
0.43779355895697264
0.391009689783405
0.33625835011730887
0.27540950205804404
0.2105700329682202
0.1440004597139611
0.0780265036067344
0.014948979433889344
0.043044520662703256
0.09396276342799295
0.13608567026817478
0.16802795588109753
0.18878924268786626
0.19778882163390138
0.19488383456874964
0.18037030162903886
0.15496708383376712
0.11978353084727571
0.07627219133696796
0.026168534645584125
0.028579874056351047
0.08589190598760213
0.14363598353075302
0.19971448896886715
0.2521461425451533
0.2991431178596998
0.3391798799999431
0.37105106518640685
0.3939161569619227
0.4073292360201115
0.41125266837612573
0.4060542269892489
0.3924877908266977
0.3716584077295748
0.3449731186229113
0.31407949715818206
0.2807943394742073
0.24702532503361668
0.2146887466911986
0.18562656571778677
0.16152607945989683
0.14384539448269873
0.13374768008104818
0.13204684430000907
0.13916683979856778
0.15511628661090351
0.17947951294261247
0.21142448590255983
0.24972745546628622
0.2928134916693042
0.3388114815008077
0.3856215915338646
0.430992716290197
0.4726070391751773
0.5081685474913847
0.5354921764262954
0.5525902154045889
0.5577526954694665
0.549618685302765
0.5272357483475638
0.49010524213969653
0.4382116573719799
0.37203477910656924
0.29254408406049887
0.20117544243039417
0.09979084586587156
0.009377489405298013
0.12379671701678584
0.24071421751740887
0.35724686486954
0.47047553592333946
0.5775414995526642
0.6757412489242903
0.7626163933500296
0.8360354032028917
0.8942642957180915
0.9360237500596218
0.9605306318099138
0.9675224716865037
0.9572640598095942
0.9305359623846368
0.8886054183723253
0.8331807056357988
0.7663506560086237
0.6905115251905479
0.6082838672648977
0.5224224089964133
0.4357221536859168
0.350924060161163
0.27062363584236543
0.19718565465844715
0.13266796632179562
0.07875701277927159
0.03671722411390274
0.007355946700975089
0.008995019342296604
0.012480806838851303
0.003707948217764465
0.01628731062142518
0.04608550418963234
0.08394338070718402
0.12786395666406858
0.17567451409605528
0.22510960363533103
0.27389596865053134
0.31983627317089924
0.3608885989396685
0.3952388707116504
0.42136366553839055
0.4380812492410654
0.4445891462374779
0.44048706935755777
0.42578459425281917
0.4008935372561584
0.3666055644393464
0.3240561019072172
0.2746761130169951
0.2201337391169521
0.16226815106643258
0.10301821690476207
0.04434874786322099
0.011822864347765149
0.06369686214970187
0.10965559143421905
0.14831988447923855
0.17859535691593514
0.19970703253017363
0.21122117818144295
0.21305373636943495
0.20546526530992731
0.18904281567007095
0.16466966953723447
0.13348432199274038
0.09683048183499125
0.05620019094762178
0.013172399876066406
0.03065051794303159
0.07370578381602902
0.1145302854678604
0.15181537235768333
0.1844542808165844
0.21158041096253344
0.23259505937168137
0.24718364437272092
0.2553199273565327
0.25725821526688136
0.2535140076206228
0.24483400743669012
0.23215683176034355
0.21656611813904802
0.19923801478374156
0.1813852533477337
0.16420012655791955
0.14879872406814934
0.13616871818974965
0.12712283949939776
0.1222599470990232
0.12193528906929421
0.12624117778838434
0.13499888696831802
0.14776212891856533
0.1638320092055676
0.18228289948220008
0.20199823548622078
0.22171485277696368
0.24007413283587747
0.2556779596829528
0.26714729249798574
0.2731810501966352
0.27261298351814955
0.26446427952631874
0.24798979966323406
0.22271608947092122
0.18846960659194026
0.14539398176437945
0.09395554109821996
0.03493676113759868
0.030582215814634592
0.10125342722264669
0.17550128803516254
0.2515717400016193
0.32758861259926964
0.40161518139147356
0.4717187107991868
0.5360356520531943
0.5928351376330184
0.6405784716386719
0.6779724588387215
0.704014637964462
0.7180287785945259
0.7196893545036759
0.7090341062650064
0.6864642371678153
0.6527322330310042
0.6089177416683292
0.5563923751641345
0.4967746920809182
0.4318769629267076
0.3636456082194148
0.29409741418211305
0.22525376905921288
0.1590752187731586
0.09739861274478011
0.04187900088985399
0.0060617441877766414
0.04527786241133176
0.07493279766067197
0.09452140783503547
0.10388065319289147
0.10318853855098822
0.09295150414237713
0.073980867045921
0.04735929534606875
0.014398636967827677
0.02340928747309392
0.06444709330264349
0.10702945188016436
0.14946185097584458
0.19009841938463268
0.2273968101722819
0.25996827897374397
0.2866213010184969
0.30639733435636407
0.31859764643891847
0.32280046456542494
0.31886807445169485
0.30694386149765807
0.28743965236603874
0.26101405689344587
0.22854281978832108
0.19108245713010993
0.14982866531413647
0.10607114288565354
0.061146554156020515
0.016391385591647337
0.02690359773881252
0.06753569484463617
0.10442797367592782
0.13666111504000503
0.16349842698562578
0.18440334574319905
0.19904904256611963
0.20732006562376898
0.20930625040091436
0.20528941926285574
0.19572365024491983
0.18121011730520903
0.16246768146272153
0.14030053856032382
0.1155643010796394
0.08913190694352896
0.061860708258855056
0.034562000335320385
0.007974110943141358
0.017260011686204935
0.04060998798655598
0.06166948715266712
0.08016176353354637
0.09593926922511845
0.10897761006417127
0.11936434237727539
0.12728331183356276
0.13299540579458935
0.1368167203596529
0.13909522831652188
0.1401870717610461
0.1404335925480483
0.14014015625041681
0.13955772409040398
0.13886798725629254
0.13817270552957409
0.1374876948554948
0.13674169493381902
0.13578012717821927
0.1343735347595548
0.13223028897782688
0.1290129584028406
0.12435757668621056
0.1178949180809135
0.10927280146943734
0.09817839743043878
0.08435951015499446
0.0676438466553523
0.04795536772683861
0.025326934896850558
9.138000924198029E-5
0.028028777450647833
0.05809526227752776
0.08978827468679353
0.12250425913719085
0.1555548064693861
0.18818681516371466
0.21960595046187664
0.2490025415944725
0.2755789530127935
0.2985773993380635
0.3173071481826357
0.3311700709008955
0.3396835578774365
0.3424999097385205
0.3394214449709285
0.3304107226198549
0.31559545968364683
0.2952679193583852
0.2698787506937676
0.240025464552301
0.20643592714649694
0.1699474333845807
0.13148208098655612
0.09201929698289422
0.05256646608157864
0.014128672120381639
0.0223214125096372
0.05587246939399939
0.08570134071325902
0.11109681918264475
0.13147965870308811
0.14641818736239298
0.15563906886683
0.15903293653880105
0.15665480869619178
0.14871937841756847
0.13559144743527593
0.11777193665628673
0.09588004873950053
0.07063227630926935
0.042819038888626336
0.013279789834101871
0.01712253991798657
0.047526901671525804
0.07709847139020129
0.10505122141213052
0.13066806127579053
0.15331800158809
0.1724699247954924
0.18770268680194147
0.19871141771050363
0.20531003265634748
0.20743009910784277
0.20511632998327695
0.19851907799158663
0.1878842921412034
0.17354145974276236
0.15589009490263264
0.13538534701946744
0.11252329081041804
0.08782642460577933
0.061829848701000854
0.03506852388479584
0.008065925941571597
0.018675680543406584
0.04468322164755732
0.06951901402595864
0.09278524128034464
0.11412684172801912
0.13323300809606495
0.1498375491429907
0.1637183947078817
0.17469653826665105
0.18263470476304866
0.1874360072573512
0.18904281567007095
0.1874360072573512
0.18263470476304866
0.17469653826665105
0.1637183947078817
0.1498375491429907
0.13323300809606495
0.11412684172801912
0.09278524128034464
0.06951901402595864
0.04468322164755732
0.018675680543406584
0.008065925941571597
0.03506852388479584
0.061829848701000854
0.08782642460577933
0.11252329081041804
0.13538534701946744
0.15589009490263264
0.17354145974276236
0.1878842921412034
0.19851907799158663
0.20511632998327695
0.20743009910784277
0.20531003265634748
0.19871141771050363
0.18770268680194147
0.1724699247954924
0.15331800158809
0.13066806127579053
0.10505122141213052
0.07709847139020129
0.047526901671525804
0.01712253991798657
0.013279789834101871
0.042819038888626336
0.07063227630926935
0.09588004873950053
0.11777193665628673
0.13559144743527593
0.14871937841756847
0.15665480869619178
0.15903293653880105
0.15563906886683
0.14641818736239298
0.13147965870308811
0.11109681918264475
0.08570134071325902
0.05587246939399939
0.0223214125096372
0.014128672120381639
0.05256646608157864
0.09201929698289422
0.13148208098655612
0.1699474333845807
0.20643592714649694
0.240025464552301
0.2698787506937676
0.2952679193583852
0.31559545968364683
0.3304107226198549
0.3394214449709285
0.3424999097385205
0.3396835578774365
0.3311700709008955
0.3173071481826357
0.2985773993380635
0.2755789530127935
0.2490025415944725
0.21960595046187664
0.18818681516371466
0.1555548064693861
0.12250425913719085
0.08978827468679353
0.05809526227752776
0.028028777450647833
9.138000924198029E-5
0.025326934896850558
0.04795536772683861
0.0676438466553523
0.08435951015499446
0.09817839743043878
0.10927280146943734
0.1178949180809135
0.12435757668621056
0.1290129584028406
0.13223028897782688
0.1343735347595548
0.13578012717821927
0.13674169493381902
0.1374876948554948
0.13817270552957409
0.13886798725629254
0.13955772409040398
0.14014015625041681
0.1404335925480483
0.1401870717610461
0.13909522831652188
0.1368167203596529
0.13299540579458935
0.12728331183356276
0.11936434237727539
0.10897761006417127
0.09593926922511845
0.08016176353354637
0.06166948715266712
0.04060998798655598
0.017260011686204935
0.007974110943141358
0.034562000335320385
0.061860708258855056
0.08913190694352896
0.1155643010796394
0.14030053856032382
0.16246768146272153
0.18121011730520903
0.19572365024491983
0.20528941926285574
0.20930625040091436
0.20732006562376898
0.19904904256611963
0.18440334574319905
0.16349842698562578
0.13666111504000503
0.10442797367592782
0.06753569484463617
0.02690359773881252
0.016391385591647337
0.061146554156020515
0.10607114288565354
0.14982866531413647
0.19108245713010993
0.22854281978832108
0.26101405689344587
0.28743965236603874
0.30694386149765807
0.31886807445169485
0.32280046456542494
0.31859764643891847
0.30639733435636407
0.2866213010184969
0.25996827897374397
0.2273968101722819
0.19009841938463268
0.14946185097584458
0.10702945188016436
0.06444709330264349
0.02340928747309392
0.014398636967827677
0.04735929534606875
0.073980867045921
0.09295150414237713
0.10318853855098822
0.10388065319289147
0.09452140783503547
0.07493279766067197
0.04527786241133176
0.0060617441877766414
0.04187900088985399
0.09739861274478011
0.1590752187731586
0.22525376905921288
0.29409741418211305
0.3636456082194148
0.4318769629267076
0.4967746920809182
0.5563923751641345
0.6089177416683292
0.6527322330310042
0.6864642371678153
0.7090341062650064
0.7196893545036759
0.7180287785945259
0.704014637964462
0.6779724588387215
0.6405784716386719
0.5928351376330184
0.5360356520531943
0.4717187107991868
0.40161518139147356
0.32758861259926964
0.2515717400016193
0.17550128803516254
0.10125342722264669
0.030582215814634592
0.03493676113759868
0.09395554109821996
0.14539398176437945
0.18846960659194026
0.22271608947092122
0.24798979966323406
0.26446427952631874
0.27261298351814955
0.2731810501966352
0.26714729249798574
0.2556779596829528
0.24007413283587747
0.22171485277696368
0.20199823548622078
0.18228289948220008
0.1638320092055676
0.14776212891856533
0.13499888696831802
0.12624117778838434
0.12193528906929421
0.1222599470990232
0.12712283949939776
0.13616871818974965
0.14879872406814934
0.16420012655791955
0.1813852533477337
0.19923801478374156
0.21656611813904802
0.23215683176034355
0.24483400743669012
0.2535140076206228
0.25725821526688136
0.2553199273565327
0.24718364437272092
0.23259505937168137
0.21158041096253344
0.1844542808165844
0.15181537235768333
0.1145302854678604
0.07370578381602902
0.03065051794303159
0.013172399876066406
0.05620019094762178
0.09683048183499125
0.13348432199274038
0.16466966953723447
0.18904281567007095
0.20546526530992731
0.21305373636943495
0.21122117818144295
0.19970703253017363
0.17859535691593514
0.14831988447923855
0.10965559143421905
0.06369686214970187
0.011822864347765149
0.04434874786322099
0.10301821690476207
0.16226815106643258
0.2201337391169521
0.2746761130169951
0.3240561019072172
0.3666055644393464
0.4008935372561584
0.42578459425281917
0.44048706935755777
0.4445891462374779
0.4380812492410654
0.42136366553839055
0.3952388707116504
0.3608885989396685
0.31983627317089924
0.27389596865053134
0.22510960363533103
0.17567451409605528
0.12786395666406858
0.08394338070718402
0.04608550418963234
0.01628731062142518
0.003707948217764465
0.012480806838851303
0.008995019342296604
0.007355946700975089
0.03671722411390274
0.07875701277927159
0.13266796632179562
0.19718565465844715
0.27062363584236543
0.350924060161163
0.4357221536859168
0.5224224089964133
0.6082838672648977
0.6905115251905479
0.7663506560086237
0.8331807056357988
0.8886054183723253
0.9305359623846368
0.9572640598095942
0.9675224716865037
0.9605306318099138
0.9360237500596218
0.8942642957180915
0.8360354032028917
0.7626163933500296
0.6757412489242903
0.5775414995526642
0.47047553592333946
0.35724686486954
0.24071421751740887
0.12379671701678584
0.009377489405298013
0.09979084586587156
0.20117544243039417
0.29254408406049887
0.37203477910656924
0.4382116573719799
0.49010524213969653
0.5272357483475638
0.549618685302765
0.5577526954694665
0.5525902154045889
0.5354921764262954
0.5081685474913847
0.4726070391751773
0.430992716290197
0.3856215915338646
0.3388114815008077
0.2928134916693042
0.24972745546628622
0.21142448590255983
0.17947951294261247
0.15511628661090351
0.13916683979856778
0.13204684430000907
0.13374768008104818
0.14384539448269873
0.16152607945989683
0.18562656571778677
0.2146887466911986
0.24702532503361668
0.2807943394742073
0.31407949715818206
0.3449731186229113
0.3716584077295748
0.3924877908266977
0.4060542269892489
0.41125266837612573
0.4073292360201115
0.3939161569619227
0.37105106518640685
0.3391798799999431
0.2991431178596998
0.2521461425451533
0.19971448896886715
0.14363598353075302
0.08589190598760213
0.028579874056351047
0.026168534645584125
0.07627219133696796
0.11978353084727571
0.15496708383376712
0.18037030162903886
0.19488383456874964
0.19778882163390138
0.18878924268786626
0.16802795588109753
0.13608567026817478
0.09396276342799295
0.043044520662703256
0.014948979433889344
0.0780265036067344
0.1440004597139611
0.2105700329682202
0.27540950205804404
0.33625835011730887
0.391009689783405
0.43779355895697264
0.4750518136726729
0.5016016409829807
0.5166851273604907
0.5200028317790917
0.5117299083595231
0.4925139790618286
0.4634546477892154
0.42606524738213114
0.38221809379127014
0.3340751612067096
0.284006663578146
0.2345005097211616
0.18806597228746155
0.14713516051629885
0.11396600270090528
0.0905504215107064
0.07853122372949582
0.07913093085381868
0.0930953586507801
0.12065422719294441
0.1615004672034361
0.2147892063275241
0.27915669537046695
0.35275869644329133
0.43332712983995475
0.5182430914656115
0.60462373349434
0.689419971046114
0.769521557184736
0.8418657735901085
0.9035458263626241
0.9519150220159696
0.9846829289204565
1.0
0.996527533849376
0.9734903692126418
0.9307103231639267
0.8686190738916549
0.7882499293889269
0.691208686366395
0.5796245412001914
0.4560827387255084
0.3235413083985568
0.18523481618245954
0.04456853298808116
0.09499323093857624
0.23004066462184686
0.3573298400241708
0.47388799331213594
0.5771089811287459
0.6648355502626359
0.7354255428468001
0.7877997478071515
0.8214697809072481
0.8365451055107914
0.8337190670662058
0.8142345781231858
0.7798308291446872
0.7326730861708852
0.6752682442017913
0.6103693126023343
0.5408723972752211
0.4697099996321935
0.39974456535138897
0.33366618269319726
0.27389815238220727
0.22251383577221426
0.18116774735046975
0.15104330843209948
0.13281904200499867
0.12665428821361882
0.13219478235659604
0.14859769029634962
0.17457496790913285
0.20845322894761312
0.24824769495979335
0.29174728447307074
0.336607495671957
0.3804474621130331
0.4209474245972125
0.45594286888001606
0.4835117277538434
0.5020513311105301
0.5103421976733811
0.5075962812495511
0.49348789256831915
0.468166191672527
0.43224885960487713
0.3867972844965424
0.3332743084107021
0.2734862503273627
0.2095115220358768
0.14361866459850317
0.07817703410982911
0.015563641559857976
0.04193020764901088
0.09218882876991374
0.13335512174978315
0.16390335359912664
0.18269892758981054
