0.7774175871419867
0.11715292123579912
0.30296924728335745
0.29690900991504354
0.41107440227282316
0.42935434875507095
0.3221515581020554
0.05724187776673282
0.3870286846976695
0.20448506395551774
0.6559707081369501
0.057059367405033985
0.14359592790586947
0.36388612214175764
0.4016345656870972
0.1362060500485499
0.36495665976619973
0.3803894753678238
0.05277853357333855
0.5317622832187126
0.01599529479804758
0.23755060513873974
0.22284076379351359
0.026841987812951985
0.2913251254024185
0.024005683286195807
0.12405421728360555
0.04070422258565003
0.07821618688540577
0.025062211947550005
0.16912210471153352
0.02812722704866064
0.11078575437680221
0.05789294373054068
0.10079831782432333
0.0022458877405987926
0.3131199641173698
0.027608666739076502
0.2712300754641887
0.20248619918883173
0.03803122559923069
0.5286074953926472
0.04123425076802785
0.4672353099277114
0.37888293751933755
0.029063621595208214
0.4536827526894911
0.4065218524867264
0.19278855042915077
0.35287513652674896
0.9931668032084119
0.2814472911679075
1.0
0.5788831095499514
0.29322003267801566
0.8641401537036454
0.0720378426717273
0.5803726846763944
0.34915708425805847
0.029889629548018836
0.7032119800129135
0.2561206232345413
0.16739695542085456
0.062396638760553264
0.7593487229107171
0.11673483087242711
0.9975625675831556
0.6226040130080097
0.4528791223188324
0.9071678061361471
0.009941408584677026
0.48186826811125866
0.13944299871044777
0.15662934785152158
0.3532606535005409
0.2737360109509815
0.1521078681487645
0.04858859919637417
0.2194135447436312
0.1844365695277083
0.2815537945462527
0.030412984887850464
0.04976953456399868
0.18947132514932677
0.1314596653404445
0.07043360483468775
0.13372054885903972
0.09868915117309902
0.06368293677303544
0.1298673727877012
0.0146366278625545
0.1080900758460607
0.0704197026702659
0.0614539692519357
0.031937504850793545
0.1311214010596671
0.02095961032393519
0.3837555912484781
0.15718065277123508
0.39494023331159367
0.5209409343326247
0.15420054356938742
0.5765835082196867
0.033155139740343
0.08036288484744118
0.1718322330703045
0.4059049664941605
0.21542704469046928
0.2146680678843327
0.05286450227285476
0.3645420019022314
0.2650999430110788
0.4148133930538848
0.07388433498077637
0.21891691870965413
0.1889512619657203
0.6384890792247299
0.01849983625724012
0.24445088112793067
0.3722779897198018
0.34907436515706264
0.3413005767814902
0.2663041272830009
0.1015783447570744
0.32514613820380567
0.2383227305234086
0.5602279003995526
0.21125907560299184
0.20814800472770117
0.5975777504695223
0.11646565925089589
0.3323162634472257
0.014964245276054618
0.22369712127491445
0.1642073620860928
0.35925274817634734
0.0277592920087671
0.0658234032745156
0.23876711638482212
0.09795382546313545
0.2646669270098799
0.058742093074998745
0.07554078026442608
0.1813125371118565
0.06518606750270498
0.05697920737896802
0.09087623755220209
0.09802907054329059
0.08595902527301146
0.10446376325767032
0.043194885451710095
0.07790885264418347
0.041315540299367924
0.08348442883135408
0.04858859919637419
0.03782057068050104
0.009000752695842818
0.3136064487887164
0.13952043617231039
0.484439386261941
0.5611169818435509
0.4112087592413119
0.7859050533899827
0.2950681365257924
0.3922500093180775
0.26633259333137116
0.2587973956109868
0.11233887572749275
0.4323175149525584
0.2845918481408535
0.1059985753263455
0.5867748854572692
0.01639518256939756
0.48680146613856234
0.4977898794610128
0.2681990817420159
0.9243163571650949
0.37639744353668747
0.6590261232065091
0.6215081608489332
0.01159134031066919
0.41284188335550726
0.27474375900662584
0.24275574205565753
0.11552397647452531
0.6247701365449578
0.04389157404398097
0.34801826416277126
0.2623921226109449
0.07069408328136192
0.3913578954991798
0.02831935885356894
0.19270171850588289
0.28565905633353034
0.04420624928185047
0.30018578992126727
0.02543438602507076
0.007236781721125116
0.10536546004354859
0.15940367130510813
0.10175919178357475
0.013503046227647763
0.028740822346988503
0.18733888852910374
0.060552029865564905
0.1547629136469323
0.14576176481465034
0.10269006030888006
0.1570389922590101
0.17139736586751833
0.1427348879460543
0.1828661530026594
0.15115188945594069
7.13494986817451E-4
0.030645349094886868
0.2032867203043752
0.27801508167956324
0.2376778302718338
0.4619582685224338
0.19207250891878688
0.23937829203806824
0.1963884170400942
0.1095573822879819
0.17218755159615792
0.07201388699971922
0.05638648658221861
0.29550678537578723
0.014814787695204033
0.40138821512824896
0.14341895026219656
0.026023580899842816
0.19435439678549668
0.323549210075315
0.04589308329980612
0.192039722796072
0.30108342570145447
0.15299336563920823
0.16149433169332295
0.19004119537634104
0.21414081986094055
0.06846003563135583
0.25216990700786296
0.20868869422434233
0.15850065205018568
0.11933346928986613
0.4588116898466541
0.07056097338913955
0.2579752721713098
0.16146388598504016
0.10147657722612709
0.16718382433080553
0.12453876262372643
0.006893079575211868
0.08868842941993416
0.13588263812389248
0.10238742927105604
0.07344813301409668
0.11310364146446601
0.011503529218788108
0.19169937006519758
0.03179094065700344
0.018645375906380574
0.0715532440823754
0.1197633620417927
0.03124752891651744
0.0652471454389709
0.15199290599041698
0.029387506181242248
0.14591179507447638
0.1715211581962043
0.12340965008225842
0.29653622368198546
0.20192205223752707
0.1764380271205091
0.19342184609163005
0.0965520050769573
0.112421683516251
0.29152241309692345
0.4937025214328434
0.36112242602830275
0.5247925338318126
0.3735574778892065
0.22048223258074223
0.3119941425677966
0.040612182738231736
0.16850193308080988
0.19033957506874324
0.07573463079139343
0.31823280762213957
0.09987388013643941
0.08439321594629237
0.04564353201580988
0.3200293394526587
0.25166537408755035
0.4853957346739497
0.555335260487329
0.35835324135748864
0.48591015326611137
0.19839182723478613
0.10781596089883233
0.13127864566179662
0.11118461885197423
0.07057009752346406
0.026403545688829577
0.0023495010020692948
0.18847247785077553
0.0010866640496887841
0.07092051118334178
0.04858859919637416
0.14124444937737726
0.0036176666084175553
0.12651193457684412
0.10632765300253659
0.042333678707088894
0.10051783394820418
0.06180281055066177
0.029560461894845753
0.07997633237928896
0.06824545792562638
0.12169415981922566
0.06709228949484074
0.011729691510945606
0.17958983079514013
9.239142865606115E-4
0.1360283416136998
0.19003496620474322
0.09731536698466767
0.3419975332648088
0.2054498820382962
0.23442556912187937
0.27392927317337346
0.007026221567120831
0.0750497765355025
0.1258795551040959
0.2227694007074635
0.08625199619430207
0.24647115936834096
0.03235041179355931
0.005523888169698626
0.0391777228693264
0.13010214886042587
0.08244259095925416
0.08272618057399068
0.15087936304313834
0.33974569736502624
0.21439710015824312
0.2826811860864535
0.16685663117255606
0.013980017705829151
0.02141048125631921
0.19341476637722133
0.1667006027199745
0.10568401607999538
0.0833374761497203
0.0739120002579319
0.11524298168303497
0.1352318241771926
0.1419245079609072
0.04464419456124858
0.04777653572010531
0.10488531285426023
0.19561642628478082
0.19565089245251974
0.13597520541427485
0.1464522049242701
0.014098347124089078
0.0037043954123966677
0.0060467420662323286
0.09227405807943409
0.0412848055191866
0.026610208506308946
0.0230129796313209
0.061649029426607646
0.12141888201811583
0.00406455948040463
0.09562976075017761
0.15671767385936067
0.00911782917733141
0.16768592533307333
0.0029944659281111344
0.012360549986582734
0.11910955356639623
0.07713300732522504
0.13950336261992283
0.005315333465100181
0.04858859919637419
0.043366786284921674
0.26582192230482743
0.14881827313895107
0.2938002830217627
0.3713999332403229
0.1498188112557563
0.29008273180466065
0.010015892915632067
0.04999502489420763
0.031962176455146096
0.24531982098567306
0.0171789851259253
0.09167458669589526
0.009318419039161896
0.1344704813675514
0.0420898591082281
0.07079356253983457
0.13067802806370876
0.2375182620169433
0.23565000240675799
0.4159715552051366
0.2505157785301926
0.2516793439394817
0.12075519639478952
0.06649769658327011
0.04937371827649611
0.20676744196369806
0.10282636170156217
0.0744218664565056
0.02834330752840831
0.1204350292414568
0.03946648787706182
0.12741667843352364
0.011421341225136383
0.06450969307111933
0.06467245234405972
0.23018563922918583
0.11362516939930953
0.18595013906554592
0.12931421253170242
0.016453331985139694
0.12431263222474741
0.04278795410647756
0.07872004522952536
0.0711454451134868
0.002078720652538715
0.1639797750328007
0.028112330257564943
0.07385570534931198
0.03135133649870298
0.08239494510113927
0.09631931508674947
0.08624763582248239
0.04799834194806959
0.03724503149393891
0.10170879676789733
0.04233209558088539
0.21342656943196633
0.15496860578628308
0.18828024028789678
0.31026810789926523
0.07124805824187379
0.18050070611227698
0.021261322909190007
0.11002407103726825
0.026369769591308042
0.20741238408899293
0.026467646036180043
7.003132405709779E-4
0.06078543060988901
0.21704371299095113
0.019145802259924467
0.12480576426657271
0.08756051758286656
0.205443380320967
0.18037270793967305
0.38870879357099336
0.18037270793967305
0.205443380320967
0.08756051758286656
0.12480576426657271
0.019145802259924467
0.21704371299095113
0.06078543060988901
7.003132405709779E-4
0.026467646036180043
0.20741238408899293
0.026369769591308042
0.11002407103726825
0.021261322909190007
0.18050070611227698
0.07124805824187379
0.31026810789926523
0.18828024028789678
0.15496860578628308
0.21342656943196633
0.04233209558088539
0.10170879676789733
0.03724503149393891
0.04799834194806959
0.08624763582248239
0.09631931508674947
0.08239494510113927
0.03135133649870298
0.07385570534931198
0.028112330257564943
0.1639797750328007
0.002078720652538715
0.0711454451134868
0.07872004522952536
0.04278795410647756
0.12431263222474741
0.016453331985139694
0.12931421253170242
0.18595013906554592
0.11362516939930953
0.23018563922918583
0.06467245234405972
0.06450969307111933
0.011421341225136383
0.12741667843352364
0.03946648787706182
0.1204350292414568
0.02834330752840831
0.0744218664565056
0.10282636170156217
0.20676744196369806
0.04937371827649611
0.06649769658327011
0.12075519639478952
0.2516793439394817
0.2505157785301926
0.4159715552051366
0.23565000240675799
0.2375182620169433
0.13067802806370876
0.07079356253983457
0.0420898591082281
0.1344704813675514
0.009318419039161896
0.09167458669589526
0.0171789851259253
0.24531982098567306
0.031962176455146096
0.04999502489420763
0.010015892915632067
0.29008273180466065
0.1498188112557563
0.3713999332403229
0.2938002830217627
0.14881827313895107
0.26582192230482743
0.043366786284921674
0.04858859919637419
0.005315333465100181
0.13950336261992283
0.07713300732522504
0.11910955356639623
0.012360549986582734
0.0029944659281111344
0.16768592533307333
0.00911782917733141
0.15671767385936067
0.09562976075017761
0.00406455948040463
0.12141888201811583
0.061649029426607646
0.0230129796313209
0.026610208506308946
0.0412848055191866
0.09227405807943409
0.0060467420662323286
0.0037043954123966677
0.014098347124089078
0.1464522049242701
0.13597520541427485
0.19565089245251974
0.19561642628478082
0.10488531285426023
0.04777653572010531
0.04464419456124858
0.1419245079609072
0.1352318241771926
0.11524298168303497
0.0739120002579319
0.0833374761497203
0.10568401607999538
0.1667006027199745
0.19341476637722133
0.02141048125631921
0.013980017705829151
0.16685663117255606
0.2826811860864535
0.21439710015824312
0.33974569736502624
0.15087936304313834
0.08272618057399068
0.08244259095925416
0.13010214886042587
0.0391777228693264
0.005523888169698626
0.03235041179355931
0.24647115936834096
0.08625199619430207
0.2227694007074635
0.1258795551040959
0.0750497765355025
0.007026221567120831
0.27392927317337346
0.23442556912187937
0.2054498820382962
0.3419975332648088
0.09731536698466767
0.19003496620474322
0.1360283416136998
9.239142865606115E-4
0.17958983079514013
0.011729691510945606
0.06709228949484074
0.12169415981922566
0.06824545792562638
0.07997633237928896
0.029560461894845753
0.06180281055066177
0.10051783394820418
0.042333678707088894
0.10632765300253659
0.12651193457684412
0.0036176666084175553
0.14124444937737726
0.04858859919637416
0.07092051118334178
0.0010866640496887841
0.18847247785077553
0.0023495010020692948
0.026403545688829577
0.07057009752346406
0.11118461885197423
0.13127864566179662
0.10781596089883233
0.19839182723478613
0.48591015326611137
0.35835324135748864
0.555335260487329
0.4853957346739497
0.25166537408755035
0.3200293394526587
0.04564353201580988
0.08439321594629237
0.09987388013643941
0.31823280762213957
0.07573463079139343
0.19033957506874324
0.16850193308080988
0.040612182738231736
0.3119941425677966
0.22048223258074223
0.3735574778892065
0.5247925338318126
0.36112242602830275
0.4937025214328434
0.29152241309692345
0.112421683516251
0.0965520050769573
0.19342184609163005
0.1764380271205091
0.20192205223752707
0.29653622368198546
0.12340965008225842
0.1715211581962043
0.14591179507447638
0.029387506181242248
0.15199290599041698
0.0652471454389709
0.03124752891651744
0.1197633620417927
0.0715532440823754
0.018645375906380574
0.03179094065700344
0.19169937006519758
0.011503529218788108
0.11310364146446601
0.07344813301409668
0.10238742927105604
0.13588263812389248
0.08868842941993416
0.006893079575211868
0.12453876262372643
0.16718382433080553
0.10147657722612709
0.16146388598504016
0.2579752721713098
0.07056097338913955
0.4588116898466541
0.11933346928986613
0.15850065205018568
0.20868869422434233
0.25216990700786296
0.06846003563135583
0.21414081986094055
0.19004119537634104
0.16149433169332295
0.15299336563920823
0.30108342570145447
0.192039722796072
0.04589308329980612
0.323549210075315
0.19435439678549668
0.026023580899842816
0.14341895026219656
0.40138821512824896
0.014814787695204033
0.29550678537578723
0.05638648658221861
0.07201388699971922
0.17218755159615792
0.1095573822879819
0.1963884170400942
0.23937829203806824
0.19207250891878688
0.4619582685224338
0.2376778302718338
0.27801508167956324
0.2032867203043752
0.030645349094886868
7.13494986817451E-4
0.15115188945594069
0.1828661530026594
0.1427348879460543
0.17139736586751833
0.1570389922590101
0.10269006030888006
0.14576176481465034
0.1547629136469323
0.060552029865564905
0.18733888852910374
0.028740822346988503
0.013503046227647763
0.10175919178357475
0.15940367130510813
0.10536546004354859
0.007236781721125116
0.02543438602507076
0.30018578992126727
0.04420624928185047
0.28565905633353034
0.19270171850588289
0.02831935885356894
0.3913578954991798
0.07069408328136192
0.2623921226109449
0.34801826416277126
0.04389157404398097
0.6247701365449578
0.11552397647452531
0.24275574205565753
0.27474375900662584
0.41284188335550726
0.01159134031066919
0.6215081608489332
0.6590261232065091
0.37639744353668747
0.9243163571650949
0.2681990817420159
0.4977898794610128
0.48680146613856234
0.01639518256939756
0.5867748854572692
0.1059985753263455
0.2845918481408535
0.4323175149525584
0.11233887572749275
0.2587973956109868
0.26633259333137116
0.3922500093180775
0.2950681365257924
0.7859050533899827
0.4112087592413119
0.5611169818435509
0.484439386261941
0.13952043617231039
0.3136064487887164
0.009000752695842818
0.03782057068050104
0.04858859919637419
0.08348442883135408
0.041315540299367924
0.07790885264418347
0.043194885451710095
0.10446376325767032
0.08595902527301146
0.09802907054329059
0.09087623755220209
0.05697920737896802
0.06518606750270498
0.1813125371118565
0.07554078026442608
0.058742093074998745
0.2646669270098799
0.09795382546313545
0.23876711638482212
0.0658234032745156
0.0277592920087671
0.35925274817634734
0.1642073620860928
0.22369712127491445
0.014964245276054618
0.3323162634472257
0.11646565925089589
0.5975777504695223
0.20814800472770117
0.21125907560299184
0.5602279003995526
0.2383227305234086
0.32514613820380567
0.1015783447570744
0.2663041272830009
0.3413005767814902
0.34907436515706264
0.3722779897198018
0.24445088112793067
0.01849983625724012
0.6384890792247299
0.1889512619657203
0.21891691870965413
0.07388433498077637
0.4148133930538848
0.2650999430110788
0.3645420019022314
0.05286450227285476
0.2146680678843327
0.21542704469046928
0.4059049664941605
0.1718322330703045
0.08036288484744118
0.033155139740343
0.5765835082196867
0.15420054356938742
0.5209409343326247
0.39494023331159367
0.15718065277123508
0.3837555912484781
0.02095961032393519
0.1311214010596671
0.031937504850793545
0.0614539692519357
0.0704197026702659
0.1080900758460607
0.0146366278625545
0.1298673727877012
0.06368293677303544
0.09868915117309902
0.13372054885903972
0.07043360483468775
0.1314596653404445
0.18947132514932677
0.04976953456399868
0.030412984887850464
0.2815537945462527
0.1844365695277083
0.2194135447436312
0.04858859919637417
0.1521078681487645
0.2737360109509815
0.3532606535005409
0.15662934785152158
0.13944299871044777
0.48186826811125866
0.009941408584677026
0.9071678061361471
0.4528791223188324
0.6226040130080097
0.9975625675831556
0.11673483087242711
0.7593487229107171
0.062396638760553264
0.16739695542085456
0.2561206232345413
0.7032119800129135
0.029889629548018836
0.34915708425805847
0.5803726846763944
0.0720378426717273
0.8641401537036454
0.29322003267801566
0.5788831095499514
1.0
0.2814472911679075
0.9931668032084119
0.35287513652674896
0.19278855042915077
0.4065218524867264
0.4536827526894911
0.029063621595208214
0.37888293751933755
0.4672353099277114
0.04123425076802785
0.5286074953926472
0.03803122559923069
0.20248619918883173
0.2712300754641887
0.027608666739076502
0.3131199641173698
0.0022458877405987926
0.10079831782432333
0.05789294373054068
0.11078575437680221
0.02812722704866064
0.16912210471153352
0.025062211947550005
0.07821618688540577
0.04070422258565003
0.12405421728360555
0.024005683286195807
0.2913251254024185
0.026841987812951985
0.22284076379351359
0.23755060513873974
0.01599529479804758
0.5317622832187126
0.05277853357333855
0.3803894753678238
0.36495665976619973
0.1362060500485499
0.4016345656870972
0.36388612214175764
0.14359592790586947
0.057059367405033985
0.6559707081369501
0.20448506395551774
0.3870286846976695
0.05724187776673282
0.3221515581020554
0.42935434875507095
0.41107440227282316
0.29690900991504354
0.30296924728335745
0.11715292123579912
