1.0
0.3807376384937578
0.5196019179164038
0.3506599442248083
0.4916583946819856
0.5182762680991344
0.45337231949021695
0.9847584075100659
0.2919289126140845
0.5153643053908475
0.20487946072025856
0.6225410986975064
0.509908163550189
0.5089837375622105
0.9396562631370498
0.18861182654958647
0.5069214466586263
0.05964965049662514
0.7382189469239397
0.49301364762816324
0.5475187083585754
0.8665320190386138
0.07324518846925165
0.4954110124959454
0.07993693894689949
0.8340871138378169
0.4662302132738818
0.5696588286152668
0.7683531033808801
0.05098674190370461
0.48167457282055265
0.20924876685519087
0.9062465236912025
0.42844455351254107
0.5767235429804316
0.6490760970601768
0.18028431468333123
0.4662097900214174
0.32430716281389876
0.9516955838220883
0.37891326062530717
0.5705445112498694
0.5134610295129096
0.31038056203154446
0.4491531979103447
0.4219402376918713
0.9684820510064068
0.31736809006037286
0.5533196599182576
0.36684920110090735
0.4367206547862754
0.43029415900506546
0.4998920349725684
0.9558068331240828
0.24409813062286384
0.5274561937380068
0.21491575090331935
0.5546641912402857
0.4091185284720437
0.5568826038048327
0.9140739178411093
0.16000243285070712
0.4954121815432043
0.06340940876445814
0.659700275578921
0.38487859442398586
0.5926173513940501
0.8448833377708626
0.06660827715425553
0.4595461060085739
0.08210756339450218
0.7476643796046679
0.35668413068200805
0.6077467489571008
0.7509669845818028
0.033947778801897976
0.4219830017422388
0.2165063509461097
0.8149456061455694
0.3236079951092779
0.6037800741126471
0.6360700188228137
0.13897675930242764
0.3845045534291661
0.3353133832077951
0.8586732160845293
0.28479871976161775
0.5829592326201043
0.5047834313994234
0.2453304561848549
0.34846886638066676
0.4348962568624509
0.8768721391909067
0.23959202893231799
0.548100688484606
0.3623358462334
0.34952713566030325
0.3147636591026802
0.5126050558525224
0.8685786235312001
0.18761321966477182
0.5024150404000384
0.21435477549353937
0.44790390875491776
0.28379448108751015
0.5668627370378316
0.8339091183644127
0.12886284795809044
0.44931473873450095
0.06660913441627823
0.5367881511171329
0.25550735804311603
0.5972009588593541
0.7740778314611314
0.0637791535876045
0.39222079677270444
0.07525419434873876
0.6126790046020348
0.22944314210756625
0.6042405997429225
0.6913610305733895
0.006727930839030782
0.3343791024352742
0.20596664045932814
0.672429128641512
0.20481892138285818
0.5896190894302127
0.5890089302935952
0.08127458888241337
0.2786961058718624
0.3208743312095358
0.7134165524354746
0.18063023348907875
0.5558694059698199
0.47110877048722544
0.15803416246923355
0.22760230014616867
0.4161428775851546
0.7336967372116288
0.15576662447905346
0.5062580289627407
0.3424053005121694
0.2348007391615582
0.18295011150588553
0.48892050076750376
0.7321257863125901
0.12913236534587258
0.44459115799666865
0.20808719142984908
0.3090825036138485
0.1459506810518926
0.5374516069722806
0.708447102099167
0.09976392294945241
0.375
0.07354977843809263
0.37822011695811825
0.11715167701301096
0.5611354946473448
0.6633356141459499
0.06693608925003391
0.30171682582185977
0.055854117776998904
0.43952368952308296
0.0964558624664626
0.5605277247205411
0.5983958971930223
0.030249479988949557
0.22885375325047158
0.1750628064548093
0.4904205763716822
0.08317779573736209
0.5372846499635624
0.516112941918808
0.010306630477983886
0.16019582473029434
0.27954121442381885
0.5286053364447432
0.07613389285389563
0.49405452566956476
0.4197569032591217
0.05432054593152125
0.09901894237286415
0.3654912659244189
0.5521828137723765
0.07375925329273986
0.43432135523297
0.31324568789412055
0.1009559688857191
0.047941663075654894
0.4300263966987873
0.5597954530980824
0.0742432420562316
0.3622100162622877
0.20097161249435785
0.14898186778250894
0.008817835003234437
0.47130124280210783
0.5507266509268144
0.07567490785085564
0.2822631396633441
0.08760043286039562
0.19683277483732675
0.017325309920934243
0.4885898258927719
0.5249731336076974
0.07618894444133784
0.19920157532531146
0.02214730799139274
0.24269591713772243
0.030301570040020792
0.48230820122051987
0.4832809839825457
0.07410308412244562
0.1176810041424484
0.12372153451804117
0.2846198199757794
0.03073330015983649
0.4539804021831027
0.42714191839034527
0.06803853047005666
0.042057312198134474
0.21296287459786062
0.32063758322929187
0.019975217981441293
0.406149453595808
0.3587486359994357
0.057016243012970355
0.02382726954286738
0.2863063363766445
0.3488970072181187
0.0
0.34223807782834775
0.2809103968984622
0.04052350231379096
0.07682650018795172
0.34095759435196155
0.36778919764997187
0.026746830636630234
0.2663663310482958
0.19693230036510506
0.018547110119291825
0.11463198171314094
0.37503235771200033
0.3760672455170096
0.05751368228315356
0.1831356408603959
0.11046389603378957
0.008428301495967225
0.135867834043269
0.3876511297876327
0.37294706213271767
0.08942129043167887
0.09739045174773708
0.025324641340817845
0.03945619322970578
0.1401340907698848
0.37898393976791345
0.35818342609689
0.11964225737643537
0.013969827776537588
0.054684793706787554
0.0731954950481622
0.1279974977080442
0.35024221697560487
0.3321157126273767
0.14557143453862822
0.06253814823186196
0.12597536986704133
0.10800472745777417
0.10093121823319288
0.30361774597024616
0.2956795449192403
0.1649775968389924
0.12802652944717452
0.18535621069646946
0.14205653297374274
0.0612076560007811
0.2421714385813899
0.25038262892180857
0.1761281372438159
0.17907242234752258
0.23020449173642782
0.17346505596777204
0.011751051718867728
0.16967733493898152
0.1982451884692519
0.17788023641036957
0.21310235546074238
0.2586090671081886
0.20041785141431573
0.04404143400759972
0.09042965350607829
0.14170757962174554
0.16973403285881344
0.22851181022565614
0.26947947761137026
0.22130375774748878
0.10249988280437489
0.009022717543620384
0.08350970260338832
0.15184561062244983
0.22473307871443376
0.26261373675638117
0.2348284484011644
0.15989177763353937
0.06988491909985578
0.0265486242864248
0.125
0.2022483665932724
0.23872044012377167
0.2401101618610783
0.21263055685726687
0.1418099246439235
0.026277735411179032
0.0905467154769169
0.16254796439431407
0.19939317376738713
0.23674935254613055
0.2574712445939727
0.20267474715703793
0.0722320029079983
0.05030250006736353
0.10803620958813867
0.14703777670356627
0.22486762892552642
0.2916827366375202
0.24901721835818222
0.10889449649867444
0.006427786112355338
0.04189070046723581
0.08475559870697802
0.20511325285755289
0.31318777728991537
0.2781682047701879
0.13430683178992733
0.038715183486321525
0.0321173459398144
0.016188343641524272
0.17863255040059903
0.32066358998439687
0.288387959870842
0.14709330052582742
0.08271368054450917
0.10983170506636039
0.05466773743246811
0.14700870455282883
0.3135984116371095
0.27895398833942253
0.1465524543656344
0.12325595548468263
0.18693738530061071
0.12366876395913523
0.1121714371639178
0.292301696546132
0.2501957815720061
0.1327129030832297
0.15827366936722576
0.259192321966738
0.18674044145666863
0.07628291813100391
0.2578683582541613
0.20347458623849182
0.10634928865062371
0.1860667992797743
0.3226521714448559
0.2400940660064741
0.041606754494462383
0.2120999616181442
0.141109274472537
0.06895661446704426
0.20540369114976784
0.37387633850618984
0.2804297346843226
0.010368018286859099
0.15738812164955024
0.06625223899347711
0.022683467838155447
0.21559052273609608
0.41010448974428115
0.30511573726151026
0.015387097974552455
0.0965673823340667
0.0172781147666784
0.02977296050252065
0.21650635094610965
0.42939449429562226
0.31233427055224056
0.03392329536416544
0.03274642906614178
0.1051994075294041
0.0853049195146155
0.20860203652139006
0.4307148944187961
0.30118533215515164
0.04393156118378172
0.030872450464683454
0.19299115712353654
0.14055808597402875
0.19286353907154205
0.4139875222960415
0.27174282579473974
0.04462056509187795
0.09117525315614683
0.2761325273896466
0.19211277839505264
0.17074222606108683
0.3800786065325549
0.22505943069971873
0.03577805237427739
0.14530919501947823
0.35033938504630485
0.23667254806385474
0.14405681402519954
0.33073950242371447
0.16311951729284918
0.017797971110592115
0.19083707625448657
0.41178815111713285
0.2712497114869133
0.11487324340362443
0.26850088185999843
0.08874218324617264
0.00832891339223929
0.2258646764328474
0.45731465914092195
0.2933373842701423
0.08537008205288377
0.1965266854000242
0.005439185605017188
0.04106099098769583
0.24913445420587885
0.48457758737042206
0.3010581624215782
0.05769788217969113
0.11843623816744489
0.08276499190141329
0.07838623902575359
0.26008085843391027
0.4921779427383129
0.2932807474456615
0.033841234184225466
0.03810455156870185
0.17154160800987198
0.1179328884089959
0.25884482790796487
0.4797284367150403
0.269697468273565
0.015492052002339551
0.040548109721332826
0.2564837423500593
0.1571042243754042
0.24624743277195207
0.4478692791338181
0.2308577287392536
0.003941902407829323
0.1137658740071471
0.3333380375482064
0.19322988947335426
0.22372495553294436
0.3982297801169656
0.17815479212542035
0.0
0.17815479212542035
0.3982297801169656
0.22372495553294436
0.19322988947335426
0.3333380375482064
0.1137658740071471
0.003941902407829323
0.2308577287392536
0.4478692791338181
0.24624743277195207
0.1571042243754042
0.2564837423500593
0.040548109721332826
0.015492052002339551
0.269697468273565
0.4797284367150403
0.25884482790796487
0.1179328884089959
0.17154160800987198
0.03810455156870185
0.033841234184225466
0.2932807474456615
0.4921779427383129
0.26008085843391027
0.07838623902575359
0.08276499190141329
0.11843623816744489
0.05769788217969113
0.3010581624215782
0.48457758737042206
0.24913445420587885
0.04106099098769583
0.005439185605017188
0.1965266854000242
0.08537008205288377
0.2933373842701423
0.45731465914092195
0.2258646764328474
0.00832891339223929
0.08874218324617264
0.26850088185999843
0.11487324340362443
0.2712497114869133
0.41178815111713285
0.19083707625448657
0.017797971110592115
0.16311951729284918
0.33073950242371447
0.14405681402519954
0.23667254806385474
0.35033938504630485
0.14530919501947823
0.03577805237427739
0.22505943069971873
0.3800786065325549
0.17074222606108683
0.19211277839505264
0.2761325273896466
0.09117525315614683
0.04462056509187795
0.27174282579473974
0.4139875222960415
0.19286353907154205
0.14055808597402875
0.19299115712353654
0.030872450464683454
0.04393156118378172
0.30118533215515164
0.4307148944187961
0.20860203652139006
0.0853049195146155
0.1051994075294041
0.03274642906614178
0.03392329536416544
0.31233427055224056
0.42939449429562226
0.21650635094610965
0.02977296050252065
0.0172781147666784
0.0965673823340667
0.015387097974552455
0.30511573726151026
0.41010448974428115
0.21559052273609608
0.022683467838155447
0.06625223899347711
0.15738812164955024
0.010368018286859099
0.2804297346843226
0.37387633850618984
0.20540369114976784
0.06895661446704426
0.141109274472537
0.2120999616181442
0.041606754494462383
0.2400940660064741
0.3226521714448559
0.1860667992797743
0.10634928865062371
0.20347458623849182
0.2578683582541613
0.07628291813100391
0.18674044145666863
0.259192321966738
0.15827366936722576
0.1327129030832297
0.2501957815720061
0.292301696546132
0.1121714371639178
0.12366876395913523
0.18693738530061071
0.12325595548468263
0.1465524543656344
0.27895398833942253
0.3135984116371095
0.14700870455282883
0.05466773743246811
0.10983170506636039
0.08271368054450917
0.14709330052582742
0.288387959870842
0.32066358998439687
0.17863255040059903
0.016188343641524272
0.0321173459398144
0.038715183486321525
0.13430683178992733
0.2781682047701879
0.31318777728991537
0.20511325285755289
0.08475559870697802
0.04189070046723581
0.006427786112355338
0.10889449649867444
0.24901721835818222
0.2916827366375202
0.22486762892552642
0.14703777670356627
0.10803620958813867
0.05030250006736353
0.0722320029079983
0.20267474715703793
0.2574712445939727
0.23674935254613055
0.19939317376738713
0.16254796439431407
0.0905467154769169
0.026277735411179032
0.1418099246439235
0.21263055685726687
0.2401101618610783
0.23872044012377167
0.2022483665932724
0.125
0.0265486242864248
0.06988491909985578
0.15989177763353937
0.2348284484011644
0.26261373675638117
0.22473307871443376
0.15184561062244983
0.08350970260338832
0.009022717543620384
0.10249988280437489
0.22130375774748878
0.26947947761137026
0.22851181022565614
0.16973403285881344
0.14170757962174554
0.09042965350607829
0.04404143400759972
0.20041785141431573
0.2586090671081886
0.21310235546074238
0.17788023641036957
0.1982451884692519
0.16967733493898152
0.011751051718867728
0.17346505596777204
0.23020449173642782
0.17907242234752258
0.1761281372438159
0.25038262892180857
0.2421714385813899
0.0612076560007811
0.14205653297374274
0.18535621069646946
0.12802652944717452
0.1649775968389924
0.2956795449192403
0.30361774597024616
0.10093121823319288
0.10800472745777417
0.12597536986704133
0.06253814823186196
0.14557143453862822
0.3321157126273767
0.35024221697560487
0.1279974977080442
0.0731954950481622
0.054684793706787554
0.013969827776537588
0.11964225737643537
0.35818342609689
0.37898393976791345
0.1401340907698848
0.03945619322970578
0.025324641340817845
0.09739045174773708
0.08942129043167887
0.37294706213271767
0.3876511297876327
0.135867834043269
0.008428301495967225
0.11046389603378957
0.1831356408603959
0.05751368228315356
0.3760672455170096
0.37503235771200033
0.11463198171314094
0.018547110119291825
0.19693230036510506
0.2663663310482958
0.026746830636630234
0.36778919764997187
0.34095759435196155
0.07682650018795172
0.04052350231379096
0.2809103968984622
0.34223807782834775
0.0
0.3488970072181187
0.2863063363766445
0.02382726954286738
0.057016243012970355
0.3587486359994357
0.406149453595808
0.019975217981441293
0.32063758322929187
0.21296287459786062
0.042057312198134474
0.06803853047005666
0.42714191839034527
0.4539804021831027
0.03073330015983649
0.2846198199757794
0.12372153451804117
0.1176810041424484
0.07410308412244562
0.4832809839825457
0.48230820122051987
0.030301570040020792
0.24269591713772243
0.02214730799139274
0.19920157532531146
0.07618894444133784
0.5249731336076974
0.4885898258927719
0.017325309920934243
0.19683277483732675
0.08760043286039562
0.2822631396633441
0.07567490785085564
0.5507266509268144
0.47130124280210783
0.008817835003234437
0.14898186778250894
0.20097161249435785
0.3622100162622877
0.0742432420562316
0.5597954530980824
0.4300263966987873
0.047941663075654894
0.1009559688857191
0.31324568789412055
0.43432135523297
0.07375925329273986
0.5521828137723765
0.3654912659244189
0.09901894237286415
0.05432054593152125
0.4197569032591217
0.49405452566956476
0.07613389285389563
0.5286053364447432
0.27954121442381885
0.16019582473029434
0.010306630477983886
0.516112941918808
0.5372846499635624
0.08317779573736209
0.4904205763716822
0.1750628064548093
0.22885375325047158
0.030249479988949557
0.5983958971930223
0.5605277247205411
0.0964558624664626
0.43952368952308296
0.055854117776998904
0.30171682582185977
0.06693608925003391
0.6633356141459499
0.5611354946473448
0.11715167701301096
0.37822011695811825
0.07354977843809263
0.375
0.09976392294945241
0.708447102099167
0.5374516069722806
0.1459506810518926
0.3090825036138485
0.20808719142984908
0.44459115799666865
0.12913236534587258
0.7321257863125901
0.48892050076750376
0.18295011150588553
0.2348007391615582
0.3424053005121694
0.5062580289627407
0.15576662447905346
0.7336967372116288
0.4161428775851546
0.22760230014616867
0.15803416246923355
0.47110877048722544
0.5558694059698199
0.18063023348907875
0.7134165524354746
0.3208743312095358
0.2786961058718624
0.08127458888241337
0.5890089302935952
0.5896190894302127
0.20481892138285818
0.672429128641512
0.20596664045932814
0.3343791024352742
0.006727930839030782
0.6913610305733895
0.6042405997429225
0.22944314210756625
0.6126790046020348
0.07525419434873876
0.39222079677270444
0.0637791535876045
0.7740778314611314
0.5972009588593541
0.25550735804311603
0.5367881511171329
0.06660913441627823
0.44931473873450095
0.12886284795809044
0.8339091183644127
0.5668627370378316
0.28379448108751015
0.44790390875491776
0.21435477549353937
0.5024150404000384
0.18761321966477182
0.8685786235312001
0.5126050558525224
0.3147636591026802
0.34952713566030325
0.3623358462334
0.548100688484606
0.23959202893231799
0.8768721391909067
0.4348962568624509
0.34846886638066676
0.2453304561848549
0.5047834313994234
0.5829592326201043
0.28479871976161775
0.8586732160845293
0.3353133832077951
0.3845045534291661
0.13897675930242764
0.6360700188228137
0.6037800741126471
0.3236079951092779
0.8149456061455694
0.2165063509461097
0.4219830017422388
0.033947778801897976
0.7509669845818028
0.6077467489571008
0.35668413068200805
0.7476643796046679
0.08210756339450218
0.4595461060085739
0.06660827715425553
0.8448833377708626
0.5926173513940501
0.38487859442398586
0.659700275578921
0.06340940876445814
0.4954121815432043
0.16000243285070712
0.9140739178411093
0.5568826038048327
0.4091185284720437
0.5546641912402857
0.21491575090331935
0.5274561937380068
0.24409813062286384
0.9558068331240828
0.4998920349725684
0.43029415900506546
0.4367206547862754
0.36684920110090735
0.5533196599182576
0.31736809006037286
0.9684820510064068
0.4219402376918713
0.4491531979103447
0.31038056203154446
0.5134610295129096
0.5705445112498694
0.37891326062530717
0.9516955838220883
0.32430716281389876
0.4662097900214174
0.18028431468333123
0.6490760970601768
0.5767235429804316
0.42844455351254107
0.9062465236912025
0.20924876685519087
0.48167457282055265
0.05098674190370461
0.7683531033808801
0.5696588286152668
0.4662302132738818
0.8340871138378169
0.07993693894689949
0.4954110124959454
0.07324518846925165
0.8665320190386138
0.5475187083585754
0.49301364762816324
0.7382189469239397
0.05964965049662514
0.5069214466586263
0.18861182654958647
0.9396562631370498
0.5089837375622105
0.509908163550189
0.6225410986975064
0.20487946072025856
0.5153643053908475
0.2919289126140845
0.9847584075100659
0.45337231949021695
0.5182762680991344
0.4916583946819856
0.3506599442248083
0.5196019179164038
0.3807376384937578
