0.030504131527746704
0.03442120367342585
0.05081590615429716
0.033721028246696885
0.0070536552510743235
0.061253792781390405
0.0490256857166217
0.038137766590603465
0.1313476210318338
0.22250478334992177
0.10206969432122502
0.10471951510955167
0.013454754537649128
0.15734965084382527
0.018664540093129928
0.32921224363811846
0.47956477523743185
0.433697228058263
0.08590413130141514
0.1087613169592417
0.4047552509459236
0.09659460390834415
0.7447924512463698
0.8121612490703923
0.5135839172398183
0.27800545269482996
0.4835814934129484
0.5934469848448287
0.4203812848393449
0.16280919377614367
0.6945097785981539
0.0027970224348996134
0.3894655174084078
0.47145763316127726
0.31292628110806714
0.38671477762791895
0.3071212815120622
0.3410786874132353
0.7471252296949296
0.4851560244823389
0.06827870185340776
0.11893670613038741
0.3765303077821007
0.29785112505414674
0.13183116423440197
0.1714377581151745
0.6923084255723881
0.4848877681506653
0.15678968821595604
0.043842622686826475
0.01747659112578907
0.3779358036143909
0.18905467355786912
9.531457924178134E-4
0.04747559995447185
0.09684193743704868
0.13303621913920324
0.0218255775171172
0.2171130230850379
0.26295892406552857
0.33451521016059804
0.09403724595854183
0.15755705584996163
0.021177262192675614
0.26399777328546015
0.6234412344352143
0.17308859617291752
0.20370915376400697
0.21130686374628382
0.4013121952452522
0.21842337673981152
0.1846779577198733
0.12391565359041255
0.039739331745359825
0.1879963811332875
0.26281545922210703
0.04868761053050376
0.3820948302874045
0.16872899535323094
0.004780009086217059
0.18240813428148228
0.5961213106059889
0.34403794560802403
0.08469171492003243
0.565869397188894
0.04201117302954534
0.019579990321322904
0.18119630188178673
0.24489669247612694
0.2941612042176152
0.04967700028588304
0.3086685776869395
0.28954370014599484
0.2841691475759009
0.4396758945798883
0.14057886149487353
0.6005715017395427
0.3877799085984734
0.6398905209745211
0.04761082373660498
0.03493957232229307
0.1530397689875646
0.5429740813085414
0.27816505839618794
0.7764990268568337
0.3794514880970646
0.2553903538486908
0.40919666637169305
0.0761351999155958
0.9493079490321219
0.19566304701115825
0.31631540329034674
1.0
0.38074762713886984
0.4556018089323026
0.2115419703534371
0.31560648594520185
0.20705635895519914
0.312167944015733
0.8056612589877736
0.14402456465094496
0.2763829375851675
0.0497348719320618
0.3763149797569499
0.14547937669110575
0.4520006051119574
0.30630532956201467
0.06936800906097808
0.08857178246015898
0.07554029556134709
0.11504282189814091
0.10720597943746493
0.07953206086928231
0.004214132284011863
0.10504765470428304
0.1262724084423977
0.09915767086266727
0.09760479073222719
0.06033443935291513
0.04210117997774947
0.16393341785982843
0.05553193961959426
0.027611717943831295
0.07568303056943357
0.10993569498028573
0.09060068414822112
0.03526849452225748
0.01910711381866866
0.02087375972916462
0.009152372192237176
0.02061324487783225
0.03810691029185984
0.009499843264946
0.022403030208745185
0.010152081450364687
0.01021541900745846
0.03195051301643982
0.005823632249564035
0.003299990235384442
0.012575907613288168
0.008763499810174729
0.017732012075833633
0.007332639041533338
8.080528402043541E-4
0.018309324913019433
0.025137640859544313
0.0027885131951660355
0.0043512017396044045
0.005649642758382748
0.016838844220933864
0.017953147720539783
0.011673076132048389
0.004007644977256985
0.00551973598270868
0.01228032371937171
0.014802850330137451
0.02355137036799178
0.005748701957326136
0.004434106285312999
0.0035712771279439786
0.004121272051783029
0.007099462569028298
0.0054908461899687575
0.00585987266448535
0.00837032562904811
0.007907331162255568
0.008088397300852333
0.015523121906744914
0.003217553949962122
0.004401853974998143
7.038606159813521E-4
0.0018794159766894313
0.0027650311749233747
0.0030379916479435737
0.016606629055561328
0.0036301586987247895
0.0011336588017144733
0.004667468968539856
0.005272816600329226
0.004986935256115398
0.00852812334299594
0.0018220492932959082
0.0025916447926449203
5.651348318038112E-4
0.010675121928082966
0.004124002564242228
0.008888891616128077
0.0024301029481923375
5.908197163770445E-4
0.0021477185041671315
0.0057554018098638525
0.002053015359498595
0.005765409568044055
9.93920719428747E-4
0.00490192713986472
0.0011977620215688114
0.0014390031317937319
0.002280334618003489
0.002334992286960683
0.0010873363500272055
0.005969677723731642
0.00690666800679756
0.0015621813096345142
0.001309449673601335
0.008213657124912808
0.003325716390944141
0.004883019512362266
0.007566682583904994
6.769185201907506E-4
8.964165843557651E-4
0.0022894634838003572
0.0021788665376961933
0.0032372156610285725
6.388638262228169E-4
3.9104536275030594E-4
0.004571676342093866
2.2483986310737242E-4
1.4911245964810413E-4
2.918787937790917E-4
4.04100266479886E-5
0.004461146529990625
0.0024776012783010184
0.003547058982340925
0.0020513084870124555
0.003294763126953598
0.001637843796989563
6.227035900021844E-4
0.005005189636395608
0.00420681752673852
0.0028906701053779344
0.0036339039861591647
0.003983032511030731
6.25591966213144E-4
0.0046547672538928535
6.525822301542404E-4
7.093830344723567E-5
0.0011928044024075459
1.9042479375844815E-4
0.0012535953608344922
0.001730323992431759
3.6180997915381115E-6
0.0017212609078474362
0.0066670820494641805
0.0016442999673168773
0.0016914941555930814
6.664727592679781E-4
0.0012807014057568931
8.269536914377915E-4
0.001052400012255867
9.459854763682024E-4
0.0046667287524753825
0.00401726562671696
4.203694174139322E-4
6.246288620857876E-4
0.003663855467068105
0.00481804478965606
6.914040343208584E-4
0.003200466169053988
0.001648652508468214
0.0010146302332419601
0.0018258784919173133
0.002502917718631574
0.0016940951557453212
0.006014144956093854
0.0013001663021116336
0.0033720204758410422
0.0022735342783753738
8.931065290649011E-4
0.0039711833341438
0.005249843508287919
0.0036830729554234074
0.0016515353612732626
7.033786752877398E-4
0.0016509813960363295
1.5718325996792143E-4
9.86744592770785E-4
0.001225582327862541
9.80062328569595E-4
4.3573361601603175E-4
7.27896149423034E-4
2.8004796269994305E-4
0.0015130173709267535
0.0011576156575173952
0.001956287899322082
0.0013338718638120077
0.001803795408528731
0.0019763756862854094
0.0013723137124609104
0.0013887281229272386
3.6871473877327115E-4
0.0015584781907652607
0.0011837171102716702
0.002731433265004118
0.0015024651558797858
0.0011588826204313185
0.0036603664592725145
7.356702990323451E-4
0.0013775522847673041
0.002925202747133884
0.0023747931062777046
0.0023492396936454886
0.0013828509003082545
0.0030928708601022214
6.389481021621133E-4
5.924744814888068E-4
0.005311683103336018
0.0019129636044650173
8.528685224606193E-4
0.003563575249331111
7.49470227161987E-4
0.0022802642214026464
0.0028339147654708003
0.0018976898483689993
0.003336048489621836
0.002525930134563251
8.26500657321739E-4
0.0021109283428471784
0.0019136444015180334
0.002864241376404106
8.867650212286419E-4
0.0017817771697037452
0.0011044812850448862
9.912918565466061E-5
2.5056559340052263E-4
0.002514476270356512
0.002804044343610512
0.004959854067841856
0.001575426770035796
0.001831526622941642
0.004535172023051383
9.209096013371109E-4
1.861619784445937E-4
4.43161642201164E-4
0.0022555621786471552
0.0014357739314172892
0.00163178848112547
0.0013568933378901031
0.0016888121429886036
0.001348412516523306
3.447287287004139E-4
0.001219432751070065
8.477159894120322E-6
0.0012361143540957993
5.99227540466331E-4
0.0012328033597795792
9.430049791437861E-5
0.0012297186047421622
0.0012280537024648346
0.002254115566378056
6.004558758013541E-4
9.676472115376933E-4
3.5275002657465934E-4
7.3736217168258E-4
2.2513809952684212E-4
0.0010006835011121395
0.001116744589547612
0.004831953789913196
1.829824001185777E-4
0.0024859657270945683
4.878313925733365E-5
0.0033090455971195526
0.0010541852630940518
0.002547343691238898
4.063548603324678E-4
0.0021273783265933236
0.0020143091952136067
0.0022864793069857906
0.001702878870902918
0.0020934685294643944
9.572028634685669E-4
9.366582693688401E-4
0.0033142876792168685
6.402273349742106E-4
4.0700369744983434E-4
0.0022991101250039855
0.0033643213422337465
0.0017478430126067262
7.146364238561183E-4
6.89639669140214E-4
0.0018536457368896577
0.0036955716218991996
0.002351531840285644
1.5202766397163077E-4
6.836548581807498E-4
4.076647646085028E-4
0.005708948764768361
2.994921947274821E-4
0.004414663281722016
3.2694930719806017E-4
0.0017869887883663108
0.003978145014212326
0.001418790558192375
0.0010798155561604751
0.0010094876957863505
0.004625292625223985
0.0010755366841599932
3.2533728208151183E-4
0.0017967407307597995
0.0028173308923634156
5.884940745267691E-4
0.0045237304859782205
2.7214474292044125E-4
4.109211826473114E-4
0.00426678314976348
0.005651642522438903
0.0012454599744802974
0.001681553960186088
0.0025901214205519127
6.994625089576644E-4
9.425163775248341E-5
0.0020616309517688808
0.0010276473880121186
0.004280839077058484
0.0017939091196056416
0.002457659301443153
5.789215020059881E-4
0.001756129538032176
7.447886633102333E-4
0.0010548464163380362
0.0022652466734417297
3.923560990779524E-4
0.002184718152908153
9.56006378587151E-4
0.002707431308416226
1.613206260089135E-4
0.003667245643812966
0.0040813435127309075
0.0033248980021210917
0.001964274061659828
0.001564272861491634
5.829722532979146E-4
3.203506257489533E-5
0.001106186406323698
0.0031378155789028137
9.518252913382505E-4
0.00202854003885735
5.471581458470105E-4
0.0043757539393677915
0.0032155771302420813
4.901550338451114E-4
0.003162166884448741
5.001601571321923E-4
0.005842235551624958
5.001601571321923E-4
0.003162166884448741
4.901550338451114E-4
0.0032155771302420813
0.0043757539393677915
5.471581458470105E-4
0.00202854003885735
9.518252913382505E-4
0.0031378155789028137
0.001106186406323698
3.203506257489533E-5
5.829722532979146E-4
0.001564272861491634
0.001964274061659828
0.0033248980021210917
0.0040813435127309075
0.003667245643812966
1.613206260089135E-4
0.002707431308416226
9.56006378587151E-4
0.002184718152908153
3.923560990779524E-4
0.0022652466734417297
0.0010548464163380362
7.447886633102333E-4
0.001756129538032176
5.789215020059881E-4
0.002457659301443153
0.0017939091196056416
0.004280839077058484
0.0010276473880121186
0.0020616309517688808
9.425163775248341E-5
6.994625089576644E-4
0.0025901214205519127
0.001681553960186088
0.0012454599744802974
0.005651642522438903
0.00426678314976348
4.109211826473114E-4
2.7214474292044125E-4
0.0045237304859782205
5.884940745267691E-4
0.0028173308923634156
0.0017967407307597995
3.2533728208151183E-4
0.0010755366841599932
0.004625292625223985
0.0010094876957863505
0.0010798155561604751
0.001418790558192375
0.003978145014212326
0.0017869887883663108
3.2694930719806017E-4
0.004414663281722016
2.994921947274821E-4
0.005708948764768361
4.076647646085028E-4
6.836548581807498E-4
1.5202766397163077E-4
0.002351531840285644
0.0036955716218991996
0.0018536457368896577
6.89639669140214E-4
7.146364238561183E-4
0.0017478430126067262
0.0033643213422337465
0.0022991101250039855
4.0700369744983434E-4
6.402273349742106E-4
0.0033142876792168685
9.366582693688401E-4
9.572028634685669E-4
0.0020934685294643944
0.001702878870902918
0.0022864793069857906
0.0020143091952136067
0.0021273783265933236
4.063548603324678E-4
0.002547343691238898
0.0010541852630940518
0.0033090455971195526
4.878313925733365E-5
0.0024859657270945683
1.829824001185777E-4
0.004831953789913196
0.001116744589547612
0.0010006835011121395
2.2513809952684212E-4
7.3736217168258E-4
3.5275002657465934E-4
9.676472115376933E-4
6.004558758013541E-4
0.002254115566378056
0.0012280537024648346
0.0012297186047421622
9.430049791437861E-5
0.0012328033597795792
5.99227540466331E-4
0.0012361143540957993
8.477159894120322E-6
0.001219432751070065
3.447287287004139E-4
0.001348412516523306
0.0016888121429886036
0.0013568933378901031
0.00163178848112547
0.0014357739314172892
0.0022555621786471552
4.43161642201164E-4
1.861619784445937E-4
9.209096013371109E-4
0.004535172023051383
0.001831526622941642
0.001575426770035796
0.004959854067841856
0.002804044343610512
0.002514476270356512
2.5056559340052263E-4
9.912918565466061E-5
0.0011044812850448862
0.0017817771697037452
8.867650212286419E-4
0.002864241376404106
0.0019136444015180334
0.0021109283428471784
8.26500657321739E-4
0.002525930134563251
0.003336048489621836
0.0018976898483689993
0.0028339147654708003
0.0022802642214026464
7.49470227161987E-4
0.003563575249331111
8.528685224606193E-4
0.0019129636044650173
0.005311683103336018
5.924744814888068E-4
6.389481021621133E-4
0.0030928708601022214
0.0013828509003082545
0.0023492396936454886
0.0023747931062777046
0.002925202747133884
0.0013775522847673041
7.356702990323451E-4
0.0036603664592725145
0.0011588826204313185
0.0015024651558797858
0.002731433265004118
0.0011837171102716702
0.0015584781907652607
3.6871473877327115E-4
0.0013887281229272386
0.0013723137124609104
0.0019763756862854094
0.001803795408528731
0.0013338718638120077
0.001956287899322082
0.0011576156575173952
0.0015130173709267535
2.8004796269994305E-4
7.27896149423034E-4
4.3573361601603175E-4
9.80062328569595E-4
0.001225582327862541
9.86744592770785E-4
1.5718325996792143E-4
0.0016509813960363295
7.033786752877398E-4
0.0016515353612732626
0.0036830729554234074
0.005249843508287919
0.0039711833341438
8.931065290649011E-4
0.0022735342783753738
0.0033720204758410422
0.0013001663021116336
0.006014144956093854
0.0016940951557453212
0.002502917718631574
0.0018258784919173133
0.0010146302332419601
0.001648652508468214
0.003200466169053988
6.914040343208584E-4
0.00481804478965606
0.003663855467068105
6.246288620857876E-4
4.203694174139322E-4
0.00401726562671696
0.0046667287524753825
9.459854763682024E-4
0.001052400012255867
8.269536914377915E-4
0.0012807014057568931
6.664727592679781E-4
0.0016914941555930814
0.0016442999673168773
0.0066670820494641805
0.0017212609078474362
3.6180997915381115E-6
0.001730323992431759
0.0012535953608344922
1.9042479375844815E-4
0.0011928044024075459
7.093830344723567E-5
6.525822301542404E-4
0.0046547672538928535
6.25591966213144E-4
0.003983032511030731
0.0036339039861591647
0.0028906701053779344
0.00420681752673852
0.005005189636395608
6.227035900021844E-4
0.001637843796989563
0.003294763126953598
0.0020513084870124555
0.003547058982340925
0.0024776012783010184
0.004461146529990625
4.04100266479886E-5
2.918787937790917E-4
1.4911245964810413E-4
2.2483986310737242E-4
0.004571676342093866
3.9104536275030594E-4
6.388638262228169E-4
0.0032372156610285725
0.0021788665376961933
0.0022894634838003572
8.964165843557651E-4
6.769185201907506E-4
0.007566682583904994
0.004883019512362266
0.003325716390944141
0.008213657124912808
0.001309449673601335
0.0015621813096345142
0.00690666800679756
0.005969677723731642
0.0010873363500272055
0.002334992286960683
0.002280334618003489
0.0014390031317937319
0.0011977620215688114
0.00490192713986472
9.93920719428747E-4
0.005765409568044055
0.002053015359498595
0.0057554018098638525
0.0021477185041671315
5.908197163770445E-4
0.0024301029481923375
0.008888891616128077
0.004124002564242228
0.010675121928082966
5.651348318038112E-4
0.0025916447926449203
0.0018220492932959082
0.00852812334299594
0.004986935256115398
0.005272816600329226
0.004667468968539856
0.0011336588017144733
0.0036301586987247895
0.016606629055561328
0.0030379916479435737
0.0027650311749233747
0.0018794159766894313
7.038606159813521E-4
0.004401853974998143
0.003217553949962122
0.015523121906744914
0.008088397300852333
0.007907331162255568
0.00837032562904811
0.00585987266448535
0.0054908461899687575
0.007099462569028298
0.004121272051783029
0.0035712771279439786
0.004434106285312999
0.005748701957326136
0.02355137036799178
0.014802850330137451
0.01228032371937171
0.00551973598270868
0.004007644977256985
0.011673076132048389
0.017953147720539783
0.016838844220933864
0.005649642758382748
0.0043512017396044045
0.0027885131951660355
0.025137640859544313
0.018309324913019433
8.080528402043541E-4
0.007332639041533338
0.017732012075833633
0.008763499810174729
0.012575907613288168
0.003299990235384442
0.005823632249564035
0.03195051301643982
0.01021541900745846
0.010152081450364687
0.022403030208745185
0.009499843264946
0.03810691029185984
0.02061324487783225
0.009152372192237176
0.02087375972916462
0.01910711381866866
0.03526849452225748
0.09060068414822112
0.10993569498028573
0.07568303056943357
0.027611717943831295
0.05553193961959426
0.16393341785982843
0.04210117997774947
0.06033443935291513
0.09760479073222719
0.09915767086266727
0.1262724084423977
0.10504765470428304
0.004214132284011863
0.07953206086928231
0.10720597943746493
0.11504282189814091
0.07554029556134709
0.08857178246015898
0.06936800906097808
0.30630532956201467
0.4520006051119574
0.14547937669110575
0.3763149797569499
0.0497348719320618
0.2763829375851675
0.14402456465094496
0.8056612589877736
0.312167944015733
0.20705635895519914
0.31560648594520185
0.2115419703534371
0.4556018089323026
0.38074762713886984
1.0
0.31631540329034674
0.19566304701115825
0.9493079490321219
0.0761351999155958
0.40919666637169305
0.2553903538486908
0.3794514880970646
0.7764990268568337
0.27816505839618794
0.5429740813085414
0.1530397689875646
0.03493957232229307
0.04761082373660498
0.6398905209745211
0.3877799085984734
0.6005715017395427
0.14057886149487353
0.4396758945798883
0.2841691475759009
0.28954370014599484
0.3086685776869395
0.04967700028588304
0.2941612042176152
0.24489669247612694
0.18119630188178673
0.019579990321322904
0.04201117302954534
0.565869397188894
0.08469171492003243
0.34403794560802403
0.5961213106059889
0.18240813428148228
0.004780009086217059
0.16872899535323094
0.3820948302874045
0.04868761053050376
0.26281545922210703
0.1879963811332875
0.039739331745359825
0.12391565359041255
0.1846779577198733
0.21842337673981152
0.4013121952452522
0.21130686374628382
0.20370915376400697
0.17308859617291752
0.6234412344352143
0.26399777328546015
0.021177262192675614
0.15755705584996163
0.09403724595854183
0.33451521016059804
0.26295892406552857
0.2171130230850379
0.0218255775171172
0.13303621913920324
0.09684193743704868
0.04747559995447185
9.531457924178134E-4
0.18905467355786912
0.3779358036143909
0.01747659112578907
0.043842622686826475
0.15678968821595604
0.4848877681506653
0.6923084255723881
0.1714377581151745
0.13183116423440197
0.29785112505414674
0.3765303077821007
0.11893670613038741
0.06827870185340776
0.4851560244823389
0.7471252296949296
0.3410786874132353
0.3071212815120622
0.38671477762791895
0.31292628110806714
0.47145763316127726
0.3894655174084078
0.0027970224348996134
0.6945097785981539
0.16280919377614367
0.4203812848393449
0.5934469848448287
0.4835814934129484
0.27800545269482996
0.5135839172398183
0.8121612490703923
0.7447924512463698
0.09659460390834415
0.4047552509459236
0.1087613169592417
0.08590413130141514
0.433697228058263
0.47956477523743185
0.32921224363811846
0.018664540093129928
0.15734965084382527
0.013454754537649128
0.10471951510955167
0.10206969432122502
0.22250478334992177
0.1313476210318338
0.038137766590603465
0.0490256857166217
0.061253792781390405
0.0070536552510743235
0.033721028246696885
0.05081590615429716
0.03442120367342585
