0.06926272692910239
0.06817741172123427
0.06488949409448481
0.05931539090319601
0.05135502666703444
0.04094433840180425
0.028116936233946538
0.013064917316033304
0.0038116417059013167
0.021876074824501844
0.04025474285617094
0.057868938933341704
0.07349917879470816
0.08587778204022037
0.09380174336872309
0.09625475091298649
0.092525237701557
0.08230683131604868
0.06576861397345074
0.043585160074448646
0.016920144698148364
0.012637974033213789
0.0431846038892216
0.07264348791448222
0.09893429777674659
0.1201476876030781
0.1347107622762701
0.14152631581523295
0.14007138908820213
0.1304444923755048
0.11335586740752886
0.09006091207831042
0.062242755553546886
0.03185532262544218
9.42477138640164E-4
0.028548494170735805
0.054940021491134534
0.07696621985399216
0.09386904704312436
0.10543878075954616
0.1119948348712997
0.11430933159024292
0.11348206769575467
0.1107808835657742
0.1074653692727198
0.10461387385432849
0.10297367046299682
0.10285184714172431
0.10406024990427828
0.1059220260849797
0.10734059895556566
0.10692495830416177
0.10315872218154998
0.09459521626870894
0.08005741487814652
0.058820394071265776
0.030755136370224135
0.0035839795449377795
0.042940196532730394
0.08540918287610026
0.12856525146387526
0.1696490310033311
0.20579989188359304
0.23431127730721615
0.2528840896598843
0.25985278523880234
0.2543609330059603
0.2364675203068089
0.20717181050003097
0.16835243085799986
0.12262480220103386
0.07312915562370405
0.023268379372255156
0.023579927003486337
0.06435008466096322
0.09654651881742703
0.11844905089807076
0.1292460079850896
0.12908295062846992
0.11902313395679955
0.10092450338612999
0.07724619576761738
0.05080433269297466
0.02450165832246682
0.001057806641649533
0.017233535534745353
0.028697503050938385
0.03240342691007953
0.028212434910914005
0.016745225918025602
7.237308428675366E-4
0.022431814340073984
0.04633401545445384
0.07032546620098404
0.09245623467513568
0.11111544983324957
0.1251658733354328
0.13401611203342834
0.1376250772348226
0.13644121198751438
0.13128653592905598
0.12320185114902321
0.1132737999216222
0.10246636911799725
0.09147867156925248
0.08064747602704883
0.06990737339363996
0.0588142830560072
0.046630035327601356
0.03245793208800007
0.01541240668462505
0.005199006769618622
0.029705603416435696
0.05793911945212193
0.08915549840644711
0.12202737951770087
0.15471396660251083
0.18500585920978918
0.21053318041316108
0.2290169682894903
0.23853730211152488
0.23778783007266163
0.22628580735132853
0.20450966025033154
0.1739423116655281
0.13700751513823098
0.09689740411171005
0.057301278344961674
0.022057090393324555
0.005243082208273843
0.021655215438371768
0.025251357530267353
0.01541240668462508
0.006990394591807555
0.03955224824328664
0.0784445564468275
0.11867783481692173
0.15450266385829525
0.1799189330932109
0.18925117928073254
0.17773887181882866
0.14208608888444818
0.08091578163383821
0.004920118899022179
0.11221250931323748
0.23547153775416924
0.3672125094663037
0.4984371138223784
0.6192773533079773
0.7197534129142449
0.7905844633095759
0.8239842959021864
0.8143725420974187
0.7589372938632339
0.6579959058264726
0.5151167539862588
0.3369844043702485
0.13301229555998673
0.08527125660425927
0.3050181153655948
0.5129747108447529
0.6964430937275152
0.8442112531045869
0.9473772273848066
1.0
0.9995244403761778
0.9469463733617877
0.8467055739908032
0.7063171682827811
0.5357735729847861
0.3467678289711563
0.1518033521587458
0.036736456765100824
0.20748330625670883
0.3508728827310681
0.45976707663538435
0.5298646258559847
0.5598742150053516
0.5514447938075434
0.5088684717970375
0.43858998582973635
0.34857181747278815
0.24757431872664737
0.1444149163760913
0.047269367456624044
0.03692857012221843
0.10294401091094277
0.1475241515858878
0.1694944641603581
0.16967177242716014
0.15061415943669562
0.1162410684134049
0.07136661417258523
0.021194290074621255
0.029178334829031354
0.07520048954431881
0.1132183061325841
0.14070888491876535
0.1563858686381934
0.1601773116630588
0.15308897219951925
0.1369764371190684
0.1142568049531698
0.08759443466198896
0.05959532916301878
0.03254126029348031
0.00818830091662533
0.012354166618433731
0.028657643005005506
0.040925402439528316
0.049872436237808765
0.05655381559142541
0.062165351030519664
0.06784208023530384
0.07447887345068789
0.08259357889680514
0.09224718127915095
0.10302815883856341
0.11410045721978654
0.12430712897535356
0.13231551598735855
0.13678551778201423
0.136540406013677
0.1307199660519036
0.11889835159097488
0.10115355924108797
0.07808129769395458
0.050752538345389286
0.020620438154372957
0.010612098287051393
0.04114880858109929
0.06926272692910239
0.09344720920718151
0.1125392695039403
0.12580278430160075
0.13296406020692692
0.13419792848248274
0.13006825754806678
0.12143190238375301
0.1093190575877253
0.094805314270125
0.0788911979770226
0.06240356066914786
0.04593010697067652
0.029793938880775393
0.014069836299466086
0.0013613296442595078
0.016728496302853165
0.03226886076693168
0.048123414654755794
0.06424461419413835
0.08032991445354681
0.09579187536227211
0.10977116907220064
0.12119358336858153
0.12886662676422153
0.1316062347475627
0.12837995331667215
0.1184503302431143
0.1015014098151277
0.07773233631747736
0.047905041679224165
0.013337530590919649
0.024160089946486298
0.06240356066914789
0.09899716349762891
0.1315267863310151
0.15776525090248394
0.175869890242792
0.1845525275590746
0.1832042635832328
0.17196162030326037
0.1517062071806404
0.1239966013830984
0.09093789402544968
0.05500064656532334
0.018806165472004702
0.015101507028484328
0.04447504683079189
0.06755367523164067
0.0832051971146165
0.09100684417239564
0.0912576356574759
0.08492182037866795
0.07350984218670609
0.05890946879428976
0.043184603889221664
0.02836236690240203
0.016229965597692596
0.008161618118050856
0.004992447966838459
0.00695123677470732
0.013657710605427337
0.02418330986703725
0.037167854092619176
0.05097883982197205
0.06389588563105324
0.07430048958859589
0.08085101731004013
0.08262469687522946
0.0792121423669833
0.07075514625957646
0.057924606728822575
0.04184183345557373
0.023952429019108133
0.005866848714469396
0.010814906764428388
0.02467555012658547
0.034631363464551194
0.04004579703160708
0.04079410599807343
0.03727265859205023
0.030352493876632212
0.021282619247937475
0.011553788300966159
0.0027375392059333613
0.0036823112033228422
0.006467966037072273
0.00475932244705801
0.0018343418193930972
0.013191611609735171
0.028688756888368028
0.04726020111754978
0.06750243227812985
0.08780975732225992
0.1065272354605555
0.12210469583752406
0.13323607272551533
0.13897030442929947
0.1387834854938984
0.1326064278323183
0.12080676186380633
0.10412963328785414
0.08360537995389149
0.060435837738332235
0.03587278316518229
0.01110229652612601
0.012852472728445898
0.03520035245129058
0.05541696951885138
0.07324365629649715
0.08865317481081972
0.10178897033085328
0.11288773530650886
0.12219687031580505
0.1298987680025031
0.13605269043389187
0.14056250873921206
0.143175035162709
0.1435095347601296
0.14111476363311595
0.1355460642218021
0.12645213059019683
0.11365940982888044
0.09724195393783809
0.07756592817473523
0.055300781093412445
0.03139298153847073
0.007002783888798567
0.016590838427811616
0.03810771084938305
0.056393769007405094
0.07054361545460541
0.08000354592679246
0.08464179164984166
0.08477588350484716
0.08115153299226927
0.0748727728603791
0.06728872125441772
0.05984759034265978
0.053932836298210454
0.050699115191693414
0.050926594212136744
0.05491099448754174
0.062403560669147796
0.07261024012968115
0.08425319087441124
0.09569095798559132
0.10508699021093452
0.11061035113108114
0.11064818555512718
0.10400726027033222
0.09008203206234408
0.06896928058828819
0.041514191375852244
0.009279445873115168
0.02556327946390002
0.06041178295990005
0.09246642401530573
0.11899607367357018
0.1376108335344278
0.14651366968627447
0.14470420963628777
0.1321118886438018
0.10964208581262153
0.07912726378880727
0.04318460388922151
0.004991256676052301
0.03200289059073532
0.06439802984679752
0.08917149248887186
0.10397636569957976
0.10738094090960891
0.09902343476838701
0.07966433932053232
0.05112868306187277
0.016141449396639602
0.021929695377798843
0.05940048489207243
0.09263354069893921
0.11840335604654119
0.13422591341113224
0.13861884897819907
0.13126437932807483
0.11305646877821078
0.08602506033235026
0.05314250891859154
0.018029411270588575
0.01541240668462518
0.04340400824462071
0.06269030772170262
0.07089706297137972
0.06680664362736183
0.05052270425213894
0.02350442944647375
0.011536293823816353
0.050867820012065364
0.0900816833707152
0.12451400891094527
0.1497054092606265
0.16185474676952552
0.15822186113058154
0.13743853427312125
0.09969523813387213
0.04678282422128405
0.018017839647727414
0.09019054346823838
0.16436079939974593
0.23476116444477146
0.29574167516773564
0.3422773556507889
0.3704245143118285
0.3776820156642475
0.36322250170117837
0.3279708151971311
0.274521462548195
0.20690242831082883
0.130207501082382
0.05013202693808143
0.027543593256066305
0.09747324299002039
0.15521755929137093
0.19762440095555697
0.22308118718583989
0.23161553231457216
0.2248354792107366
0.20571637072625637
0.17825644343387945
0.14703609437281248
0.11672518589307221
0.09158778227053224
0.07503385419743655
0.06926272692910239
0.07503385419743655
0.09158778227053224
0.11672518589307221
0.14703609437281248
0.17825644343387945
0.20571637072625637
0.2248354792107366
0.23161553231457216
0.22308118718583989
0.19762440095555697
0.15521755929137093
0.09747324299002039
0.027543593256066305
0.05013202693808143
0.130207501082382
0.20690242831082883
0.274521462548195
0.3279708151971311
0.36322250170117837
0.3776820156642475
0.3704245143118285
0.3422773556507889
0.29574167516773564
0.23476116444477146
0.16436079939974593
0.09019054346823838
0.018017839647727414
0.04678282422128405
0.09969523813387213
0.13743853427312125
0.15822186113058154
0.16185474676952552
0.1497054092606265
0.12451400891094527
0.0900816833707152
0.050867820012065364
0.011536293823816353
0.02350442944647375
0.05052270425213894
0.06680664362736183
0.07089706297137972
0.06269030772170262
0.04340400824462071
0.01541240668462518
0.018029411270588575
0.05314250891859154
0.08602506033235026
0.11305646877821078
0.13126437932807483
0.13861884897819907
0.13422591341113224
0.11840335604654119
0.09263354069893921
0.05940048489207243
0.021929695377798843
0.016141449396639602
0.05112868306187277
0.07966433932053232
0.09902343476838701
0.10738094090960891
0.10397636569957976
0.08917149248887186
0.06439802984679752
0.03200289059073532
0.004991256676052301
0.04318460388922151
0.07912726378880727
0.10964208581262153
0.1321118886438018
0.14470420963628777
0.14651366968627447
0.1376108335344278
0.11899607367357018
0.09246642401530573
0.06041178295990005
0.02556327946390002
0.009279445873115168
0.041514191375852244
0.06896928058828819
0.09008203206234408
0.10400726027033222
0.11064818555512718
0.11061035113108114
0.10508699021093452
0.09569095798559132
0.08425319087441124
0.07261024012968115
0.062403560669147796
0.05491099448754174
0.050926594212136744
0.050699115191693414
0.053932836298210454
0.05984759034265978
0.06728872125441772
0.0748727728603791
0.08115153299226927
0.08477588350484716
0.08464179164984166
0.08000354592679246
0.07054361545460541
0.056393769007405094
0.03810771084938305
0.016590838427811616
0.007002783888798567
0.03139298153847073
0.055300781093412445
0.07756592817473523
0.09724195393783809
0.11365940982888044
0.12645213059019683
0.1355460642218021
0.14111476363311595
0.1435095347601296
0.143175035162709
0.14056250873921206
0.13605269043389187
0.1298987680025031
0.12219687031580505
0.11288773530650886
0.10178897033085328
0.08865317481081972
0.07324365629649715
0.05541696951885138
0.03520035245129058
0.012852472728445898
0.01110229652612601
0.03587278316518229
0.060435837738332235
0.08360537995389149
0.10412963328785414
0.12080676186380633
0.1326064278323183
0.1387834854938984
0.13897030442929947
0.13323607272551533
0.12210469583752406
0.1065272354605555
0.08780975732225992
0.06750243227812985
0.04726020111754978
0.028688756888368028
0.013191611609735171
0.0018343418193930972
0.00475932244705801
0.006467966037072273
0.0036823112033228422
0.0027375392059333613
0.011553788300966159
0.021282619247937475
0.030352493876632212
0.03727265859205023
0.04079410599807343
0.04004579703160708
0.034631363464551194
0.02467555012658547
0.010814906764428388
0.005866848714469396
0.023952429019108133
0.04184183345557373
0.057924606728822575
0.07075514625957646
0.0792121423669833
0.08262469687522946
0.08085101731004013
0.07430048958859589
0.06389588563105324
0.05097883982197205
0.037167854092619176
0.02418330986703725
0.013657710605427337
0.00695123677470732
0.004992447966838459
0.008161618118050856
0.016229965597692596
0.02836236690240203
0.043184603889221664
0.05890946879428976
0.07350984218670609
0.08492182037866795
0.0912576356574759
0.09100684417239564
0.0832051971146165
0.06755367523164067
0.04447504683079189
0.015101507028484328
0.018806165472004702
0.05500064656532334
0.09093789402544968
0.1239966013830984
0.1517062071806404
0.17196162030326037
0.1832042635832328
0.1845525275590746
0.175869890242792
0.15776525090248394
0.1315267863310151
0.09899716349762891
0.06240356066914789
0.024160089946486298
0.013337530590919649
0.047905041679224165
0.07773233631747736
0.1015014098151277
0.1184503302431143
0.12837995331667215
0.1316062347475627
0.12886662676422153
0.12119358336858153
0.10977116907220064
0.09579187536227211
0.08032991445354681
0.06424461419413835
0.048123414654755794
0.03226886076693168
0.016728496302853165
0.0013613296442595078
0.014069836299466086
0.029793938880775393
0.04593010697067652
0.06240356066914786
0.0788911979770226
0.094805314270125
0.1093190575877253
0.12143190238375301
0.13006825754806678
0.13419792848248274
0.13296406020692692
0.12580278430160075
0.1125392695039403
0.09344720920718151
0.06926272692910239
0.04114880858109929
0.010612098287051393
0.020620438154372957
0.050752538345389286
0.07808129769395458
0.10115355924108797
0.11889835159097488
0.1307199660519036
0.136540406013677
0.13678551778201423
0.13231551598735855
0.12430712897535356
0.11410045721978654
0.10302815883856341
0.09224718127915095
0.08259357889680514
0.07447887345068789
0.06784208023530384
0.062165351030519664
0.05655381559142541
0.049872436237808765
0.040925402439528316
0.028657643005005506
0.012354166618433731
0.00818830091662533
0.03254126029348031
0.05959532916301878
0.08759443466198896
0.1142568049531698
0.1369764371190684
0.15308897219951925
0.1601773116630588
0.1563858686381934
0.14070888491876535
0.1132183061325841
0.07520048954431881
0.029178334829031354
0.021194290074621255
0.07136661417258523
0.1162410684134049
0.15061415943669562
0.16967177242716014
0.1694944641603581
0.1475241515858878
0.10294401091094277
0.03692857012221843
0.047269367456624044
0.1444149163760913
0.24757431872664737
0.34857181747278815
0.43858998582973635
0.5088684717970375
0.5514447938075434
0.5598742150053516
0.5298646258559847
0.45976707663538435
0.3508728827310681
0.20748330625670883
0.036736456765100824
0.1518033521587458
0.3467678289711563
0.5357735729847861
0.7063171682827811
0.8467055739908032
0.9469463733617877
0.9995244403761778
1.0
0.9473772273848066
0.8442112531045869
0.6964430937275152
0.5129747108447529
0.3050181153655948
0.08527125660425927
0.13301229555998673
0.3369844043702485
0.5151167539862588
0.6579959058264726
0.7589372938632339
0.8143725420974187
0.8239842959021864
0.7905844633095759
0.7197534129142449
0.6192773533079773
0.4984371138223784
0.3672125094663037
0.23547153775416924
0.11221250931323748
0.004920118899022179
0.08091578163383821
0.14208608888444818
0.17773887181882866
0.18925117928073254
0.1799189330932109
0.15450266385829525
0.11867783481692173
0.0784445564468275
0.03955224824328664
0.006990394591807555
0.01541240668462508
0.025251357530267353
0.021655215438371768
0.005243082208273843
0.022057090393324555
0.057301278344961674
0.09689740411171005
0.13700751513823098
0.1739423116655281
0.20450966025033154
0.22628580735132853
0.23778783007266163
0.23853730211152488
0.2290169682894903
0.21053318041316108
0.18500585920978918
0.15471396660251083
0.12202737951770087
0.08915549840644711
0.05793911945212193
0.029705603416435696
0.005199006769618622
0.01541240668462505
0.03245793208800007
0.046630035327601356
0.0588142830560072
0.06990737339363996
0.08064747602704883
0.09147867156925248
0.10246636911799725
0.1132737999216222
0.12320185114902321
0.13128653592905598
0.13644121198751438
0.1376250772348226
0.13401611203342834
0.1251658733354328
0.11111544983324957
0.09245623467513568
0.07032546620098404
0.04633401545445384
0.022431814340073984
7.237308428675366E-4
0.016745225918025602
0.028212434910914005
0.03240342691007953
0.028697503050938385
0.017233535534745353
0.001057806641649533
0.02450165832246682
0.05080433269297466
0.07724619576761738
0.10092450338612999
0.11902313395679955
0.12908295062846992
0.1292460079850896
0.11844905089807076
0.09654651881742703
0.06435008466096322
0.023579927003486337
0.023268379372255156
0.07312915562370405
0.12262480220103386
0.16835243085799986
0.20717181050003097
0.2364675203068089
0.2543609330059603
0.25985278523880234
0.2528840896598843
0.23431127730721615
0.20579989188359304
0.1696490310033311
0.12856525146387526
0.08540918287610026
0.042940196532730394
0.0035839795449377795
0.030755136370224135
0.058820394071265776
0.08005741487814652
0.09459521626870894
0.10315872218154998
0.10692495830416177
0.10734059895556566
0.1059220260849797
0.10406024990427828
0.10285184714172431
0.10297367046299682
0.10461387385432849
0.1074653692727198
0.1107808835657742
0.11348206769575467
0.11430933159024292
0.1119948348712997
0.10543878075954616
0.09386904704312436
0.07696621985399216
0.054940021491134534
0.028548494170735805
9.42477138640164E-4
0.03185532262544218
0.062242755553546886
0.09006091207831042
0.11335586740752886
0.1304444923755048
0.14007138908820213
0.14152631581523295
0.1347107622762701
0.1201476876030781
0.09893429777674659
0.07264348791448222
0.0431846038892216
0.012637974033213789
0.016920144698148364
0.043585160074448646
0.06576861397345074
0.08230683131604868
0.092525237701557
0.09625475091298649
0.09380174336872309
0.08587778204022037
0.07349917879470816
0.057868938933341704
0.04025474285617094
0.021876074824501844
0.0038116417059013167
0.013064917316033304
0.028116936233946538
0.04094433840180425
0.05135502666703444
0.05931539090319601
0.06488949409448481
0.06817741172123427
