0.012190489179033759
0.016008021454774136
0.017726153221672158
0.03914098113928829
0.0037372056719322407
0.06664919319589302
0.034399689770085756
0.06433118733078634
0.0778392191956175
0.02974655246143015
0.08457969222155248
0.10306497807660053
0.13314859409151425
0.041630168626707084
0.03930086129171112
0.047029619180824836
0.11280877140347963
0.01270361440686177
0.02519600961973414
0.043005546055106536
0.32553669870576535
0.15103117911131914
0.7317286368069033
0.17839902326339088
0.3769216229630147
0.1640847761654234
0.036280870722471915
0.1980717944289981
0.07005079837035516
0.10654491668101847
0.02573352789295191
0.14745368775509043
0.24588666241597565
0.14664605317799928
0.008833155018143623
0.08584430111796991
0.17270068935949304
0.19970548469051272
0.5714012717321949
0.18275021715621084
0.3230353730829976
0.11975352596870624
0.0782611783625583
0.138380453011055
0.43075428485115175
0.4302188585333454
0.19353447229469523
0.410756822651563
0.22900977978681736
0.10206039904689293
0.03094220687718588
0.25061949255527854
0.20523356649620347
0.10590175947644091
0.17961776545756877
0.21083871392637993
0.10007069658273411
0.12752445613515773
0.12667474979440438
0.008582059080570931
0.0332508012516986
0.2101769778758658
0.25498232373587243
0.33145174950607104
0.2782742871525656
0.1286776764330296
0.1001756350008402
0.13200554232124267
0.1145765216382472
0.034798370352856094
0.030444466095753908
0.009009677000051635
0.02594834609853783
0.10112900425334068
0.0012644551137395068
0.07973892986585478
0.07977049159404465
0.10899976488490305
0.10431006126138491
0.2923279809835976
0.08648176989659087
0.32720901140580705
0.002932479229559224
0.2651129739821339
0.056421695447255206
0.15804061022056412
0.05129776743790181
0.19257977025521508
0.07195068893596611
0.2660311009110648
0.031271398414298025
0.03963428281343882
0.176555347218244
0.03574089581994625
0.08295796761192004
0.30577506574136837
0.34246345115150584
0.24599592883252935
0.08489151201860651
0.4687430435805656
0.3511955118533639
0.48171348068164754
0.23002974952537647
0.30711593942272664
0.8104085521787207
0.27348681657946294
0.4272421810121905
0.3363027626560032
0.12291861534741794
0.3096875945900393
0.4527826496390764
0.0877020286194259
0.28824255337357635
0.7983041845733951
0.46095579758647204
0.04520540618485488
0.5293840138670703
0.17070964966179664
0.04616485065228485
1.0
0.762125892358905
0.05952599204854442
0.5199782097984015
0.3057845755621088
0.19835180904146216
0.037227316216193206
0.21829959257473633
0.09165038226731813
0.19147253756097943
0.032333048027156516
0.07000893078360085
0.08456876768472901
0.04083650267059103
0.08320931128854436
0.06583462994216785
0.05726769918202585
0.011530298588747203
0.031902457392395174
0.034536675705227504
0.006156255294352392
0.07352240984191402
0.036372087438096716
0.03817245321210143
0.03197260781104552
0.0548791141619788
0.042781567145328665
0.04558407141664245
0.007797393317006783
0.021944549514303625
0.01907287085375043
0.03191502444569087
0.018360653951584212
0.02863712469329842
0.02159984728526083
0.0307643617827252
0.036619009029956406
0.03356173037593481
0.02180583669881792
0.01967087468119482
0.02493453241514111
0.03417332316283136
0.03729550732032709
0.042984629900288354
0.025564064868771285
0.026749420461381308
0.016040561781240338
0.03563322680788722
0.011146602714610012
0.020254608376627056
0.017493768350934365
0.021824156302981082
0.008947421336992641
0.01872941336340968
0.01676586163712407
0.01362590569273481
0.019629984964043657
0.022699341211468698
0.01760868188182196
0.011664365077116063
0.020053125698680167
0.017614521122387795
0.01509458212396479
0.020644513868478327
0.020844136541506197
0.019238157046007894
0.022671325392315846
0.014150176368922324
0.01598105242895315
0.019983016728122183
0.011187150081208368
0.014853136835012666
0.0174607821090916
0.015489641133596846
0.017271029801300603
0.007111804515008272
0.02002480732821394
0.01749509993957811
0.018421082476597957
0.012344061274564536
0.01463049868943055
0.02197764562319761
0.012319597922867123
0.009436446564758194
0.02008259198683641
0.02027774879240562
0.01760392213413628
0.009236454638853935
0.01628159549255923
0.02077990798404682
0.014444565966078406
0.018688007252341075
0.018332870197857856
0.01565066985750644
0.012219033382708633
0.01656735011713316
0.016369877617851927
0.011173076247710266
0.013920209968479152
0.005444551152613693
0.017188830123628585
0.011684094862678384
0.012089560890605951
0.014746662188534699
0.013547234172801218
0.010612948455970205
0.012634616301720901
0.009819334652559669
0.015052365134803495
0.012548561944590269
0.015026402265030138
0.009620469671652797
0.01560382614916321
0.015177243481867017
0.012198748353320018
0.01788603108111598
0.014950995261779152
0.01762634630732416
0.007109295004082897
0.012510466185820267
0.01356505814155372
0.014706856634154778
0.014513919058028008
0.007352357573523074
0.006570091061600629
0.011850435718447341
0.012175298991303868
0.015424702558137082
0.010192817381411024
0.011619469237095014
0.01309380167416982
0.01593110600869149
0.011003255116246346
0.010686898178802187
0.014956635471387049
0.014691604080764914
0.01646198245682643
0.013624365144078858
0.012183250074049457
0.01652670930471361
0.009731541866942462
0.011658045088923404
0.014502693240873566
0.012737450744546243
0.0114519272337512
0.008158515347154961
0.01247193044447888
0.011869821854765037
0.013137081036333435
0.011840915474706478
0.012254460481735906
0.009768457055737936
0.012025510883192883
0.012380707792866718
0.011130569075833196
0.010604072543887847
0.014970747969903117
0.011101050075729882
0.011524522553680135
0.012582460631406785
0.012042863127202416
0.0135345586914812
0.008155450103619611
0.01613075447418224
0.007945442382443388
0.011114130104079536
0.015462977092590658
0.009432639106528265
0.013616536383262583
0.012197982188954555
0.011867504029764928
0.008837504680740986
0.01190705018296849
0.013061886985795355
0.014772433903817944
0.01315323408238276
0.010864921527306235
0.013147140058216595
0.011250607201200248
0.009928020920684746
0.01173385580551224
0.010167843667891566
0.01074677806582579
0.013338842770749489
0.013991441442187212
0.014135454857831358
0.010531319968841879
0.007020960734592256
0.007545290875255682
0.009597239662766583
0.013112616302114617
0.009406917314091467
0.010341026411581149
0.010858316131577153
0.009589148217373113
0.011580675837455989
0.014570629695662673
0.011925672835800202
0.011547261697378408
0.010043654188007404
0.009205099548675096
0.012678246094807758
0.010452592519094573
0.010166579570259909
0.01173136584862294
0.00851683294865118
0.010344005090032646
0.012470020171153168
0.013669988938261306
0.010105483651331171
0.012877780161403753
0.01292655885255817
0.013216800234158494
0.009330257508110269
0.011381095604167227
0.013268842274631253
0.012922560353340646
0.014925677836033605
0.01173433829977264
0.01056349774087947
0.014437820755115053
0.011053126873129792
0.009440710495655608
0.011106034985487208
0.008923231744510195
0.012352423211210327
0.008625483187785872
0.013115364764645619
0.013500734340149773
0.008424726397042963
0.010874963076560544
0.01381636044846427
0.012710857980385255
0.01209929686860133
0.012661077129419397
0.010261615518466771
0.011626999337804627
0.012303448653793233
0.01157818092907484
0.010821124623775887
0.010929221065056494
0.013743342012093264
0.010317226022681501
0.009518275011320035
0.00989438885123712
0.010247279102160037
0.008916292397755612
0.0094326836282401
0.012970032709487113
0.010722875209104653
0.008166604127675513
0.012763816607154865
0.01225948488247295
0.012375370943786232
0.012653071142069275
0.013895734829257407
0.011051277749401131
0.013673349586818598
0.010625354936832058
0.012174566530727871
0.010558865982720397
0.011908129115223678
0.010987556973599573
0.013704949034030023
0.014519109935671069
0.013050037074426476
0.011276370720612444
0.010595145926000483
0.010359133054751472
0.011821105583929665
0.014127740552615101
0.012169592665956243
0.009440793983217548
0.011312743253385361
0.008944818044433513
0.008159255997509387
0.011476453579860617
0.012696667332710684
0.014647757680347259
0.011814765364874875
0.009984954560613424
0.008821177718767063
0.013792380978266044
0.01410050950619129
0.012251054118131436
0.012389957391378895
0.009102452797157481
0.009428972351014395
0.009227346396004739
0.011865872725490896
0.007881575409661348
0.00848988496768387
0.010625484855533792
0.01121164427753578
0.008789171267580251
0.011920277228301013
0.010757013335836538
0.010475953984414919
0.009717376271591477
0.00952006621858714
0.013932507085997949
0.012261179540857103
0.008029658886794775
0.00844707849833288
0.013569062606762801
0.008584018359780926
0.00940833601313128
0.012426142398518147
0.012099116954212782
0.008256646854976063
0.013147978446126906
0.014383762827647447
0.007489424645305716
0.008169570386071584
0.010110200418468865
0.010299253547524593
0.012014158256424249
0.012277004430045658
0.012263038740832507
0.008966173933390342
0.011284614618013005
0.011319903459215984
0.014747097998673592
0.008172290453747455
0.01147493662406196
0.012927744696735103
0.012766351523162817
0.01206367054122303
0.007009390939338481
0.012613605598082372
0.008444026932371269
0.010819982726103888
0.01242932735822589
0.011175052071431778
0.012632143952859234
0.010703983195938929
0.010258609085056557
0.012531127572992034
0.013140630891998064
0.008137507543999027
0.01184509700935858
0.01183968342393215
0.010488734070356663
0.014672916066400634
0.010488734070356663
0.01183968342393215
0.01184509700935858
0.008137507543999027
0.013140630891998064
0.012531127572992034
0.010258609085056557
0.010703983195938929
0.012632143952859234
0.011175052071431778
0.01242932735822589
0.010819982726103888
0.008444026932371269
0.012613605598082372
0.007009390939338481
0.01206367054122303
0.012766351523162817
0.012927744696735103
0.01147493662406196
0.008172290453747455
0.014747097998673592
0.011319903459215984
0.011284614618013005
0.008966173933390342
0.012263038740832507
0.012277004430045658
0.012014158256424249
0.010299253547524593
0.010110200418468865
0.008169570386071584
0.007489424645305716
0.014383762827647447
0.013147978446126906
0.008256646854976063
0.012099116954212782
0.012426142398518147
0.00940833601313128
0.008584018359780926
0.013569062606762801
0.00844707849833288
0.008029658886794775
0.012261179540857103
0.013932507085997949
0.00952006621858714
0.009717376271591477
0.010475953984414919
0.010757013335836538
0.011920277228301013
0.008789171267580251
0.01121164427753578
0.010625484855533792
0.00848988496768387
0.007881575409661348
0.011865872725490896
0.009227346396004739
0.009428972351014395
0.009102452797157481
0.012389957391378895
0.012251054118131436
0.01410050950619129
0.013792380978266044
0.008821177718767063
0.009984954560613424
0.011814765364874875
0.014647757680347259
0.012696667332710684
0.011476453579860617
0.008159255997509387
0.008944818044433513
0.011312743253385361
0.009440793983217548
0.012169592665956243
0.014127740552615101
0.011821105583929665
0.010359133054751472
0.010595145926000483
0.011276370720612444
0.013050037074426476
0.014519109935671069
0.013704949034030023
0.010987556973599573
0.011908129115223678
0.010558865982720397
0.012174566530727871
0.010625354936832058
0.013673349586818598
0.011051277749401131
0.013895734829257407
0.012653071142069275
0.012375370943786232
0.01225948488247295
0.012763816607154865
0.008166604127675513
0.010722875209104653
0.012970032709487113
0.0094326836282401
0.008916292397755612
0.010247279102160037
0.00989438885123712
0.009518275011320035
0.010317226022681501
0.013743342012093264
0.010929221065056494
0.010821124623775887
0.01157818092907484
0.012303448653793233
0.011626999337804627
0.010261615518466771
0.012661077129419397
0.01209929686860133
0.012710857980385255
0.01381636044846427
0.010874963076560544
0.008424726397042963
0.013500734340149773
0.013115364764645619
0.008625483187785872
0.012352423211210327
0.008923231744510195
0.011106034985487208
0.009440710495655608
0.011053126873129792
0.014437820755115053
0.01056349774087947
0.01173433829977264
0.014925677836033605
0.012922560353340646
0.013268842274631253
0.011381095604167227
0.009330257508110269
0.013216800234158494
0.01292655885255817
0.012877780161403753
0.010105483651331171
0.013669988938261306
0.012470020171153168
0.010344005090032646
0.00851683294865118
0.01173136584862294
0.010166579570259909
0.010452592519094573
0.012678246094807758
0.009205099548675096
0.010043654188007404
0.011547261697378408
0.011925672835800202
0.014570629695662673
0.011580675837455989
0.009589148217373113
0.010858316131577153
0.010341026411581149
0.009406917314091467
0.013112616302114617
0.009597239662766583
0.007545290875255682
0.007020960734592256
0.010531319968841879
0.014135454857831358
0.013991441442187212
0.013338842770749489
0.01074677806582579
0.010167843667891566
0.01173385580551224
0.009928020920684746
0.011250607201200248
0.013147140058216595
0.010864921527306235
0.01315323408238276
0.014772433903817944
0.013061886985795355
0.01190705018296849
0.008837504680740986
0.011867504029764928
0.012197982188954555
0.013616536383262583
0.009432639106528265
0.015462977092590658
0.011114130104079536
0.007945442382443388
0.01613075447418224
0.008155450103619611
0.0135345586914812
0.012042863127202416
0.012582460631406785
0.011524522553680135
0.011101050075729882
0.014970747969903117
0.010604072543887847
0.011130569075833196
0.012380707792866718
0.012025510883192883
0.009768457055737936
0.012254460481735906
0.011840915474706478
0.013137081036333435
0.011869821854765037
0.01247193044447888
0.008158515347154961
0.0114519272337512
0.012737450744546243
0.014502693240873566
0.011658045088923404
0.009731541866942462
0.01652670930471361
0.012183250074049457
0.013624365144078858
0.01646198245682643
0.014691604080764914
0.014956635471387049
0.010686898178802187
0.011003255116246346
0.01593110600869149
0.01309380167416982
0.011619469237095014
0.010192817381411024
0.015424702558137082
0.012175298991303868
0.011850435718447341
0.006570091061600629
0.007352357573523074
0.014513919058028008
0.014706856634154778
0.01356505814155372
0.012510466185820267
0.007109295004082897
0.01762634630732416
0.014950995261779152
0.01788603108111598
0.012198748353320018
0.015177243481867017
0.01560382614916321
0.009620469671652797
0.015026402265030138
0.012548561944590269
0.015052365134803495
0.009819334652559669
0.012634616301720901
0.010612948455970205
0.013547234172801218
0.014746662188534699
0.012089560890605951
0.011684094862678384
0.017188830123628585
0.005444551152613693
0.013920209968479152
0.011173076247710266
0.016369877617851927
0.01656735011713316
0.012219033382708633
0.01565066985750644
0.018332870197857856
0.018688007252341075
0.014444565966078406
0.02077990798404682
0.01628159549255923
0.009236454638853935
0.01760392213413628
0.02027774879240562
0.02008259198683641
0.009436446564758194
0.012319597922867123
0.02197764562319761
0.01463049868943055
0.012344061274564536
0.018421082476597957
0.01749509993957811
0.02002480732821394
0.007111804515008272
0.017271029801300603
0.015489641133596846
0.0174607821090916
0.014853136835012666
0.011187150081208368
0.019983016728122183
0.01598105242895315
0.014150176368922324
0.022671325392315846
0.019238157046007894
0.020844136541506197
0.020644513868478327
0.01509458212396479
0.017614521122387795
0.020053125698680167
0.011664365077116063
0.01760868188182196
0.022699341211468698
0.019629984964043657
0.01362590569273481
0.01676586163712407
0.01872941336340968
0.008947421336992641
0.021824156302981082
0.017493768350934365
0.020254608376627056
0.011146602714610012
0.03563322680788722
0.016040561781240338
0.026749420461381308
0.025564064868771285
0.042984629900288354
0.03729550732032709
0.03417332316283136
0.02493453241514111
0.01967087468119482
0.02180583669881792
0.03356173037593481
0.036619009029956406
0.0307643617827252
0.02159984728526083
0.02863712469329842
0.018360653951584212
0.03191502444569087
0.01907287085375043
0.021944549514303625
0.007797393317006783
0.04558407141664245
0.042781567145328665
0.0548791141619788
0.03197260781104552
0.03817245321210143
0.036372087438096716
0.07352240984191402
0.006156255294352392
0.034536675705227504
0.031902457392395174
0.011530298588747203
0.05726769918202585
0.06583462994216785
0.08320931128854436
0.04083650267059103
0.08456876768472901
0.07000893078360085
0.032333048027156516
0.19147253756097943
0.09165038226731813
0.21829959257473633
0.037227316216193206
0.19835180904146216
0.3057845755621088
0.5199782097984015
0.05952599204854442
0.762125892358905
1.0
0.04616485065228485
0.17070964966179664
0.5293840138670703
0.04520540618485488
0.46095579758647204
0.7983041845733951
0.28824255337357635
0.0877020286194259
0.4527826496390764
0.3096875945900393
0.12291861534741794
0.3363027626560032
0.4272421810121905
0.27348681657946294
0.8104085521787207
0.30711593942272664
0.23002974952537647
0.48171348068164754
0.3511955118533639
0.4687430435805656
0.08489151201860651
0.24599592883252935
0.34246345115150584
0.30577506574136837
0.08295796761192004
0.03574089581994625
0.176555347218244
0.03963428281343882
0.031271398414298025
0.2660311009110648
0.07195068893596611
0.19257977025521508
0.05129776743790181
0.15804061022056412
0.056421695447255206
0.2651129739821339
0.002932479229559224
0.32720901140580705
0.08648176989659087
0.2923279809835976
0.10431006126138491
0.10899976488490305
0.07977049159404465
0.07973892986585478
0.0012644551137395068
0.10112900425334068
0.02594834609853783
0.009009677000051635
0.030444466095753908
0.034798370352856094
0.1145765216382472
0.13200554232124267
0.1001756350008402
0.1286776764330296
0.2782742871525656
0.33145174950607104
0.25498232373587243
0.2101769778758658
0.0332508012516986
0.008582059080570931
0.12667474979440438
0.12752445613515773
0.10007069658273411
0.21083871392637993
0.17961776545756877
0.10590175947644091
0.20523356649620347
0.25061949255527854
0.03094220687718588
0.10206039904689293
0.22900977978681736
0.410756822651563
0.19353447229469523
0.4302188585333454
0.43075428485115175
0.138380453011055
0.0782611783625583
0.11975352596870624
0.3230353730829976
0.18275021715621084
0.5714012717321949
0.19970548469051272
0.17270068935949304
0.08584430111796991
0.008833155018143623
0.14664605317799928
0.24588666241597565
0.14745368775509043
0.02573352789295191
0.10654491668101847
0.07005079837035516
0.1980717944289981
0.036280870722471915
0.1640847761654234
0.3769216229630147
0.17839902326339088
0.7317286368069033
0.15103117911131914
0.32553669870576535
0.043005546055106536
0.02519600961973414
0.01270361440686177
0.11280877140347963
0.047029619180824836
0.03930086129171112
0.041630168626707084
0.13314859409151425
0.10306497807660053
0.08457969222155248
0.02974655246143015
0.0778392191956175
0.06433118733078634
0.034399689770085756
0.06664919319589302
0.0037372056719322407
0.03914098113928829
0.017726153221672158
0.016008021454774136
