-0.11398650800294821
0.10515118990312208
0.06993539991554869
0.11255687237719475
0.0045454286279011935
0.15227437354078505
4.8256742000511764E-4
0.1768233140736134
0.04848129738877815
0.03830980087246423
0.058100019659533736
0.17729908769761757
0.12186390243127704
0.12519622855224222
0.02226986893616773
0.0697354496695817
0.00992220560265749
0.02937089198501128
0.03848017024802444
0.007309109656165597
0.022582912054826446
0.016574310126449793
0.04049715012311193
0.057122401406268994
0.14214836720219207
0.1138132885185922
0.08208631130900733
0.021155316243402472
0.12528020747675353
0.07630637955099254
0.00942858497813975
0.05884397678691384
0.0035426207849358097
0.04459269178994999
0.013496526147203787
0.0196473193064593
0.03711374544819961
0.020171502160661933
0.035135592899534565
0.036426097970494106
0.028086702124093026
0.18805641821771382
0.04098520239895001
0.001745689468308338
0.1387799615296144
0.15984443737504486
0.057513469025439606
0.13140686299030385
0.012744574910329293
0.033696790582809125
0.06006672758671061
0.015248467164470099
0.0631271181151443
0.008430707145946093
0.14700124842122306
0.009317915266508098
0.061019778005131066
0.10026185042472745
0.1116875133747011
0.02432995453530752
0.018861067518781322
0.06923573927149958
0.043207712116269927
0.06205030145169004
0.11680157154683447
0.0028238529291785604
0.022852520535046085
0.10540950768402745
0.011813401180039436
0.023881228903737995
0.040665943039000466
0.1419442014730151
0.03362501100608161
0.038436816256795715
0.14067224994863237
0.009487496037818646
5.784997144866161E-4
0.033078015915852105
0.0689335363780806
0.09069542921990027
0.01806400406490119
0.0017655388634420727
0.07780973132862602
0.010918921001791579
0.056052246758070516
0.026385112855643444
0.15012122710522552
0.06364718012450407
0.2902047573699504
0.035441877230590745
0.23016242232750855
0.22840024911718645
0.482619775792015
0.5506213449653942
0.04191794147489815
0.29541366379269146
0.11067174844450714
0.6630450044146053
0.36895677110960384
0.003912642804274523
0.5268783863071242
0.17942179832948107
0.0880347946660861
0.4376303159593658
0.24719116261604762
0.5072498706803027
0.6778499617961415
0.1602358162034225
1.0
0.14721202425949007
0.4287051557338639
0.11712785494132315
0.6433577352982703
0.4552414714805814
0.28796342531413066
0.23363905274697042
0.4716128267492196
0.35918043372396646
0.6128700914138833
0.2310617072728082
0.11561898260174654
0.07312831938721963
0.30044888821168225
0.5704969401876036
0.2705108598377237
0.24747728541068006
0.11151579606082314
0.019447866361626445
0.6647804125126683
0.013866530804909008
0.37649076946820825
0.3499899526248743
0.4239701766411578
0.6633170195095109
0.9926751183412942
0.13841794950281416
0.2976055188630543
0.07418158592930134
0.15046897961952715
0.22213039899679826
0.3133192396307672
0.5402380166834315
0.12890101454103978
0.14669247518868833
0.29035363190844077
0.009809723258632984
0.050899368315379515
0.8804860038422158
0.11747341416366432
0.7348378382506441
0.7475521050096556
0.10443867122951386
0.7774027471436437
0.5393771996188487
0.022797301600589636
0.20459003498535597
0.08962059146440121
0.00763045008634822
0.7756835806045393
0.47835256785828
0.41427864106426615
0.029819954280138027
0.06653462133001892
0.21269125641581776
0.33481017387903284
0.09404006805843451
0.07605569798221122
0.13002856094715104
0.6031133511326007
0.07341814680364618
0.11920272216334903
0.09533636808392319
0.24513573706523012
0.2417645476813455
0.10048729082180542
0.4518125383618721
0.2622153561577629
0.03681738595761464
0.09596305944580853
0.16766439488143892
0.38161632401978296
0.10852257273336224
0.4687474328234566
0.20234621988480128
0.12730256579089066
0.16408520953311997
0.1836677450052876
0.3221169357281215
0.09256732168176647
0.21065648406480372
0.27148200354054935
0.12117910675978508
2.41049877242824E-5
0.004220709197843783
0.010275880422237637
0.12702212614430627
0.05856413655637388
0.04087673145159
0.01581443489111955
0.003199073024547352
0.09595985618414203
0.24775233952915185
0.010660989171615367
0.1608990840114372
0.1851384558637971
0.03939786352935549
0.0781386624690238
0.05262687104709708
0.03439670154057063
0.020897228015221047
0.05454307605732884
0.005311404779935317
0.0448045086991545
0.04475867642135568
0.03119117869580193
0.0854118276571871
0.03937817806519411
0.05006124977318668
0.06210824602785364
0.08008731851819423
0.02927784185785844
0.21758880758715105
0.02333273838120065
0.08722173768613738
0.0032230889396976828
0.12917780081552907
0.09060915606335711
0.015876885332764313
0.05166473537221328
0.1633837254722057
0.07999872449723204
0.056993254001474106
0.006917697837218728
0.039886793198274026
0.07182780263766972
0.05646146448896996
0.04480095297194997
0.0277845055354753
0.08634611080316787
0.007630369461640244
0.1247809984707338
0.020368918155623594
0.11254508957200285
0.03192569964387758
0.011570997215302114
0.019052163162352833
0.019406337591406194
0.013056650380781817
0.026309262152814122
0.15772714769781448
0.03803286869013719
0.010159489692676054
0.01647642059597386
0.04353977910803529
0.03736241660185403
0.03218817967752357
0.03465812878757324
0.005266996337147128
0.018183022434733773
0.010122870482227398
0.021347386463492667
0.01406422720483949
0.045527985397449136
0.06102451852609707
0.098962679438923
5.885814269667491E-4
0.04276887513308325
0.10598398103530808
0.10250636497809788
0.028770162204611628
0.0036413814192558344
0.05127002754810184
0.02925399761407738
0.12841226369030825
0.06660880586993481
0.030363907363465805
0.07286839730788808
0.012500615395178749
0.03188938325901299
0.0204188650291265
0.05431400141496824
0.03825573809477828
0.03398947582413354
0.11580774611549628
0.14409477901677378
0.0327551164877521
0.08485466332004445
0.0038154767416428946
1.481196263481249E-4
0.00834403957094871
0.045471060591302445
0.08148243195330789
0.05552902843892869
0.02471744188601299
0.1360725265926189
0.18386614181132832
0.07959419209793057
0.03176496864609034
0.06839909230540196
0.07824371102089256
0.08710107994653654
0.055463099843470844
0.10375097354160201
0.07787929626007105
0.008455084855261082
0.028417938894766556
0.027566289610162442
0.04355190595603581
0.011398650800294816
0.010688650907572336
0.043359917007632816
0.030024989757765803
0.04637224206391643
0.08227075820727163
0.010519901538094649
0.033634714098645296
0.012921718984818746
0.017144527306316756
0.08253492467684366
0.0888716778518312
0.0032633567766837137
0.07949859559809863
0.03127500218191283
0.05171718202278432
0.025760787831803925
0.05826752353193875
0.13686575272552323
0.03992527847198757
0.08197382819742544
0.054474881351355406
0.06403133964540063
0.016226239452000923
0.08697607153063093
0.10711027830611228
0.05676524554204887
0.039659990519799675
0.17548234399550067
0.07938356310483466
0.06726004309801291
0.05912629441034415
0.022572432473586836
0.06009894904129999
0.030258313078626427
0.10128324384515931
0.10869806074497597
0.18307768372668098
0.10620362561823908
0.11118204323262534
0.06326438187747305
0.0690489954053431
0.11112688227028067
0.0013376635519740106
0.008751475580183243
0.12641979205991502
0.033646434108636034
0.04996168846074407
0.0937228954605867
6.644521991326549E-4
0.0496092481499594
0.07604508569968597
0.17025395833127543
0.05301077497196821
0.007221487992067455
0.0014696740719414103
0.018051058155400878
0.06148412634126501
0.047669459725349285
0.05819032098042045
0.012908514487986739
0.022668545553758176
0.007756688670883226
0.008668176976189948
9.092465855457659E-4
0.0675405127589678
0.06862746158064649
0.0327231143710772
0.0676757606545854
0.15381112723558932
0.029519399095696754
0.04250701668109936
0.11105233996775227
0.23760531241038194
0.05040714530605259
0.07194032823725398
0.001523739685469419
0.09230714288739093
0.009702213742230976
0.11432111407621044
0.03858096212885956
0.011171211556310364
0.05120846644408785
0.02195542453900792
0.004411417971276605
1.4210208766353853E-4
0.15276098283403675
0.07161176249999984
0.18822368759869698
0.036134382572504606
0.09463512201509844
0.08513207414777292
0.044459919337597506
0.049471942275607174
0.02218335783390413
0.11890563977292923
0.05525962507542335
0.011082212169498585
0.060668207129710945
0.08936419373310206
0.025252827070064533
0.0033658082094539803
0.02982377895222987
0.008445534963395866
0.11320342615680531
0.02811965926931236
0.010016329045569386
0.0038325549474121146
0.12449311350402308
0.004661145847856326
0.0770573014946341
0.04401458728317726
0.1659297584484969
0.11472945676715084
0.037597673449550395
0.03727343078082068
0.12474364588576904
0.06462507093841108
0.06386158957956029
0.08439331467899878
0.04821857942325068
0.018836774036884916
0.08936918697141663
0.11409742929198294
0.1470727992698184
0.0521217296965626
0.10354555900706897
0.21781610815433458
0.1055677994941623
0.04978990330133383
0.06565389581644028
0.15454410471823551
0.18209415408121798
0.045205568857154196
0.060955749924131004
0.04386122256442652
0.03939472238742287
0.15983847110635008
0.13984902305402214
0.0337315147219907
0.08510762877526401
0.032130668057405866
0.024933852547177685
0.011013757778673654
0.054016769413253944
0.02349047064002301
0.03720052976430526
0.07996129363695845
0.02716831759197865
0.07673604778395102
0.0878667356156572
0.0766765900140217
0.052515206419036654
0.020199540665845603
0.045594603201179286
0.020199540665845603
0.052515206419036654
0.0766765900140217
0.0878667356156572
0.07673604778395102
0.02716831759197865
0.07996129363695845
0.03720052976430526
0.02349047064002301
0.054016769413253944
0.011013757778673654
0.024933852547177685
0.032130668057405866
0.08510762877526401
0.0337315147219907
0.13984902305402214
0.15983847110635008
0.03939472238742287
0.04386122256442652
0.060955749924131004
0.045205568857154196
0.18209415408121798
0.15454410471823551
0.06565389581644028
0.04978990330133383
0.1055677994941623
0.21781610815433458
0.10354555900706897
0.0521217296965626
0.1470727992698184
0.11409742929198294
0.08936918697141663
0.018836774036884916
0.04821857942325068
0.08439331467899878
0.06386158957956029
0.06462507093841108
0.12474364588576904
0.03727343078082068
0.037597673449550395
0.11472945676715084
0.1659297584484969
0.04401458728317726
0.0770573014946341
0.004661145847856326
0.12449311350402308
0.0038325549474121146
0.010016329045569386
0.02811965926931236
0.11320342615680531
0.008445534963395866
0.02982377895222987
0.0033658082094539803
0.025252827070064533
0.08936419373310206
0.060668207129710945
0.011082212169498585
0.05525962507542335
0.11890563977292923
0.02218335783390413
0.049471942275607174
0.044459919337597506
0.08513207414777292
0.09463512201509844
0.036134382572504606
0.18822368759869698
0.07161176249999984
0.15276098283403675
1.4210208766353853E-4
0.004411417971276605
0.02195542453900792
0.05120846644408785
0.011171211556310364
0.03858096212885956
0.11432111407621044
0.009702213742230976
0.09230714288739093
0.001523739685469419
0.07194032823725398
0.05040714530605259
0.23760531241038194
0.11105233996775227
0.04250701668109936
0.029519399095696754
0.15381112723558932
0.0676757606545854
0.0327231143710772
0.06862746158064649
0.0675405127589678
9.092465855457659E-4
0.008668176976189948
0.007756688670883226
0.022668545553758176
0.012908514487986739
0.05819032098042045
0.047669459725349285
0.06148412634126501
0.018051058155400878
0.0014696740719414103
0.007221487992067455
0.05301077497196821
0.17025395833127543
0.07604508569968597
0.0496092481499594
6.644521991326549E-4
0.0937228954605867
0.04996168846074407
0.033646434108636034
0.12641979205991502
0.008751475580183243
0.0013376635519740106
0.11112688227028067
0.0690489954053431
0.06326438187747305
0.11118204323262534
0.10620362561823908
0.18307768372668098
0.10869806074497597
0.10128324384515931
0.030258313078626427
0.06009894904129999
0.022572432473586836
0.05912629441034415
0.06726004309801291
0.07938356310483466
0.17548234399550067
0.039659990519799675
0.05676524554204887
0.10711027830611228
0.08697607153063093
0.016226239452000923
0.06403133964540063
0.054474881351355406
0.08197382819742544
0.03992527847198757
0.13686575272552323
0.05826752353193875
0.025760787831803925
0.05171718202278432
0.03127500218191283
0.07949859559809863
0.0032633567766837137
0.0888716778518312
0.08253492467684366
0.017144527306316756
0.012921718984818746
0.033634714098645296
0.010519901538094649
0.08227075820727163
0.04637224206391643
0.030024989757765803
0.043359917007632816
0.010688650907572336
0.011398650800294816
0.04355190595603581
0.027566289610162442
0.028417938894766556
0.008455084855261082
0.07787929626007105
0.10375097354160201
0.055463099843470844
0.08710107994653654
0.07824371102089256
0.06839909230540196
0.03176496864609034
0.07959419209793057
0.18386614181132832
0.1360725265926189
0.02471744188601299
0.05552902843892869
0.08148243195330789
0.045471060591302445
0.00834403957094871
1.481196263481249E-4
0.0038154767416428946
0.08485466332004445
0.0327551164877521
0.14409477901677378
0.11580774611549628
0.03398947582413354
0.03825573809477828
0.05431400141496824
0.0204188650291265
0.03188938325901299
0.012500615395178749
0.07286839730788808
0.030363907363465805
0.06660880586993481
0.12841226369030825
0.02925399761407738
0.05127002754810184
0.0036413814192558344
0.028770162204611628
0.10250636497809788
0.10598398103530808
0.04276887513308325
5.885814269667491E-4
0.098962679438923
0.06102451852609707
0.045527985397449136
0.01406422720483949
0.021347386463492667
0.010122870482227398
0.018183022434733773
0.005266996337147128
0.03465812878757324
0.03218817967752357
0.03736241660185403
0.04353977910803529
0.01647642059597386
0.010159489692676054
0.03803286869013719
0.15772714769781448
0.026309262152814122
0.013056650380781817
0.019406337591406194
0.019052163162352833
0.011570997215302114
0.03192569964387758
0.11254508957200285
0.020368918155623594
0.1247809984707338
0.007630369461640244
0.08634611080316787
0.0277845055354753
0.04480095297194997
0.05646146448896996
0.07182780263766972
0.039886793198274026
0.006917697837218728
0.056993254001474106
0.07999872449723204
0.1633837254722057
0.05166473537221328
0.015876885332764313
0.09060915606335711
0.12917780081552907
0.0032230889396976828
0.08722173768613738
0.02333273838120065
0.21758880758715105
0.02927784185785844
0.08008731851819423
0.06210824602785364
0.05006124977318668
0.03937817806519411
0.0854118276571871
0.03119117869580193
0.04475867642135568
0.0448045086991545
0.005311404779935317
0.05454307605732884
0.020897228015221047
0.03439670154057063
0.05262687104709708
0.0781386624690238
0.03939786352935549
0.1851384558637971
0.1608990840114372
0.010660989171615367
0.24775233952915185
0.09595985618414203
0.003199073024547352
0.01581443489111955
0.04087673145159
0.05856413655637388
0.12702212614430627
0.010275880422237637
0.004220709197843783
2.41049877242824E-5
0.12117910675978508
0.27148200354054935
0.21065648406480372
0.09256732168176647
0.3221169357281215
0.1836677450052876
0.16408520953311997
0.12730256579089066
0.20234621988480128
0.4687474328234566
0.10852257273336224
0.38161632401978296
0.16766439488143892
0.09596305944580853
0.03681738595761464
0.2622153561577629
0.4518125383618721
0.10048729082180542
0.2417645476813455
0.24513573706523012
0.09533636808392319
0.11920272216334903
0.07341814680364618
0.6031133511326007
0.13002856094715104
0.07605569798221122
0.09404006805843451
0.33481017387903284
0.21269125641581776
0.06653462133001892
0.029819954280138027
0.41427864106426615
0.47835256785828
0.7756835806045393
0.00763045008634822
0.08962059146440121
0.20459003498535597
0.022797301600589636
0.5393771996188487
0.7774027471436437
0.10443867122951386
0.7475521050096556
0.7348378382506441
0.11747341416366432
0.8804860038422158
0.050899368315379515
0.009809723258632984
0.29035363190844077
0.14669247518868833
0.12890101454103978
0.5402380166834315
0.3133192396307672
0.22213039899679826
0.15046897961952715
0.07418158592930134
0.2976055188630543
0.13841794950281416
0.9926751183412942
0.6633170195095109
0.4239701766411578
0.3499899526248743
0.37649076946820825
0.013866530804909008
0.6647804125126683
0.019447866361626445
0.11151579606082314
0.24747728541068006
0.2705108598377237
0.5704969401876036
0.30044888821168225
0.07312831938721963
0.11561898260174654
0.2310617072728082
0.6128700914138833
0.35918043372396646
0.4716128267492196
0.23363905274697042
0.28796342531413066
0.4552414714805814
0.6433577352982703
0.11712785494132315
0.4287051557338639
0.14721202425949007
1.0
0.1602358162034225
0.6778499617961415
0.5072498706803027
0.24719116261604762
0.4376303159593658
0.0880347946660861
0.17942179832948107
0.5268783863071242
0.003912642804274523
0.36895677110960384
0.6630450044146053
0.11067174844450714
0.29541366379269146
0.04191794147489815
0.5506213449653942
0.482619775792015
0.22840024911718645
0.23016242232750855
0.035441877230590745
0.2902047573699504
0.06364718012450407
0.15012122710522552
0.026385112855643444
0.056052246758070516
0.010918921001791579
0.07780973132862602
0.0017655388634420727
0.01806400406490119
0.09069542921990027
0.0689335363780806
0.033078015915852105
5.784997144866161E-4
0.009487496037818646
0.14067224994863237
0.038436816256795715
0.03362501100608161
0.1419442014730151
0.040665943039000466
0.023881228903737995
0.011813401180039436
0.10540950768402745
0.022852520535046085
0.0028238529291785604
0.11680157154683447
0.06205030145169004
0.043207712116269927
0.06923573927149958
0.018861067518781322
0.02432995453530752
0.1116875133747011
0.10026185042472745
0.061019778005131066
0.009317915266508098
0.14700124842122306
0.008430707145946093
0.0631271181151443
0.015248467164470099
0.06006672758671061
0.033696790582809125
0.012744574910329293
0.13140686299030385
0.057513469025439606
0.15984443737504486
0.1387799615296144
0.001745689468308338
0.04098520239895001
0.18805641821771382
0.028086702124093026
0.036426097970494106
0.035135592899534565
0.020171502160661933
0.03711374544819961
0.0196473193064593
0.013496526147203787
0.04459269178994999
0.0035426207849358097
0.05884397678691384
0.00942858497813975
0.07630637955099254
0.12528020747675353
0.021155316243402472
0.08208631130900733
0.1138132885185922
0.14214836720219207
0.057122401406268994
0.04049715012311193
0.016574310126449793
0.022582912054826446
0.007309109656165597
0.03848017024802444
0.02937089198501128
0.00992220560265749
0.0697354496695817
0.02226986893616773
0.12519622855224222
0.12186390243127704
0.17729908769761757
0.058100019659533736
0.03830980087246423
0.04848129738877815
0.1768233140736134
4.8256742000511764E-4
0.15227437354078505
0.0045454286279011935
0.11255687237719475
0.06993539991554869
0.10515118990312208
