0.06159264364375204
0.07728957819355634
0.0534039497112074
0.021103096474065896
0.06743666076300033
0.042398545026191975
0.029994529678966562
0.14828225656064895
0.1504844842711679
0.09995655374229044
0.15762790370307803
0.045921661994645466
0.10048030872430802
0.09464069841881703
0.11597499335230402
0.2278881911965342
0.13398128256934055
0.03725945196661574
0.04979581069861397
0.013571890185715836
0.04618772039281768
0.1377031078290498
0.0551831235646634
0.012186747074353396
0.01535719026986696
0.03667178303612557
0.05803361011598108
0.008253356299454197
0.004380144168836497
0.0335451683608884
0.014906138430989747
0.028242879162006105
0.11736802678392146
0.046638549215535674
0.01515647826207062
0.08654098317903086
0.1333126143328247
0.18295390158145178
0.011336527286075438
0.07933659193056607
0.14050357227774138
0.02127607190107004
0.22182978851203777
0.055427995724382166
0.15636238344510772
0.017658597183194794
0.03145435930505149
0.0929808765543641
0.05859014217846279
0.017144101331166225
0.006330224817894267
0.21675599076666852
0.13835033697698118
0.01843565633346233
0.08675100424031112
0.14462605120029814
0.11109084576877575
0.01707246288529803
0.018947240037346495
0.007547240620640821
0.025668330905193378
0.09235583995374312
0.012928789106808494
0.11889797779963837
0.039954598238894405
0.03517092802288313
0.08358136292071745
0.11748729708173662
0.05016119452109876
0.04062894019865787
0.11055031208165841
0.10827292393531208
0.04574787474133472
0.061265377153775724
0.03861654039398127
4.4362657230735214E-4
0.08198707880160479
0.06280079827091486
0.023604498388657455
0.05629893439996813
0.14874927844522207
0.06865683045316846
0.09071222363125524
0.09250461337029053
0.023030552566939897
0.055784312946946364
0.1105321569523547
0.06347407077172611
4.4623098722288573E-4
0.040514729072528885
0.12203714486068289
0.6059472821946696
0.09594737682224107
0.2239824357832668
0.016782306082272515
0.39074413738139957
0.1758059909382991
0.3671691319746748
0.12711126156751776
0.3938622126662845
0.09469788359256202
0.24131409085439057
0.3737021159473175
0.30960852369502134
0.30084743080565135
0.34853323447074996
0.08965394310092599
0.013030503333230106
0.01400136764102736
0.2502269674348832
0.5099376672131778
0.35816845553075327
0.5638081109524137
0.15965334880074886
0.2886075011652606
0.015425606497371049
0.054243982187664755
0.7002827363729441
0.16361304748131425
0.03155888193335097
0.4209451474725701
0.017660293250721024
0.30656521882580046
0.1389519787024213
0.7325000504628199
0.2131735681267931
0.6798017064044615
0.1347241796146609
0.34780797010843834
0.6259273178115229
0.4731402597740771
0.6822583035357183
0.07982881704620934
0.469041857405631
0.6133589332024355
0.847567055111355
0.32915376365270316
0.5095975357923102
0.0943170500877168
0.1511328755311275
0.7190662198641633
1.0
0.4331481253045774
0.647951940010807
0.1361724766202774
0.2739239290675889
0.019102198382136993
0.20207189207655427
0.020853867532450963
0.04475306469462656
0.07800724351417396
0.06103026185726527
0.8695619380356937
0.5815813191952568
0.012318528728750385
0.24968394563363702
0.02348202000397914
0.22159085246545746
0.0664851642873538
0.03172235862474654
0.5483442780260925
0.0849524463413616
0.17860147716480937
0.22827332821303295
0.2699693010961638
0.6232599534667769
0.10614771249170013
0.39322292952178134
0.2783531070161257
0.24734479784149732
0.31882779023631463
0.06760600591556158
0.0010314928051808666
0.06718489980969902
0.03271935014254341
0.011052511837234068
0.018118217209771893
0.23376601353128826
0.1103494839891963
0.2169898867239629
0.22919617974997494
0.05550387668917063
0.06255926307720289
0.05609824100056758
0.01139345631700177
0.17476567298966145
0.05073824151458183
0.1320265606181255
0.2552467415346481
0.034145370181732845
0.054752712968476246
0.44801816043646797
0.18825075696809745
0.1720505394862973
0.08039956231080382
0.12928662012770886
0.1179911686268593
0.04292065623001224
0.04157889933741625
0.23786523917852942
0.08247227811176089
0.009440589791418976
0.12067109561249043
0.004264886142490498
0.03493774345639356
0.15452394376124995
0.2234480454140858
0.041614367087934714
0.0535338239651294
0.04929104419744815
0.02473523131792563
0.08229211370652333
0.05929025149396203
0.025496132584549646
0.09416463527530258
0.04458685059490349
0.1332938512222281
0.04669588802256296
0.20974249662109234
0.06737185062339651
0.04596740313918639
0.06644564932427328
0.06904410384198142
0.08666707538314311
0.08389464393971015
0.10170649491574629
0.07636348866570183
0.0226160486856037
0.06119960104298748
0.061781827506921204
0.03131433318604065
0.06159264364375204
0.11594401290784409
0.10750080921871355
0.008880338471350231
0.059028380469037516
0.002600035433748295
0.11153805679446635
0.09487891042493705
0.017710141040157272
0.045314868181095404
0.09343764514576673
0.059055222165495816
0.0864926309592613
0.04016885959544025
0.04697930294279244
0.05224984208363856
0.07116527249200551
0.004380495881245225
0.022406583376233073
0.09251911547475264
0.010574687844180251
0.027328502046357298
0.026400191444869433
0.0811138810382465
0.03170470043173921
0.04402303280584565
0.0872353165368472
0.04130187716131821
0.031712468640269255
0.0032439359951680047
0.10375108170065307
0.09889426194845378
0.06524859908533313
0.015134072923196856
0.06604934321282632
0.13856559953202524
0.13458546166782973
0.0034099884198121352
0.11725414201590054
0.020837834939929755
0.003083708417438907
0.052740998909117334
0.08529005844054457
0.02697967336316639
0.0555785610103502
0.0851918808412621
0.08481180774444098
0.07403994783094694
0.008463224111755372
0.130879118477246
0.08293416732177997
0.05313152558753699
0.019212809474502813
0.13336822460364642
0.23747571697179526
0.008310467015038236
0.028741123690528298
0.10847573848456052
0.032662939733976326
0.07011186079297758
0.18684856455940668
0.07001614090136603
0.05623157718183933
0.00972968124303937
0.05067168174062792
0.005912670256319606
0.09047057603317502
0.06591358067392092
0.04965376062674388
0.0389216243467735
0.08982337108382965
0.041885432349552006
0.03545087209116958
0.06147173150212355
0.13506940998095526
4.0072219368163936E-4
0.04963738625006056
0.024637057457500815
0.01520770109484058
0.08669250862500243
0.0660169559362929
0.0519778517080681
0.023601960285033398
4.892206002945292E-4
0.059079284101070884
0.13794423907907183
0.024590216732829445
0.08450711893125414
0.04506591232736086
0.039431705963389456
0.03349844417172596
0.09436966368884836
0.09657006424637356
0.015196572137280017
0.14830677122344932
0.022089239077746327
0.00714359956136049
0.028866335227768165
0.04822319876946337
0.056545766246702135
0.12067563037036846
0.037985849744231255
0.012252984212467784
0.05720124795021621
0.0392972942348228
0.057751155999012836
0.17222036260880538
0.04036329068099522
0.02514851192869071
0.019581931605256796
0.08782362078574792
0.04203019283344699
0.058757564893780416
0.027579921000883485
0.04728414610542073
0.09071208810901832
0.02180892055859168
0.05612082761868216
0.10397622728492815
0.0751399667300716
0.07800602233794056
0.01595233811196494
0.02109646720193627
0.10487017009407258
0.056747082472028726
0.1563623221853014
0.003866117064734179
0.022027926447629194
0.0733371958599839
0.13086702204936582
0.15818109495494614
0.0132232989620874
0.09699598532509028
0.08001156657397805
0.05986277412435614
0.014297224185491654
0.06163150267069814
0.015696185960423575
0.02640228803193028
0.11303477401852868
0.016919284789728106
0.011832080899485873
0.016889990598505666
0.041787147531110895
0.01211083109046076
0.05593435258851806
0.08200953550544343
0.06268598894427142
0.00309803182870939
0.07154353817994376
0.0433978752012731
0.011498905066104775
0.08672409847695153
0.0037917161987606964
0.0012081546271628092
0.00994228027861368
0.040998566385632096
0.1338859008791246
0.06390958034817218
0.03697261682990583
0.06091836018360953
0.011361307691757555
0.04808479225259189
0.025419342812799922
0.015528942619571908
0.06517798350434903
0.03181785237414112
0.11333031521269947
0.002854636033796693
0.1434077457104855
0.09487047754264198
0.09176391338913137
0.030328111762008156
0.10051277100233817
0.010361289167076257
0.0839501175502114
0.013291917033829807
0.15282648738295315
0.036799008000717
0.04540627534074574
0.03174340054322229
0.07098798397121742
0.0870668093929503
0.18336170519122583
0.007872028104922556
0.01178610733582233
0.11315023125497996
0.04544475234477949
0.02944557469997072
0.06996841380681747
0.16649548832926964
0.02727613438298858
0.07649290985223174
0.08910229967018019
0.12518738327557344
0.0014861533038360525
0.11445558072102727
0.006367484621705455
0.009205561945671908
0.13511076240077152
0.02349986400476613
0.014808809503157772
0.033646910831515574
0.04868259685749658
0.08798430390764425
0.020680439512920246
0.06681000873935186
0.03841599922451283
0.08602821187549647
0.20772881574381483
1.2613822711879624E-4
0.015585934045638534
0.24085168397488882
0.05670829198879577
0.006697415884862841
0.12136006846641793
0.14121723900085287
0.009226557841194657
0.007038179256912166
0.03311820220794779
0.1218006183526316
0.10503427598530275
0.07283042419587184
0.0843946346713869
0.0701439404240837
0.03717357926074803
0.0786590478287049
0.027867230306523008
0.0651461374234165
0.06179420420831553
0.09683247894687541
0.06159264364375204
0.09683247894687541
0.06179420420831553
0.0651461374234165
0.027867230306523008
0.0786590478287049
0.03717357926074803
0.0701439404240837
0.0843946346713869
0.07283042419587184
0.10503427598530275
0.1218006183526316
0.03311820220794779
0.007038179256912166
0.009226557841194657
0.14121723900085287
0.12136006846641793
0.006697415884862841
0.05670829198879577
0.24085168397488882
0.015585934045638534
1.2613822711879624E-4
0.20772881574381483
0.08602821187549647
0.03841599922451283
0.06681000873935186
0.020680439512920246
0.08798430390764425
0.04868259685749658
0.033646910831515574
0.014808809503157772
0.02349986400476613
0.13511076240077152
0.009205561945671908
0.006367484621705455
0.11445558072102727
0.0014861533038360525
0.12518738327557344
0.08910229967018019
0.07649290985223174
0.02727613438298858
0.16649548832926964
0.06996841380681747
0.02944557469997072
0.04544475234477949
0.11315023125497996
0.01178610733582233
0.007872028104922556
0.18336170519122583
0.0870668093929503
0.07098798397121742
0.03174340054322229
0.04540627534074574
0.036799008000717
0.15282648738295315
0.013291917033829807
0.0839501175502114
0.010361289167076257
0.10051277100233817
0.030328111762008156
0.09176391338913137
0.09487047754264198
0.1434077457104855
0.002854636033796693
0.11333031521269947
0.03181785237414112
0.06517798350434903
0.015528942619571908
0.025419342812799922
0.04808479225259189
0.011361307691757555
0.06091836018360953
0.03697261682990583
0.06390958034817218
0.1338859008791246
0.040998566385632096
0.00994228027861368
0.0012081546271628092
0.0037917161987606964
0.08672409847695153
0.011498905066104775
0.0433978752012731
0.07154353817994376
0.00309803182870939
0.06268598894427142
0.08200953550544343
0.05593435258851806
0.01211083109046076
0.041787147531110895
0.016889990598505666
0.011832080899485873
0.016919284789728106
0.11303477401852868
0.02640228803193028
0.015696185960423575
0.06163150267069814
0.014297224185491654
0.05986277412435614
0.08001156657397805
0.09699598532509028
0.0132232989620874
0.15818109495494614
0.13086702204936582
0.0733371958599839
0.022027926447629194
0.003866117064734179
0.1563623221853014
0.056747082472028726
0.10487017009407258
0.02109646720193627
0.01595233811196494
0.07800602233794056
0.0751399667300716
0.10397622728492815
0.05612082761868216
0.02180892055859168
0.09071208810901832
0.04728414610542073
0.027579921000883485
0.058757564893780416
0.04203019283344699
0.08782362078574792
0.019581931605256796
0.02514851192869071
0.04036329068099522
0.17222036260880538
0.057751155999012836
0.0392972942348228
0.05720124795021621
0.012252984212467784
0.037985849744231255
0.12067563037036846
0.056545766246702135
0.04822319876946337
0.028866335227768165
0.00714359956136049
0.022089239077746327
0.14830677122344932
0.015196572137280017
0.09657006424637356
0.09436966368884836
0.03349844417172596
0.039431705963389456
0.04506591232736086
0.08450711893125414
0.024590216732829445
0.13794423907907183
0.059079284101070884
4.892206002945292E-4
0.023601960285033398
0.0519778517080681
0.0660169559362929
0.08669250862500243
0.01520770109484058
0.024637057457500815
0.04963738625006056
4.0072219368163936E-4
0.13506940998095526
0.06147173150212355
0.03545087209116958
0.041885432349552006
0.08982337108382965
0.0389216243467735
0.04965376062674388
0.06591358067392092
0.09047057603317502
0.005912670256319606
0.05067168174062792
0.00972968124303937
0.05623157718183933
0.07001614090136603
0.18684856455940668
0.07011186079297758
0.032662939733976326
0.10847573848456052
0.028741123690528298
0.008310467015038236
0.23747571697179526
0.13336822460364642
0.019212809474502813
0.05313152558753699
0.08293416732177997
0.130879118477246
0.008463224111755372
0.07403994783094694
0.08481180774444098
0.0851918808412621
0.0555785610103502
0.02697967336316639
0.08529005844054457
0.052740998909117334
0.003083708417438907
0.020837834939929755
0.11725414201590054
0.0034099884198121352
0.13458546166782973
0.13856559953202524
0.06604934321282632
0.015134072923196856
0.06524859908533313
0.09889426194845378
0.10375108170065307
0.0032439359951680047
0.031712468640269255
0.04130187716131821
0.0872353165368472
0.04402303280584565
0.03170470043173921
0.0811138810382465
0.026400191444869433
0.027328502046357298
0.010574687844180251
0.09251911547475264
0.022406583376233073
0.004380495881245225
0.07116527249200551
0.05224984208363856
0.04697930294279244
0.04016885959544025
0.0864926309592613
0.059055222165495816
0.09343764514576673
0.045314868181095404
0.017710141040157272
0.09487891042493705
0.11153805679446635
0.002600035433748295
0.059028380469037516
0.008880338471350231
0.10750080921871355
0.11594401290784409
0.06159264364375204
0.03131433318604065
0.061781827506921204
0.06119960104298748
0.0226160486856037
0.07636348866570183
0.10170649491574629
0.08389464393971015
0.08666707538314311
0.06904410384198142
0.06644564932427328
0.04596740313918639
0.06737185062339651
0.20974249662109234
0.04669588802256296
0.1332938512222281
0.04458685059490349
0.09416463527530258
0.025496132584549646
0.05929025149396203
0.08229211370652333
0.02473523131792563
0.04929104419744815
0.0535338239651294
0.041614367087934714
0.2234480454140858
0.15452394376124995
0.03493774345639356
0.004264886142490498
0.12067109561249043
0.009440589791418976
0.08247227811176089
0.23786523917852942
0.04157889933741625
0.04292065623001224
0.1179911686268593
0.12928662012770886
0.08039956231080382
0.1720505394862973
0.18825075696809745
0.44801816043646797
0.054752712968476246
0.034145370181732845
0.2552467415346481
0.1320265606181255
0.05073824151458183
0.17476567298966145
0.01139345631700177
0.05609824100056758
0.06255926307720289
0.05550387668917063
0.22919617974997494
0.2169898867239629
0.1103494839891963
0.23376601353128826
0.018118217209771893
0.011052511837234068
0.03271935014254341
0.06718489980969902
0.0010314928051808666
0.06760600591556158
0.31882779023631463
0.24734479784149732
0.2783531070161257
0.39322292952178134
0.10614771249170013
0.6232599534667769
0.2699693010961638
0.22827332821303295
0.17860147716480937
0.0849524463413616
0.5483442780260925
0.03172235862474654
0.0664851642873538
0.22159085246545746
0.02348202000397914
0.24968394563363702
0.012318528728750385
0.5815813191952568
0.8695619380356937
0.06103026185726527
0.07800724351417396
0.04475306469462656
0.020853867532450963
0.20207189207655427
0.019102198382136993
0.2739239290675889
0.1361724766202774
0.647951940010807
0.4331481253045774
1.0
0.7190662198641633
0.1511328755311275
0.0943170500877168
0.5095975357923102
0.32915376365270316
0.847567055111355
0.6133589332024355
0.469041857405631
0.07982881704620934
0.6822583035357183
0.4731402597740771
0.6259273178115229
0.34780797010843834
0.1347241796146609
0.6798017064044615
0.2131735681267931
0.7325000504628199
0.1389519787024213
0.30656521882580046
0.017660293250721024
0.4209451474725701
0.03155888193335097
0.16361304748131425
0.7002827363729441
0.054243982187664755
0.015425606497371049
0.2886075011652606
0.15965334880074886
0.5638081109524137
0.35816845553075327
0.5099376672131778
0.2502269674348832
0.01400136764102736
0.013030503333230106
0.08965394310092599
0.34853323447074996
0.30084743080565135
0.30960852369502134
0.3737021159473175
0.24131409085439057
0.09469788359256202
0.3938622126662845
0.12711126156751776
0.3671691319746748
0.1758059909382991
0.39074413738139957
0.016782306082272515
0.2239824357832668
0.09594737682224107
0.6059472821946696
0.12203714486068289
0.040514729072528885
4.4623098722288573E-4
0.06347407077172611
0.1105321569523547
0.055784312946946364
0.023030552566939897
0.09250461337029053
0.09071222363125524
0.06865683045316846
0.14874927844522207
0.05629893439996813
0.023604498388657455
0.06280079827091486
0.08198707880160479
4.4362657230735214E-4
0.03861654039398127
0.061265377153775724
0.04574787474133472
0.10827292393531208
0.11055031208165841
0.04062894019865787
0.05016119452109876
0.11748729708173662
0.08358136292071745
0.03517092802288313
0.039954598238894405
0.11889797779963837
0.012928789106808494
0.09235583995374312
0.025668330905193378
0.007547240620640821
0.018947240037346495
0.01707246288529803
0.11109084576877575
0.14462605120029814
0.08675100424031112
0.01843565633346233
0.13835033697698118
0.21675599076666852
0.006330224817894267
0.017144101331166225
0.05859014217846279
0.0929808765543641
0.03145435930505149
0.017658597183194794
0.15636238344510772
0.055427995724382166
0.22182978851203777
0.02127607190107004
0.14050357227774138
0.07933659193056607
0.011336527286075438
0.18295390158145178
0.1333126143328247
0.08654098317903086
0.01515647826207062
0.046638549215535674
0.11736802678392146
0.028242879162006105
0.014906138430989747
0.0335451683608884
0.004380144168836497
0.008253356299454197
0.05803361011598108
0.03667178303612557
0.01535719026986696
0.012186747074353396
0.0551831235646634
0.1377031078290498
0.04618772039281768
0.013571890185715836
0.04979581069861397
0.03725945196661574
0.13398128256934055
0.2278881911965342
0.11597499335230402
0.09464069841881703
0.10048030872430802
0.045921661994645466
0.15762790370307803
0.09995655374229044
0.1504844842711679
0.14828225656064895
0.029994529678966562
0.042398545026191975
0.06743666076300033
0.021103096474065896
0.0534039497112074
0.07728957819355634
