0.0
0.09775364385174498
0.01994582183076216
0.0010543901627130094
0.1781926598690948
0.05255672952244923
0.06961874340846815
0.07661603814499009
0.08670374480759362
0.06409660245319652
0.03239444055228528
0.17095931642674064
0.04824460033729171
0.1267245450213083
0.013542926565012816
0.006853039023609033
0.08671735903224892
0.0793923260562524
0.02844694652608548
0.043259526167104566
0.009499988775978253
0.12268653386973088
0.00462649243288617
0.005806503252353488
0.1446014018110377
0.02860466009939077
0.07642290798261296
0.05709111675899204
0.051714530225069624
0.03771114201617542
0.009723326462467896
0.027522061334395134
0.032379559337985135
0.16994481296730077
0.023728370451778148
0.031188210382863686
0.024798799312096494
0.05333977447538689
0.10486778875941885
0.06141889495405022
0.048893959141846126
0.07592785545564935
0.05116319910178731
0.007536925097691667
0.022045919339229225
0.019428518573964004
0.01300318320164186
0.009995469438953271
0.01941606110275983
0.04645036425289319
0.006158120399261022
0.09883653300672793
0.006341916064253324
0.04978162937570477
0.00872392987925074
0.02292799435660759
0.028065531989471877
0.02596719339003476
0.03316057508933644
0.005570240876985411
0.039129974790634195
0.04092518936442813
0.018291133175298645
0.009365019139098959
0.07304306098909806
0.09740514919124967
0.004357624756529623
0.07589797555143983
0.0244452398850106
0.0010766194075124936
0.06532110618952679
0.05855357791387672
0.02359908804780144
0.08451148850593751
0.02014424605800882
0.019058255340012927
0.03662839874462723
0.04964873430615953
0.014718393288976001
0.10461815194988568
0.06454934812595428
0.0012536858753300448
0.011585398464310056
0.09982710467743518
0.12738836955259697
0.05776826705503333
0.045764729597416454
0.0732166414528196
0.24959992153424224
0.1530548840132885
0.3279916041055809
0.3795437548657531
0.15176018894481264
0.3987682999313049
0.1973028575871439
0.07310824209171614
0.07037393907592263
0.37815378102061026
0.05729496123508009
0.02838318976647205
0.3522657188938378
0.08567886720530102
0.18082974603426946
0.2223923945903779
0.10857875378624611
0.12426299766142947
0.20394272475951616
0.14379578553945893
0.14212412747712616
0.02086682539312139
0.1780558814808534
0.0659525349054695
0.18398465048679497
0.24024362380246742
0.17283682755737723
0.09633378246980687
0.3549039867174965
0.14448959361379854
0.14894576567881418
0.12458207519646493
0.19009217381752266
0.3831214193126748
0.17639700404307143
0.10739508676269884
0.4271054829475949
0.14452637575531194
0.06524698629535558
0.5217769002389004
0.38289806072546806
0.26242981501289997
0.30206049237881755
0.09383103922709717
0.32079577172806567
0.008457963672997658
0.00752659565730399
0.001281330112882746
0.40488227442345404
0.25872399682011615
0.30203412791100287
0.2854892591061123
0.6127573695181958
0.2281531745494599
0.14216248759247588
0.39408653961931556
0.30579111693966265
0.06790840896363982
0.3235132483532354
0.38696666940908314
0.11968383216351937
0.34514332617051796
0.21608357836460615
0.11934104145322783
1.0
0.34010648823506
0.11584704671437225
0.4317202441157652
0.6299045647273873
0.3245928580294579
0.25084487922882576
0.32234201362785997
0.06461496478101801
0.0836723871518913
0.023465367389123064
0.16044194749146384
0.13643428330234092
0.17562432250741786
0.0182865767398592
0.19297481981581244
0.020439815708750825
0.3490963765399548
0.1334442417534385
0.7727200649157276
0.24245580807667913
0.1572083669489068
0.058090425855306535
0.1855259618502297
0.040983591684776735
0.08057765903404818
0.1765145218692256
0.029122617505772344
0.06439442535899138
0.03030199723563271
0.04511416565016559
0.16873719106650809
0.04404975251899723
0.09784200294793596
0.08324368170864213
0.08900272896835636
0.28614484364579124
0.18164296508259922
0.0885421626107881
0.08380210358083165
0.029931435800175956
0.018690456197642865
0.06746810221262411
0.12542967752884734
0.03844003989389325
0.21660306545780547
0.021064012998154153
0.002167045652203718
0.0689884880790745
0.01625053144877769
0.1404313139385903
0.06133622058289975
0.024930791260176964
0.06890097648461797
0.046330023247502385
0.0017321584896895779
0.0401296054484394
0.015886854285823065
0.020473969281249848
0.02533700632890197
0.036612066418857295
0.016672747448437025
0.035915846805469324
0.028894490756660004
0.029095648398739918
0.06874152377583025
0.10270783305719275
0.05775127376228004
0.0976079632280069
0.06199989921979746
0.021041775917475875
0.04991487238810205
0.011337395053958395
0.05493738146902381
0.021072944110856365
0.011197234143859128
0.0275880566699677
0.005367030666866958
0.0075878560101533135
0.024824367153079764
0.10441174008085104
0.004935800832983034
0.13344675785433457
0.06513254549511664
0.02495052018287955
0.07903119308822595
0.04981684665822253
0.057601007868163835
0.045796168744831965
0.022746884861076348
0.08980336299425705
0.019620022180802263
0.018344637408449552
0.06536313914841421
0.06650824744601867
0.0025556508811487018
0.027291101361736125
0.023911572009526174
0.10750632048335827
0.009525244614127498
0.058763192353560395
0.049712691665848324
0.02633634581480735
0.06593518047913098
0.026106738099799666
0.06738677035922465
0.025116243953748316
0.06287790867512649
0.10143866746984496
0.013309982311932159
0.06563206213676363
0.011979106851620704
0.013954183572951853
0.06738112551584585
0.024573251915394886
0.014132716154803505
0.13635727044080553
0.03549655647798591
0.056289506777598655
0.07009207144161801
0.02798941795219003
0.038274763802072335
0.09104191011798644
0.01863985732595266
0.08233948612811538
0.059544223289541336
0.05348999100017502
0.05174436619353396
0.006422376416932299
0.010783120067019132
0.01984784709364634
0.03687900603071138
0.009464097311139473
0.017652627717727687
0.022538447436341237
0.10272759208913522
0.03085457772380063
0.016119119138254694
0.02598369722214843
0.009546730778215176
6.343691382330037E-4
0.03715161599908088
0.0502466204497508
0.0440131463284463
0.05245461959939586
4.3457491062912383E-4
0.06048918709283087
0.17043557042085877
0.0101396764851849
0.041934941134056415
0.043273165114884465
0.012424898200864967
0.009329319019359681
0.017683963683089544
0.07886249937875098
0.016912941788657338
1.469897812538539E-17
0.06820330249032913
0.004003221097477739
0.002787846567333956
0.0677810790416096
0.021926217798044562
0.02339939759547486
0.05739388235570904
0.05158055712995011
0.02246380742891804
0.01878508175806657
0.056988649868571384
0.03553124229520937
0.056407809430784155
0.030901681659022833
0.013522811131458583
0.06179405190875289
0.057882631375762314
0.029478402706879958
0.11175078256305766
0.02887874062244141
0.043913307961467876
0.12885650089251616
0.0764370650083965
0.02849571272313376
0.031661159045239064
0.06153414153662552
0.048069198155833076
0.014868780337458155
0.11434880181740519
0.027708315338389612
0.012309400406545486
0.045049580293986737
0.09350481850421097
0.007279084565486252
0.011089318856234463
0.019649234629246996
0.03904994137087403
0.02372290287374634
0.031905611138174514
0.012670576659183386
0.03132872199461696
0.0563802971598469
0.017482188739662292
0.020862570711727556
0.011531017552005437
0.014347972213381445
0.09466090774031469
0.11206613554554001
0.05628775575067983
0.011913812668406262
0.06756765999280616
0.025454853022089136
0.033791494224719366
0.03443510517896889
0.06535710288155579
0.005695357750456126
0.0415664775172936
0.034863505525907085
0.028488502063319265
0.11449480809738641
0.07150826238084478
0.024072604434335294
0.025580041047850867
0.048046996246176824
0.01836373801625457
0.002041223490661737
0.09697073252533113
0.0021336487056560186
0.055117026741692624
0.059297551529864316
0.03303078789786532
0.05341417233733892
0.002683080507428057
0.011719448165040199
0.052478536396700734
0.1540958190370016
0.04964873430615953
0.08574615486688822
0.004602523143232396
0.031945678618757654
0.048047546626073294
0.018285688201734714
0.010988309514722367
0.05246195641836062
0.04539429970749175
0.00786063798968746
0.005052586440766576
0.04175294652069217
0.058365702742357715
0.006849078679169391
0.045599043167531814
0.007766745100437618
0.011305118240870854
0.01642448718352446
0.023268301394920882
0.017859911785781328
0.011551636758614332
0.011960153784777305
0.004069511206152697
0.01591100158016306
0.0445871355420832
0.053897872278437335
0.06694497338294293
0.013345715276490068
0.019610602156282263
0.02660189278085355
0.1067243608124787
0.037091701780644006
0.03433433367072725
0.05545271150797571
0.007429767509205409
0.014308946518009768
0.005345593898676601
0.0671263174074622
0.027908588992630604
0.007759573450912956
0.02654076589315721
0.004554609593520741
0.011135649671753007
0.07366097834082665
0.0025273215427526704
0.01667424324774334
0.09065268660105087
0.0751606823210699
0.10146097623339119
0.011898631243397528
0.049038967324890506
0.026026043494375147
0.018482973551663787
0.01993325280171845
0.027658843638043242
0.010176353213315838
0.07352694653071465
0.03731216293123242
0.07661077614128009
0.031285269615181584
0.015506758218344505
0.05030928553191785
0.039303185674558094
0.024858648383875897
0.02465033389392737
0.036201693390993876
0.07390042423186001
0.040315366859982896
0.021925923303170794
0.08520738846933032
0.013703800031872085
0.05643655616676342
0.035790561889888176
0.0036437716062731724
0.011449161145800782
0.0502997613956389
0.09895978474306934
0.08274789051026588
0.09895978474306934
0.0502997613956389
0.011449161145800782
0.0036437716062731724
0.035790561889888176
0.05643655616676342
0.013703800031872085
0.08520738846933032
0.021925923303170794
0.040315366859982896
0.07390042423186001
0.036201693390993876
0.02465033389392737
0.024858648383875897
0.039303185674558094
0.05030928553191785
0.015506758218344505
0.031285269615181584
0.07661077614128009
0.03731216293123242
0.07352694653071465
0.010176353213315838
0.027658843638043242
0.01993325280171845
0.018482973551663787
0.026026043494375147
0.049038967324890506
0.011898631243397528
0.10146097623339119
0.0751606823210699
0.09065268660105087
0.01667424324774334
0.0025273215427526704
0.07366097834082665
0.011135649671753007
0.004554609593520741
0.02654076589315721
0.007759573450912956
0.027908588992630604
0.0671263174074622
0.005345593898676601
0.014308946518009768
0.007429767509205409
0.05545271150797571
0.03433433367072725
0.037091701780644006
0.1067243608124787
0.02660189278085355
0.019610602156282263
0.013345715276490068
0.06694497338294293
0.053897872278437335
0.0445871355420832
0.01591100158016306
0.004069511206152697
0.011960153784777305
0.011551636758614332
0.017859911785781328
0.023268301394920882
0.01642448718352446
0.011305118240870854
0.007766745100437618
0.045599043167531814
0.006849078679169391
0.058365702742357715
0.04175294652069217
0.005052586440766576
0.00786063798968746
0.04539429970749175
0.05246195641836062
0.010988309514722367
0.018285688201734714
0.048047546626073294
0.031945678618757654
0.004602523143232396
0.08574615486688822
0.04964873430615953
0.1540958190370016
0.052478536396700734
0.011719448165040199
0.002683080507428057
0.05341417233733892
0.03303078789786532
0.059297551529864316
0.055117026741692624
0.0021336487056560186
0.09697073252533113
0.002041223490661737
0.01836373801625457
0.048046996246176824
0.025580041047850867
0.024072604434335294
0.07150826238084478
0.11449480809738641
0.028488502063319265
0.034863505525907085
0.0415664775172936
0.005695357750456126
0.06535710288155579
0.03443510517896889
0.033791494224719366
0.025454853022089136
0.06756765999280616
0.011913812668406262
0.05628775575067983
0.11206613554554001
0.09466090774031469
0.014347972213381445
0.011531017552005437
0.020862570711727556
0.017482188739662292
0.0563802971598469
0.03132872199461696
0.012670576659183386
0.031905611138174514
0.02372290287374634
0.03904994137087403
0.019649234629246996
0.011089318856234463
0.007279084565486252
0.09350481850421097
0.045049580293986737
0.012309400406545486
0.027708315338389612
0.11434880181740519
0.014868780337458155
0.048069198155833076
0.06153414153662552
0.031661159045239064
0.02849571272313376
0.0764370650083965
0.12885650089251616
0.043913307961467876
0.02887874062244141
0.11175078256305766
0.029478402706879958
0.057882631375762314
0.06179405190875289
0.013522811131458583
0.030901681659022833
0.056407809430784155
0.03553124229520937
0.056988649868571384
0.01878508175806657
0.02246380742891804
0.05158055712995011
0.05739388235570904
0.02339939759547486
0.021926217798044562
0.0677810790416096
0.002787846567333956
0.004003221097477739
0.06820330249032913
1.469897812538539E-17
0.016912941788657338
0.07886249937875098
0.017683963683089544
0.009329319019359681
0.012424898200864967
0.043273165114884465
0.041934941134056415
0.0101396764851849
0.17043557042085877
0.06048918709283087
4.3457491062912383E-4
0.05245461959939586
0.0440131463284463
0.0502466204497508
0.03715161599908088
6.343691382330037E-4
0.009546730778215176
0.02598369722214843
0.016119119138254694
0.03085457772380063
0.10272759208913522
0.022538447436341237
0.017652627717727687
0.009464097311139473
0.03687900603071138
0.01984784709364634
0.010783120067019132
0.006422376416932299
0.05174436619353396
0.05348999100017502
0.059544223289541336
0.08233948612811538
0.01863985732595266
0.09104191011798644
0.038274763802072335
0.02798941795219003
0.07009207144161801
0.056289506777598655
0.03549655647798591
0.13635727044080553
0.014132716154803505
0.024573251915394886
0.06738112551584585
0.013954183572951853
0.011979106851620704
0.06563206213676363
0.013309982311932159
0.10143866746984496
0.06287790867512649
0.025116243953748316
0.06738677035922465
0.026106738099799666
0.06593518047913098
0.02633634581480735
0.049712691665848324
0.058763192353560395
0.009525244614127498
0.10750632048335827
0.023911572009526174
0.027291101361736125
0.0025556508811487018
0.06650824744601867
0.06536313914841421
0.018344637408449552
0.019620022180802263
0.08980336299425705
0.022746884861076348
0.045796168744831965
0.057601007868163835
0.04981684665822253
0.07903119308822595
0.02495052018287955
0.06513254549511664
0.13344675785433457
0.004935800832983034
0.10441174008085104
0.024824367153079764
0.0075878560101533135
0.005367030666866958
0.0275880566699677
0.011197234143859128
0.021072944110856365
0.05493738146902381
0.011337395053958395
0.04991487238810205
0.021041775917475875
0.06199989921979746
0.0976079632280069
0.05775127376228004
0.10270783305719275
0.06874152377583025
0.029095648398739918
0.028894490756660004
0.035915846805469324
0.016672747448437025
0.036612066418857295
0.02533700632890197
0.020473969281249848
0.015886854285823065
0.0401296054484394
0.0017321584896895779
0.046330023247502385
0.06890097648461797
0.024930791260176964
0.06133622058289975
0.1404313139385903
0.01625053144877769
0.0689884880790745
0.002167045652203718
0.021064012998154153
0.21660306545780547
0.03844003989389325
0.12542967752884734
0.06746810221262411
0.018690456197642865
0.029931435800175956
0.08380210358083165
0.0885421626107881
0.18164296508259922
0.28614484364579124
0.08900272896835636
0.08324368170864213
0.09784200294793596
0.04404975251899723
0.16873719106650809
0.04511416565016559
0.03030199723563271
0.06439442535899138
0.029122617505772344
0.1765145218692256
0.08057765903404818
0.040983591684776735
0.1855259618502297
0.058090425855306535
0.1572083669489068
0.24245580807667913
0.7727200649157276
0.1334442417534385
0.3490963765399548
0.020439815708750825
0.19297481981581244
0.0182865767398592
0.17562432250741786
0.13643428330234092
0.16044194749146384
0.023465367389123064
0.0836723871518913
0.06461496478101801
0.32234201362785997
0.25084487922882576
0.3245928580294579
0.6299045647273873
0.4317202441157652
0.11584704671437225
0.34010648823506
1.0
0.11934104145322783
0.21608357836460615
0.34514332617051796
0.11968383216351937
0.38696666940908314
0.3235132483532354
0.06790840896363982
0.30579111693966265
0.39408653961931556
0.14216248759247588
0.2281531745494599
0.6127573695181958
0.2854892591061123
0.30203412791100287
0.25872399682011615
0.40488227442345404
0.001281330112882746
0.00752659565730399
0.008457963672997658
0.32079577172806567
0.09383103922709717
0.30206049237881755
0.26242981501289997
0.38289806072546806
0.5217769002389004
0.06524698629535558
0.14452637575531194
0.4271054829475949
0.10739508676269884
0.17639700404307143
0.3831214193126748
0.19009217381752266
0.12458207519646493
0.14894576567881418
0.14448959361379854
0.3549039867174965
0.09633378246980687
0.17283682755737723
0.24024362380246742
0.18398465048679497
0.0659525349054695
0.1780558814808534
0.02086682539312139
0.14212412747712616
0.14379578553945893
0.20394272475951616
0.12426299766142947
0.10857875378624611
0.2223923945903779
0.18082974603426946
0.08567886720530102
0.3522657188938378
0.02838318976647205
0.05729496123508009
0.37815378102061026
0.07037393907592263
0.07310824209171614
0.1973028575871439
0.3987682999313049
0.15176018894481264
0.3795437548657531
0.3279916041055809
0.1530548840132885
0.24959992153424224
0.0732166414528196
0.045764729597416454
0.05776826705503333
0.12738836955259697
0.09982710467743518
0.011585398464310056
0.0012536858753300448
0.06454934812595428
0.10461815194988568
0.014718393288976001
0.04964873430615953
0.03662839874462723
0.019058255340012927
0.02014424605800882
0.08451148850593751
0.02359908804780144
0.05855357791387672
0.06532110618952679
0.0010766194075124936
0.0244452398850106
0.07589797555143983
0.004357624756529623
0.09740514919124967
0.07304306098909806
0.009365019139098959
0.018291133175298645
0.04092518936442813
0.039129974790634195
0.005570240876985411
0.03316057508933644
0.02596719339003476
0.028065531989471877
0.02292799435660759
0.00872392987925074
0.04978162937570477
0.006341916064253324
0.09883653300672793
0.006158120399261022
0.04645036425289319
0.01941606110275983
0.009995469438953271
0.01300318320164186
0.019428518573964004
0.022045919339229225
0.007536925097691667
0.05116319910178731
0.07592785545564935
0.048893959141846126
0.06141889495405022
0.10486778875941885
0.05333977447538689
0.024798799312096494
0.031188210382863686
0.023728370451778148
0.16994481296730077
0.032379559337985135
0.027522061334395134
0.009723326462467896
0.03771114201617542
0.051714530225069624
0.05709111675899204
0.07642290798261296
0.02860466009939077
0.1446014018110377
0.005806503252353488
0.00462649243288617
0.12268653386973088
0.009499988775978253
0.043259526167104566
0.02844694652608548
0.0793923260562524
0.08671735903224892
0.006853039023609033
0.013542926565012816
0.1267245450213083
0.04824460033729171
0.17095931642674064
0.03239444055228528
0.06409660245319652
0.08670374480759362
0.07661603814499009
0.06961874340846815
0.05255672952244923
0.1781926598690948
0.0010543901627130094
0.01994582183076216
0.09775364385174498
