0.18377174645022498
0.1837294846857213
0.1836054059521597
0.18340758342534413
0.18314931805034934
0.18284890934022738
0.18252933910377084
0.18221787263850314
0.18194558311729958
0.18174680601322446
0.18165853143240268
0.18171974314525674
0.1819707139098271
0.18245226735620707
0.18320501723906749
0.18426859525827236
0.18568087888998697
0.18747723075868375
0.18968976101226842
0.19234662393837287
0.19547135968193263
0.19908229139666625
0.2031919874921614
0.20780679783194783
0.2129264718059791
0.21854386515480417
0.22464474127531098
0.23120767150361282
0.2382040375648847
0.24559813801926286
0.2533473991345508
0.2614026891983108
0.26970873386216243
0.2782046287081161
0.28682444385877737
0.2954979141382103
0.3041512070454792
0.3127077596450385
0.32108917442278395
0.3292161632181812
0.33700952753448654
0.34439116286222704
0.3512850741356088
0.3576183890854383
0.3633223560615159
0.36833331287637466
0.37259361337269065
0.3760524987385304
0.3786669010855702
0.38040216746116895
0.3812326932792099
0.3811424551185222
0.3801254339410559
0.3781859210126259
0.3753387001531239
0.3716091013852505
0.36703292257433884
0.36165621723892166
0.355534948343517
0.34873450954225965
0.34132911700446833
0.3334010766008616
0.3250399328416943
0.31634150751563817
0.3074068374613055
0.29834102229316606
0.2892519941824516
0.28024922294484916
0.2714423706951244
0.2629399111806227
0.2548477295889417
0.2472677191299432
0.24029639101067787
0.23402351454790446
0.22853080409305213
0.22389066917739814
0.2201650438218668
0.2174043102995325
0.21564633179520418
0.21491560738325624
0.21522256155216538
0.21656297915409764
0.21891759516441203
0.2222518470149192
0.22651579553359247
0.23164421870104737
0.23755688054053783
0.2441589755145585
0.2513417468291659
0.2589832750691736
0.2669494316259877
0.27509498945756367
0.28326488185904825
0.291295598144859
0.2990167034691763
0.3062524684619882
0.3128235929505763
0.31854900678878734
0.32324772974406696
0.3267407715085682
0.3288530522172402
0.32941532338190926
0.32826606889306004
0.32525336570484653
0.3202366840059846
0.31308860708921515
0.3036964517620843
0.29196377098651527
0.27781172148617567
0.2611802803088441
0.24202929576335425
0.22033935975269073
0.1961124902798679
0.16937261479298976
0.1401658470404328
0.10856055220508107
0.07464719725552604
0.03853798566876311
3.6627791919563023E-4
0.039714198631666045
0.08153034459596614
0.12489088015682027
0.16958772329640873
0.2153975425534531
0.26208347033142215
0.3093969610407564
0.35707977677892694
0.4048660818489392
0.45248462620574514
0.49966099691464344
0.5461199159176275
0.5915875618418555
0.6357938932556451
0.678474950685688
0.7193751148560471
0.7582492989937869
0.794865053664037
0.8290045634426306
0.8604665157982674
0.8890678238273129
0.9146451859492133
0.9370564673135373
0.9561818894731303
0.9719250168224873
0.9842135303652176
0.9929997815371576
0.9982611210489936
1.0
0.9982438428280557
0.993044693975534
0.9844786424410292
0.97264503062858
0.9576654560750275
0.9396825767091481
0.9188587322511249
0.895374396176968
0.8694264743304305
0.8412264677473574
0.810998518548783
0.7789773588461045
0.7454061834733141
0.7105344680088542
0.6746157539671234
0.6379054232233223
0.6006584836842979
0.5631273879338439
0.5255599060677891
0.4881970731988184
0.45127123116246487
0.4150041828055532
0.3796054759001997
0.3452708322159737
0.312180735617501
0.2804991912538321
0.2503726659898498
0.22192921822066083
0.19527782312995107
0.170507897326093
0.147689024639106
0.12687088271132776
0.10808336788859085
0.09133691384019205
0.07662299732767809
0.0639148226262094
0.053168174298615346
0.04432242635040253
0.03730169427153873
0.032016115113579366
0.028363239572474736
0.026229519059868502
0.02549186995835767
0.02601929667612686
0.027674554748312253
0.030315835078660164
0.033798450475300036
0.03797650590612098
0.04270453437725669
0.04783908101516875
0.053240218799153596
0.05877298043505914
0.06430869206889234
0.06972619589535647
0.07491295020409479
0.0797659970070582
0.08419278908432674
0.08811187005231008
0.09145340287627308
0.09415954409686417
0.09618466289590506
0.09749540596829502
0.09807061097304755
0.09790107308629593
0.09698917085252608
0.0953483591083018
0.09300253821759906
0.0899853101933039
0.08633913347084349
0.08211438913453131
0.07736837226418626
0.07216422276019663
0.06656981051286036
0.06065659010220885
0.054498440345546496
0.04817050395182911
0.041748042297256226
0.03530531990977601
0.02891453264847097
0.022644792795948037
0.016561183358773157
0.010723892805352846
0.005187440276799262
0.0
0.00479716776960774
0.00917017342709075
0.013092838007866259
0.016546913753622463
0.019522184114945676
0.02201644364568832
0.024035359817742012
0.025592220318256153
0.026707570865627743
0.027408749977739462
0.02772932842898744
0.027708462325883313
0.02739016980016502
0.026822542250730254
0.02605690185039726
0.025146917661463385
0.02414769316822199
0.023114838330022074
0.022103539382247583
0.021167639564023205
0.020358743731944927
0.01972535943223303
0.01931208645501702
0.019158866191610693
0.01930030126811311
0.019765054947769915
0.020575338693153176
0.02174649507174448
0.023286681890603025
0.02519666207421111
0.027469702371958032
0.030091582516331906
0.03304071496847689
0.03628837390325513
0.039799030620244744
0.04353079113881754
0.04743593036272622
0.051461515899897975
0.05555011341286561
0.05964056426982058
0.06366882527966133
0.06756885943917522
0.07127356590749592
0.07471573686133089
0.07782902848134474
0.08054893308074115
0.08281373931467302
0.08456546750472088
0.08575076737530214
0.08632176592540679
0.08623685374436467
0.08546139881729846
0.08396837774548899
0.08173891531825733
0.07876272450369269
0.07503844016166122
0.07057384110871495
0.06538595656436187
0.05950105446425569
0.052954510620139894
0.04579055922019129
0.0380619266778952
0.02982935233379169
0.02116100097361963
0.012131773530231382
0.0028225236674559464
0.006680810814959506
0.016288151680857996
0.025906287971917418
0.03543993576482794
0.04479283726207809
0.05386888592379041
0.06257326392689466
0.07081357798470408
0.07850097947847637
0.08555125494448876
0.09188587322511249
0.09743297602780343
0.1021282992371791
0.10591601308575763
0.10874947019982072
0.11059185158774135
0.11141670181667879
0.11120834591598353
0.10996218193662052
0.10768484456889907
0.1043942367581754
0.10011942784151441
0.09490041833849837
0.08878777314698318
0.08184212650001288
0.07413356361373939
0.06574088547886948
0.05675076470115021
0.0472568016618297
0.0373584915299696
0.027160113799229463
0.016769557027973007
0.006297092320516647
0.004145890211959226
0.0144481672390591
0.0244999751169246
0.03419429460267059
0.04342811207174422
0.05210364211954535
0.06012949679771305
0.06742178728293365
0.07390514449616564
0.07951364607496116
0.08419163814123007
0.08789444148957654
0.09058893313375944
0.0922539955757561
0.09288082768683942
0.09247311269523774
0.09104704044157076
0.08863118277175366
0.08526622266729662
0.08100453944441087
0.07590965406550783
0.07005554027912093
0.06352580891699748
0.05641277421071156
0.04881641242615315
0.04084322443523731
0.032605015034056134
0.024217602860856866
0.015799475652752047
0.0074704062958510925
6.499543395617647E-4
0.008443491436128424
0.01579503063582583
0.022593716345770905
0.02873434770029043
0.03411865635466512
0.03865651089206271
0.04226703341239145
0.044879614831548106
0.04643481654114565
0.046885147349678115
0.04619570603183541
0.04434468133727199
0.04132370293610147
0.03713803848699899
0.03180663378530504
0.025361994762377885
0.01784991194253875
0.00932902979886981
1.2973473762229265E-4
0.010443918590662175
0.021520375941854325
0.033256269370446484
0.045540177856457566
0.05825330937580497
0.07127080455591348
0.08446311675322925
0.097697452973485
0.11083925929292679
0.12375373386345258
0.13630735020396686
0.14836937329923006
0.15981335104874536
0.17051856383210864
0.18037141538169302
0.18926674877416197
0.19710907216241466
0.2038136798602371
0.20930765555212563
0.21353074571740682
0.21643609281601006
0.2179908193664567
0.21817645573674385
0.2169892062464545
0.21444005002319108
0.21055467494706373
0.20537324493163556
0.19895000270628208
0.19135271216114852
0.1826619461697537
0.17297022759422254
0.16238103288324765
0.15100766927327477
0.1389720380803008
0.1264032979057524
0.11343644275941035
0.10021081111132599
0.08686854271113696
0.07355300064724397
0.06040717655226962
0.04757209708972623
0.03518524987687325
0.023379046809767906
0.012279342360352137
0.0020040238163217356
0.007338310360900819
0.015649568867620534
0.02284326854549196
0.02884550531447099
0.03359578381084959
0.037047696092104385
0.039169441485330816
0.039944181464481546
0.03937022532272161
0.03746104433832749
0.034245114093457804
0.029765586572206664
0.02407979561493661
0.01725860121744743
0.00938558001398536
5.560710510243188E-4
0.00912391237629974
0.019538892510556474
0.03056524482414299
0.04207260865407282
0.053925374741244814
0.06598423274437219
0.07810776110098616
0.09015404111221323
0.10198227684018442
0.11345440233042253
0.1244366578073574
0.1348011168377903
0.1444271470107628
0.15320278743660404
0.16102602731431234
0.16780597094404254
0.17346387585738438
0.1779340521874475
0.1811646129868558
0.18311806690635374
0.18377174645022498
0.18311806690635374
0.1811646129868558
0.1779340521874475
0.17346387585738438
0.16780597094404254
0.16102602731431234
0.15320278743660404
0.1444271470107628
0.1348011168377903
0.1244366578073574
0.11345440233042253
0.10198227684018442
0.09015404111221323
0.07810776110098616
0.06598423274437219
0.053925374741244814
0.04207260865407282
0.03056524482414299
0.019538892510556474
0.00912391237629974
5.560710510243188E-4
0.00938558001398536
0.01725860121744743
0.02407979561493661
0.029765586572206664
0.034245114093457804
0.03746104433832749
0.03937022532272161
0.039944181464481546
0.039169441485330816
0.037047696092104385
0.03359578381084959
0.02884550531447099
0.02284326854549196
0.015649568867620534
0.007338310360900819
0.0020040238163217356
0.012279342360352137
0.023379046809767906
0.03518524987687325
0.04757209708972623
0.06040717655226962
0.07355300064724397
0.08686854271113696
0.10021081111132599
0.11343644275941035
0.1264032979057524
0.1389720380803008
0.15100766927327477
0.16238103288324765
0.17297022759422254
0.1826619461697537
0.19135271216114852
0.19895000270628208
0.20537324493163556
0.21055467494706373
0.21444005002319108
0.2169892062464545
0.21817645573674385
0.2179908193664567
0.21643609281601006
0.21353074571740682
0.20930765555212563
0.2038136798602371
0.19710907216241466
0.18926674877416197
0.18037141538169302
0.17051856383210864
0.15981335104874536
0.14836937329923006
0.13630735020396686
0.12375373386345258
0.11083925929292679
0.097697452973485
0.08446311675322925
0.07127080455591348
0.05825330937580497
0.045540177856457566
0.033256269370446484
0.021520375941854325
0.010443918590662175
1.2973473762229265E-4
0.00932902979886981
0.01784991194253875
0.025361994762377885
0.03180663378530504
0.03713803848699899
0.04132370293610147
0.04434468133727199
0.04619570603183541
0.046885147349678115
0.04643481654114565
0.044879614831548106
0.04226703341239145
0.03865651089206271
0.03411865635466512
0.02873434770029043
0.022593716345770905
0.01579503063582583
0.008443491436128424
6.499543395617647E-4
0.0074704062958510925
0.015799475652752047
0.024217602860856866
0.032605015034056134
0.04084322443523731
0.04881641242615315
0.05641277421071156
0.06352580891699748
0.07005554027912093
0.07590965406550783
0.08100453944441087
0.08526622266729662
0.08863118277175366
0.09104704044157076
0.09247311269523774
0.09288082768683942
0.0922539955757561
0.09058893313375944
0.08789444148957654
0.08419163814123007
0.07951364607496116
0.07390514449616564
0.06742178728293365
0.06012949679771305
0.05210364211954535
0.04342811207174422
0.03419429460267059
0.0244999751169246
0.0144481672390591
0.004145890211959226
0.006297092320516647
0.016769557027973007
0.027160113799229463
0.0373584915299696
0.0472568016618297
0.05675076470115021
0.06574088547886948
0.07413356361373939
0.08184212650001288
0.08878777314698318
0.09490041833849837
0.10011942784151441
0.1043942367581754
0.10768484456889907
0.10996218193662052
0.11120834591598353
0.11141670181667879
0.11059185158774135
0.10874947019982072
0.10591601308575763
0.1021282992371791
0.09743297602780343
0.09188587322511249
0.08555125494448876
0.07850097947847637
0.07081357798470408
0.06257326392689466
0.05386888592379041
0.04479283726207809
0.03543993576482794
0.025906287971917418
0.016288151680857996
0.006680810814959506
0.0028225236674559464
0.012131773530231382
0.02116100097361963
0.02982935233379169
0.0380619266778952
0.04579055922019129
0.052954510620139894
0.05950105446425569
0.06538595656436187
0.07057384110871495
0.07503844016166122
0.07876272450369269
0.08173891531825733
0.08396837774548899
0.08546139881729846
0.08623685374436467
0.08632176592540679
0.08575076737530214
0.08456546750472088
0.08281373931467302
0.08054893308074115
0.07782902848134474
0.07471573686133089
0.07127356590749592
0.06756885943917522
0.06366882527966133
0.05964056426982058
0.05555011341286561
0.051461515899897975
0.04743593036272622
0.04353079113881754
0.039799030620244744
0.03628837390325513
0.03304071496847689
0.030091582516331906
0.027469702371958032
0.02519666207421111
0.023286681890603025
0.02174649507174448
0.020575338693153176
0.019765054947769915
0.01930030126811311
0.019158866191610693
0.01931208645501702
0.01972535943223303
0.020358743731944927
0.021167639564023205
0.022103539382247583
0.023114838330022074
0.02414769316822199
0.025146917661463385
0.02605690185039726
0.026822542250730254
0.02739016980016502
0.027708462325883313
0.02772932842898744
0.027408749977739462
0.026707570865627743
0.025592220318256153
0.024035359817742012
0.02201644364568832
0.019522184114945676
0.016546913753622463
0.013092838007866259
0.00917017342709075
0.00479716776960774
0.0
0.005187440276799262
0.010723892805352846
0.016561183358773157
0.022644792795948037
0.02891453264847097
0.03530531990977601
0.041748042297256226
0.04817050395182911
0.054498440345546496
0.06065659010220885
0.06656981051286036
0.07216422276019663
0.07736837226418626
0.08211438913453131
0.08633913347084349
0.0899853101933039
0.09300253821759906
0.0953483591083018
0.09698917085252608
0.09790107308629593
0.09807061097304755
0.09749540596829502
0.09618466289590506
0.09415954409686417
0.09145340287627308
0.08811187005231008
0.08419278908432674
0.0797659970070582
0.07491295020409479
0.06972619589535647
0.06430869206889234
0.05877298043505914
0.053240218799153596
0.04783908101516875
0.04270453437725669
0.03797650590612098
0.033798450475300036
0.030315835078660164
0.027674554748312253
0.02601929667612686
0.02549186995835767
0.026229519059868502
0.028363239572474736
0.032016115113579366
0.03730169427153873
0.04432242635040253
0.053168174298615346
0.0639148226262094
0.07662299732767809
0.09133691384019205
0.10808336788859085
0.12687088271132776
0.147689024639106
0.170507897326093
0.19527782312995107
0.22192921822066083
0.2503726659898498
0.2804991912538321
0.312180735617501
0.3452708322159737
0.3796054759001997
0.4150041828055532
0.45127123116246487
0.4881970731988184
0.5255599060677891
0.5631273879338439
0.6006584836842979
0.6379054232233223
0.6746157539671234
0.7105344680088542
0.7454061834733141
0.7789773588461045
0.810998518548783
0.8412264677473574
0.8694264743304305
0.895374396176968
0.9188587322511249
0.9396825767091481
0.9576654560750275
0.97264503062858
0.9844786424410292
0.993044693975534
0.9982438428280557
1.0
0.9982611210489936
0.9929997815371576
0.9842135303652176
0.9719250168224873
0.9561818894731303
0.9370564673135373
0.9146451859492133
0.8890678238273129
0.8604665157982674
0.8290045634426306
0.794865053664037
0.7582492989937869
0.7193751148560471
0.678474950685688
0.6357938932556451
0.5915875618418555
0.5461199159176275
0.49966099691464344
0.45248462620574514
0.4048660818489392
0.35707977677892694
0.3093969610407564
0.26208347033142215
0.2153975425534531
0.16958772329640873
0.12489088015682027
0.08153034459596614
0.039714198631666045
3.6627791919563023E-4
0.03853798566876311
0.07464719725552604
0.10856055220508107
0.1401658470404328
0.16937261479298976
0.1961124902798679
0.22033935975269073
0.24202929576335425
0.2611802803088441
0.27781172148617567
0.29196377098651527
0.3036964517620843
0.31308860708921515
0.3202366840059846
0.32525336570484653
0.32826606889306004
0.32941532338190926
0.3288530522172402
0.3267407715085682
0.32324772974406696
0.31854900678878734
0.3128235929505763
0.3062524684619882
0.2990167034691763
0.291295598144859
0.28326488185904825
0.27509498945756367
0.2669494316259877
0.2589832750691736
0.2513417468291659
0.2441589755145585
0.23755688054053783
0.23164421870104737
0.22651579553359247
0.2222518470149192
0.21891759516441203
0.21656297915409764
0.21522256155216538
0.21491560738325624
0.21564633179520418
0.2174043102995325
0.2201650438218668
0.22389066917739814
0.22853080409305213
0.23402351454790446
0.24029639101067787
0.2472677191299432
0.2548477295889417
0.2629399111806227
0.2714423706951244
0.28024922294484916
0.2892519941824516
0.29834102229316606
0.3074068374613055
0.31634150751563817
0.3250399328416943
0.3334010766008616
0.34132911700446833
0.34873450954225965
0.355534948343517
0.36165621723892166
0.36703292257433884
0.3716091013852505
0.3753387001531239
0.3781859210126259
0.3801254339410559
0.3811424551185222
0.3812326932792099
0.38040216746116895
0.3786669010855702
0.3760524987385304
0.37259361337269065
0.36833331287637466
0.3633223560615159
0.3576183890854383
0.3512850741356088
0.34439116286222704
0.33700952753448654
0.3292161632181812
0.32108917442278395
0.3127077596450385
0.3041512070454792
0.2954979141382103
0.28682444385877737
0.2782046287081161
0.26970873386216243
0.2614026891983108
0.2533473991345508
0.24559813801926286
0.2382040375648847
0.23120767150361282
0.22464474127531098
0.21854386515480417
0.2129264718059791
0.20780679783194783
0.2031919874921614
0.19908229139666625
0.19547135968193263
0.19234662393837287
0.18968976101226842
0.18747723075868375
0.18568087888998697
0.18426859525827236
0.18320501723906749
0.18245226735620707
0.1819707139098271
0.18171974314525674
0.18165853143240268
0.18174680601322446
0.18194558311729958
0.18221787263850314
0.18252933910377084
0.18284890934022738
0.18314931805034934
0.18340758342534413
0.1836054059521597
0.1837294846857213
