1.0
0.9631911379618924
0.8554876883753557
0.6848566213432308
0.4639165434778805
0.20899997260908001
0.061059897159792854
0.32632738486609875
0.5672431654158545
0.7660735356068376
0.9082221996189771
0.9833070682748547
0.9859222467104225
0.9160290115040745
0.7789473696558493
0.5849496568123721
0.3484873274428749
0.08710938912109183
0.1798462046756971
0.4326901669307448
0.6528411142404817
0.8241977620199487
0.9343222548459373
0.975347244453288
0.9445402477294784
0.844484630639295
0.6828653186966196
0.47187686402984264
0.22729958712659318
0.03268594086657456
0.28885662590616085
0.522374933308741
0.716180737559643
0.8562436128822017
0.9325832043481361
0.9399831298031881
0.8783471453086602
0.7526732856757499
0.5726503239053018
0.3519090235839288
0.10698618184283273
0.14391951848869025
0.3823058559556701
0.5907377814273194
0.7541284812654528
0.8608362307723642
0.9034969377083064
0.8795326130865885
0.7913006503077264
0.6458758632066742
0.4544846804916277
0.2316366581810423
0.0059793637879696935
0.24075019977754603
0.45544960854464406
0.6345078906356024
0.7651458084210425
0.8382898918260032
0.8492033327860333
0.7977885587322492
0.6885425212126669
0.5301718381579807
0.3349002176812878
0.11752317955467007
0.105716687424915
0.31834815683853374
0.5048917339522305
0.6519911713749872
0.7493730808377281
0.7905654527544892
0.7733247633453896
0.6997437455787227
0.5760360994923459
0.4120185796445388
0.22033320852557078
0.015471173371587122
0.1873260960652047
0.37320508075688774
0.5287922548820931
0.6431594980428439
0.7085929109569704
0.7211108635989374
0.6806966823854047
0.5912332533568682
0.4601493012891355
0.2978084990937842
0.11669127459101195
0.06956615329496545
0.24720139857925014
0.40334622863636393
0.5269616835175756
0.6096198273833512
0.6460766805846537
0.634597535538703
0.5770151278866287
0.4785215160262505
0.3472144585607041
0.1934370735340772
0.028964292769207346
0.1338999618808738
0.2832455602586431
0.40842952052482884
0.5008357245875112
0.5544666776252276
0.5663267872096809
0.5365731922306429
0.4684281790103443
0.3678652858758925
0.2430979467174268
0.10391371615803573
0.03909226746647807
0.17532461667356158
0.294974241329803
0.3897256040354441
0.45333362385860276
0.4820303011363034
0.47473502382763877
0.4330580327098555
0.36110244460529456
0.2650853338006658
0.15281151823859088
0.03304393290173289
0.08517891076299502
0.193225296299608
0.28350096138057984
0.3499819371550231
0.3886122689437927
0.39754073108664223
0.3771837126895567
0.3301151139024662
0.2607972828130776
0.1751787355382272
0.0801937735804841
0.01679451397432198
0.10856340534716132
0.18856796065616713
0.25140673944104847
0.2931827737581232
0.31173599606798147
0.30673410868990036
0.2796203166470278
0.23342751082710161
0.17247851533106773
0.10200015006288463
0.02768452826452377
0.044766156126853196
0.11007522306946815
0.1637743316744354
0.20250587676443121
0.22422477864384566
0.22828829066590522
0.21543182097608077
0.1876379323442229
0.14791391594448716
0.09999999999999998
0.04803486931508383
0.003792563161389284
0.051576374586332394
0.0919856076079351
0.12249334372481797
0.14152738375699986
0.14853423784355707
0.143955709995563
0.12912468747162364
0.10609320950147676
0.07741098177586266
0.04587584357660426
0.01427906463141202
0.014832296034141101
0.039356268786935523
0.05778452291888829
0.06928834260225267
0.07373779266508795
0.07165598388786876
0.06411608935312033
0.052593608554615964
0.03878992435588531
0.024445173848646418
0.011158727615027019
2.3416634932826863E-4
0.00743726905559895
0.011444896254753955
0.011873542582347518
0.009265549958241914
0.004535261841023685
0.0011540888946353078
0.006537700142798486
0.010405188398654886
0.011749057724263778
0.009890362805866993
0.004568625797036874
0.004013368139202755
0.0151948257262011
0.027912269157481774
0.04080002704052801
0.052326518867328545
0.06095334833669243
0.06530180818649498
0.0643104132107791
0.05736761898254698
0.044405914208125744
0.025946822938413595
0.0030907278126301534
0.02254955839199916
0.04896733452236353
0.07392358936306428
0.095138322382439
0.11049520574402616
0.11824148536238399
0.1171648991176942
0.10673089075704065
0.08716641577556836
0.05948093401214444
0.025420411245248666
0.012644128634906026
0.051886234757741866
0.08923934217615381
0.12164097876618137
0.1462861272180942
0.1608686652755115
0.1637902278382244
0.15431801176621973
0.13267682800409916
0.10006580799173433
0.058596188919093496
0.011153048945566919
0.038809790552678615
0.08752676256141093
0.13120991728339562
0.16634802856244052
0.1899915294152529
0.2
0.19523147886320605
0.1756571476420472
0.14239062839634214
0.09762778977979429
0.04450005707698605
0.013148807078447983
0.07104620515846337
0.12481317334492086
0.17030106097976622
0.20391615687151385
0.22290656398618047
0.2255882429117096
0.21149163058660472
0.18141625637678707
0.13738785921483812
0.08252010428013466
0.02079050694637239
0.04325300129102444
0.10483283252896167
0.1593038803931958
0.2025091791344001
0.2311014882942477
0.24280563453790416
0.23660085815649792
0.2128084810316822
0.17307746775723148
0.12026832850338268
0.05824369592339497
0.008418819213379789
0.07476980014327286
0.135861106090944
0.18712033767211933
0.22469796037174689
0.24576039218454376
0.24870646897297521
0.23329056729224998
0.2006428339145268
0.15318488629454202
0.09444739255776732
0.028803487099622892
0.03886155834177807
0.10351910981653671
0.16037617802297924
0.20523571162150517
0.2348107381977071
0.24696853496753618
0.24088645916436552
0.21710791380098357
0.17749463167886748
0.12507942766312755
0.06383117731064104
0.0016495591290217383
0.0664806457034771
0.12586724148005576
0.17546121305852433
0.2116838038654143
0.23198730577735613
0.23503635416815372
0.22079579552560263
0.19051935478309776
0.14664098504314688
0.0925782185569276
0.032463480279185455
0.029175333062155674
0.08776006536908539
0.1390066874498435
0.17924263830725418
0.20567331953118212
0.21657816405464453
0.21142237938125694
0.19087713994010297
0.1567481414434217
0.11181947059591887
0.05962613991469932
0.004173901312746897
0.05037130944240635
0.10000000000000002
0.14115749412588388
0.1710015819966885
0.18760054938477672
0.1900576585481391
0.1785541140542401
0.1543090117010813
0.11946122234136573
0.07688409888536044
0.029948858044349193
0.017743892314260053
0.06264299158439617
0.10151415169594044
0.13167561397983535
0.15118467068921576
0.1589619666482231
0.15484570493385424
0.13957358078928284
0.11469599590706148
0.08242940440008534
0.04546310012703048
0.00673603710410878
0.03079785283699052
0.06439703271505666
0.09173477576226927
0.11106152060714107
0.12131574636230931
0.12217644055858645
0.11405514938943431
0.09803052862254902
0.0757328526810532
0.049189728669008156
0.020647012071444832
0.007619564977111562
0.033486352949839135
0.05514274520754368
0.07121883821134944
0.08087072323754352
0.08381822286370384
0.08033407123329125
0.07118766512790684
0.05755023553826564
0.040871302265966025
0.022738340696219394
0.004732560521959514
0.011706481266733088
0.02539598852187861
0.03549554685151275
0.0415570223147995
0.043535932893403476
0.041765060251401566
0.03689446453693583
0.029804985402051364
0.021504508363573295
0.01301756641023315
0.005279135459315287
9.57236980427037E-4
0.0051884733325583965
0.0072020812273225765
0.007084171693878894
0.005195383952129618
0.0021178479597991464
0.0014208924650194632
0.00463887307169526
0.006796087964848496
0.007286232781503599
0.005714262435377626
0.0019516001178393639
0.0038369931380790256
0.011198121562964824
0.019426176534022767
0.02762849277967554
0.03481337203489239
0.0399927437589628
0.04228961336325758
0.041039733214567865
0.03587719947682646
0.026794919243112236
0.014173009634813726
0.0012289946928947248
0.01831698074005279
0.03574156445230285
0.052005996629673666
0.06559395046174857
0.0751063360024757
0.07939506729994719
0.07768153730491516
0.06964847491187136
0.05549581320873713
0.0359540418937746
0.012252022685379681
0.013959875309002733
0.040726541157113647
0.06593638253085765
0.08748966423105334
0.10347338866611384
0.11232815874058506
0.11299265160416957
0.10501274581369455
0.0886048955308976
0.06466684604405462
0.03473296355809188
8.759743467910419E-4
0.03443859642528193
0.06853490356445593
0.09873245637390235
0.12255897496407275
0.13795338359044793
0.1434422395855902
0.1382746158016695
0.12250343820750312
0.09700531056169667
0.06343562706824239
0.024120907588894624
0.01810462224065489
0.06010655584316547
0.09868650127054321
0.13082889463765096
0.1539391576808117
0.16605422556494745
0.16600829353076954
0.15353985502225992
0.12933049374569866
0.09497111459590606
0.052856948805313594
0.006018302360474151
0.04210081559634219
0.0878997638345282
0.12789457148793332
0.15898645061067845
0.1787045806302973
0.1854039590758699
0.1784023771949177
0.1580451341364375
0.12569160351256997
0.08362378726723138
0.03488306453206581
0.016953010100650905
0.06803723174345284
0.11454245060156101
0.15295234128134894
0.1803308563098657
0.19454946346962076
0.19445438452965308
0.17996057586290615
0.15206477364851767
0.11277613707529874
0.06496937986539567
0.012171287521696389
0.0417032956270714
0.09264596723013316
0.1368572963107823
0.17103423952095395
0.19262041206678554
0.2
0.19262041206678554
0.17103423952095395
0.1368572963107823
0.09264596723013316
0.0417032956270714
0.012171287521696389
0.06496937986539567
0.11277613707529874
0.15206477364851767
0.17996057586290615
0.19445438452965308
0.19454946346962076
0.1803308563098657
0.15295234128134894
0.11454245060156101
0.06803723174345284
0.016953010100650905
0.03488306453206581
0.08362378726723138
0.12569160351256997
0.1580451341364375
0.1784023771949177
0.1854039590758699
0.1787045806302973
0.15898645061067845
0.12789457148793332
0.0878997638345282
0.04210081559634219
0.006018302360474151
0.052856948805313594
0.09497111459590606
0.12933049374569866
0.15353985502225992
0.16600829353076954
0.16605422556494745
0.1539391576808117
0.13082889463765096
0.09868650127054321
0.06010655584316547
0.01810462224065489
0.024120907588894624
0.06343562706824239
0.09700531056169667
0.12250343820750312
0.1382746158016695
0.1434422395855902
0.13795338359044793
0.12255897496407275
0.09873245637390235
0.06853490356445593
0.03443859642528193
8.759743467910419E-4
0.03473296355809188
0.06466684604405462
0.0886048955308976
0.10501274581369455
0.11299265160416957
0.11232815874058506
0.10347338866611384
0.08748966423105334
0.06593638253085765
0.040726541157113647
0.013959875309002733
0.012252022685379681
0.0359540418937746
0.05549581320873713
0.06964847491187136
0.07768153730491516
0.07939506729994719
0.0751063360024757
0.06559395046174857
0.052005996629673666
0.03574156445230285
0.01831698074005279
0.0012289946928947248
0.014173009634813726
0.026794919243112236
0.03587719947682646
0.041039733214567865
0.04228961336325758
0.0399927437589628
0.03481337203489239
0.02762849277967554
0.019426176534022767
0.011198121562964824
0.0038369931380790256
0.0019516001178393639
0.005714262435377626
0.007286232781503599
0.006796087964848496
0.00463887307169526
0.0014208924650194632
0.0021178479597991464
0.005195383952129618
0.007084171693878894
0.0072020812273225765
0.0051884733325583965
9.57236980427037E-4
0.005279135459315287
0.01301756641023315
0.021504508363573295
0.029804985402051364
0.03689446453693583
0.041765060251401566
0.043535932893403476
0.0415570223147995
0.03549554685151275
0.02539598852187861
0.011706481266733088
0.004732560521959514
0.022738340696219394
0.040871302265966025
0.05755023553826564
0.07118766512790684
0.08033407123329125
0.08381822286370384
0.08087072323754352
0.07121883821134944
0.05514274520754368
0.033486352949839135
0.007619564977111562
0.020647012071444832
0.049189728669008156
0.0757328526810532
0.09803052862254902
0.11405514938943431
0.12217644055858645
0.12131574636230931
0.11106152060714107
0.09173477576226927
0.06439703271505666
0.03079785283699052
0.00673603710410878
0.04546310012703048
0.08242940440008534
0.11469599590706148
0.13957358078928284
0.15484570493385424
0.1589619666482231
0.15118467068921576
0.13167561397983535
0.10151415169594044
0.06264299158439617
0.017743892314260053
0.029948858044349193
0.07688409888536044
0.11946122234136573
0.1543090117010813
0.1785541140542401
0.1900576585481391
0.18760054938477672
0.1710015819966885
0.14115749412588388
0.10000000000000002
0.05037130944240635
0.004173901312746897
0.05962613991469932
0.11181947059591887
0.1567481414434217
0.19087713994010297
0.21142237938125694
0.21657816405464453
0.20567331953118212
0.17924263830725418
0.1390066874498435
0.08776006536908539
0.029175333062155674
0.032463480279185455
0.0925782185569276
0.14664098504314688
0.19051935478309776
0.22079579552560263
0.23503635416815372
0.23198730577735613
0.2116838038654143
0.17546121305852433
0.12586724148005576
0.0664806457034771
0.0016495591290217383
0.06383117731064104
0.12507942766312755
0.17749463167886748
0.21710791380098357
0.24088645916436552
0.24696853496753618
0.2348107381977071
0.20523571162150517
0.16037617802297924
0.10351910981653671
0.03886155834177807
0.028803487099622892
0.09444739255776732
0.15318488629454202
0.2006428339145268
0.23329056729224998
0.24870646897297521
0.24576039218454376
0.22469796037174689
0.18712033767211933
0.135861106090944
0.07476980014327286
0.008418819213379789
0.05824369592339497
0.12026832850338268
0.17307746775723148
0.2128084810316822
0.23660085815649792
0.24280563453790416
0.2311014882942477
0.2025091791344001
0.1593038803931958
0.10483283252896167
0.04325300129102444
0.02079050694637239
0.08252010428013466
0.13738785921483812
0.18141625637678707
0.21149163058660472
0.2255882429117096
0.22290656398618047
0.20391615687151385
0.17030106097976622
0.12481317334492086
0.07104620515846337
0.013148807078447983
0.04450005707698605
0.09762778977979429
0.14239062839634214
0.1756571476420472
0.19523147886320605
0.2
0.1899915294152529
0.16634802856244052
0.13120991728339562
0.08752676256141093
0.038809790552678615
0.011153048945566919
0.058596188919093496
0.10006580799173433
0.13267682800409916
0.15431801176621973
0.1637902278382244
0.1608686652755115
0.1462861272180942
0.12164097876618137
0.08923934217615381
0.051886234757741866
0.012644128634906026
0.025420411245248666
0.05948093401214444
0.08716641577556836
0.10673089075704065
0.1171648991176942
0.11824148536238399
0.11049520574402616
0.095138322382439
0.07392358936306428
0.04896733452236353
0.02254955839199916
0.0030907278126301534
0.025946822938413595
0.044405914208125744
0.05736761898254698
0.0643104132107791
0.06530180818649498
0.06095334833669243
0.052326518867328545
0.04080002704052801
0.027912269157481774
0.0151948257262011
0.004013368139202755
0.004568625797036874
0.009890362805866993
0.011749057724263778
0.010405188398654886
0.006537700142798486
0.0011540888946353078
0.004535261841023685
0.009265549958241914
0.011873542582347518
0.011444896254753955
0.00743726905559895
2.3416634932826863E-4
0.011158727615027019
0.024445173848646418
0.03878992435588531
0.052593608554615964
0.06411608935312033
0.07165598388786876
0.07373779266508795
0.06928834260225267
0.05778452291888829
0.039356268786935523
0.014832296034141101
0.01427906463141202
0.04587584357660426
0.07741098177586266
0.10609320950147676
0.12912468747162364
0.143955709995563
0.14853423784355707
0.14152738375699986
0.12249334372481797
0.0919856076079351
0.051576374586332394
0.003792563161389284
0.04803486931508383
0.09999999999999998
0.14791391594448716
0.1876379323442229
0.21543182097608077
0.22828829066590522
0.22422477864384566
0.20250587676443121
0.1637743316744354
0.11007522306946815
0.044766156126853196
0.02768452826452377
0.10200015006288463
0.17247851533106773
0.23342751082710161
0.2796203166470278
0.30673410868990036
0.31173599606798147
0.2931827737581232
0.25140673944104847
0.18856796065616713
0.10856340534716132
0.01679451397432198
0.0801937735804841
0.1751787355382272
0.2607972828130776
0.3301151139024662
0.3771837126895567
0.39754073108664223
0.3886122689437927
0.3499819371550231
0.28350096138057984
0.193225296299608
0.08517891076299502
0.03304393290173289
0.15281151823859088
0.2650853338006658
0.36110244460529456
0.4330580327098555
0.47473502382763877
0.4820303011363034
0.45333362385860276
0.3897256040354441
0.294974241329803
0.17532461667356158
0.03909226746647807
0.10391371615803573
0.2430979467174268
0.3678652858758925
0.4684281790103443
0.5365731922306429
0.5663267872096809
0.5544666776252276
0.5008357245875112
0.40842952052482884
0.2832455602586431
0.1338999618808738
0.028964292769207346
0.1934370735340772
0.3472144585607041
0.4785215160262505
0.5770151278866287
0.634597535538703
0.6460766805846537
0.6096198273833512
0.5269616835175756
0.40334622863636393
0.24720139857925014
0.06956615329496545
0.11669127459101195
0.2978084990937842
0.4601493012891355
0.5912332533568682
0.6806966823854047
0.7211108635989374
0.7085929109569704
0.6431594980428439
0.5287922548820931
0.37320508075688774
0.1873260960652047
0.015471173371587122
0.22033320852557078
0.4120185796445388
0.5760360994923459
0.6997437455787227
0.7733247633453896
0.7905654527544892
0.7493730808377281
0.6519911713749872
0.5048917339522305
0.31834815683853374
0.105716687424915
0.11752317955467007
0.3349002176812878
0.5301718381579807
0.6885425212126669
0.7977885587322492
0.8492033327860333
0.8382898918260032
0.7651458084210425
0.6345078906356024
0.45544960854464406
0.24075019977754603
0.0059793637879696935
0.2316366581810423
0.4544846804916277
0.6458758632066742
0.7913006503077264
0.8795326130865885
0.9034969377083064
0.8608362307723642
0.7541284812654528
0.5907377814273194
0.3823058559556701
0.14391951848869025
0.10698618184283273
0.3519090235839288
0.5726503239053018
0.7526732856757499
0.8783471453086602
0.9399831298031881
0.9325832043481361
0.8562436128822017
0.716180737559643
0.522374933308741
0.28885662590616085
0.03268594086657456
0.22729958712659318
0.47187686402984264
0.6828653186966196
0.844484630639295
0.9445402477294784
0.975347244453288
0.9343222548459373
0.8241977620199487
0.6528411142404817
0.4326901669307448
0.1798462046756971
0.08710938912109183
0.3484873274428749
0.5849496568123721
0.7789473696558493
0.9160290115040745
0.9859222467104225
0.9833070682748547
0.9082221996189771
0.7660735356068376
0.5672431654158545
0.32632738486609875
0.061059897159792854
0.20899997260908001
0.4639165434778805
0.6848566213432308
0.8554876883753557
0.9631911379618924
