0.46515318146314155
0.4297908532199485
0.5118631736249437
0.5360378741233445
0.21824210953567352
0.1407482935449169
0.4891274538581621
0.6403092755588237
0.5567620814595222
0.39741599073768547
0.05275294753723123
0.12595434460572338
0.10445481502190763
0.4193447813706695
0.7767834362146608
0.7006848476376776
0.5753311980970812
0.5685600441988888
0.5991853149046377
0.8670512060766429
1.0
0.64165649760513
0.38266762329712034
0.3886332656195495
0.2076440808335217
0.015062279767960937
0.15137267077652214
0.3025075212713832
0.12302387346897786
0.21712888953424678
0.07107540556523967
0.24241739137254073
0.2735931855339387
0.289958964130886
0.27802951614467736
0.22134591521745606
0.41213979568351744
0.48804440675244964
0.22371201331592092
0.2551399310923251
0.6113554701329278
0.7857421779900093
0.8273101267871915
0.6768512943154676
0.2891858448688137
0.1832556168027799
0.24578692035285787
0.05345132188936185
0.33571458771693047
0.3019248186385895
0.28056922366995907
0.25026035945820574
0.3014908504299494
0.6783279873581574
0.8323480675092877
0.5069626701643419
0.32026163666574897
0.30330933747721106
0.16764545185396226
0.10526440591729556
0.007682392667779201
0.14888972693511474
0.10009313532207537
0.4399712992520719
0.29472967597630706
0.0582585474854975
5.164237720380233E-17
0.05282097340196079
0.06348969445316423
0.15675032654741825
0.08698496813207868
0.16153951335494582
0.04406142238550767
0.06648423306234728
0.382302932603163
0.5856095228001477
0.745466247485716
0.5966482974078757
0.21773777758475144
0.210386662453915
0.3150668660009863
0.09307447569010231
0.06227132476106904
0.05320063451733073
0.07454974086527957
0.031959803834963746
0.013723227800763096
0.4209597428140517
0.531492310667926
0.23270831413064372
0.07615535204285397
0.010617855370739634
0.1028948396842186
0.038121611233666086
0.12962519301328262
0.27436024099746964
0.023461010662519852
0.33095245188128275
0.2212784170446546
0.08429037585887222
0.002200809566799242
0.03913617002057535
0.2059323003751857
0.34089325869870934
0.10954846870346398
0.08653844730291012
0.24565725879155906
0.11979384941452453
0.09171086691798715
0.2966554885356742
0.5134750414848708
0.324200264696288
0.037478138117922416
0.016110630256212108
0.11886918123872389
0.01433478873965427
0.056820648762719986
0.09348333262432573
0.1303944267071132
0.05196881821196382
0.007586568334105646
0.37192249742927447
0.4094068125717745
0.1426071446427838
0.025811640090970076
0.21296125823981324
0.27211394097090297
0.14102521909171045
0.26857240104595037
0.4080961550036372
0.12259549776177278
0.09700271609019558
0.019147224737614398
0.05305541537845577
0.19082034106078027
0.21523852952595962
0.11981981875929135
0.26024312224635404
0.067308675964694
0.092970409267454
0.18929581256436506
0.08608077272255
0.0016022137020218446
0.1998925408306879
0.41835688153418316
0.16844294308957886
0.16725297013289675
0.10453251971796364
0.047383981484776176
0.10153859009266722
0.08122320698433226
0.19820775336745708
0.25087856007136783
0.03994488873007577
0.11628829536578537
0.44867140537264216
0.4379692782331836
0.24019289051856255
0.05516030200216236
0.20772424058347502
0.21471398266776934
0.05317938607218614
0.21629673898158722
0.3352138408873235
0.10585902707741116
0.003031803743957753
0.040458253902158764
0.08843959931613052
0.3010756799944065
0.3114453662830341
0.050271219656226974
0.1522822197830988
1.8227840496672814E-4
0.03506068923613382
0.036305637498888786
0.03799009678200318
0.03373816857397341
0.2460339861138653
0.44423752280421447
0.16249973254648437
0.11182569420048674
0.06284922041074822
0.05082873056568774
0.01744306865962653
0.03146415281480172
0.16392694634025956
0.21781284660250438
0.020819077547827382
0.14319626135669697
0.41241500989818275
0.391159980739271
0.2923460762352329
0.09917526135070671
0.18619517107181618
0.11427912256231827
0.06269004889450053
0.09849806555859335
0.1621062419728816
0.0
0.023704093491089047
0.039522604521907354
0.0013388774718908986
0.2609776504558484
0.2381394407913125
0.10790975647936589
0.16416490241580045
0.06885265002861661
0.08493193960012303
0.011269979441652981
0.04591494786547028
0.010857419016225249
0.22508257061640058
0.38756741170138365
0.11883691702988605
0.06167376406434123
0.03359704638473413
0.03711191060542161
0.09880526357528029
0.16231488733932342
0.07058629742661482
0.09203595832081501
0.07469037433414309
0.0682869264431747
0.2427248290909929
0.226886302945701
0.21558292452260322
0.005046229684610485
0.264525785417225
0.11993664778986171
0.0457089740695665
0.08227452207421587
0.07752553024385693
0.009263314571982526
0.014829233997415937
0.07440925108098152
0.03778666758272358
0.22934786436076288
0.15274080106347368
0.15229346576872377
0.1850698505512396
0.1703699074170963
0.16103051986152503
0.0033714071598016774
0.03275213307473311
0.11991268750921999
0.11539870109666084
0.21261958726005215
0.017697734440183167
0.1090524178403358
0.12134152599821975
0.12064826079815369
0.1028349256149915
0.15874506632569696
0.07031782309521886
0.04224913764820276
0.08066321466764804
0.04804995702804973
0.10805845258236012
0.1054015161755175
0.14592990566043085
0.09494877843768475
0.3266668935052273
0.14598254088472692
0.028125878624531843
0.11202763703450005
0.060424061393061765
0.06596621926779289
0.11500649184341839
0.02650457194069962
0.0317488890155177
0.2737713987076626
0.15331772396159518
0.07809939547044963
0.10403371793802213
0.16783518424814434
0.12290383667108569
0.0553378080573514
0.04587839761104993
0.14080745441048317
0.06024473481609474
0.07093008650210789
0.10727451157954
0.13957288238819698
0.2135204118194415
0.20246144479160597
0.06324975307181493
0.07986738335885042
0.12102183891274194
0.05831015002856257
0.0027044892813574703
0.09954968401154572
0.062465285739418654
0.09302016267242227
0.15801035583903897
0.10022064029912016
0.26607576701862123
0.08267879207639246
0.026908002459557306
0.05518991452963174
0.015474103404142141
0.08267557232885875
0.13480774347432412
0.022571569420502292
0.07746505759880906
0.2758488369040025
0.14370413427342527
0.01742306895091922
0.006265858712867268
0.11628829536578542
0.017758448090482416
0.15426843174459856
0.005856106655664506
0.061350396501975574
0.08892342981815744
0.024991856698297735
0.08002142896136286
0.0781222910026348
0.2079471729804309
0.17256102649824703
0.09139111361458034
0.056517497939335117
0.09187396391538713
0.01693525142654179
0.03889341810241014
0.09271647239012012
0.003481502366178972
0.07784246165534803
0.1475262524221122
0.09450191285422456
0.16596907372004369
2.6897071460313717E-17
0.009334574863086314
0.05452984141506285
0.12909600839107901
0.02905687995199205
0.0507653416231689
0.0973381525083949
0.036995449090133685
0.16680437249841504
0.047871342885082956
0.02880185456481546
0.004844852615324064
0.12704422575340416
0.025181372512965906
0.16390800094691058
0.0028368538707049962
0.010096098579214138
0.08162386326969442
0.024906786099889416
0.04060608235633432
0.022554279677023663
0.17764793401298704
0.09841324196504372
0.1339094772487485
0.06429319496251928
0.0014516214894539192
0.07513552711186595
0.003548397737498794
0.0042177036218029864
0.12747597044539494
0.00451114570594784
0.040813431522042413
0.1592172313803652
0.1341473647025442
0.009211293435083458
0.025736970310312975
0.09322081541941231
0.15593839297023102
0.01758367005385875
0.016771155204686597
0.1363748552068775
0.007294759097225808
0.04768043369101786
0.044044142409749194
0.016153382153657837
0.04687617550507586
0.15895375004651013
0.019063987265174796
0.09038395998265007
0.060164756781016536
0.021347570545550715
0.0017005583208856102
0.12467316434721414
0.06380360352035158
0.057126512512602305
0.20902064618859115
0.08597182173650343
0.0845342157731273
0.00261288942700787
0.03227769803797911
0.10015709980041367
8.646101811577975E-4
0.0782804391768239
0.19993080783663758
0.06321434618475283
0.07166189591556706
0.21722170867854204
0.12241139740356018
0.06580565292046087
0.09647578122760814
0.06736360371633178
0.09321723560473912
0.061821340049701676
0.025566178351704043
0.08967817039863568
0.0460108990800184
0.004328103489765879
0.041086299125566
0.06617158497612916
0.028705292762103294
0.10641374098883147
0.06389866237414851
0.04857791878758479
0.07100662505405109
0.001697745091458486
0.05621984567260404
0.17433791496295906
0.07246980389227527
0.10716848117467175
0.23707594203451143
0.09411902733678659
0.017079668797559212
0.09836104935481844
0.008155289917144802
0.04729108629073197
0.05053077457148573
0.08106614614229843
0.16295316983903674
0.03410672796114408
0.10146102977298432
0.17786767790573219
0.04441193065612423
0.06323718300931443
0.09195955058907877
0.07948866385019901
0.053792254310842474
0.053740562668155446
0.06669993255997854
0.053719797657439165
0.0643689138907334
0.027372918830215236
0.006845658423175469
0.1205436791597475
0.014658243560269709
4.772250682015386E-4
0.1411586367846513
0.050432255417844164
0.010816824028733678
0.08387601117672418
0.02911167213342359
0.11248873278789273
0.0026935639826599646
0.08680363188092846
0.17131576593132333
0.03293386100962878
0.059199084287097296
0.1245238153055387
0.02729084870368187
0.025791352930102734
0.04701895325518675
0.10063509400689613
0.1076777417371712
0.0
0.1076777417371712
0.10063509400689613
0.04701895325518675
0.025791352930102734
0.02729084870368187
0.1245238153055387
0.059199084287097296
0.03293386100962878
0.17131576593132333
0.08680363188092846
0.0026935639826599646
0.11248873278789273
0.02911167213342359
0.08387601117672418
0.010816824028733678
0.050432255417844164
0.1411586367846513
4.772250682015386E-4
0.014658243560269709
0.1205436791597475
0.006845658423175469
0.027372918830215236
0.0643689138907334
0.053719797657439165
0.06669993255997854
0.053740562668155446
0.053792254310842474
0.07948866385019901
0.09195955058907877
0.06323718300931443
0.04441193065612423
0.17786767790573219
0.10146102977298432
0.03410672796114408
0.16295316983903674
0.08106614614229843
0.05053077457148573
0.04729108629073197
0.008155289917144802
0.09836104935481844
0.017079668797559212
0.09411902733678659
0.23707594203451143
0.10716848117467175
0.07246980389227527
0.17433791496295906
0.05621984567260404
0.001697745091458486
0.07100662505405109
0.04857791878758479
0.06389866237414851
0.10641374098883147
0.028705292762103294
0.06617158497612916
0.041086299125566
0.004328103489765879
0.0460108990800184
0.08967817039863568
0.025566178351704043
0.061821340049701676
0.09321723560473912
0.06736360371633178
0.09647578122760814
0.06580565292046087
0.12241139740356018
0.21722170867854204
0.07166189591556706
0.06321434618475283
0.19993080783663758
0.0782804391768239
8.646101811577975E-4
0.10015709980041367
0.03227769803797911
0.00261288942700787
0.0845342157731273
0.08597182173650343
0.20902064618859115
0.057126512512602305
0.06380360352035158
0.12467316434721414
0.0017005583208856102
0.021347570545550715
0.060164756781016536
0.09038395998265007
0.019063987265174796
0.15895375004651013
0.04687617550507586
0.016153382153657837
0.044044142409749194
0.04768043369101786
0.007294759097225808
0.1363748552068775
0.016771155204686597
0.01758367005385875
0.15593839297023102
0.09322081541941231
0.025736970310312975
0.009211293435083458
0.1341473647025442
0.1592172313803652
0.040813431522042413
0.00451114570594784
0.12747597044539494
0.0042177036218029864
0.003548397737498794
0.07513552711186595
0.0014516214894539192
0.06429319496251928
0.1339094772487485
0.09841324196504372
0.17764793401298704
0.022554279677023663
0.04060608235633432
0.024906786099889416
0.08162386326969442
0.010096098579214138
0.0028368538707049962
0.16390800094691058
0.025181372512965906
0.12704422575340416
0.004844852615324064
0.02880185456481546
0.047871342885082956
0.16680437249841504
0.036995449090133685
0.0973381525083949
0.0507653416231689
0.02905687995199205
0.12909600839107901
0.05452984141506285
0.009334574863086314
2.6897071460313717E-17
0.16596907372004369
0.09450191285422456
0.1475262524221122
0.07784246165534803
0.003481502366178972
0.09271647239012012
0.03889341810241014
0.01693525142654179
0.09187396391538713
0.056517497939335117
0.09139111361458034
0.17256102649824703
0.2079471729804309
0.0781222910026348
0.08002142896136286
0.024991856698297735
0.08892342981815744
0.061350396501975574
0.005856106655664506
0.15426843174459856
0.017758448090482416
0.11628829536578542
0.006265858712867268
0.01742306895091922
0.14370413427342527
0.2758488369040025
0.07746505759880906
0.022571569420502292
0.13480774347432412
0.08267557232885875
0.015474103404142141
0.05518991452963174
0.026908002459557306
0.08267879207639246
0.26607576701862123
0.10022064029912016
0.15801035583903897
0.09302016267242227
0.062465285739418654
0.09954968401154572
0.0027044892813574703
0.05831015002856257
0.12102183891274194
0.07986738335885042
0.06324975307181493
0.20246144479160597
0.2135204118194415
0.13957288238819698
0.10727451157954
0.07093008650210789
0.06024473481609474
0.14080745441048317
0.04587839761104993
0.0553378080573514
0.12290383667108569
0.16783518424814434
0.10403371793802213
0.07809939547044963
0.15331772396159518
0.2737713987076626
0.0317488890155177
0.02650457194069962
0.11500649184341839
0.06596621926779289
0.060424061393061765
0.11202763703450005
0.028125878624531843
0.14598254088472692
0.3266668935052273
0.09494877843768475
0.14592990566043085
0.1054015161755175
0.10805845258236012
0.04804995702804973
0.08066321466764804
0.04224913764820276
0.07031782309521886
0.15874506632569696
0.1028349256149915
0.12064826079815369
0.12134152599821975
0.1090524178403358
0.017697734440183167
0.21261958726005215
0.11539870109666084
0.11991268750921999
0.03275213307473311
0.0033714071598016774
0.16103051986152503
0.1703699074170963
0.1850698505512396
0.15229346576872377
0.15274080106347368
0.22934786436076288
0.03778666758272358
0.07440925108098152
0.014829233997415937
0.009263314571982526
0.07752553024385693
0.08227452207421587
0.0457089740695665
0.11993664778986171
0.264525785417225
0.005046229684610485
0.21558292452260322
0.226886302945701
0.2427248290909929
0.0682869264431747
0.07469037433414309
0.09203595832081501
0.07058629742661482
0.16231488733932342
0.09880526357528029
0.03711191060542161
0.03359704638473413
0.06167376406434123
0.11883691702988605
0.38756741170138365
0.22508257061640058
0.010857419016225249
0.04591494786547028
0.011269979441652981
0.08493193960012303
0.06885265002861661
0.16416490241580045
0.10790975647936589
0.2381394407913125
0.2609776504558484
0.0013388774718908986
0.039522604521907354
0.023704093491089047
0.0
0.1621062419728816
0.09849806555859335
0.06269004889450053
0.11427912256231827
0.18619517107181618
0.09917526135070671
0.2923460762352329
0.391159980739271
0.41241500989818275
0.14319626135669697
0.020819077547827382
0.21781284660250438
0.16392694634025956
0.03146415281480172
0.01744306865962653
0.05082873056568774
0.06284922041074822
0.11182569420048674
0.16249973254648437
0.44423752280421447
0.2460339861138653
0.03373816857397341
0.03799009678200318
0.036305637498888786
0.03506068923613382
1.8227840496672814E-4
0.1522822197830988
0.050271219656226974
0.3114453662830341
0.3010756799944065
0.08843959931613052
0.040458253902158764
0.003031803743957753
0.10585902707741116
0.3352138408873235
0.21629673898158722
0.05317938607218614
0.21471398266776934
0.20772424058347502
0.05516030200216236
0.24019289051856255
0.4379692782331836
0.44867140537264216
0.11628829536578537
0.03994488873007577
0.25087856007136783
0.19820775336745708
0.08122320698433226
0.10153859009266722
0.047383981484776176
0.10453251971796364
0.16725297013289675
0.16844294308957886
0.41835688153418316
0.1998925408306879
0.0016022137020218446
0.08608077272255
0.18929581256436506
0.092970409267454
0.067308675964694
0.26024312224635404
0.11981981875929135
0.21523852952595962
0.19082034106078027
0.05305541537845577
0.019147224737614398
0.09700271609019558
0.12259549776177278
0.4080961550036372
0.26857240104595037
0.14102521909171045
0.27211394097090297
0.21296125823981324
0.025811640090970076
0.1426071446427838
0.4094068125717745
0.37192249742927447
0.007586568334105646
0.05196881821196382
0.1303944267071132
0.09348333262432573
0.056820648762719986
0.01433478873965427
0.11886918123872389
0.016110630256212108
0.037478138117922416
0.324200264696288
0.5134750414848708
0.2966554885356742
0.09171086691798715
0.11979384941452453
0.24565725879155906
0.08653844730291012
0.10954846870346398
0.34089325869870934
0.2059323003751857
0.03913617002057535
0.002200809566799242
0.08429037585887222
0.2212784170446546
0.33095245188128275
0.023461010662519852
0.27436024099746964
0.12962519301328262
0.038121611233666086
0.1028948396842186
0.010617855370739634
0.07615535204285397
0.23270831413064372
0.531492310667926
0.4209597428140517
0.013723227800763096
0.031959803834963746
0.07454974086527957
0.05320063451733073
0.06227132476106904
0.09307447569010231
0.3150668660009863
0.210386662453915
0.21773777758475144
0.5966482974078757
0.745466247485716
0.5856095228001477
0.382302932603163
0.06648423306234728
0.04406142238550767
0.16153951335494582
0.08698496813207868
0.15675032654741825
0.06348969445316423
0.05282097340196079
5.164237720380233E-17
0.0582585474854975
0.29472967597630706
0.4399712992520719
0.10009313532207537
0.14888972693511474
0.007682392667779201
0.10526440591729556
0.16764545185396226
0.30330933747721106
0.32026163666574897
0.5069626701643419
0.8323480675092877
0.6783279873581574
0.3014908504299494
0.25026035945820574
0.28056922366995907
0.3019248186385895
0.33571458771693047
0.05345132188936185
0.24578692035285787
0.1832556168027799
0.2891858448688137
0.6768512943154676
0.8273101267871915
0.7857421779900093
0.6113554701329278
0.2551399310923251
0.22371201331592092
0.48804440675244964
0.41213979568351744
0.22134591521745606
0.27802951614467736
0.289958964130886
0.2735931855339387
0.24241739137254073
0.07107540556523967
0.21712888953424678
0.12302387346897786
0.3025075212713832
0.15137267077652214
0.015062279767960937
0.2076440808335217
0.3886332656195495
0.38266762329712034
0.64165649760513
1.0
0.8670512060766429
0.5991853149046377
0.5685600441988888
0.5753311980970812
0.7006848476376776
0.7767834362146608
0.4193447813706695
0.10445481502190763
0.12595434460572338
0.05275294753723123
0.39741599073768547
0.5567620814595222
0.6403092755588237
0.4891274538581621
0.1407482935449169
0.21824210953567352
0.5360378741233445
0.5118631736249437
0.4297908532199485
