0.00202007964581407
0.005046605454306124
0.04874903881462973
0.06461104151109825
0.07616479542638487
0.22246773890455981
0.49667372941434657
0.4495451145191076
0.6345887101067746
1.0
0.2009231072041322
0.062216899629834864
0.05135040058898466
0.21688268900002447
0.16596930262555937
0.092033484421853
0.11241961506150867
0.2007566265984644
0.25773891784717123
0.19656408876427064
0.001237530290478893
0.030130892049183285
0.19624078801347528
0.18861202543748048
0.10352985814692055
0.22179947110276663
0.14275596266152837
0.06219145124505002
0.04533526680528113
0.03722796960682706
0.13982329792369705
0.14851011202360687
0.19420947590017695
0.2917965729829095
0.11569893415528464
0.1132730193047569
0.11913396284342884
0.18812750075225879
0.00942261953362564
0.04804713879995447
0.00867795066776806
0.05901561966157122
0.1691716694526144
0.2458384186870638
0.12138123749507142
0.058351883339069724
0.0629582557186876
0.10525951817550686
0.11706358548277283
0.11650832445690841
0.01609374537597893
0.07413204170816391
0.15348199081037042
0.04075376335573308
0.11045095819565856
0.0015343932064861574
0.047441263891290185
0.019388939742971234
0.10832859420282687
0.06545032336373478
0.04820391755124488
0.021807348523247318
0.059018565026250996
0.002063337252828338
0.008638129821282956
0.025541286354247607
0.0068357452964248845
0.023773743482090624
0.01906921714940179
0.028014824533215993
9.729081496496087E-4
0.02433818113493276
0.010691283253983335
0.003337868474920987
0.015507694864946277
0.012573133220099487
0.0126324210569712
0.01989478275869121
0.022887098950597817
0.007198593129852155
0.03362615967271225
0.026772914267670277
0.0309574212863893
0.03543368290174904
0.015706586349925212
0.02268271512063869
0.0015815939246376885
8.897070378061132E-4
0.01647403359730361
0.014467873173051154
0.012305831713698596
0.009202617475049026
0.022059681100773606
0.015059834413226704
0.026428009677740616
0.005258345156518385
0.008948611560899107
0.0018476568561589487
0.012576935178849414
0.015758341092699808
0.016430506317517926
0.037245868475397875
0.001900378582070522
0.005427586542895695
0.023872220821690025
0.021816949549064168
0.010639950636194764
0.02229258398546277
0.025608149804465047
0.023063878824784258
0.022399443790602436
0.004220159320284911
0.06598873656334736
0.0011389629091917595
0.0337050716212855
0.004566936247909447
0.033323738916728685
0.004664927911982141
0.03698698351582809
0.041725488048993384
0.05411120929850867
0.02655411729909643
0.012517614463474429
0.0470629967626217
0.017137561841189267
0.011448044949472654
0.015316745351648148
0.012337859055191074
0.004879099689958226
1.0633662093940397E-4
5.23606091018845E-4
0.002815247264962085
1.3437076639271793E-4
0.006698239853897062
5.988848615329935E-4
0.001482392622868867
0.00451999080630149
0.013886609806972212
0.007560456747110956
0.007264235893435605
3.3225438762144995E-6
1.3657258128033586E-4
0.005692442900376373
0.0020926052148072696
0.006088913219981165
0.006881702598731625
5.154998367846445E-4
0.009096583687635992
0.00752100643591764
0.005196529344345452
0.0026337289891713673
0.008200803430889466
0.003383910328980165
1.7349203218619454E-4
0.007527863137225408
0.0014795242856543694
0.0035308048419902052
0.0032148126132840087
9.967677803872194E-4
0.009170698146727321
2.619866116101663E-4
2.3886911473169496E-4
9.556831555672887E-4
0.001620345056094522
0.00459314921122932
0.0020737391162586796
0.0036030562498381344
0.001194234944982268
0.001129871091281669
0.002423827544995113
0.0042063611501294415
9.242805705744964E-4
0.0016345699539246192
0.0015439257770904571
0.0015118289612076265
0.00357182348567155
4.353877494907959E-4
5.919801595583913E-4
6.451191244852742E-4
9.668280682567838E-4
4.7001059484442267E-4
9.986534878353307E-4
0.007222820669824546
3.606752465906233E-4
0.00255892202690165
2.0697427716549955E-4
0.0036589280311740717
0.0013706892487006493
0.0011202010189393906
3.716303885153131E-4
5.764770778004198E-4
8.28437918454869E-4
0.0030282534209311227
9.129336428141686E-5
0.0019867697025002466
4.5786401634380217E-4
7.555163414413112E-4
0.0014601300518052274
0.0032099579095371733
0.002708148754312784
0.0022553123155018987
6.545878303938878E-4
0.002280918841632894
0.0019327968278316113
0.002897866181482682
0.0017039783080430252
2.0794286733453836E-4
3.0545412052120335E-4
7.467690724938473E-4
0.00120710748367144
0.00109378890521171
0.0011955080023543412
0.0011677807302218506
0.0037318480905481795
5.64158792405134E-4
0.001003848217503079
3.7863544380160695E-4
0.00331668909493287
0.0019268675497149306
0.0022645716164116365
0.0018468071999480423
1.2161729217990035E-4
0.0010102249334163183
3.98898617365796E-4
2.901111203364103E-4
0.001293631607813307
9.670927476912801E-5
0.0014786774368353666
0.0012514210014530364
9.486577218775798E-5
0.0016990260182706861
0.0017047196620381146
0.002820347960594443
0.0011790294719071952
0.002474317604490256
0.001920940053491608
0.002255109268071076
4.468508250988103E-4
0.004687389799538821
9.513016444366002E-4
6.742239991738081E-4
0.0010518776429476945
0.0011069336514983835
0.0015373890751819565
7.201140789921832E-4
0.001413754290405352
4.634971199735865E-4
0.0017441884315686895
5.681750907149026E-4
0.001363853105675817
6.271064095008923E-4
0.0028806675779391154
0.005973603672781157
0.0023997632054499137
8.370092285822628E-4
0.0020609081419284588
0.0012206068116416347
0.003000302884864793
1.118008739127116E-4
6.761735508124228E-4
0.004188233772800278
0.004245691640841139
0.001836864812672529
0.00334566411320363
0.0013434814942980522
5.533517676187627E-5
0.0010689674882130823
2.5795911810449243E-4
0.0014223866837775395
2.89362677923909E-4
0.004051358282149677
7.511557972529563E-5
0.0013990488634219955
1.2190825059821034E-4
2.49075067508872E-4
0.0016065058548508685
0.0012294582433720587
0.00423441899161473
0.0014072813394845694
0.0018782285251681896
0.0024370490828439025
0.0012027743961349018
0.0011051593348915844
0.0018572496940667668
0.0016685048910118265
0.002562692247865339
2.630500544333732E-4
0.0010107425224402911
0.0018007266487809444
0.001030444296506129
5.288381518273221E-4
7.371787447605031E-4
0.0013060777610171951
1.7615277315662808E-4
8.996539336618489E-4
0.002265198075590602
0.001782342152614545
9.442807379965794E-4
2.1521777303418386E-4
0.001216937208212251
3.2321832640792706E-4
6.744465058423775E-4
1.8821863738764826E-4
3.708337330231053E-4
8.221526322415067E-4
0.002015868243040364
1.5870255319857447E-4
0.0017544602085674025
1.759307521586385E-4
3.3815275823861397E-4
1.6669106592717705E-4
0.0014651419966754677
6.007885623040084E-4
4.742116104650959E-4
3.4753989137279904E-4
5.080397261863852E-4
0.0012267442024508344
6.676420733930283E-4
0.0014115150815909657
3.5804209674333615E-4
3.602532505819116E-5
0.001002547741216508
4.428351104847287E-4
0.001116529934345919
3.73168624614226E-4
7.622306225081559E-4
7.493760618770429E-4
6.543727878582939E-4
5.928945074842401E-4
0.0010891193268627011
3.9784220044951785E-4
0.0016816736484708736
2.744839404865905E-4
5.339250397297231E-4
1.1212103350626722E-4
5.067119471196908E-5
2.0933688368753394E-4
4.4588735226768964E-4
7.651813023170133E-4
1.1665727208113557E-4
8.691725880761832E-4
0.001132944727964512
2.6183400067635124E-4
5.646398579893965E-4
1.6257477244355573E-4
7.819298568233665E-4
6.335617272063513E-4
7.708338391554823E-4
6.20627862360746E-4
3.9241506388937536E-4
6.690447794201718E-4
4.244237491332408E-4
0.0015887780200170142
4.976101948512016E-4
1.9949030007221082E-4
6.267948051245946E-4
2.305244625871368E-4
1.654236711775495E-4
4.7043335242392015E-4
6.298340257041838E-4
6.32617120745854E-4
6.455381367839059E-4
1.0049510525865632E-4
0.0010544717468482076
2.461189014645442E-4
0.0014847172594749847
1.427480226856113E-4
9.712670439180757E-4
5.681175619347058E-4
3.7380798526576164E-4
7.800377234403204E-4
1.7823826920200625E-4
2.1869131910400963E-4
3.2291598974623284E-4
4.945957255042123E-4
5.955947497521748E-4
4.683021548923922E-4
2.446638932093472E-4
2.06037892597633E-4
5.469418776750903E-4
2.7057362103208294E-4
7.675100490990973E-5
2.8343843421313286E-5
4.5851380829226186E-4
1.2873761861417518E-4
1.8889430428649972E-4
2.5984026596577697E-4
5.793832076451192E-4
5.865201577198157E-4
5.446790102588435E-4
7.631651211401324E-4
0.001093860076260303
7.862509620650232E-4
0.0010572718598408988
7.965404793665165E-4
7.716830216115849E-4
6.64140729424922E-4
8.333556323637347E-4
0.0010144836548002007
0.001087280383640103
9.549269103992132E-4
8.699630817883402E-4
6.656306438615848E-4
7.162391843455149E-4
5.837957227741831E-4
5.433578329881314E-4
3.7082909649475634E-4
5.388073803717441E-4
5.414251770110536E-4
2.558126899851149E-4
1.5084200537553212E-4
2.9511121512620876E-4
5.221795354741678E-5
2.603429742486548E-4
2.0108778093772727E-4
2.373733655719642E-4
2.069175556227626E-4
4.5335533274583697E-4
4.82062780980799E-4
6.053631573126106E-4
7.468936169191603E-4
7.256974056935502E-4
8.029145374833511E-4
8.490875543906193E-4
0.0010283283642057621
9.690928245888322E-4
0.0010803105913642552
0.0010196945018666778
0.0010649293659035631
0.0010725708951093548
0.0010624504231697505
0.001120223932048711
0.0011332128493275573
0.0011592857400907937
0.0010727621245756182
0.001102700051469283
0.0010352735821456138
9.52865759897621E-4
8.843292649028222E-4
7.811960005741434E-4
7.152099407420284E-4
6.300596116110461E-4
5.696637660709821E-4
4.130518778911278E-4
3.703321572898723E-4
3.109987867071462E-4
2.587207217945357E-4
2.775498211427094E-4
3.0056407708224333E-4
4.658336432213963E-4
4.993573157974658E-4
6.43364807671015E-4
7.049862780624599E-4
8.096705774654813E-4
8.5938682548063E-4
9.923263469261171E-4
0.001051801891599754
0.0011688194194887783
0.0012054069462981802
0.001260547964398303
0.0013014782592767468
0.0012524369987480576
0.001284787754549173
0.0012524369987480576
0.0013014782592767468
0.001260547964398303
0.0012054069462981802
0.0011688194194887783
0.001051801891599754
9.923263469261171E-4
8.5938682548063E-4
8.096705774654813E-4
7.049862780624599E-4
6.43364807671015E-4
4.993573157974658E-4
4.658336432213963E-4
3.0056407708224333E-4
2.775498211427094E-4
2.587207217945357E-4
3.109987867071462E-4
3.703321572898723E-4
4.130518778911278E-4
5.696637660709821E-4
6.300596116110461E-4
7.152099407420284E-4
7.811960005741434E-4
8.843292649028222E-4
9.52865759897621E-4
0.0010352735821456138
0.001102700051469283
0.0010727621245756182
0.0011592857400907937
0.0011332128493275573
0.001120223932048711
0.0010624504231697505
0.0010725708951093548
0.0010649293659035631
0.0010196945018666778
0.0010803105913642552
9.690928245888322E-4
0.0010283283642057621
8.490875543906193E-4
8.029145374833511E-4
7.256974056935502E-4
7.468936169191603E-4
6.053631573126106E-4
4.82062780980799E-4
4.5335533274583697E-4
2.069175556227626E-4
2.373733655719642E-4
2.0108778093772727E-4
2.603429742486548E-4
5.221795354741678E-5
2.9511121512620876E-4
1.5084200537553212E-4
2.558126899851149E-4
5.414251770110536E-4
5.388073803717441E-4
3.7082909649475634E-4
5.433578329881314E-4
5.837957227741831E-4
7.162391843455149E-4
6.656306438615848E-4
8.699630817883402E-4
9.549269103992132E-4
0.001087280383640103
0.0010144836548002007
8.333556323637347E-4
6.64140729424922E-4
7.716830216115849E-4
7.965404793665165E-4
0.0010572718598408988
7.862509620650232E-4
0.001093860076260303
7.631651211401324E-4
5.446790102588435E-4
5.865201577198157E-4
5.793832076451192E-4
2.5984026596577697E-4
1.8889430428649972E-4
1.2873761861417518E-4
4.5851380829226186E-4
2.8343843421313286E-5
7.675100490990973E-5
2.7057362103208294E-4
5.469418776750903E-4
2.06037892597633E-4
2.446638932093472E-4
4.683021548923922E-4
5.955947497521748E-4
4.945957255042123E-4
3.2291598974623284E-4
2.1869131910400963E-4
1.7823826920200625E-4
7.800377234403204E-4
3.7380798526576164E-4
5.681175619347058E-4
9.712670439180757E-4
1.427480226856113E-4
0.0014847172594749847
2.461189014645442E-4
0.0010544717468482076
1.0049510525865632E-4
6.455381367839059E-4
6.32617120745854E-4
6.298340257041838E-4
4.7043335242392015E-4
1.654236711775495E-4
2.305244625871368E-4
6.267948051245946E-4
1.9949030007221082E-4
4.976101948512016E-4
0.0015887780200170142
4.244237491332408E-4
6.690447794201718E-4
3.9241506388937536E-4
6.20627862360746E-4
7.708338391554823E-4
6.335617272063513E-4
7.819298568233665E-4
1.6257477244355573E-4
5.646398579893965E-4
2.6183400067635124E-4
0.001132944727964512
8.691725880761832E-4
1.1665727208113557E-4
7.651813023170133E-4
4.4588735226768964E-4
2.0933688368753394E-4
5.067119471196908E-5
1.1212103350626722E-4
5.339250397297231E-4
2.744839404865905E-4
0.0016816736484708736
3.9784220044951785E-4
0.0010891193268627011
5.928945074842401E-4
6.543727878582939E-4
7.493760618770429E-4
7.622306225081559E-4
3.73168624614226E-4
0.001116529934345919
4.428351104847287E-4
0.001002547741216508
3.602532505819116E-5
3.5804209674333615E-4
0.0014115150815909657
6.676420733930283E-4
0.0012267442024508344
5.080397261863852E-4
3.4753989137279904E-4
4.742116104650959E-4
6.007885623040084E-4
0.0014651419966754677
1.6669106592717705E-4
3.3815275823861397E-4
1.759307521586385E-4
0.0017544602085674025
1.5870255319857447E-4
0.002015868243040364
8.221526322415067E-4
3.708337330231053E-4
1.8821863738764826E-4
6.744465058423775E-4
3.2321832640792706E-4
0.001216937208212251
2.1521777303418386E-4
9.442807379965794E-4
0.001782342152614545
0.002265198075590602
8.996539336618489E-4
1.7615277315662808E-4
0.0013060777610171951
7.371787447605031E-4
5.288381518273221E-4
0.001030444296506129
0.0018007266487809444
0.0010107425224402911
2.630500544333732E-4
0.002562692247865339
0.0016685048910118265
0.0018572496940667668
0.0011051593348915844
0.0012027743961349018
0.0024370490828439025
0.0018782285251681896
0.0014072813394845694
0.00423441899161473
0.0012294582433720587
0.0016065058548508685
2.49075067508872E-4
1.2190825059821034E-4
0.0013990488634219955
7.511557972529563E-5
0.004051358282149677
2.89362677923909E-4
0.0014223866837775395
2.5795911810449243E-4
0.0010689674882130823
5.533517676187627E-5
0.0013434814942980522
0.00334566411320363
0.001836864812672529
0.004245691640841139
0.004188233772800278
6.761735508124228E-4
1.118008739127116E-4
0.003000302884864793
0.0012206068116416347
0.0020609081419284588
8.370092285822628E-4
0.0023997632054499137
0.005973603672781157
0.0028806675779391154
6.271064095008923E-4
0.001363853105675817
5.681750907149026E-4
0.0017441884315686895
4.634971199735865E-4
0.001413754290405352
7.201140789921832E-4
0.0015373890751819565
0.0011069336514983835
0.0010518776429476945
6.742239991738081E-4
9.513016444366002E-4
0.004687389799538821
4.468508250988103E-4
0.002255109268071076
0.001920940053491608
0.002474317604490256
0.0011790294719071952
0.002820347960594443
0.0017047196620381146
0.0016990260182706861
9.486577218775798E-5
0.0012514210014530364
0.0014786774368353666
9.670927476912801E-5
0.001293631607813307
2.901111203364103E-4
3.98898617365796E-4
0.0010102249334163183
1.2161729217990035E-4
0.0018468071999480423
0.0022645716164116365
0.0019268675497149306
0.00331668909493287
3.7863544380160695E-4
0.001003848217503079
5.64158792405134E-4
0.0037318480905481795
0.0011677807302218506
0.0011955080023543412
0.00109378890521171
0.00120710748367144
7.467690724938473E-4
3.0545412052120335E-4
2.0794286733453836E-4
0.0017039783080430252
0.002897866181482682
0.0019327968278316113
0.002280918841632894
6.545878303938878E-4
0.0022553123155018987
0.002708148754312784
0.0032099579095371733
0.0014601300518052274
7.555163414413112E-4
4.5786401634380217E-4
0.0019867697025002466
9.129336428141686E-5
0.0030282534209311227
8.28437918454869E-4
5.764770778004198E-4
3.716303885153131E-4
0.0011202010189393906
0.0013706892487006493
0.0036589280311740717
2.0697427716549955E-4
0.00255892202690165
3.606752465906233E-4
0.007222820669824546
9.986534878353307E-4
4.7001059484442267E-4
9.668280682567838E-4
6.451191244852742E-4
5.919801595583913E-4
4.353877494907959E-4
0.00357182348567155
0.0015118289612076265
0.0015439257770904571
0.0016345699539246192
9.242805705744964E-4
0.0042063611501294415
0.002423827544995113
0.001129871091281669
0.001194234944982268
0.0036030562498381344
0.0020737391162586796
0.00459314921122932
0.001620345056094522
9.556831555672887E-4
2.3886911473169496E-4
2.619866116101663E-4
0.009170698146727321
9.967677803872194E-4
0.0032148126132840087
0.0035308048419902052
0.0014795242856543694
0.007527863137225408
1.7349203218619454E-4
0.003383910328980165
0.008200803430889466
0.0026337289891713673
0.005196529344345452
0.00752100643591764
0.009096583687635992
5.154998367846445E-4
0.006881702598731625
0.006088913219981165
0.0020926052148072696
0.005692442900376373
1.3657258128033586E-4
3.3225438762144995E-6
0.007264235893435605
0.007560456747110956
0.013886609806972212
0.00451999080630149
0.001482392622868867
5.988848615329935E-4
0.006698239853897062
1.3437076639271793E-4
0.002815247264962085
5.23606091018845E-4
1.0633662093940397E-4
0.004879099689958226
0.012337859055191074
0.015316745351648148
0.011448044949472654
0.017137561841189267
0.0470629967626217
0.012517614463474429
0.02655411729909643
0.05411120929850867
0.041725488048993384
0.03698698351582809
0.004664927911982141
0.033323738916728685
0.004566936247909447
0.0337050716212855
0.0011389629091917595
0.06598873656334736
0.004220159320284911
0.022399443790602436
0.023063878824784258
0.025608149804465047
0.02229258398546277
0.010639950636194764
0.021816949549064168
0.023872220821690025
0.005427586542895695
0.001900378582070522
0.037245868475397875
0.016430506317517926
0.015758341092699808
0.012576935178849414
0.0018476568561589487
0.008948611560899107
0.005258345156518385
0.026428009677740616
0.015059834413226704
0.022059681100773606
0.009202617475049026
0.012305831713698596
0.014467873173051154
0.01647403359730361
8.897070378061132E-4
0.0015815939246376885
0.02268271512063869
0.015706586349925212
0.03543368290174904
0.0309574212863893
0.026772914267670277
0.03362615967271225
0.007198593129852155
0.022887098950597817
0.01989478275869121
0.0126324210569712
0.012573133220099487
0.015507694864946277
0.003337868474920987
0.010691283253983335
0.02433818113493276
9.729081496496087E-4
0.028014824533215993
0.01906921714940179
0.023773743482090624
0.0068357452964248845
0.025541286354247607
0.008638129821282956
0.002063337252828338
0.059018565026250996
0.021807348523247318
0.04820391755124488
0.06545032336373478
0.10832859420282687
0.019388939742971234
0.047441263891290185
0.0015343932064861574
0.11045095819565856
0.04075376335573308
0.15348199081037042
0.07413204170816391
0.01609374537597893
0.11650832445690841
0.11706358548277283
0.10525951817550686
0.0629582557186876
0.058351883339069724
0.12138123749507142
0.2458384186870638
0.1691716694526144
0.05901561966157122
0.00867795066776806
0.04804713879995447
0.00942261953362564
0.18812750075225879
0.11913396284342884
0.1132730193047569
0.11569893415528464
0.2917965729829095
0.19420947590017695
0.14851011202360687
0.13982329792369705
0.03722796960682706
0.04533526680528113
0.06219145124505002
0.14275596266152837
0.22179947110276663
0.10352985814692055
0.18861202543748048
0.19624078801347528
0.030130892049183285
0.001237530290478893
0.19656408876427064
0.25773891784717123
0.2007566265984644
0.11241961506150867
0.092033484421853
0.16596930262555937
0.21688268900002447
0.05135040058898466
0.062216899629834864
0.2009231072041322
1.0
0.6345887101067746
0.4495451145191076
0.49667372941434657
0.22246773890455981
0.07616479542638487
0.06461104151109825
0.04874903881462973
0.005046605454306124
