-1.0021769578400022
1.0
0.9934816323759951
0.9826592868363693
0.9675950644014711
0.948375309332875
0.925110017300125
0.8979320820258218
0.8669963860091766
0.8324787420844779
0.794574693675395
0.7534981826502527
0.709480094659315
0.6627666927353055
0.6136179507559413
0.5623057990959589
0.5091122954304113
0.4543277341861028
0.3982487085698534
0.3411761394276109
0.28341328540482585
0.2252637489844164
0.16702949297333367
0.109008881892364
0.05149476249734111
0.005227402674715116
0.06088133528121595
0.11520166176026658
0.16793554225639096
0.21884419634714197
0.26770431485151347
0.31430934790106185
0.3584706604280242
0.4000185472639132
0.43880310113892645
0.47469492801847896
0.5075857053992995
0.5373885804045933
0.564038405756275
0.5874918129525959
0.6077271232318961
0.624744098147983
0.6385635328101201
0.6492266960412818
0.6567946228728903
0.6613472659137024
0.6629825131962054
0.6618150811075741
0.657975291946244
0.6516077465022451
0.6428699028330799
0.6319305730911863
0.6189683508486971
0.6041699818558279
0.5877286915570973
0.5698424829718484
0.5507124187201139
0.530540901040585
0.5095299636039021
0.4878795887722369
0.46578606369650005
0.443440388277685
0.4210267475518885
0.3987210604932151
0.3766896165696767
0.35508781063967615
0.33405898594666744
0.3137333940638444
0.2942272796663793
0.27564209697366304
0.25806386361638306
0.2415626565517957
0.22619225348419156
0.21198992205558032
0.19897635786348256
0.1871557711480214
0.17651612077883463
0.16702949297333364
0.15865262100095534
0.15132754098264953
0.1449823777899503
0.13953225399234673
0.13488031380363888
0.1309188530454451
0.127530545286358
0.12458975353526942
0.12196391617320777
0.11951499520520929
0.11710097440697273
0.11457739453439399
0.11179891246071422
0.10862087090837579
0.1049008653523093
0.10050029468900441
0.09528588239122301
0.08913115510058271
0.08191786594769482
0.073537350329375
0.06389180241123331
0.052895461257432684
0.04047569621258809
0.026573981967962634
0.011146754628940624
0.005833858943765556
0.024379445228116577
0.04448484720523304
0.06612785110935825
0.08926902012026995
0.11385167716847266
0.13980203781765405
0.16702949297333364
0.19542703995101846
0.2248718592311093
0.25522603304083114
0.28633740074500963
0.3180405449067569
0.3501579008049732
0.3825009811765623
0.4148717069954818
0.447063834215861
0.47886446559945894
0.510055636025173
0.5404159590459549
0.5697223219214397
0.5977516159171894
0.6242824883273037
0.6490971024489852
0.6719828916174494
0.6927342933984036
0.7111544501334374
0.7270568622404912
0.7402669809855557
0.7506237278607018
0.7579809282242269
0.7622086474772735
0.7631944187629847
0.7608443519737211
0.7550841147329257
0.7458597769741546
0.733138511763214
0.71690914609241
0.697182556510223
0.6739919056265635
0.6473927167439746
0.617462785099426
0.5843019254500724
0.5480315569898596
0.5087941278324454
0.4667523825298236
0.4220884773057324
0.37500294885897084
0.32571354372498956
0.27445391626571175
0.22147220437908482
0.1670294929733337
0.11139817612888042
0.0548602296665045
0.002294593452664053
0.05977063185687069
0.11726823507085544
0.17448571943719104
0.23112134638412923
0.2868753085764291
0.34145170940017955
0.39456052125822294
0.4459195082893589
0.4952560993710465
0.5423091976200186
0.5868309130654014
0.6285882057310923
0.6673644270240465
0.7029607480776681
0.7351974645390056
0.7639151682084163
0.7889757769337927
0.8102634152206741
0.8276851391364773
0.8411715002530946
0.8506769445782529
0.8561800436630199
0.8576835563312059
0.8552143207464046
0.8488229778043344
0.8385835281021479
0.8245927259827855
0.8069693153716461
0.7858531133054807
0.761403948190383
0.7338004609083076
0.7032387779114206
0.6699310663928868
0.6341039824942231
0.5959970242963598
0.5558608020380683
0.5139552386061255
0.4705477138418915
0.42591116660512474
0.380322168824837
0.3340589859466673
0.28739963825530745
0.24061997750853667
0.19399179316677206
0.14778096224006781
0.10224565640524824
0.05763461957234861
0.014185528505485448
0.027876551566751694
0.06834060517704321
0.10701098835233151
0.14370862444872778
0.17827206567740758
0.21055841296801928
0.24044408792839547
0.26782545181770967
0.29261926764563806
0.3147630027332427
0.33421497031263686
0.3509543099923837
0.3649808081642625
0.37631456066481056
0.3849954812223035
0.39108266040709294
0.39465358095129704
0.3958031964038162
0.3946428811300053
0.3912992606440237
0.38591293216832023
0.3786370861419256
0.3696360401408358
0.3590836973241029
0.3471619420733065
0.3340589859466674
0.3199676774187283
0.3050837891196761
0.2896042964232081
0.2737256612574456
0.2576421349296778
0.24154409356346881
0.2256164194475003
0.2100369411919301
0.1949749450832879
0.18058976942709898
0.16702949297333375
0.15442972773898747
0.14291252568083881
0.13258540773654917
0.12354052275120044
0.11585394274706053
0.109585099885207
0.10477636931742827
0.10145280094464695
0.09962200189332594
0.09927417030345614
0.10038227980038146
0.1029024128075715
0.10677423965805964
0.11192163928811576
0.11825345615707188
0.12566438694103704
0.1340359895042065
0.14323780566777
0.15312858838085464
0.1635576230576811
0.1743661320868091
0.18538875084796388
0.19645506299475915
0.2073911822822054
0.21802136783999687
0.22816965951919294
0.23766151977317998
0.24632546847507544
0.2539946971234429
0.2605086490459643
0.265714552475316
0.26946889374084465
0.2716388182908265
0.27210344782943174
0.2707551025155046
0.26750041792171353
0.2622613472866134
0.2549760405021045
0.2455995922575566
0.2341046528017395
0.2204818958765117
0.20474033951334428
0.1869075165562539
0.16702949297333375
0.14517073323438598
0.12141381325456348
0.0958589826238134
0.06862357904964149
0.039841299126752786
0.00966133070212328
0.021752646781123812
0.05422358651182165
0.08756231465320638
0.12156887739904611
0.15603398447263928
0.19074053800750507
0.22546523504428914
0.25998023126578074
0.2940548530759012
0.3274573447131834
0.35995663677801765
0.3913241223482885
0.4213354267617041
0.44977215715597924
0.4764236179800663
0.5010884789200011
0.5235763820199338
0.543709475220016
0.5613238600746653
0.5762709420531827
0.5884186725548574
0.5976526725869417
0.6038772289499207
0.607016154743396
0.6070135070401887
0.6038341556678899
0.5974641981776136
0.5879112172602688
0.5752043780820993
0.5593943642441197
0.5405531523148351
0.5187736261325345
0.49416903331285567
0.466872287619495
0.4370351220514243
0.4048270986593893
0.37043448221880243
0.33405898594666744
0.29591639844861783
0.2562351020106854
0.2152544932017966
0.17322331752052372
0.13039793049728995
0.08704049824571353
0.043417150939471336
2.0389692980006112E-4
0.04355424538555728
0.08636721259859256
0.12837972897308686
0.16933420739808197
0.208980375543163
0.2470770563533353
0.2833938832811505
0.3177129372811995
0.3498302931794159
0.3795574637127031
0.40672273030798606
0.43117235052791475
0.45277163304652246
0.4714058720249263
0.48698113382689334
0.49942489013852437
0.5086864927267195
0.5147374862784742
0.5175717569980386
0.5172055158920429
0.5136771169341143
0.5070467115605813
0.4973957421977684
0.48482627874952594
0.4694602031714669
0.45143824841665775
0.4309188991472591
0.4080771626592552
0.38310321945480874
0.35620096381129307
0.32758644553062444
0.29748622480068815
0.2661356527566659
0.23377709088883789
0.20065808290068865
0.1670294929733337
0.1331436246367454
0.09925233458309152
0.06560515578173297
0.03244744416888277
1.8562988326971854E-5
0.03144988144548611
0.06173573920186528
0.09062793855972547
0.1179280179716547
0.14345155663989362
0.16702949297333372
0.18850932107235124
0.2077561563414534
0.22465366235088555
0.2391048321495789
0.2510326183646815
0.2603804075985788
0.26711233584364735
0.2712134428685468
0.27268966477808937
0.27156766520188363
0.2678945068153307
0.2617371661304165
0.25318189570354827
0.24233343908400795
0.22931410496032764
0.21426270804423822
0.1973333852544151
0.17869429671712708
0.15852622198070065
0.1370210626386442
0.11438026326617429
0.09081316319129511
0.06653529213974345
0.041766623209080596
0.016729796937811164
0.008351669561719855
0.03325517434423194
0.05776080920001523
0.08165311113070944
0.10472277304650215
0.12676830034006387
0.14759760043765344
0.16702949297333372
0.18489512887381868
0.20103930737401543
0.2153216808010605
0.22761783786111597
0.2378202571313115
0.24583912349138654
0.2516030013176607
0.25505935939740493
0.25617494369555965
0.2549359953088486
0.2513483121652099
0.2454371542595258
0.2372469934502063
0.22684111006559607
0.2143010397748442
0.19972587535534925
0.18323142912895504
0.16494926293280238
0.14502559352958255
0.12362008233776174
0.100904519267539
0.07706141127577558
0.052282486996447365
0.026767129456519323
7.207494454315458E-4
0.025646887434715382
0.05212336665525767
0.07849534995010804
0.10455030603212163
0.1300782330270084
0.15487335889020423
0.17873580625551702
0.2014732084546155
0.22290226384120307
0.2428502160498929
0.2611562484134303
0.2776727814483161
0.29226666309263244
0.3048202422348768
0.31523231700209997
0.3234189502723253
0.3293141459322161
0.33287038050796514
0.3340589859466674
0.33287038050796514
0.3293141459322161
0.3234189502723253
0.31523231700209997
0.3048202422348768
0.29226666309263244
0.2776727814483161
0.2611562484134303
0.2428502160498929
0.22290226384120307
0.2014732084546155
0.17873580625551702
0.15487335889020423
0.1300782330270084
0.10455030603212163
0.07849534995010804
0.05212336665525767
0.025646887434715382
7.207494454315458E-4
0.026767129456519323
0.052282486996447365
0.07706141127577558
0.100904519267539
0.12362008233776174
0.14502559352958255
0.16494926293280238
0.18323142912895504
0.19972587535534925
0.2143010397748442
0.22684111006559607
0.2372469934502063
0.2454371542595258
0.2513483121652099
0.2549359953088486
0.25617494369555965
0.25505935939740493
0.2516030013176607
0.24583912349138654
0.2378202571313115
0.22761783786111597
0.2153216808010605
0.20103930737401543
0.18489512887381868
0.16702949297333372
0.14759760043765344
0.12676830034006387
0.10472277304650215
0.08165311113070944
0.05776080920001523
0.03325517434423194
0.008351669561719855
0.016729796937811164
0.041766623209080596
0.06653529213974345
0.09081316319129511
0.11438026326617429
0.1370210626386442
0.15852622198070065
0.17869429671712708
0.1973333852544151
0.21426270804423822
0.22931410496032764
0.24233343908400795
0.25318189570354827
0.2617371661304165
0.2678945068153307
0.27156766520188363
0.27268966477808937
0.2712134428685468
0.26711233584364735
0.2603804075985788
0.2510326183646815
0.2391048321495789
0.22465366235088555
0.2077561563414534
0.18850932107235124
0.16702949297333372
0.14345155663989362
0.1179280179716547
0.09062793855972547
0.06173573920186528
0.03144988144548611
1.8562988326971854E-5
0.03244744416888277
0.06560515578173297
0.09925233458309152
0.1331436246367454
0.1670294929733337
0.20065808290068865
0.23377709088883789
0.2661356527566659
0.29748622480068815
0.32758644553062444
0.35620096381129307
0.38310321945480874
0.4080771626592552
0.4309188991472591
0.45143824841665775
0.4694602031714669
0.48482627874952594
0.4973957421977684
0.5070467115605813
0.5136771169341143
0.5172055158920429
0.5175717569980386
0.5147374862784742
0.5086864927267195
0.49942489013852437
0.48698113382689334
0.4714058720249263
0.45277163304652246
0.43117235052791475
0.40672273030798606
0.3795574637127031
0.3498302931794159
0.3177129372811995
0.2833938832811505
0.2470770563533353
0.208980375543163
0.16933420739808197
0.12837972897308686
0.08636721259859256
0.04355424538555728
2.0389692980006112E-4
0.043417150939471336
0.08704049824571353
0.13039793049728995
0.17322331752052372
0.2152544932017966
0.2562351020106854
0.29591639844861783
0.33405898594666744
0.37043448221880243
0.4048270986593893
0.4370351220514243
0.466872287619495
0.49416903331285567
0.5187736261325345
0.5405531523148351
0.5593943642441197
0.5752043780820993
0.5879112172602688
0.5974641981776136
0.6038341556678899
0.6070135070401887
0.607016154743396
0.6038772289499207
0.5976526725869417
0.5884186725548574
0.5762709420531827
0.5613238600746653
0.543709475220016
0.5235763820199338
0.5010884789200011
0.4764236179800663
0.44977215715597924
0.4213354267617041
0.3913241223482885
0.35995663677801765
0.3274573447131834
0.2940548530759012
0.25998023126578074
0.22546523504428914
0.19074053800750507
0.15603398447263928
0.12156887739904611
0.08756231465320638
0.05422358651182165
0.021752646781123812
0.00966133070212328
0.039841299126752786
0.06862357904964149
0.0958589826238134
0.12141381325456348
0.14517073323438598
0.16702949297333375
0.1869075165562539
0.20474033951334428
0.2204818958765117
0.2341046528017395
0.2455995922575566
0.2549760405021045
0.2622613472866134
0.26750041792171353
0.2707551025155046
0.27210344782943174
0.2716388182908265
0.26946889374084465
0.265714552475316
0.2605086490459643
0.2539946971234429
0.24632546847507544
0.23766151977317998
0.22816965951919294
0.21802136783999687
0.2073911822822054
0.19645506299475915
0.18538875084796388
0.1743661320868091
0.1635576230576811
0.15312858838085464
0.14323780566777
0.1340359895042065
0.12566438694103704
0.11825345615707188
0.11192163928811576
0.10677423965805964
0.1029024128075715
0.10038227980038146
0.09927417030345614
0.09962200189332594
0.10145280094464695
0.10477636931742827
0.109585099885207
0.11585394274706053
0.12354052275120044
0.13258540773654917
0.14291252568083881
0.15442972773898747
0.16702949297333375
0.18058976942709898
0.1949749450832879
0.2100369411919301
0.2256164194475003
0.24154409356346881
0.2576421349296778
0.2737256612574456
0.2896042964232081
0.3050837891196761
0.3199676774187283
0.3340589859466674
0.3471619420733065
0.3590836973241029
0.3696360401408358
0.3786370861419256
0.38591293216832023
0.3912992606440237
0.3946428811300053
0.3958031964038162
0.39465358095129704
0.39108266040709294
0.3849954812223035
0.37631456066481056
0.3649808081642625
0.3509543099923837
0.33421497031263686
0.3147630027332427
0.29261926764563806
0.26782545181770967
0.24044408792839547
0.21055841296801928
0.17827206567740758
0.14370862444872778
0.10701098835233151
0.06834060517704321
0.027876551566751694
0.014185528505485448
0.05763461957234861
0.10224565640524824
0.14778096224006781
0.19399179316677206
0.24061997750853667
0.28739963825530745
0.3340589859466673
0.380322168824837
0.42591116660512474
0.4705477138418915
0.5139552386061255
0.5558608020380683
0.5959970242963598
0.6341039824942231
0.6699310663928868
0.7032387779114206
0.7338004609083076
0.761403948190383
0.7858531133054807
0.8069693153716461
0.8245927259827855
0.8385835281021479
0.8488229778043344
0.8552143207464046
0.8576835563312059
0.8561800436630199
0.8506769445782529
0.8411715002530946
0.8276851391364773
0.8102634152206741
0.7889757769337927
0.7639151682084163
0.7351974645390056
0.7029607480776681
0.6673644270240465
0.6285882057310923
0.5868309130654014
0.5423091976200186
0.4952560993710465
0.4459195082893589
0.39456052125822294
0.34145170940017955
0.2868753085764291
0.23112134638412923
0.17448571943719104
0.11726823507085544
0.05977063185687069
0.002294593452664053
0.0548602296665045
0.11139817612888042
0.1670294929733337
0.22147220437908482
0.27445391626571175
0.32571354372498956
0.37500294885897084
0.4220884773057324
0.4667523825298236
0.5087941278324454
0.5480315569898596
0.5843019254500724
0.617462785099426
0.6473927167439746
0.6739919056265635
0.697182556510223
0.71690914609241
0.733138511763214
0.7458597769741546
0.7550841147329257
0.7608443519737211
0.7631944187629847
0.7622086474772735
0.7579809282242269
0.7506237278607018
0.7402669809855557
0.7270568622404912
0.7111544501334374
0.6927342933984036
0.6719828916174494
0.6490971024489852
0.6242824883273037
0.5977516159171894
0.5697223219214397
0.5404159590459549
0.510055636025173
0.47886446559945894
0.447063834215861
0.4148717069954818
0.3825009811765623
0.3501579008049732
0.3180405449067569
0.28633740074500963
0.25522603304083114
0.2248718592311093
0.19542703995101846
0.16702949297333364
0.13980203781765405
0.11385167716847266
0.08926902012026995
0.06612785110935825
0.04448484720523304
0.024379445228116577
0.005833858943765556
0.011146754628940624
0.026573981967962634
0.04047569621258809
0.052895461257432684
0.06389180241123331
0.073537350329375
0.08191786594769482
0.08913115510058271
0.09528588239122301
0.10050029468900441
0.1049008653523093
0.10862087090837579
0.11179891246071422
0.11457739453439399
0.11710097440697273
0.11951499520520929
0.12196391617320777
0.12458975353526942
0.127530545286358
0.1309188530454451
0.13488031380363888
0.13953225399234673
0.1449823777899503
0.15132754098264953
0.15865262100095534
0.16702949297333364
0.17651612077883463
0.1871557711480214
0.19897635786348256
0.21198992205558032
0.22619225348419156
0.2415626565517957
0.25806386361638306
0.27564209697366304
0.2942272796663793
0.3137333940638444
0.33405898594666744
0.35508781063967615
0.3766896165696767
0.3987210604932151
0.4210267475518885
0.443440388277685
0.46578606369650005
0.4878795887722369
0.5095299636039021
0.530540901040585
0.5507124187201139
0.5698424829718484
0.5877286915570973
0.6041699818558279
0.6189683508486971
0.6319305730911863
0.6428699028330799
0.6516077465022451
0.657975291946244
0.6618150811075741
0.6629825131962054
0.6613472659137024
0.6567946228728903
0.6492266960412818
0.6385635328101201
0.624744098147983
0.6077271232318961
0.5874918129525959
0.564038405756275
0.5373885804045933
0.5075857053992995
0.47469492801847896
0.43880310113892645
0.4000185472639132
0.3584706604280242
0.31430934790106185
0.26770431485151347
0.21884419634714197
0.16793554225639096
0.11520166176026658
0.06088133528121595
0.005227402674715116
0.05149476249734111
0.109008881892364
0.16702949297333367
0.2252637489844164
0.28341328540482585
0.3411761394276109
0.3982487085698534
0.4543277341861028
0.5091122954304113
0.5623057990959589
0.6136179507559413
0.6627666927353055
0.709480094659315
0.7534981826502527
0.794574693675395
0.8324787420844779
0.8669963860091766
0.8979320820258218
0.925110017300125
0.948375309332875
0.9675950644014711
0.9826592868363693
0.9934816323759951
1.0
