-1.0545836238089423
0.5313325698790888
0.7245926371099826
0.499702548199464
0.013988861032630267
0.21234477322489725
0.5363190171191584
0.38573999060290376
0.6618920199943209
0.9379508049671569
0.5318779550480581
0.963214716444554
0.3993190917077846
0.37641111124576143
0.24404533288613467
0.38143776331660595
0.12389373922963741
0.7777149756024117
0.663726997040383
0.6876050887312103
0.980467435783436
0.3972181765485866
0.7073040816851054
0.17032312088089144
0.042675681007867866
0.04271107684813213
0.7233510962977894
0.4025931631327248
0.8815792712393995
0.7997708967584984
0.5636255727445917
0.8511495145099015
0.15551088912105626
0.33743893836686784
0.09880934221691481
0.4542158221417952
0.29359676264219225
0.9440695936802928
0.5698886281673528
0.8209058037049126
0.7772321219375299
0.3101200888841388
0.5833404493418346
0.13957771812581515
0.07446673762628364
0.34246505392958043
0.7817834525807721
0.45258854436855095
1.0
0.599250340717499
0.6029750496392967
0.613333629061242
0.023493208511319967
0.23648989129758996
0.4212643171051401
0.45071329758760864
0.501781207220755
0.9669446596799721
0.48725799935982794
0.880847391238076
0.49626891778001053
0.26796714234947877
0.3538062307461301
0.36942673334738113
0.1175806951405824
0.6250782715513415
0.7242299262544049
0.5383715869849443
0.9810127866081333
0.3955756983596132
0.6113915873454124
0.2958703554057889
0.11979415342706094
0.06130751869770684
0.656578919947896
0.41062642626709595
0.7036550589170701
0.8521169632451513
0.4430197801319066
0.830011664115514
0.20538144788508406
0.24553339417244366
0.05283057276538138
0.48587342828041935
0.19949256427171924
0.8262156264843743
0.5924096110608366
0.6374108936635776
0.8233270302611896
0.23735713926631213
0.5519025017218064
0.033175268800452185
0.14587179211817555
0.17195620915937349
0.7617264813392493
0.3765535502652316
0.8446292171993807
0.6403463873979278
0.4386523231962467
0.6589530397212177
0.03173335674708429
0.2069615012907594
0.2602327341622466
0.4904568608520271
0.3260477141147056
0.8989707898468537
0.4414056731023909
0.7099088387598712
0.5623446152353042
0.148288014173431
0.4053794494511592
0.3034906000602119
0.13622978973317693
0.4206943440813816
0.729442453135852
0.3773559051584484
0.878719930085379
0.39396890614490754
0.451413838538246
0.3925037325697935
0.1739059884999165
0.1222274406782221
0.5175756683385108
0.41578003915965783
0.4770616565705358
0.8289758564950985
0.3206360055790003
0.7140353091501322
0.2603951714972104
0.12230629231713941
0.18106814567118587
0.4630042177775783
0.13182295297611793
0.6278227364037128
0.5889784036777165
0.41760569230484246
0.7853098463585931
0.17722920399259903
0.44523716408551134
0.08480411359081015
0.21287198840153176
0.018653626541461597
0.663296165601893
0.3118890640039275
0.6122047966050979
0.6395455119231067
0.25809180471052656
0.6229819930167337
0.01157863231541963
0.1295108019388219
0.08276688855886775
0.4924950432304494
0.1630865475049613
0.7399246033072048
0.3954688589283534
0.47680310271578985
0.5783016617140616
0.03690637236355149
0.3868562578409607
0.19567184434044235
0.17247351602679345
0.19905525501195584
0.670627168010196
0.22782321202015296
0.6852123143761771
0.38499668968390643
0.2531016094436595
0.43756619039501743
0.19495183700062657
0.1303060712852599
0.32876463127929384
0.40964050968082305
0.23775556684209942
0.7254093730769957
0.2116056469303689
0.5184803018481406
0.30419272199720276
0.010429343356273222
0.26110392198647564
0.386359358803309
0.09738964745013204
0.37942592148772586
0.5502637539915622
0.19481697346892754
0.6613953361473116
0.1342344170661739
0.27978476316024725
0.18957204494528873
0.26015597784215
0.09241134893119161
0.4978912390780986
0.2613714901423669
0.3378436517607046
0.5863591360555815
0.08782153873471066
0.5057294933259331
0.029341315153228482
0.01944583576507828
0.07960464789743335
0.44949433241673803
0.035637245513898436
0.5101524562831273
0.34694731972832626
0.21689185110627934
0.5321264626549144
0.05004817844004036
0.2995620980512499
0.06579231445192184
0.21384702936539493
0.0044546420196069445
0.5485678397755396
0.10731032065571718
0.42679982613712636
0.3597665409635405
0.04756289068138499
0.41735792199922156
0.17960071593212518
0.08716908528963169
0.1205604059352806
0.3833974175955538
0.021106182953608423
0.5491663828020831
0.1253797638222075
0.2718559649764508
0.3209044685950077
0.12975826590760484
0.27792250814128994
0.2661268389495481
0.09436408974023587
0.11881273228786587
0.4709569081032826
0.0
0.46416442380971845
0.10741974263140684
0.08236711150133826
0.2586094820677352
0.27572993283978986
0.14601649408217784
0.28804414030432846
0.2223933740253758
0.062217141456049396
0.47804621289473687
0.0498983922974352
0.32199888175393
0.07846157189713084
0.10143537172859181
0.19920521926419962
0.3614557922438706
0.042721164822251016
0.24157682490457888
0.29137879646293724
0.0314081506316082
0.4223100717265225
0.10245323102915209
0.1580151470142403
0.06229713374189338
0.2458148007762695
0.15968197823361022
0.37453616552956587
0.025395031508282078
0.14050111313370514
0.3107493163373326
0.13404164591242454
0.33033903616905186
0.1318229529761178
0.005159975063464383
0.07394228620737972
0.3306136297965849
0.14387753549350402
0.3204585215847668
0.06510828971003027
0.011333580424890985
0.2990473175934431
0.21583552807519524
0.22920338968525064
0.12040275220840337
0.11351635570842922
0.11530535101219984
0.35214776717434043
0.1430374809817064
0.21931494052747041
0.09156776632194406
0.11447847342259067
0.2763510064767106
0.253517775924453
0.13911087829133503
0.06397291177982485
0.188751703701686
0.17510804335723626
0.32153031684911926
0.14027791714359342
0.09906693234792448
0.12128801563774719
0.20909529746008856
0.2572985259698326
0.2365292942631808
0.06910770812141905
0.02725664931061985
0.2246668148681427
0.232867637443088
0.2592911113664412
0.11739845801709062
0.012579335641765665
0.16533926593944556
0.2552135296288227
0.24670742083909078
0.16933321123245426
0.016755277628575573
0.1318229529761178
0.23460129505677269
0.2656151399117399
0.1881018741807382
0.06189628371119788
0.09538057171620647
0.22479156122338684
0.24961252183483798
0.23891597253448663
0.06945379138239363
0.02847554937460879
0.22334780689525405
0.2347414644487831
0.25530058908386055
0.1258153664847159
0.027941108412324528
0.14093521945638884
0.2897209445859655
0.2025657692266395
0.22082946773202222
0.03800272682782066
0.07940926914611406
0.2781353924758532
0.23761902592810835
0.19470812230461246
0.08079510965923348
0.1413642608448096
0.15322275258337154
0.3419950289166745
0.13354608319271974
0.17756228197731908
0.12765218984107057
0.14492423379477906
0.281841490896521
0.24747709117327998
0.09018710828052648
0.05073965579053836
0.25738357220250874
0.14543119400746937
0.36093621340482696
0.06466501545864912
0.09882929423562654
0.1808307607873285
0.22527333391816504
0.23335641502858442
0.258852611474368
0.039549833011716565
0.025126802764270578
0.35022161416419334
0.13425381062441433
0.33012753313082244
0.013856711202757383
0.015945381400659847
0.1903267301676692
0.3104481956017158
0.14488153443062052
0.2587121295508911
0.1681798434499848
0.00966914202554219
0.3964093670192258
0.13351321040661132
0.24330596026957585
0.01019965403773755
0.15542918821777135
0.16159754938736845
0.382124305270123
0.03827872628171055
0.2313974805888715
0.26869296915772023
0.06429808644128643
0.3814816732290897
0.149094258930395
0.10756071498197403
0.010004143580226712
0.297849029908123
0.11026453953219424
0.4186408954195027
0.06117924538844451
0.1647981009279032
0.3205136879726826
0.14135146391579168
0.30435412617173657
0.17671687094515387
0.057167042118808624
0.002442978446075938
0.4158044326345497
0.05674758402341847
0.40155695717485107
0.1318229529761178
0.05580170882671712
0.31482309123200514
0.23290652749110208
0.17813028125814234
0.20319715683482178
0.22222840865626364
0.010305242105343254
0.4831231054881997
0.019699957544734085
0.32184101357539957
0.16135679671253353
0.08671759589935438
0.2566198431307085
0.32152785854788746
0.02709967961840216
0.2107904947315797
0.35696345810293784
0.0019265061387946588
0.4818502371013855
0.010210112907428445
0.18383086796590437
0.14977460187497554
0.24240079509640491
0.16299629746072083
0.38451941296221787
0.11924438996788779
0.1832869293291777
0.43613546996123126
0.04267920561540038
0.40740065317124763
0.028475018708524497
0.005714348613348126
0.1086555954116837
0.38340895287449345
0.0581775174307993
0.4002459347762344
0.23351333099451418
0.11200057672036717
0.44607754859981796
0.10972354308304656
0.27039867745483925
0.06390180370331706
0.1837436059036403
0.057125926015756404
0.4809238888554667
0.033227385009706296
0.35470912753353073
0.2970505640772637
1.9124969094859223E-4
0.3878848210410317
0.18990331513864253
0.09464202200011289
0.09858000051139722
0.3514449270104036
0.015724506550846284
0.5123967916904653
0.09283176503679728
0.246451813894447
0.30408319360803854
0.13805323654263205
0.27680758184850945
0.2623170394495734
0.08830441405288958
0.11307750078832586
0.4675491187157087
0.0
0.4675491187157087
0.11307750078832586
0.08830441405288958
0.2623170394495734
0.27680758184850945
0.13805323654263205
0.30408319360803854
0.246451813894447
0.09283176503679728
0.5123967916904653
0.015724506550846284
0.3514449270104036
0.09858000051139722
0.09464202200011289
0.18990331513864253
0.3878848210410317
1.9124969094859223E-4
0.2970505640772637
0.35470912753353073
0.033227385009706296
0.4809238888554667
0.057125926015756404
0.1837436059036403
0.06390180370331706
0.27039867745483925
0.10972354308304656
0.44607754859981796
0.11200057672036717
0.23351333099451418
0.4002459347762344
0.0581775174307993
0.38340895287449345
0.1086555954116837
0.005714348613348126
0.028475018708524497
0.40740065317124763
0.04267920561540038
0.43613546996123126
0.1832869293291777
0.11924438996788779
0.38451941296221787
0.16299629746072083
0.24240079509640491
0.14977460187497554
0.18383086796590437
0.010210112907428445
0.4818502371013855
0.0019265061387946588
0.35696345810293784
0.2107904947315797
0.02709967961840216
0.32152785854788746
0.2566198431307085
0.08671759589935438
0.16135679671253353
0.32184101357539957
0.019699957544734085
0.4831231054881997
0.010305242105343254
0.22222840865626364
0.20319715683482178
0.17813028125814234
0.23290652749110208
0.31482309123200514
0.05580170882671712
0.1318229529761178
0.40155695717485107
0.05674758402341847
0.4158044326345497
0.002442978446075938
0.057167042118808624
0.17671687094515387
0.30435412617173657
0.14135146391579168
0.3205136879726826
0.1647981009279032
0.06117924538844451
0.4186408954195027
0.11026453953219424
0.297849029908123
0.010004143580226712
0.10756071498197403
0.149094258930395
0.3814816732290897
0.06429808644128643
0.26869296915772023
0.2313974805888715
0.03827872628171055
0.382124305270123
0.16159754938736845
0.15542918821777135
0.01019965403773755
0.24330596026957585
0.13351321040661132
0.3964093670192258
0.00966914202554219
0.1681798434499848
0.2587121295508911
0.14488153443062052
0.3104481956017158
0.1903267301676692
0.015945381400659847
0.013856711202757383
0.33012753313082244
0.13425381062441433
0.35022161416419334
0.025126802764270578
0.039549833011716565
0.258852611474368
0.23335641502858442
0.22527333391816504
0.1808307607873285
0.09882929423562654
0.06466501545864912
0.36093621340482696
0.14543119400746937
0.25738357220250874
0.05073965579053836
0.09018710828052648
0.24747709117327998
0.281841490896521
0.14492423379477906
0.12765218984107057
0.17756228197731908
0.13354608319271974
0.3419950289166745
0.15322275258337154
0.1413642608448096
0.08079510965923348
0.19470812230461246
0.23761902592810835
0.2781353924758532
0.07940926914611406
0.03800272682782066
0.22082946773202222
0.2025657692266395
0.2897209445859655
0.14093521945638884
0.027941108412324528
0.1258153664847159
0.25530058908386055
0.2347414644487831
0.22334780689525405
0.02847554937460879
0.06945379138239363
0.23891597253448663
0.24961252183483798
0.22479156122338684
0.09538057171620647
0.06189628371119788
0.1881018741807382
0.2656151399117399
0.23460129505677269
0.1318229529761178
0.016755277628575573
0.16933321123245426
0.24670742083909078
0.2552135296288227
0.16533926593944556
0.012579335641765665
0.11739845801709062
0.2592911113664412
0.232867637443088
0.2246668148681427
0.02725664931061985
0.06910770812141905
0.2365292942631808
0.2572985259698326
0.20909529746008856
0.12128801563774719
0.09906693234792448
0.14027791714359342
0.32153031684911926
0.17510804335723626
0.188751703701686
0.06397291177982485
0.13911087829133503
0.253517775924453
0.2763510064767106
0.11447847342259067
0.09156776632194406
0.21931494052747041
0.1430374809817064
0.35214776717434043
0.11530535101219984
0.11351635570842922
0.12040275220840337
0.22920338968525064
0.21583552807519524
0.2990473175934431
0.011333580424890985
0.06510828971003027
0.3204585215847668
0.14387753549350402
0.3306136297965849
0.07394228620737972
0.005159975063464383
0.1318229529761178
0.33033903616905186
0.13404164591242454
0.3107493163373326
0.14050111313370514
0.025395031508282078
0.37453616552956587
0.15968197823361022
0.2458148007762695
0.06229713374189338
0.1580151470142403
0.10245323102915209
0.4223100717265225
0.0314081506316082
0.29137879646293724
0.24157682490457888
0.042721164822251016
0.3614557922438706
0.19920521926419962
0.10143537172859181
0.07846157189713084
0.32199888175393
0.0498983922974352
0.47804621289473687
0.062217141456049396
0.2223933740253758
0.28804414030432846
0.14601649408217784
0.27572993283978986
0.2586094820677352
0.08236711150133826
0.10741974263140684
0.46416442380971845
0.0
0.4709569081032826
0.11881273228786587
0.09436408974023587
0.2661268389495481
0.27792250814128994
0.12975826590760484
0.3209044685950077
0.2718559649764508
0.1253797638222075
0.5491663828020831
0.021106182953608423
0.3833974175955538
0.1205604059352806
0.08716908528963169
0.17960071593212518
0.41735792199922156
0.04756289068138499
0.3597665409635405
0.42679982613712636
0.10731032065571718
0.5485678397755396
0.0044546420196069445
0.21384702936539493
0.06579231445192184
0.2995620980512499
0.05004817844004036
0.5321264626549144
0.21689185110627934
0.34694731972832626
0.5101524562831273
0.035637245513898436
0.44949433241673803
0.07960464789743335
0.01944583576507828
0.029341315153228482
0.5057294933259331
0.08782153873471066
0.5863591360555815
0.3378436517607046
0.2613714901423669
0.4978912390780986
0.09241134893119161
0.26015597784215
0.18957204494528873
0.27978476316024725
0.1342344170661739
0.6613953361473116
0.19481697346892754
0.5502637539915622
0.37942592148772586
0.09738964745013204
0.386359358803309
0.26110392198647564
0.010429343356273222
0.30419272199720276
0.5184803018481406
0.2116056469303689
0.7254093730769957
0.23775556684209942
0.40964050968082305
0.32876463127929384
0.1303060712852599
0.19495183700062657
0.43756619039501743
0.2531016094436595
0.38499668968390643
0.6852123143761771
0.22782321202015296
0.670627168010196
0.19905525501195584
0.17247351602679345
0.19567184434044235
0.3868562578409607
0.03690637236355149
0.5783016617140616
0.47680310271578985
0.3954688589283534
0.7399246033072048
0.1630865475049613
0.4924950432304494
0.08276688855886775
0.1295108019388219
0.01157863231541963
0.6229819930167337
0.25809180471052656
0.6395455119231067
0.6122047966050979
0.3118890640039275
0.663296165601893
0.018653626541461597
0.21287198840153176
0.08480411359081015
0.44523716408551134
0.17722920399259903
0.7853098463585931
0.41760569230484246
0.5889784036777165
0.6278227364037128
0.13182295297611793
0.4630042177775783
0.18106814567118587
0.12230629231713941
0.2603951714972104
0.7140353091501322
0.3206360055790003
0.8289758564950985
0.4770616565705358
0.41578003915965783
0.5175756683385108
0.1222274406782221
0.1739059884999165
0.3925037325697935
0.451413838538246
0.39396890614490754
0.878719930085379
0.3773559051584484
0.729442453135852
0.4206943440813816
0.13622978973317693
0.3034906000602119
0.4053794494511592
0.148288014173431
0.5623446152353042
0.7099088387598712
0.4414056731023909
0.8989707898468537
0.3260477141147056
0.4904568608520271
0.2602327341622466
0.2069615012907594
0.03173335674708429
0.6589530397212177
0.4386523231962467
0.6403463873979278
0.8446292171993807
0.3765535502652316
0.7617264813392493
0.17195620915937349
0.14587179211817555
0.033175268800452185
0.5519025017218064
0.23735713926631213
0.8233270302611896
0.6374108936635776
0.5924096110608366
0.8262156264843743
0.19949256427171924
0.48587342828041935
0.05283057276538138
0.24553339417244366
0.20538144788508406
0.830011664115514
0.4430197801319066
0.8521169632451513
0.7036550589170701
0.41062642626709595
0.656578919947896
0.06130751869770684
0.11979415342706094
0.2958703554057889
0.6113915873454124
0.3955756983596132
0.9810127866081333
0.5383715869849443
0.7242299262544049
0.6250782715513415
0.1175806951405824
0.36942673334738113
0.3538062307461301
0.26796714234947877
0.49626891778001053
0.880847391238076
0.48725799935982794
0.9669446596799721
0.501781207220755
0.45071329758760864
0.4212643171051401
0.23648989129758996
0.023493208511319967
0.613333629061242
0.6029750496392967
0.599250340717499
1.0
0.45258854436855095
0.7817834525807721
0.34246505392958043
0.07446673762628364
0.13957771812581515
0.5833404493418346
0.3101200888841388
0.7772321219375299
0.8209058037049126
0.5698886281673528
0.9440695936802928
0.29359676264219225
0.4542158221417952
0.09880934221691481
0.33743893836686784
0.15551088912105626
0.8511495145099015
0.5636255727445917
0.7997708967584984
0.8815792712393995
0.4025931631327248
0.7233510962977894
0.04271107684813213
0.042675681007867866
0.17032312088089144
0.7073040816851054
0.3972181765485866
0.980467435783436
0.6876050887312103
0.663726997040383
0.7777149756024117
0.12389373922963741
0.38143776331660595
0.24404533288613467
0.37641111124576143
0.3993190917077846
0.963214716444554
0.5318779550480581
0.9379508049671569
0.6618920199943209
0.38573999060290376
0.5363190171191584
0.21234477322489725
0.013988861032630267
0.499702548199464
0.7245926371099826
0.5313325698790888
