1.0
0.9404219636645162
0.7688083083684691
0.5056668535765392
0.1824347773259598
0.1622883762335699
0.4873639554032591
0.7540383341469126
0.9305767702558558
0.996051256953184
0.9428288988314606
0.7774640540338418
0.5198896917764332
0.20100790687815664
0.14102834742002698
0.4653936244370911
0.7334774357403988
0.9134939567374278
0.9842619975203968
0.9377043868241905
0.7797709876739131
0.5296797391196911
0.2175723916645414
0.11912842058901774
0.4402192825687575
0.7075305887576134
0.8894773648075539
0.9648021449383813
0.9250650724316756
0.7755887548041471
0.534752213461636
0.23172687455487803
0.09706600698345792
0.41234519148012766
0.676675999660511
0.8589280225527258
0.9379516368524665
0.905037903024166
0.7648750746217641
0.5348971087520052
0.24311310972019845
0.07531179882446935
0.38230585595567024
0.6414554514129612
0.8223364784365007
0.90409558821346
0.8778586633970591
0.7476878311738264
0.5299846449735197
0.2514242093957793
0.05431959510426515
0.3506550083058385
0.6024636341304537
0.7802736397981538
0.8637176470750585
0.8438685949142017
0.7241853544874444
0.5199692152049211
0.256411861197057
0.034516570773692544
0.3179544034589768
0.5603366778125686
0.7333802967224594
0.8173916680272935
0.8035091536854064
0.6946248700979385
0.5048917339522309
0.2578923559784483
0.0162941962814816
0.284762656192315
0.5157401179068883
0.6823555360165822
0.7657718594130085
0.7573149979648381
0.6593591309705851
0.48488032262809544
0.25575129064161056
3.445092848397667E-17
0.25162434910572423
0.4693565334202504
0.6279442698019311
0.7095815888320633
0.7059053287417905
0.6188312812777178
0.4601493012891355
0.24994683763787248
0.014069652381867975
0.21905963237297107
0.42187310140348816
0.5709241185225411
0.6496010561897845
0.6499737389457494
0.5735680361563334
0.4309964897927732
0.24051150260739873
0.02567560951443277
0.1875545242093229
0.3739693108306263
0.5120918987018674
0.5866540642121071
0.5902767551818269
0.5241712947371628
0.39779885571664375
0.22755232304322162
0.034640690380329
0.15755210463942818
0.3263050732142655
0.4522499713576475
0.5215941325313096
0.5276212808868392
0.471308334737712
0.36100657999924973
0.2112494934123371
0.04085304583274942
0.129444774890274
0.27950945688567
0.3921927075199688
0.4552902128340369
0.4628511707562355
0.41570076512418613
0.32113564362321945
0.19185343513550787
0.044268056865239803
0.10356773100511638
0.23417025695653332
0.3326933228023431
0.3886122689437927
0.3968331828227101
0.3581124381998994
0.27875906910910436
0.16968036253886126
0.04490873220973195
0.08019377358048366
0.19082459389574075
0.27449132356147354
0.32241698696922516
0.33044256634138813
0.29933654346627575
0.23449697849175238
0.14510642766447854
0.04286460004307106
0.05952954643450392
0.14995071080856542
0.21828079305884227
0.25753387677519946
0.26454855042085973
0.2401821222985526
0.18900565423647628
0.11856055700234895
0.03828912086500498
0.041713266134014736
0.11196111338267771
0.16469972751014061
0.19475201711561424
0.2
0.1814602545386227
0.14296581070374842
0.09051612115242139
0.03139568031627099
0.026813972288750855
0.07719716761508005
0.11432060936830894
0.13480768299503773
0.13761150227499083
0.12397017528087635
0.0970703008464622
0.06148160355751351
0.022452251169546845
0.014832296034141091
0.04592523946036724
0.06764237910309508
0.07837307548641803
0.07815013809915791
0.06848558225954411
0.05201149546193564
0.03199045623679486
0.01177484230989061
0.005702711848821684
0.018334428088357602
0.025083937654688283
0.026046351700515613
0.022323179380966018
0.015741391284433436
0.008468580249650559
0.0025903484342516547
2.8012137511400635E-4
7.027935379013639E-4
0.005464088819080759
0.013020719750247867
0.021656873662002418
0.029233064638906424
0.03357881083562546
0.03290498103214827
0.02616797210700488
0.013324321200689415
0.004569731246182607
0.025436112679447842
0.046425670980196655
0.06431041321077903
0.07596305178162426
0.07885437934675343
0.07149357094140465
0.05374197622424744
0.026946782431366424
0.006134923145169224
0.04162193228624013
0.07497450246779336
0.10158266832607173
0.11740028781811418
0.11953807160076493
0.10673089075704068
0.07960857513286505
0.04072362538338433
0.005679266304971708
0.05413236207683272
0.09860001436990642
0.13323999132192302
0.15317393926621178
0.15516515698579886
0.13811055310274184
0.1032750334969849
0.054228116327424636
0.003519619465530889
0.06314341940145463
0.11732223141865313
0.15914820777016328
0.18301366583841658
0.18536100536668704
0.16519558327363817
0.12428934533632352
0.06704079777038306
0.0
0.06888977699776463
0.13124478884870572
0.17927229433297048
0.20675259470054516
0.2098470117900677
0.18762663833573376
0.14224985407374005
0.07875947548433122
0.004517706205686757
0.07165715103057349
0.14054979449145233
0.19367424320113819
0.22432839453209655
0.22844474714048574
0.20512877754509212
0.15681391231830355
0.08900884214946903
0.009663309946133403
0.07177380568564797
0.14549129751866272
0.20250917913440017
0.23578244391275321
0.24107825854222736
0.21751664552264866
0.1677053955412429
0.09744952464205926
0.015067941911954453
0.06960137199863095
0.14638752081396394
0.20601982845860353
0.24125712507466918
0.24777447891478
0.22469796037174666
0.17472090627167863
0.10378635368741547
0.020373516485934016
0.0655251910259307
0.14361203702766082
0.2045294705348463
0.24099130983701408
0.24866174150455875
0.22667523193080247
0.17773453136931688
0.10777567057720176
0.025241822939366183
0.05994439938427097
0.13758408757894688
0.19843353056689308
0.23531413887354277
0.2439664317125418
0.22354566995788505
0.17670104380408203
0.1092315055953644
0.029363039666275702
0.0532619784537627
0.12875825883980846
0.18818999760281577
0.2246372276815749
0.2340078443954962
0.2154992775589056
0.17165747160815475
0.10803048630088859
0.03246348027918546
0.045874987107046086
0.1176137401853734
0.17430887273197967
0.20944546209102782
0.21919134932884177
0.20281516088820437
0.1627229896343491
0.1041153603965665
0.034312397663168126
0.03816519174311889
0.10464339433815857
0.15734086937545355
0.19028657230035423
0.2
0.18585612135587523
0.15009712378939816
0.09749704702469958
0.034727693079223944
0.03049029681427824
0.09034287137772373
0.13786559990000852
0.1677596967452314
0.17698475071081826
0.16506163056528653
0.13405629182104423
0.08825516137309253
0.033580401679862044
0.023175964176870383
0.07519999394056022
0.11647949032968201
0.14250316516598321
0.15075347351815077
0.1409393202952589
0.11494873882382972
0.07653698980652428
0.030797852836990353
0.016508790798245875
0.05968463260378135
0.09378366755856973
0.115181743697413
0.12195898930981915
0.11405514938943431
0.09318795869473617
0.0625549256905918
0.026365432914680055
0.010730392021790117
0.044239277432390735
0.07037206115805175
0.08647359340921176
0.09128634585139186
0.08502243582566786
0.0692447241397619
0.046582408962466106
0.020326908930806065
0.006032712210297775
0.029270494467123053
0.04681995469514555
0.05705719732330237
0.05943958958447739
0.05448996497795098
0.04363787686217426
0.02894844464234956
0.012783303292290183
0.0025546566992052295
0.01514143491683384
0.023673209608504366
0.027598509473888776
0.027128287038214526
0.023129403692354167
0.0169240556543353
0.010030806199609632
0.0038903417890681193
3.8010919060798567E-4
0.002165540452163972
0.0014383683917293943
0.0012614268944254104
0.00494594424175192
0.008377736101142919
0.010313437272473669
0.009751941654461804
0.006145471383766754
4.6263235904820397E-4
0.009398439200575325
0.01942617653402263
0.02891815622606524
0.0361026364118326
0.03935333121540872
0.03747641272297373
0.029949440181941168
0.01707206730572406
1.2246467991473534E-17
0.019350029614228846
0.038517785877403996
0.054814562832295535
0.06569515101432541
0.06913582113139931
0.0639639803993591
0.05008937049668853
0.028598201672141287
0.0016890895185059374
0.027549160286095064
0.05549581320873713
0.07845049874947478
0.09312259605046717
0.09709306544902203
0.08918490123738221
0.0696879216796689
0.04040088032677773
0.004476808427490142
0.033916814896402324
0.07008637578888752
0.09939111175388207
0.11784075469775215
0.12263463413090418
0.1125698583905252
0.08826067573185607
0.052133657989963965
0.008191229257945676
0.03843421189679643
0.08208558252718814
0.11727372543680588
0.1393718201598828
0.14522329060898764
0.13358339921451856
0.10533368142708395
0.06343562706824239
0.012622255541670768
0.04114055607387699
0.09136117798321326
0.13181315345933528
0.15731275536307252
0.16438544337918692
0.1517353057505276
0.12045448326017083
0.07394089715410805
0.01752852869496314
0.04212943262592457
0.09785259480131234
0.14280536249052425
0.17134212394047238
0.17972036171234423
0.16659116125184079
0.13320287063116903
0.08328835374239285
0.022645146065942534
0.04154394448341411
0.10156944034082276
0.15012943222385838
0.18122526961858734
0.1909079751662038
0.17778189505984515
0.14320111620771464
0.09113147707079645
0.027692006886759025
0.039570720487197696
0.10258847585188828
0.15374779557551327
0.1868177541190704
0.19771510421767352
0.1850121073288297
0.15012348100776957
0.09714799901153989
0.0323825886023677
0.036432946053331215
0.10104917767858183
0.15370477698972823
0.18806699835405
0.2
0.18806699835405
0.15370477698972823
0.10104917767858183
0.036432946053331215
0.0323825886023677
0.09714799901153989
0.15012348100776957
0.1850121073288297
0.19771510421767352
0.1868177541190704
0.15374779557551327
0.10258847585188828
0.039570720487197696
0.027692006886759025
0.09113147707079645
0.14320111620771464
0.17778189505984515
0.1909079751662038
0.18122526961858734
0.15012943222385838
0.10156944034082276
0.04154394448341411
0.022645146065942534
0.08328835374239285
0.13320287063116903
0.16659116125184079
0.17972036171234423
0.17134212394047238
0.14280536249052425
0.09785259480131234
0.04212943262592457
0.01752852869496314
0.07394089715410805
0.12045448326017083
0.1517353057505276
0.16438544337918692
0.15731275536307252
0.13181315345933528
0.09136117798321326
0.04114055607387699
0.012622255541670768
0.06343562706824239
0.10533368142708395
0.13358339921451856
0.14522329060898764
0.1393718201598828
0.11727372543680588
0.08208558252718814
0.03843421189679643
0.008191229257945676
0.052133657989963965
0.08826067573185607
0.1125698583905252
0.12263463413090418
0.11784075469775215
0.09939111175388207
0.07008637578888752
0.033916814896402324
0.004476808427490142
0.04040088032677773
0.0696879216796689
0.08918490123738221
0.09709306544902203
0.09312259605046717
0.07845049874947478
0.05549581320873713
0.027549160286095064
0.0016890895185059374
0.028598201672141287
0.05008937049668853
0.0639639803993591
0.06913582113139931
0.06569515101432541
0.054814562832295535
0.038517785877403996
0.019350029614228846
1.2246467991473534E-17
0.01707206730572406
0.029949440181941168
0.03747641272297373
0.03935333121540872
0.0361026364118326
0.02891815622606524
0.01942617653402263
0.009398439200575325
4.6263235904820397E-4
0.006145471383766754
0.009751941654461804
0.010313437272473669
0.008377736101142919
0.00494594424175192
0.0012614268944254104
0.0014383683917293943
0.002165540452163972
3.8010919060798567E-4
0.0038903417890681193
0.010030806199609632
0.0169240556543353
0.023129403692354167
0.027128287038214526
0.027598509473888776
0.023673209608504366
0.01514143491683384
0.0025546566992052295
0.012783303292290183
0.02894844464234956
0.04363787686217426
0.05448996497795098
0.05943958958447739
0.05705719732330237
0.04681995469514555
0.029270494467123053
0.006032712210297775
0.020326908930806065
0.046582408962466106
0.0692447241397619
0.08502243582566786
0.09128634585139186
0.08647359340921176
0.07037206115805175
0.044239277432390735
0.010730392021790117
0.026365432914680055
0.0625549256905918
0.09318795869473617
0.11405514938943431
0.12195898930981915
0.115181743697413
0.09378366755856973
0.05968463260378135
0.016508790798245875
0.030797852836990353
0.07653698980652428
0.11494873882382972
0.1409393202952589
0.15075347351815077
0.14250316516598321
0.11647949032968201
0.07519999394056022
0.023175964176870383
0.033580401679862044
0.08825516137309253
0.13405629182104423
0.16506163056528653
0.17698475071081826
0.1677596967452314
0.13786559990000852
0.09034287137772373
0.03049029681427824
0.034727693079223944
0.09749704702469958
0.15009712378939816
0.18585612135587523
0.2
0.19028657230035423
0.15734086937545355
0.10464339433815857
0.03816519174311889
0.034312397663168126
0.1041153603965665
0.1627229896343491
0.20281516088820437
0.21919134932884177
0.20944546209102782
0.17430887273197967
0.1176137401853734
0.045874987107046086
0.03246348027918546
0.10803048630088859
0.17165747160815475
0.2154992775589056
0.2340078443954962
0.2246372276815749
0.18818999760281577
0.12875825883980846
0.0532619784537627
0.029363039666275702
0.1092315055953644
0.17670104380408203
0.22354566995788505
0.2439664317125418
0.23531413887354277
0.19843353056689308
0.13758408757894688
0.05994439938427097
0.025241822939366183
0.10777567057720176
0.17773453136931688
0.22667523193080247
0.24866174150455875
0.24099130983701408
0.2045294705348463
0.14361203702766082
0.0655251910259307
0.020373516485934016
0.10378635368741547
0.17472090627167863
0.22469796037174666
0.24777447891478
0.24125712507466918
0.20601982845860353
0.14638752081396394
0.06960137199863095
0.015067941911954453
0.09744952464205926
0.1677053955412429
0.21751664552264866
0.24107825854222736
0.23578244391275321
0.20250917913440017
0.14549129751866272
0.07177380568564797
0.009663309946133403
0.08900884214946903
0.15681391231830355
0.20512877754509212
0.22844474714048574
0.22432839453209655
0.19367424320113819
0.14054979449145233
0.07165715103057349
0.004517706205686757
0.07875947548433122
0.14224985407374005
0.18762663833573376
0.2098470117900677
0.20675259470054516
0.17927229433297048
0.13124478884870572
0.06888977699776463
0.0
0.06704079777038306
0.12428934533632352
0.16519558327363817
0.18536100536668704
0.18301366583841658
0.15914820777016328
0.11732223141865313
0.06314341940145463
0.003519619465530889
0.054228116327424636
0.1032750334969849
0.13811055310274184
0.15516515698579886
0.15317393926621178
0.13323999132192302
0.09860001436990642
0.05413236207683272
0.005679266304971708
0.04072362538338433
0.07960857513286505
0.10673089075704068
0.11953807160076493
0.11740028781811418
0.10158266832607173
0.07497450246779336
0.04162193228624013
0.006134923145169224
0.026946782431366424
0.05374197622424744
0.07149357094140465
0.07885437934675343
0.07596305178162426
0.06431041321077903
0.046425670980196655
0.025436112679447842
0.004569731246182607
0.013324321200689415
0.02616797210700488
0.03290498103214827
0.03357881083562546
0.029233064638906424
0.021656873662002418
0.013020719750247867
0.005464088819080759
7.027935379013639E-4
2.8012137511400635E-4
0.0025903484342516547
0.008468580249650559
0.015741391284433436
0.022323179380966018
0.026046351700515613
0.025083937654688283
0.018334428088357602
0.005702711848821684
0.01177484230989061
0.03199045623679486
0.05201149546193564
0.06848558225954411
0.07815013809915791
0.07837307548641803
0.06764237910309508
0.04592523946036724
0.014832296034141091
0.022452251169546845
0.06148160355751351
0.0970703008464622
0.12397017528087635
0.13761150227499083
0.13480768299503773
0.11432060936830894
0.07719716761508005
0.026813972288750855
0.03139568031627099
0.09051612115242139
0.14296581070374842
0.1814602545386227
0.2
0.19475201711561424
0.16469972751014061
0.11196111338267771
0.041713266134014736
0.03828912086500498
0.11856055700234895
0.18900565423647628
0.2401821222985526
0.26454855042085973
0.25753387677519946
0.21828079305884227
0.14995071080856542
0.05952954643450392
0.04286460004307106
0.14510642766447854
0.23449697849175238
0.29933654346627575
0.33044256634138813
0.32241698696922516
0.27449132356147354
0.19082459389574075
0.08019377358048366
0.04490873220973195
0.16968036253886126
0.27875906910910436
0.3581124381998994
0.3968331828227101
0.3886122689437927
0.3326933228023431
0.23417025695653332
0.10356773100511638
0.044268056865239803
0.19185343513550787
0.32113564362321945
0.41570076512418613
0.4628511707562355
0.4552902128340369
0.3921927075199688
0.27950945688567
0.129444774890274
0.04085304583274942
0.2112494934123371
0.36100657999924973
0.471308334737712
0.5276212808868392
0.5215941325313096
0.4522499713576475
0.3263050732142655
0.15755210463942818
0.034640690380329
0.22755232304322162
0.39779885571664375
0.5241712947371628
0.5902767551818269
0.5866540642121071
0.5120918987018674
0.3739693108306263
0.1875545242093229
0.02567560951443277
0.24051150260739873
0.4309964897927732
0.5735680361563334
0.6499737389457494
0.6496010561897845
0.5709241185225411
0.42187310140348816
0.21905963237297107
0.014069652381867975
0.24994683763787248
0.4601493012891355
0.6188312812777178
0.7059053287417905
0.7095815888320633
0.6279442698019311
0.4693565334202504
0.25162434910572423
3.445092848397667E-17
0.25575129064161056
0.48488032262809544
0.6593591309705851
0.7573149979648381
0.7657718594130085
0.6823555360165822
0.5157401179068883
0.284762656192315
0.0162941962814816
0.2578923559784483
0.5048917339522309
0.6946248700979385
0.8035091536854064
0.8173916680272935
0.7333802967224594
0.5603366778125686
0.3179544034589768
0.034516570773692544
0.256411861197057
0.5199692152049211
0.7241853544874444
0.8438685949142017
0.8637176470750585
0.7802736397981538
0.6024636341304537
0.3506550083058385
0.05431959510426515
0.2514242093957793
0.5299846449735197
0.7476878311738264
0.8778586633970591
0.90409558821346
0.8223364784365007
0.6414554514129612
0.38230585595567024
0.07531179882446935
0.24311310972019845
0.5348971087520052
0.7648750746217641
0.905037903024166
0.9379516368524665
0.8589280225527258
0.676675999660511
0.41234519148012766
0.09706600698345792
0.23172687455487803
0.534752213461636
0.7755887548041471
0.9250650724316756
0.9648021449383813
0.8894773648075539
0.7075305887576134
0.4402192825687575
0.11912842058901774
0.2175723916645414
0.5296797391196911
0.7797709876739131
0.9377043868241905
0.9842619975203968
0.9134939567374278
0.7334774357403988
0.4653936244370911
0.14102834742002698
0.20100790687815664
0.5198896917764332
0.7774640540338418
0.9428288988314606
0.996051256953184
0.9305767702558558
0.7540383341469126
0.4873639554032591
0.1622883762335699
0.1824347773259598
0.5056668535765392
0.7688083083684691
0.9404219636645162
