-0.536022867488523
0.13232264473681604
0.41392681856999164
0.39628477119323785
0.46721937883904946
0.7303554296150292
0.002431522050981859
0.11179228124351075
0.046371849732788926
0.09046435835505642
0.13754200389604512
0.20724561384715098
0.40900032405919134
0.052712631479920634
1.0
0.3103552563760842
0.08491857347769159
0.31229636316515136
0.12497048429435459
0.07860188920742002
0.11250930251821266
0.7463735558659331
0.3976065036211555
0.3593048794031214
0.31447847661323924
0.12578837636782797
0.06689193672986841
0.2880015671360122
0.11590301026149737
0.02753463037787412
0.5990771123390487
0.8192376654404829
0.0013649746942581984
0.34635752026015326
0.22757551021452932
0.21249624250284876
0.36032907682670334
0.3904013190818391
0.34152184364153365
0.059221314895016454
0.553830633394368
0.20317191949883837
0.3907598357820986
0.08259678813243684
0.09676713720622955
0.3927545935456246
0.42090134138702545
0.35485487178117
0.37016039717236093
0.6007980096818117
0.37526238617566743
0.03752807426820953
0.23317490820080544
0.5027564142290563
0.10270228536532727
0.1476591365763132
0.26041892271755385
0.3448558718776389
0.15225516158161673
0.4840753461777459
0.019480448554842093
0.07479704942195306
0.6245249022705147
0.11406015947945988
0.04482604511750279
0.29044013655207146
0.5863383979708995
0.3123920815862428
0.17337429863031706
0.2438449343339919
0.28538557257152714
0.2032063986399978
0.3821099647958061
0.0419116308386664
0.0726764636150319
0.24088344527508843
0.455397890902035
0.2520528899144655
0.024079442765767352
0.32184531074788775
0.18069596183255343
0.5495239232548997
0.2763221070741109
0.3676886293375677
0.04002801737762262
0.14184616167109387
0.08361430319718091
0.13378209822946707
0.3442565720195606
0.2764266336123939
0.3439787273379435
0.1336290960838097
0.14442795526889823
0.0718169069456272
0.2821153642540996
0.15282150065600916
0.17256380605029858
0.5223820851619773
0.40682856292853203
0.09773110513211104
0.10127063568232532
0.06317034656618604
0.13203174183063648
0.02043616851820993
0.051546153488057
0.3151541349975147
0.027890572621485792
0.37312562068607147
0.0076923987833455235
0.2431032971514796
0.010859196303181483
0.3819452330996929
0.03053636332655112
0.07480634063540981
0.315074467091916
0.21554964315274594
0.2634401141695924
0.17916941831140373
0.001961806666702628
0.051668483841683883
0.07106700558645829
0.005611252254375208
0.1959953713649321
0.027735211550283384
0.2938613481853107
0.34220712346159193
0.21917096720302187
0.085580767667306
0.10613064721442868
0.08336368807250916
0.0470178258776683
0.16964274856184672
0.09225056820371559
0.25142696817836374
0.16465939049049783
0.12178883946218687
0.10470960672213928
0.18894516911580156
0.0480387605810968
0.23024723891717866
0.030722951371654175
0.029524946131949215
0.251700391207033
0.1716633457676395
0.17078406437513774
0.07685968270364438
0.06556528930642753
3.8614830946874843E-4
0.09522386515023401
0.06674814713404865
0.21865449915644064
0.09432774889032519
0.0960645906164671
0.2338793506751263
0.14889524096903417
0.01902143185781093
0.09451158347672683
0.04230076151221701
0.12768145840314576
0.1947527616885461
0.1319012923279408
0.08963935824779279
0.07922057185507901
0.03191586624931079
0.11648772653373975
0.10893580525642291
0.06352386966154386
0.16531194799437374
0.11282128642793901
0.012108482917883912
0.17586744704504814
0.08977180323863465
0.18456012682645334
0.09937847919145795
0.16309195996487197
0.058455363151179024
0.06436458819442016
0.03986036471364178
0.11815802619621557
0.0019976659933549214
0.052328541517217976
0.08130054324843532
0.16480791098742525
0.018568195996063856
0.16481145705015
0.1108952211702944
0.120130191608927
0.09905750107503812
0.16645718952628727
0.11961486236611882
0.09714330596846847
0.09688395636305915
0.13785612634523248
0.045067851711921916
0.06658820054329716
0.02396426280649411
0.13951677071267193
0.004362382886033829
0.12005301016026652
0.1184744217210325
0.02001232445345333
0.12966808084283327
0.10253528357730501
0.16915507656076165
0.12178815679893933
0.1194676753935966
0.16924791886805762
0.0016137048293422733
0.16203484553783726
0.09672126660841564
0.03025304532949068
0.05345542524193412
0.09707406626196653
0.12264688841569757
0.0021105377666745247
0.05123466959939873
0.022455658928670012
0.05944345885624094
0.07327270628353276
0.19932966736876503
0.26409073487712514
0.0013771966582208457
0.15546059333844106
0.059073768670531296
0.10358530406587904
0.05466862688958389
0.07588359615038709
0.02114455066808418
0.06846817923930727
0.07129133686736153
0.08206487273991005
0.11911619277522734
0.03793333645833845
0.04616843091341014
0.1785414959445049
0.10882713201569376
0.30161956852205474
0.014534056012460434
0.01211611974846096
0.04983417135996232
0.007130123087717837
0.02144837090317046
0.02726480301384047
0.15633835940000732
0.12889232581021284
0.020702517498386135
0.026648000870206738
0.08797992190086085
0.1913594853355178
0.025844111526508565
0.15217589846770896
0.08127790843112014
0.1823252472544223
0.04521518239850256
0.11021925049403394
0.1345934100582043
0.05879941353594884
0.13173473041548991
0.06798290519996925
0.15023389454229952
0.024554614991380685
0.08493236428349683
0.025340607850122238
0.1044213713357118
0.19011072247867772
0.07422284229364819
0.03606702815144848
0.05920452670586417
0.07070581213929708
0.02114653918520949
0.0025518726666208923
0.30528469532560193
0.06838155556423473
0.03500920829417576
0.048322369704391424
0.055257184883041814
0.07375366643594532
0.029291954191980846
0.050419524136994014
0.10330495473544135
0.1463652786646377
0.08857706396863368
0.03337108012686518
0.08031608650705137
0.12168193443785856
0.14941442915290848
0.02629521050828224
0.17871253351032523
0.12747328375326328
0.04470190567722243
0.029487162937768895
0.17414211945504476
0.003557090640799485
0.07312527093888314
0.03311230680601047
0.0182113773071288
0.08459648690882329
0.019958438780850105
0.03005132376183864
0.22043521568581181
0.05538378220796279
0.007800294425283949
0.10532704168171142
0.08978598746912954
0.03798886452570713
0.15449010456368104
0.14628641272679066
0.12225491388034347
0.08933714458142049
0.011908873566988058
0.048138631989182105
0.053305358956925855
0.05200993960019001
0.06692061317266117
0.005917814984750777
0.09090863555511426
0.11211949549384681
0.023906206532490072
0.06793533553147149
0.2500801296130111
0.06298967629258981
0.11522261295089667
0.007889052434514645
0.017781209281795066
0.043548187342264816
0.036333631458616504
0.08326114878175106
0.12297065865460416
0.022779002664495708
0.008293008036904801
0.07915776129114413
0.0506355018110063
0.0477692075536906
0.17068146887939448
0.16352935746492028
0.11591517442571453
0.11551235681092638
0.00867552141715024
0.014005804243459624
0.04825344733717291
0.08430046267533405
0.009572821028308077
0.08726992963184595
0.08801147227737023
0.10595175794079384
0.006581123318241491
0.08937968925560745
0.16317634357872343
0.1245932386950093
0.04435761266038346
0.050464400143162544
0.012051320412580896
0.03575232900746805
0.15099130775063566
0.12745087121062057
0.019315195776521014
0.0860426731616545
0.06637640374321792
0.1128319061877338
0.07405651135992593
0.01691369396431458
0.10708228681680873
0.13183012507904343
0.014838684186830679
0.042548445626016215
0.04184015738107
0.018746775268744555
0.17678989316231514
0.11598343227671169
0.10538851284236292
0.05068687883598344
0.0657119154485097
0.10321115781786398
0.0824247508394893
0.057332370847243026
0.09148575548218076
0.060601826686473965
0.04675260533027487
0.018288470561343632
0.07772520760896927
0.08501176995316162
0.15465307007615944
0.12206369208526865
0.14847348553985223
2.964076948821096E-4
0.04573759202360288
0.061086420812478955
0.03143843045533467
0.10344889546527902
0.08312587243679849
0.05693101673229657
0.04127073607173842
0.007523742952845908
0.08907085277307844
0.09810115066135212
0.12476245432649218
0.17015127946929948
0.08108757258307564
0.040822999982706
0.02777039909510593
0.001884210223753061
0.006128129127329655
0.15407979584233403
0.003562096459263223
0.07598700968876271
7.056003675675675E-4
0.07914722595379668
0.03877493749134454
0.1502765566439081
0.03331226973950475
0.13260485037258282
0.07043763077993037
0.022004630544513237
0.04588576010648655
0.006999217792426078
0.1264885642922502
0.09703371790343832
0.03062693761895345
0.16110857308311327
0.004489986288085588
0.01649675340382395
0.007984068163978838
0.027388157501878133
0.05575498499445004
0.14230362722343748
0.07569030023962006
0.026881374412304048
0.020266400041949892
0.007128113695956045
0.07215946116545385
0.14457331199754977
0.1473418226348201
0.04822993276951874
0.004925157164566771
0.10138559703522444
0.03757501799547473
0.06074637328452899
0.029230911498862207
0.004460385387267299
0.017544353565346907
0.0058215274433260356
0.0963303733257849
0.05156554395095422
0.16015296174111157
0.07584813901719953
0.08710599210403562
0.11408758887394924
0.033817131503671105
0.04155717006474495
3.0315313884025864E-4
0.07766433856517317
0.004996997817427408
0.015956815800276754
0.131093929693808
0.052488114765713335
0.04010745883070074
0.040605436305582894
0.035623709081859654
0.13704285341829905
0.12090082370486638
0.011142119391269982
2.3870555075780636E-4
0.05955809638761367
2.3870555075780636E-4
0.011142119391269982
0.12090082370486638
0.13704285341829905
0.035623709081859654
0.040605436305582894
0.04010745883070074
0.052488114765713335
0.131093929693808
0.015956815800276754
0.004996997817427408
0.07766433856517317
3.0315313884025864E-4
0.04155717006474495
0.033817131503671105
0.11408758887394924
0.08710599210403562
0.07584813901719953
0.16015296174111157
0.05156554395095422
0.0963303733257849
0.0058215274433260356
0.017544353565346907
0.004460385387267299
0.029230911498862207
0.06074637328452899
0.03757501799547473
0.10138559703522444
0.004925157164566771
0.04822993276951874
0.1473418226348201
0.14457331199754977
0.07215946116545385
0.007128113695956045
0.020266400041949892
0.026881374412304048
0.07569030023962006
0.14230362722343748
0.05575498499445004
0.027388157501878133
0.007984068163978838
0.01649675340382395
0.004489986288085588
0.16110857308311327
0.03062693761895345
0.09703371790343832
0.1264885642922502
0.006999217792426078
0.04588576010648655
0.022004630544513237
0.07043763077993037
0.13260485037258282
0.03331226973950475
0.1502765566439081
0.03877493749134454
0.07914722595379668
7.056003675675675E-4
0.07598700968876271
0.003562096459263223
0.15407979584233403
0.006128129127329655
0.001884210223753061
0.02777039909510593
0.040822999982706
0.08108757258307564
0.17015127946929948
0.12476245432649218
0.09810115066135212
0.08907085277307844
0.007523742952845908
0.04127073607173842
0.05693101673229657
0.08312587243679849
0.10344889546527902
0.03143843045533467
0.061086420812478955
0.04573759202360288
2.964076948821096E-4
0.14847348553985223
0.12206369208526865
0.15465307007615944
0.08501176995316162
0.07772520760896927
0.018288470561343632
0.04675260533027487
0.060601826686473965
0.09148575548218076
0.057332370847243026
0.0824247508394893
0.10321115781786398
0.0657119154485097
0.05068687883598344
0.10538851284236292
0.11598343227671169
0.17678989316231514
0.018746775268744555
0.04184015738107
0.042548445626016215
0.014838684186830679
0.13183012507904343
0.10708228681680873
0.01691369396431458
0.07405651135992593
0.1128319061877338
0.06637640374321792
0.0860426731616545
0.019315195776521014
0.12745087121062057
0.15099130775063566
0.03575232900746805
0.012051320412580896
0.050464400143162544
0.04435761266038346
0.1245932386950093
0.16317634357872343
0.08937968925560745
0.006581123318241491
0.10595175794079384
0.08801147227737023
0.08726992963184595
0.009572821028308077
0.08430046267533405
0.04825344733717291
0.014005804243459624
0.00867552141715024
0.11551235681092638
0.11591517442571453
0.16352935746492028
0.17068146887939448
0.0477692075536906
0.0506355018110063
0.07915776129114413
0.008293008036904801
0.022779002664495708
0.12297065865460416
0.08326114878175106
0.036333631458616504
0.043548187342264816
0.017781209281795066
0.007889052434514645
0.11522261295089667
0.06298967629258981
0.2500801296130111
0.06793533553147149
0.023906206532490072
0.11211949549384681
0.09090863555511426
0.005917814984750777
0.06692061317266117
0.05200993960019001
0.053305358956925855
0.048138631989182105
0.011908873566988058
0.08933714458142049
0.12225491388034347
0.14628641272679066
0.15449010456368104
0.03798886452570713
0.08978598746912954
0.10532704168171142
0.007800294425283949
0.05538378220796279
0.22043521568581181
0.03005132376183864
0.019958438780850105
0.08459648690882329
0.0182113773071288
0.03311230680601047
0.07312527093888314
0.003557090640799485
0.17414211945504476
0.029487162937768895
0.04470190567722243
0.12747328375326328
0.17871253351032523
0.02629521050828224
0.14941442915290848
0.12168193443785856
0.08031608650705137
0.03337108012686518
0.08857706396863368
0.1463652786646377
0.10330495473544135
0.050419524136994014
0.029291954191980846
0.07375366643594532
0.055257184883041814
0.048322369704391424
0.03500920829417576
0.06838155556423473
0.30528469532560193
0.0025518726666208923
0.02114653918520949
0.07070581213929708
0.05920452670586417
0.03606702815144848
0.07422284229364819
0.19011072247867772
0.1044213713357118
0.025340607850122238
0.08493236428349683
0.024554614991380685
0.15023389454229952
0.06798290519996925
0.13173473041548991
0.05879941353594884
0.1345934100582043
0.11021925049403394
0.04521518239850256
0.1823252472544223
0.08127790843112014
0.15217589846770896
0.025844111526508565
0.1913594853355178
0.08797992190086085
0.026648000870206738
0.020702517498386135
0.12889232581021284
0.15633835940000732
0.02726480301384047
0.02144837090317046
0.007130123087717837
0.04983417135996232
0.01211611974846096
0.014534056012460434
0.30161956852205474
0.10882713201569376
0.1785414959445049
0.04616843091341014
0.03793333645833845
0.11911619277522734
0.08206487273991005
0.07129133686736153
0.06846817923930727
0.02114455066808418
0.07588359615038709
0.05466862688958389
0.10358530406587904
0.059073768670531296
0.15546059333844106
0.0013771966582208457
0.26409073487712514
0.19932966736876503
0.07327270628353276
0.05944345885624094
0.022455658928670012
0.05123466959939873
0.0021105377666745247
0.12264688841569757
0.09707406626196653
0.05345542524193412
0.03025304532949068
0.09672126660841564
0.16203484553783726
0.0016137048293422733
0.16924791886805762
0.1194676753935966
0.12178815679893933
0.16915507656076165
0.10253528357730501
0.12966808084283327
0.02001232445345333
0.1184744217210325
0.12005301016026652
0.004362382886033829
0.13951677071267193
0.02396426280649411
0.06658820054329716
0.045067851711921916
0.13785612634523248
0.09688395636305915
0.09714330596846847
0.11961486236611882
0.16645718952628727
0.09905750107503812
0.120130191608927
0.1108952211702944
0.16481145705015
0.018568195996063856
0.16480791098742525
0.08130054324843532
0.052328541517217976
0.0019976659933549214
0.11815802619621557
0.03986036471364178
0.06436458819442016
0.058455363151179024
0.16309195996487197
0.09937847919145795
0.18456012682645334
0.08977180323863465
0.17586744704504814
0.012108482917883912
0.11282128642793901
0.16531194799437374
0.06352386966154386
0.10893580525642291
0.11648772653373975
0.03191586624931079
0.07922057185507901
0.08963935824779279
0.1319012923279408
0.1947527616885461
0.12768145840314576
0.04230076151221701
0.09451158347672683
0.01902143185781093
0.14889524096903417
0.2338793506751263
0.0960645906164671
0.09432774889032519
0.21865449915644064
0.06674814713404865
0.09522386515023401
3.8614830946874843E-4
0.06556528930642753
0.07685968270364438
0.17078406437513774
0.1716633457676395
0.251700391207033
0.029524946131949215
0.030722951371654175
0.23024723891717866
0.0480387605810968
0.18894516911580156
0.10470960672213928
0.12178883946218687
0.16465939049049783
0.25142696817836374
0.09225056820371559
0.16964274856184672
0.0470178258776683
0.08336368807250916
0.10613064721442868
0.085580767667306
0.21917096720302187
0.34220712346159193
0.2938613481853107
0.027735211550283384
0.1959953713649321
0.005611252254375208
0.07106700558645829
0.051668483841683883
0.001961806666702628
0.17916941831140373
0.2634401141695924
0.21554964315274594
0.315074467091916
0.07480634063540981
0.03053636332655112
0.3819452330996929
0.010859196303181483
0.2431032971514796
0.0076923987833455235
0.37312562068607147
0.027890572621485792
0.3151541349975147
0.051546153488057
0.02043616851820993
0.13203174183063648
0.06317034656618604
0.10127063568232532
0.09773110513211104
0.40682856292853203
0.5223820851619773
0.17256380605029858
0.15282150065600916
0.2821153642540996
0.0718169069456272
0.14442795526889823
0.1336290960838097
0.3439787273379435
0.2764266336123939
0.3442565720195606
0.13378209822946707
0.08361430319718091
0.14184616167109387
0.04002801737762262
0.3676886293375677
0.2763221070741109
0.5495239232548997
0.18069596183255343
0.32184531074788775
0.024079442765767352
0.2520528899144655
0.455397890902035
0.24088344527508843
0.0726764636150319
0.0419116308386664
0.3821099647958061
0.2032063986399978
0.28538557257152714
0.2438449343339919
0.17337429863031706
0.3123920815862428
0.5863383979708995
0.29044013655207146
0.04482604511750279
0.11406015947945988
0.6245249022705147
0.07479704942195306
0.019480448554842093
0.4840753461777459
0.15225516158161673
0.3448558718776389
0.26041892271755385
0.1476591365763132
0.10270228536532727
0.5027564142290563
0.23317490820080544
0.03752807426820953
0.37526238617566743
0.6007980096818117
0.37016039717236093
0.35485487178117
0.42090134138702545
0.3927545935456246
0.09676713720622955
0.08259678813243684
0.3907598357820986
0.20317191949883837
0.553830633394368
0.059221314895016454
0.34152184364153365
0.3904013190818391
0.36032907682670334
0.21249624250284876
0.22757551021452932
0.34635752026015326
0.0013649746942581984
0.8192376654404829
0.5990771123390487
0.02753463037787412
0.11590301026149737
0.2880015671360122
0.06689193672986841
0.12578837636782797
0.31447847661323924
0.3593048794031214
0.3976065036211555
0.7463735558659331
0.11250930251821266
0.07860188920742002
0.12497048429435459
0.31229636316515136
0.08491857347769159
0.3103552563760842
1.0
0.052712631479920634
0.40900032405919134
0.20724561384715098
0.13754200389604512
0.09046435835505642
0.046371849732788926
0.11179228124351075
0.002431522050981859
0.7303554296150292
0.46721937883904946
0.39628477119323785
0.41392681856999164
0.13232264473681604
