0.13065496229705276
0.12554053829346348
0.11040957500822138
0.08588992776045414
0.05299817926872945
0.013096235067508745
0.03216678475800971
0.08092483925448372
0.1311744008777187
0.18085959195577728
0.22795934146427974
0.27057279746927365
0.3069993120487896
0.3358095575261428
0.3559047247434261
0.3665612786170723
0.36745938028823255
0.35869380095529574
0.3407669185296146
0.3145641709722369
0.2813131052166732
0.24252787441872592
0.1999416676205931
0.15543007713092574
0.11092879721391599
0.06834928610937811
0.029496101629165758
0.0040104646984349766
0.03080307483017743
0.04982436617500086
0.060369846455374666
0.06211483222635797
0.05512431436401176
0.03984539475806531
0.017082714067065664
0.012041953611962359
0.04614406041438818
0.0836421013193947
0.12283188331259123
0.16196586989233588
0.1993340016510722
0.23334233228621193
0.2625859215260889
0.28591268768046973
0.3024753313737536
0.3117689804660415
0.31365285041355906
0.3083549358341006
0.29645951581272895
0.2788780334210434
0.25680466436973304
0.23165858696501937
0.20501557433844064
0.1785320228440212
0.1538648852009298
0.13259117709540985
0.11613076203229285
0.10567598897191322
0.10213146579458013
0.10606681115899574
0.11768465677129217
0.13680549620901533
0.16287022477639082
0.19496042042542153
0.23183561363949562
0.2719860199413199
0.3136984969121881
0.3551328702860213
0.39440527881678594
0.4296748379864266
0.4592297347384033
0.4815688487903501
0.49547515273096615
0.5000774674761852
0.49489762878718346
0.4798807346064341
0.455406866072539
0.4222834764050705
0.3817184869472842
0.33527498190162297
0.28480921549910504
0.2323944013547475
0.18023341003619045
0.13056402795455693
0.0855608045034416
0.047237717312119114
0.017355907192412364
0.002659427751614489
0.011789229999392959
0.009474629698277533
0.004347750556093663
0.02923105496375648
0.0642249831344741
0.10790416635550877
0.15841727037490957
0.21355507091652193
0.2708349205493507
0.3275982987686739
0.3811175429462067
0.42870742249402843
0.4678369619196983
0.4962368527454019
0.5119979238362573
0.5136564606178012
0.500262663940902
0.47142919931742083
0.4273575804014218
0.3688410246704623
0.2972433775872244
0.21445468451277128
0.12282495647267405
0.025078586185386532
0.07578731365016976
0.1766166913697266
0.2742159701256014
0.36547826087245006
0.44750539032397774
0.5177228125191408
0.5739827278078461
0.6146511809007058
0.638675532473587
0.6456294717268469
0.6357336290489015
0.6098508223148995
0.5694559876640664
0.5165818642969314
0.45374248124331223
0.3838373921020745
0.3100403846345846
0.2356770237824483
0.16409584326537446
0.09853826366775277
0.04201237306681093
0.0028244425921627675
0.03376938190670027
0.049160522055029424
0.047942124236853303
0.029706387211332414
0.005289975624554844
0.056134957837737434
0.1212958772860077
0.1986779797712513
0.2857046725862038
0.3794161820164744
0.4765827108810846
0.5738276142412775
0.6677557353278022
0.7550818638630599
0.8327543015479644
0.8980687425189876
0.948768089874224
0.9831244150392293
1.0
0.9988852526249603
0.9799122172278956
0.9438433779092906
0.8920364312918058
0.8263866484371102
0.7492493151866921
0.6633455014305301
0.5716550331188551
0.4773010023446892
0.3834304335259011
0.29309581806777674
0.2091421341509163
0.13410368851904214
0.07011466685805624
0.018836678914498625
0.018594139828907293
0.04159872527802527
0.0501645115534037
0.044832715886832374
0.026664392470314782
0.0028130020851921855
0.041676041199566125
0.08768963362518856
0.13840157943380285
0.19124341306812478
0.24363339552997562
0.29307751501424206
0.3372645213036332
0.3741513442754191
0.4020357147460981
0.41961339471777825
0.4260181073321853
0.4208430044268411
0.4041432892821291
0.37642039091364526
0.33858883167859893
0.2919276115749716
0.23801852319001907
0.17867428789880324
0.11585974894859777
0.0516095587072816
0.012054149885930301
0.07320071281649179
0.13006334651156112
0.1811022260446543
0.22505590768194653
0.26097933320695416
0.2882672741562109
0.30666272771473563
0.31625043369695255
0.31743631531232924
0.31091422844255306
0.2976219108530465
0.278688433796303
0.25537575808351837
0.22901717433251798
0.200955457726436
0.17248349189842105
0.14478992070154081
0.11891208201877954
0.09569808039307345
0.0757793848936539
0.059554817928885506
0.04718625412541511
0.03860580107182802
0.03353371038886642
0.03150579142276148
0.031908691505628556
0.034021083402866074
0.037058575342811116
0.04022004030089937
0.04273305241581155
0.04389621791870564
0.04311638921957972
0.03993904273434369
0.034070468591071865
0.02539084522135967
0.013957733352429348
0.0
0.016097348721938746
0.033816508601462375
0.052537086021365816
0.07157154690665878
0.09020403889123568
0.10773057215237551
0.12349849492012298
0.1369432496915422
0.14762054243612782
0.15523229190491702
0.1596450378457912
0.16089986030155395
0.15921327929596796
0.1549690452585887
0.1487011746797535
0.1410690118765227
0.13282548647465725
0.12478006919552212
0.11775819036117705
0.1125590641251886
0.10991394861432043
0.11044686398120752
0.11463968727691809
0.12280334987536208
0.13505658886673733
0.15131336103750115
0.17127963253906794
0.19445982727510708
0.22017277212319883
0.24757653772292929
0.27570115981230126
0.3034878569006851
0.3298330523181113
0.3536352764718307
0.37384287914009023
0.3895004286068962
0.39979171695717514
0.4040774271675047
0.4019257417782357
0.3931344750041482
0.3777436767205971
0.3560380715470079
0.32853914077969854
0.2959871094144453
0.2593135447189249
0.21960568700337885
0.17806399897743574
0.1359547211200396
0.09455944346171152
0.055123839194149926
0.01880774660221021
0.01336126885209849
0.04052888844196592
0.062047800964035386
0.07750281237943593
0.08672624000144302
0.08980294677045832
0.08706481863676248
0.07907494350332847
0.06660219357350554
0.05058732488442455
0.032102070300320217
0.012302999526230285
0.007617861070615423
0.026483524258073838
0.04318148994144119
0.05671003746311874
0.06621940138734166
0.0710461018662537
0.07073900692002572
0.06507607080944995
0.05407110379865154
0.03797036577494023
0.017239220112086104
0.007460484689477715
0.03530123855848775
0.06532748114852638
0.09649829722970331
0.1277332828688105
0.1579595448074208
0.1861577615985777
0.21140529268996217
0.23291446774463637
0.25006441617590236
0.2624250956726607
0.2697725348403708
0.2720947029282931
0.2695878411365748
0.2626435164039772
0.2518270709366307
0.23784852081640523
0.2215272880923391
0.2037524183140925
0.18544012788551228
0.16749063464489128
0.15074624618833835
0.13595261302957554
0.12372490104715998
0.11452040689112943
0.10861884163179315
0.10611115542835148
0.10689738523162125
0.1106935960262996
0.11704757225402132
0.12536251829188924
0.13492766289291658
0.14495434849428715
0.15461593619464942
0.1630896820707394
0.16959864809201614
0.17345170527849987
0.1740797681714222
0.17106656454580244
0.16417248530860132
0.15335036606414268
0.13875241037914499
0.12072785954950291
0.09981142727909297
0.07670293192217176
0.05223895558286517
0.027357720944357927
0.0030586872831651476
0.019641387000767556
0.03975399773406865
0.05636405953256306
0.06867267705036866
0.0760356059483762
0.0779956580182932
0.07430755294529631
0.06495403337070581
0.05015242686010454
0.030351242451911224
0.006216813417972642
0.021389576383420386
0.05144323581446416
0.08279505716695719
0.11421640639464385
0.1444481031652722
0.1722514941969772
0.19645951951961202
0.21602565498798834
0.2300686863794448
0.2379114278247614
0.23911173365921795
0.23348445825344263
0.22111338033341246
0.2023525117381513
0.17781663881413984
0.1483613800437881
0.11505346814575809
0.07913236136729405
0.04196464084018909
0.004992944412090769
0.03031858951391229
0.06254025075761815
0.09033188239348351
0.11249505360339639
0.12802024528969339
0.13612720725083138
0.13629691189667636
0.12829385691925316
0.11217784460388187
0.08830477331671936
0.05731640071717436
0.020119461506235864
0.022145071673750866
0.06814142305507988
0.1163856582332069
0.16529778723131663
0.213257379563475
0.25866062563476805
0.2999767398325847
0.33580164226103215
0.36490697554556467
0.3862827047590095
0.3991718038253927
0.4030958399267938
0.39787061578166155
0.38361140416383693
0.3607276949320471
0.32990775724430865
0.29209368410239545
0.2484479194899328
0.20031255824213468
0.14916294548286751
0.09655727835278696
0.04408402273653818
0.006691000649007711
0.05427603286139108
0.09730155972827305
0.13456367653475873
0.1650612539186425
0.188025772190945
0.20294297203478784
0.20956577197666104
0.20791821544071487
0.19829052093259344
0.18122560682356867
0.15749773712448292
0.128084177651345
0.09413095576981736
0.056913975933908935
0.017796853891415533
0.02181310693942257
0.06050936254651193
0.09692960130119027
0.1297969261156008
0.15795754883710852
0.1804139525006141
0.19635265546473024
0.2051659082953447
0.20646686197734324
0.20009795723805773
0.18613249249210567
0.16486952586972328
0.13682244952331904
0.10270173745710053
0.06339250809042017
0.019927657328943513
0.026542594183642125
0.07478383500741687
0.12351233881751236
0.17143073349668583
0.217263528195737
0.2597915975589712
0.29788477500988214
0.33053177533409617
0.3568667481746612
0.37619185600105337
0.38799537037290915
0.3919648868911582
0.38799537037290915
0.37619185600105337
0.3568667481746612
0.33053177533409617
0.29788477500988214
0.2597915975589712
0.217263528195737
0.17143073349668583
0.12351233881751236
0.07478383500741687
0.026542594183642125
0.019927657328943513
0.06339250809042017
0.10270173745710053
0.13682244952331904
0.16486952586972328
0.18613249249210567
0.20009795723805773
0.20646686197734324
0.2051659082953447
0.19635265546473024
0.1804139525006141
0.15795754883710852
0.1297969261156008
0.09692960130119027
0.06050936254651193
0.02181310693942257
0.017796853891415533
0.056913975933908935
0.09413095576981736
0.128084177651345
0.15749773712448292
0.18122560682356867
0.19829052093259344
0.20791821544071487
0.20956577197666104
0.20294297203478784
0.188025772190945
0.1650612539186425
0.13456367653475873
0.09730155972827305
0.05427603286139108
0.006691000649007711
0.04408402273653818
0.09655727835278696
0.14916294548286751
0.20031255824213468
0.2484479194899328
0.29209368410239545
0.32990775724430865
0.3607276949320471
0.38361140416383693
0.39787061578166155
0.4030958399267938
0.3991718038253927
0.3862827047590095
0.36490697554556467
0.33580164226103215
0.2999767398325847
0.25866062563476805
0.213257379563475
0.16529778723131663
0.1163856582332069
0.06814142305507988
0.022145071673750866
0.020119461506235864
0.05731640071717436
0.08830477331671936
0.11217784460388187
0.12829385691925316
0.13629691189667636
0.13612720725083138
0.12802024528969339
0.11249505360339639
0.09033188239348351
0.06254025075761815
0.03031858951391229
0.004992944412090769
0.04196464084018909
0.07913236136729405
0.11505346814575809
0.1483613800437881
0.17781663881413984
0.2023525117381513
0.22111338033341246
0.23348445825344263
0.23911173365921795
0.2379114278247614
0.2300686863794448
0.21602565498798834
0.19645951951961202
0.1722514941969772
0.1444481031652722
0.11421640639464385
0.08279505716695719
0.05144323581446416
0.021389576383420386
0.006216813417972642
0.030351242451911224
0.05015242686010454
0.06495403337070581
0.07430755294529631
0.0779956580182932
0.0760356059483762
0.06867267705036866
0.05636405953256306
0.03975399773406865
0.019641387000767556
0.0030586872831651476
0.027357720944357927
0.05223895558286517
0.07670293192217176
0.09981142727909297
0.12072785954950291
0.13875241037914499
0.15335036606414268
0.16417248530860132
0.17106656454580244
0.1740797681714222
0.17345170527849987
0.16959864809201614
0.1630896820707394
0.15461593619464942
0.14495434849428715
0.13492766289291658
0.12536251829188924
0.11704757225402132
0.1106935960262996
0.10689738523162125
0.10611115542835148
0.10861884163179315
0.11452040689112943
0.12372490104715998
0.13595261302957554
0.15074624618833835
0.16749063464489128
0.18544012788551228
0.2037524183140925
0.2215272880923391
0.23784852081640523
0.2518270709366307
0.2626435164039772
0.2695878411365748
0.2720947029282931
0.2697725348403708
0.2624250956726607
0.25006441617590236
0.23291446774463637
0.21140529268996217
0.1861577615985777
0.1579595448074208
0.1277332828688105
0.09649829722970331
0.06532748114852638
0.03530123855848775
0.007460484689477715
0.017239220112086104
0.03797036577494023
0.05407110379865154
0.06507607080944995
0.07073900692002572
0.0710461018662537
0.06621940138734166
0.05671003746311874
0.04318148994144119
0.026483524258073838
0.007617861070615423
0.012302999526230285
0.032102070300320217
0.05058732488442455
0.06660219357350554
0.07907494350332847
0.08706481863676248
0.08980294677045832
0.08672624000144302
0.07750281237943593
0.062047800964035386
0.04052888844196592
0.01336126885209849
0.01880774660221021
0.055123839194149926
0.09455944346171152
0.1359547211200396
0.17806399897743574
0.21960568700337885
0.2593135447189249
0.2959871094144453
0.32853914077969854
0.3560380715470079
0.3777436767205971
0.3931344750041482
0.4019257417782357
0.4040774271675047
0.39979171695717514
0.3895004286068962
0.37384287914009023
0.3536352764718307
0.3298330523181113
0.3034878569006851
0.27570115981230126
0.24757653772292929
0.22017277212319883
0.19445982727510708
0.17127963253906794
0.15131336103750115
0.13505658886673733
0.12280334987536208
0.11463968727691809
0.11044686398120752
0.10991394861432043
0.1125590641251886
0.11775819036117705
0.12478006919552212
0.13282548647465725
0.1410690118765227
0.1487011746797535
0.1549690452585887
0.15921327929596796
0.16089986030155395
0.1596450378457912
0.15523229190491702
0.14762054243612782
0.1369432496915422
0.12349849492012298
0.10773057215237551
0.09020403889123568
0.07157154690665878
0.052537086021365816
0.033816508601462375
0.016097348721938746
0.0
0.013957733352429348
0.02539084522135967
0.034070468591071865
0.03993904273434369
0.04311638921957972
0.04389621791870564
0.04273305241581155
0.04022004030089937
0.037058575342811116
0.034021083402866074
0.031908691505628556
0.03150579142276148
0.03353371038886642
0.03860580107182802
0.04718625412541511
0.059554817928885506
0.0757793848936539
0.09569808039307345
0.11891208201877954
0.14478992070154081
0.17248349189842105
0.200955457726436
0.22901717433251798
0.25537575808351837
0.278688433796303
0.2976219108530465
0.31091422844255306
0.31743631531232924
0.31625043369695255
0.30666272771473563
0.2882672741562109
0.26097933320695416
0.22505590768194653
0.1811022260446543
0.13006334651156112
0.07320071281649179
0.012054149885930301
0.0516095587072816
0.11585974894859777
0.17867428789880324
0.23801852319001907
0.2919276115749716
0.33858883167859893
0.37642039091364526
0.4041432892821291
0.4208430044268411
0.4260181073321853
0.41961339471777825
0.4020357147460981
0.3741513442754191
0.3372645213036332
0.29307751501424206
0.24363339552997562
0.19124341306812478
0.13840157943380285
0.08768963362518856
0.041676041199566125
0.0028130020851921855
0.026664392470314782
0.044832715886832374
0.0501645115534037
0.04159872527802527
0.018594139828907293
0.018836678914498625
0.07011466685805624
0.13410368851904214
0.2091421341509163
0.29309581806777674
0.3834304335259011
0.4773010023446892
0.5716550331188551
0.6633455014305301
0.7492493151866921
0.8263866484371102
0.8920364312918058
0.9438433779092906
0.9799122172278956
0.9988852526249603
1.0
0.9831244150392293
0.948768089874224
0.8980687425189876
0.8327543015479644
0.7550818638630599
0.6677557353278022
0.5738276142412775
0.4765827108810846
0.3794161820164744
0.2857046725862038
0.1986779797712513
0.1212958772860077
0.056134957837737434
0.005289975624554844
0.029706387211332414
0.047942124236853303
0.049160522055029424
0.03376938190670027
0.0028244425921627675
0.04201237306681093
0.09853826366775277
0.16409584326537446
0.2356770237824483
0.3100403846345846
0.3838373921020745
0.45374248124331223
0.5165818642969314
0.5694559876640664
0.6098508223148995
0.6357336290489015
0.6456294717268469
0.638675532473587
0.6146511809007058
0.5739827278078461
0.5177228125191408
0.44750539032397774
0.36547826087245006
0.2742159701256014
0.1766166913697266
0.07578731365016976
0.025078586185386532
0.12282495647267405
0.21445468451277128
0.2972433775872244
0.3688410246704623
0.4273575804014218
0.47142919931742083
0.500262663940902
0.5136564606178012
0.5119979238362573
0.4962368527454019
0.4678369619196983
0.42870742249402843
0.3811175429462067
0.3275982987686739
0.2708349205493507
0.21355507091652193
0.15841727037490957
0.10790416635550877
0.0642249831344741
0.02923105496375648
0.004347750556093663
0.009474629698277533
0.011789229999392959
0.002659427751614489
0.017355907192412364
0.047237717312119114
0.0855608045034416
0.13056402795455693
0.18023341003619045
0.2323944013547475
0.28480921549910504
0.33527498190162297
0.3817184869472842
0.4222834764050705
0.455406866072539
0.4798807346064341
0.49489762878718346
0.5000774674761852
0.49547515273096615
0.4815688487903501
0.4592297347384033
0.4296748379864266
0.39440527881678594
0.3551328702860213
0.3136984969121881
0.2719860199413199
0.23183561363949562
0.19496042042542153
0.16287022477639082
0.13680549620901533
0.11768465677129217
0.10606681115899574
0.10213146579458013
0.10567598897191322
0.11613076203229285
0.13259117709540985
0.1538648852009298
0.1785320228440212
0.20501557433844064
0.23165858696501937
0.25680466436973304
0.2788780334210434
0.29645951581272895
0.3083549358341006
0.31365285041355906
0.3117689804660415
0.3024753313737536
0.28591268768046973
0.2625859215260889
0.23334233228621193
0.1993340016510722
0.16196586989233588
0.12283188331259123
0.0836421013193947
0.04614406041438818
0.012041953611962359
0.017082714067065664
0.03984539475806531
0.05512431436401176
0.06211483222635797
0.060369846455374666
0.04982436617500086
0.03080307483017743
0.0040104646984349766
0.029496101629165758
0.06834928610937811
0.11092879721391599
0.15543007713092574
0.1999416676205931
0.24252787441872592
0.2813131052166732
0.3145641709722369
0.3407669185296146
0.35869380095529574
0.36745938028823255
0.3665612786170723
0.3559047247434261
0.3358095575261428
0.3069993120487896
0.27057279746927365
0.22795934146427974
0.18085959195577728
0.1311744008777187
0.08092483925448372
0.03216678475800971
0.013096235067508745
0.05299817926872945
0.08588992776045414
0.11040957500822138
0.12554053829346348
