0.051744473143626554
0.04494457700166565
0.08359340193711495
0.07917900219346817
0.008506690516855141
0.04943364977266771
0.024447936002842584
0.032589267827675496
0.028204235402842077
0.2026401881776952
0.4908200531896037
0.301417555141389
0.09171989621836966
0.41631768498353966
0.47405827707819365
0.05348988312710433
0.260066306693089
0.1874192589929968
0.41059893504805006
0.25707726099627054
0.09097808413385823
0.2546887825313169
1.0
0.22150810045138594
0.06482830247230276
0.039216651931316925
0.09618814879776413
0.18811439353905424
0.238108597899034
0.11607602399203981
0.1961183983904537
0.1954125233475991
0.015959335616233576
0.5654513056397864
0.02704087092667326
0.32211138337150613
0.11372860246849602
0.01479762687823947
0.686967433711768
0.045264203005574516
0.43767404454491715
9.681004640896006E-4
0.3642643824148728
0.2205321816499145
0.5795666892829907
0.6275259454980037
0.0712053385695558
0.2510905360216191
0.11037631457369612
0.23182724554622428
0.09294068040138946
0.11533252575066147
0.12246247513003146
0.17415274193912691
0.015943190231850476
0.14789960161037943
0.14591853198254157
0.047978626720100635
0.06358909020823872
0.005269083810090179
0.02416572603712396
0.12657611825199955
0.09377189888830254
0.10010695078919311
0.10974122947898703
0.08708103105744913
0.011268561612562475
0.007438985634694106
0.033769886016327424
0.009465111860568861
0.05623612440736375
0.006333018957557489
0.022789633371523926
0.015892203868575646
0.028381488015102443
0.036688409653714074
0.05954890044573552
0.0012162311166986032
0.01860696559496618
0.0033289146554427683
0.031236374251249855
0.04410886556927328
0.03572646254288253
0.0409118178942897
0.03073035270438214
0.05249240946074155
0.03409377838466817
0.0062180240967281
0.008294918685491494
0.006050755845509138
0.04691173623935294
0.014967392941290283
0.10571733380913897
0.01794870759533165
0.023587444587627047
0.024559386012864445
0.026861240464381746
0.017072610301477272
0.011430508127409842
0.020944546525243708
0.08138387719253672
0.04519217877839244
0.07329369562777106
0.08635654318793873
0.05208818620490429
0.09818580672206456
0.04989366371262932
0.08023734695958773
0.03221842240764717
0.05158226153673461
0.02856978866338012
0.017456744634580725
0.08394875021778653
0.069181990459445
0.0050614376310429985
0.10742557506816315
0.0861576574568983
0.041160562932521585
0.017176304522053775
0.005821119389095637
0.04233788569919599
0.03456589248655548
0.028328792822170167
0.017903514067594762
0.007344565241885229
0.02417896876828224
0.0027175589584589833
0.012330765882636093
0.04099325244351223
0.016055769958324383
5.299079387029145E-4
0.021848889576838462
0.003820743173132885
0.0216567351384601
0.016726766983290536
0.007508560069871898
0.01160008750587911
0.0032233690606288967
0.003899722308106445
0.006250462896014293
0.011780490732268382
0.01771449706912538
0.017852622218197434
0.00239513127859819
0.0016780021899327876
0.016054698922045876
0.011444677920784487
0.002538811164732778
0.01015825036112244
0.004996399778737369
0.011222747056377488
0.010517619663356927
0.005476211757977917
0.005901831210033781
0.013836564837854655
0.0010780155439285796
0.003204607836791709
0.0031851335410577907
0.006002534288235769
0.0016639067533219597
0.0017860489681362577
0.003913081943215575
3.5475006623765753E-4
0.0032871611887839358
0.010296544251910959
0.006545571147535303
0.0014844823086289252
0.01653450584434439
0.0036080308525215043
2.9075457637046617E-4
0.0034735803090041946
0.005375329260963597
0.0038463218649306672
0.003966656870875959
0.004277515374342335
1.3378553537271603E-4
0.009731867565732471
0.014346787696444664
0.0016130513714281503
0.00747092297078751
0.0013753802352871579
0.002240950701494264
0.004705810406564057
0.0030870755560636733
0.0015909681291384448
6.97421829950504E-4
0.0018056055825665695
0.008644673895831977
3.243518696259959E-4
0.008651266108800373
0.0013065973270044904
5.481622411368155E-4
0.006197936193232613
0.0012454300459391518
4.5503207077938687E-4
0.006831620668424154
0.002116097207565375
0.004103088781807455
0.005719992370027799
0.0018168631994287033
0.008385899362660229
0.0033041588538994925
0.003433653616204653
5.859740850266026E-4
0.005382980602000997
0.0044071112044381635
0.0027365289533439565
9.345470554247521E-4
2.972945159071338E-5
0.002793203523510496
1.1549425918487872E-4
0.005789255357146745
0.0017316885701401713
0.0012270188168351022
0.002302318621171091
0.009874753457829953
0.002114005011140934
0.0030337321848261482
0.008565883103791631
0.0026396489069561665
0.006809976960733404
0.00991574305405382
0.005769527752544545
0.006397626709004018
0.004723648071082804
0.01035412319549635
0.008586765518696237
0.0011281120430423686
0.002781795582772002
0.0029874485458146562
3.5460925532604127E-4
0.00666865367185263
0.0022605907904505226
0.0027453628286025584
0.0012139074014378725
0.0012381337378477735
0.0030466591292327362
0.002662607995602211
0.006365596208262526
0.005528676661784332
0.013619979885050482
0.002876600394290749
0.0024497757132199453
0.003232303093095996
0.0026987021307321593
0.009831650321945605
0.00628970484032812
0.002906192897763224
0.009959672549787163
0.0059156094798273615
0.007681634962075247
0.00429777754239766
0.0030366489220983767
0.003190164360376743
0.005492182659739524
0.002645319275232811
0.0029528128630217417
0.007014306234747228
0.008452034220826276
6.735992556828088E-4
0.0022567625680377876
0.0011805614844651677
0.003952861891702103
0.0100203960436112
0.004112031004833364
2.8190154741919156E-4
0.007307931919514238
0.0017535247531313342
0.0028966197678418743
0.0010734067546838688
0.012244514084902933
0.002968548946399877
0.002346924218494534
0.007994289084853178
0.005405537064196181
0.003296012206220743
6.097330492159678E-4
0.013779406350580913
0.004421550221044742
0.007356238746198274
0.0010825268137485704
2.8559431610468606E-4
0.00343760107014759
0.002983905616379566
0.0021736999090564146
0.0024848754376823826
6.774895876052982E-5
0.005428356587290224
0.004642185500294314
3.6907958930513314E-4
2.6795474815829995E-4
0.004258919637560463
0.0025401409444882105
0.0011295174741779337
0.0020201928604545337
0.006892913701758652
5.424243909995975E-5
0.0039488805919996785
0.0026386925622937083
0.00195159019353938
0.0014281810057869668
0.002000023673333073
0.0016476747946359482
0.002383575863223563
0.002521634135180733
9.945403393837617E-4
0.0019780114492077266
0.005233280823296773
0.0012124824857913871
0.0035886010166643434
0.0017666995621007052
0.0025406603896461584
7.389589604673872E-4
4.585165605702075E-4
0.001662914478846212
6.358334723771624E-4
0.002626769056860181
0.002492422187463098
0.0050146652538086665
0.00422718109184067
0.004164824038650428
5.60122278781544E-4
0.0030775552844751687
0.00819575129566866
0.005866724998668125
0.0025062386884456963
0.008224919298043004
0.0019369594850262952
0.00656720486936087
0.002252672605405239
0.005934353122901391
0.006565319074147419
0.013378751746528753
0.005205602670296229
3.812087843986238E-4
0.002667472163097989
0.0015084160409259083
0.004547714831161611
0.005120026521488922
0.005774043064867084
0.0025242186997589807
0.007038885955224306
0.0029765061078633145
0.012352528530620988
2.301698866619672E-4
0.0016549958391997262
0.0018087423241962813
0.006692195833230851
0.0010098573491861228
0.0024612895931242617
8.275227162952088E-4
0.0012518027982574504
0.005960536185008146
0.010015464237299617
0.0043974399805292354
0.007828978880364499
0.0012712844608619264
0.006786891085096163
0.005127545867264904
0.009701058065860243
0.0018841262732070248
3.3438364289664255E-4
0.0016877525392384885
0.0057742446677304556
0.006195081648903983
5.911551707670123E-4
0.005391963651706985
0.0022767719608997134
0.002224931816777065
0.002823351050839106
0.006005114200526402
8.023332456822621E-4
8.101124427606937E-4
0.0023054085072435867
0.005540150007011873
0.0054695178935378055
5.388785404816661E-4
0.010093928347644771
5.713475697301895E-4
0.010311406088827184
0.009148719895158391
0.004813121589159245
0.0011390315541948434
0.0019443996977544457
0.002240433559705608
0.001501521113355399
0.0071631578595277795
0.0010523115032218355
0.003660082171384329
0.005278663964293357
0.001501052385673509
0.007113445474130369
0.0012148346093333385
0.006153115637486167
0.006313978333228349
3.0948864278049833E-4
0.005236205853524913
0.008061465512228586
0.009071677939813002
9.166765508570656E-4
0.007156506259412517
0.0018414425706685775
0.0038585460823706277
0.0021389416172280084
0.003193207478663901
0.0023449751261274215
0.0043379411426425225
0.0015031693167596575
0.0016625475561368199
7.503399953159372E-4
0.0025335481852404042
0.0024773391566315205
0.008912392116885836
0.0062972668598398895
0.001019440633718994
0.0016251595487571035
2.6871442225557916E-4
0.005573184035145666
0.0019305257148601051
0.004173457377443251
0.006602475322040179
3.8375874281858184E-5
0.002669512543046791
0.0029322143302872423
0.005057140382960287
0.0017877610936131076
0.0018123716605309907
0.009022074938467038
0.004094856710630821
0.007285653603485976
0.006670551204355713
5.480614585655675E-5
0.008358576008964445
0.002924747982493783
0.002317285971822136
0.0041198504174062255
7.62534145652664E-5
0.0017164254217323747
0.007176018234884655
0.006941274300956327
0.004071726004424409
0.0037732986999355154
0.00328717939705427
0.0033547049241575005
2.8504336910917174E-4
0.004627841507291002
0.0048209232583618
0.006220055435749929
0.002776083374328819
0.005345736497635798
0.0026654168976697765
0.0023018316136164843
0.008022960960930175
7.141566555661039E-4
0.005785864684090088
0.0013053141025875183
0.0029609055424876475
0.003694274732003823
7.890808569287558E-4
0.006170508282060418
0.0025750655800936863
0.0020505807779928505
0.010734036124211987
0.0020505807779928505
0.0025750655800936863
0.006170508282060418
7.890808569287558E-4
0.003694274732003823
0.0029609055424876475
0.0013053141025875183
0.005785864684090088
7.141566555661039E-4
0.008022960960930175
0.0023018316136164843
0.0026654168976697765
0.005345736497635798
0.002776083374328819
0.006220055435749929
0.0048209232583618
0.004627841507291002
2.8504336910917174E-4
0.0033547049241575005
0.00328717939705427
0.0037732986999355154
0.004071726004424409
0.006941274300956327
0.007176018234884655
0.0017164254217323747
7.62534145652664E-5
0.0041198504174062255
0.002317285971822136
0.002924747982493783
0.008358576008964445
5.480614585655675E-5
0.006670551204355713
0.007285653603485976
0.004094856710630821
0.009022074938467038
0.0018123716605309907
0.0017877610936131076
0.005057140382960287
0.0029322143302872423
0.002669512543046791
3.8375874281858184E-5
0.006602475322040179
0.004173457377443251
0.0019305257148601051
0.005573184035145666
2.6871442225557916E-4
0.0016251595487571035
0.001019440633718994
0.0062972668598398895
0.008912392116885836
0.0024773391566315205
0.0025335481852404042
7.503399953159372E-4
0.0016625475561368199
0.0015031693167596575
0.0043379411426425225
0.0023449751261274215
0.003193207478663901
0.0021389416172280084
0.0038585460823706277
0.0018414425706685775
0.007156506259412517
9.166765508570656E-4
0.009071677939813002
0.008061465512228586
0.005236205853524913
3.0948864278049833E-4
0.006313978333228349
0.006153115637486167
0.0012148346093333385
0.007113445474130369
0.001501052385673509
0.005278663964293357
0.003660082171384329
0.0010523115032218355
0.0071631578595277795
0.001501521113355399
0.002240433559705608
0.0019443996977544457
0.0011390315541948434
0.004813121589159245
0.009148719895158391
0.010311406088827184
5.713475697301895E-4
0.010093928347644771
5.388785404816661E-4
0.0054695178935378055
0.005540150007011873
0.0023054085072435867
8.101124427606937E-4
8.023332456822621E-4
0.006005114200526402
0.002823351050839106
0.002224931816777065
0.0022767719608997134
0.005391963651706985
5.911551707670123E-4
0.006195081648903983
0.0057742446677304556
0.0016877525392384885
3.3438364289664255E-4
0.0018841262732070248
0.009701058065860243
0.005127545867264904
0.006786891085096163
0.0012712844608619264
0.007828978880364499
0.0043974399805292354
0.010015464237299617
0.005960536185008146
0.0012518027982574504
8.275227162952088E-4
0.0024612895931242617
0.0010098573491861228
0.006692195833230851
0.0018087423241962813
0.0016549958391997262
2.301698866619672E-4
0.012352528530620988
0.0029765061078633145
0.007038885955224306
0.0025242186997589807
0.005774043064867084
0.005120026521488922
0.004547714831161611
0.0015084160409259083
0.002667472163097989
3.812087843986238E-4
0.005205602670296229
0.013378751746528753
0.006565319074147419
0.005934353122901391
0.002252672605405239
0.00656720486936087
0.0019369594850262952
0.008224919298043004
0.0025062386884456963
0.005866724998668125
0.00819575129566866
0.0030775552844751687
5.60122278781544E-4
0.004164824038650428
0.00422718109184067
0.0050146652538086665
0.002492422187463098
0.002626769056860181
6.358334723771624E-4
0.001662914478846212
4.585165605702075E-4
7.389589604673872E-4
0.0025406603896461584
0.0017666995621007052
0.0035886010166643434
0.0012124824857913871
0.005233280823296773
0.0019780114492077266
9.945403393837617E-4
0.002521634135180733
0.002383575863223563
0.0016476747946359482
0.002000023673333073
0.0014281810057869668
0.00195159019353938
0.0026386925622937083
0.0039488805919996785
5.424243909995975E-5
0.006892913701758652
0.0020201928604545337
0.0011295174741779337
0.0025401409444882105
0.004258919637560463
2.6795474815829995E-4
3.6907958930513314E-4
0.004642185500294314
0.005428356587290224
6.774895876052982E-5
0.0024848754376823826
0.0021736999090564146
0.002983905616379566
0.00343760107014759
2.8559431610468606E-4
0.0010825268137485704
0.007356238746198274
0.004421550221044742
0.013779406350580913
6.097330492159678E-4
0.003296012206220743
0.005405537064196181
0.007994289084853178
0.002346924218494534
0.002968548946399877
0.012244514084902933
0.0010734067546838688
0.0028966197678418743
0.0017535247531313342
0.007307931919514238
2.8190154741919156E-4
0.004112031004833364
0.0100203960436112
0.003952861891702103
0.0011805614844651677
0.0022567625680377876
6.735992556828088E-4
0.008452034220826276
0.007014306234747228
0.0029528128630217417
0.002645319275232811
0.005492182659739524
0.003190164360376743
0.0030366489220983767
0.00429777754239766
0.007681634962075247
0.0059156094798273615
0.009959672549787163
0.002906192897763224
0.00628970484032812
0.009831650321945605
0.0026987021307321593
0.003232303093095996
0.0024497757132199453
0.002876600394290749
0.013619979885050482
0.005528676661784332
0.006365596208262526
0.002662607995602211
0.0030466591292327362
0.0012381337378477735
0.0012139074014378725
0.0027453628286025584
0.0022605907904505226
0.00666865367185263
3.5460925532604127E-4
0.0029874485458146562
0.002781795582772002
0.0011281120430423686
0.008586765518696237
0.01035412319549635
0.004723648071082804
0.006397626709004018
0.005769527752544545
0.00991574305405382
0.006809976960733404
0.0026396489069561665
0.008565883103791631
0.0030337321848261482
0.002114005011140934
0.009874753457829953
0.002302318621171091
0.0012270188168351022
0.0017316885701401713
0.005789255357146745
1.1549425918487872E-4
0.002793203523510496
2.972945159071338E-5
9.345470554247521E-4
0.0027365289533439565
0.0044071112044381635
0.005382980602000997
5.859740850266026E-4
0.003433653616204653
0.0033041588538994925
0.008385899362660229
0.0018168631994287033
0.005719992370027799
0.004103088781807455
0.002116097207565375
0.006831620668424154
4.5503207077938687E-4
0.0012454300459391518
0.006197936193232613
5.481622411368155E-4
0.0013065973270044904
0.008651266108800373
3.243518696259959E-4
0.008644673895831977
0.0018056055825665695
6.97421829950504E-4
0.0015909681291384448
0.0030870755560636733
0.004705810406564057
0.002240950701494264
0.0013753802352871579
0.00747092297078751
0.0016130513714281503
0.014346787696444664
0.009731867565732471
1.3378553537271603E-4
0.004277515374342335
0.003966656870875959
0.0038463218649306672
0.005375329260963597
0.0034735803090041946
2.9075457637046617E-4
0.0036080308525215043
0.01653450584434439
0.0014844823086289252
0.006545571147535303
0.010296544251910959
0.0032871611887839358
3.5475006623765753E-4
0.003913081943215575
0.0017860489681362577
0.0016639067533219597
0.006002534288235769
0.0031851335410577907
0.003204607836791709
0.0010780155439285796
0.013836564837854655
0.005901831210033781
0.005476211757977917
0.010517619663356927
0.011222747056377488
0.004996399778737369
0.01015825036112244
0.002538811164732778
0.011444677920784487
0.016054698922045876
0.0016780021899327876
0.00239513127859819
0.017852622218197434
0.01771449706912538
0.011780490732268382
0.006250462896014293
0.003899722308106445
0.0032233690606288967
0.01160008750587911
0.007508560069871898
0.016726766983290536
0.0216567351384601
0.003820743173132885
0.021848889576838462
5.299079387029145E-4
0.016055769958324383
0.04099325244351223
0.012330765882636093
0.0027175589584589833
0.02417896876828224
0.007344565241885229
0.017903514067594762
0.028328792822170167
0.03456589248655548
0.04233788569919599
0.005821119389095637
0.017176304522053775
0.041160562932521585
0.0861576574568983
0.10742557506816315
0.0050614376310429985
0.069181990459445
0.08394875021778653
0.017456744634580725
0.02856978866338012
0.05158226153673461
0.03221842240764717
0.08023734695958773
0.04989366371262932
0.09818580672206456
0.05208818620490429
0.08635654318793873
0.07329369562777106
0.04519217877839244
0.08138387719253672
0.020944546525243708
0.011430508127409842
0.017072610301477272
0.026861240464381746
0.024559386012864445
0.023587444587627047
0.01794870759533165
0.10571733380913897
0.014967392941290283
0.04691173623935294
0.006050755845509138
0.008294918685491494
0.0062180240967281
0.03409377838466817
0.05249240946074155
0.03073035270438214
0.0409118178942897
0.03572646254288253
0.04410886556927328
0.031236374251249855
0.0033289146554427683
0.01860696559496618
0.0012162311166986032
0.05954890044573552
0.036688409653714074
0.028381488015102443
0.015892203868575646
0.022789633371523926
0.006333018957557489
0.05623612440736375
0.009465111860568861
0.033769886016327424
0.007438985634694106
0.011268561612562475
0.08708103105744913
0.10974122947898703
0.10010695078919311
0.09377189888830254
0.12657611825199955
0.02416572603712396
0.005269083810090179
0.06358909020823872
0.047978626720100635
0.14591853198254157
0.14789960161037943
0.015943190231850476
0.17415274193912691
0.12246247513003146
0.11533252575066147
0.09294068040138946
0.23182724554622428
0.11037631457369612
0.2510905360216191
0.0712053385695558
0.6275259454980037
0.5795666892829907
0.2205321816499145
0.3642643824148728
9.681004640896006E-4
0.43767404454491715
0.045264203005574516
0.686967433711768
0.01479762687823947
0.11372860246849602
0.32211138337150613
0.02704087092667326
0.5654513056397864
0.015959335616233576
0.1954125233475991
0.1961183983904537
0.11607602399203981
0.238108597899034
0.18811439353905424
0.09618814879776413
0.039216651931316925
0.06482830247230276
0.22150810045138594
1.0
0.2546887825313169
0.09097808413385823
0.25707726099627054
0.41059893504805006
0.1874192589929968
0.260066306693089
0.05348988312710433
0.47405827707819365
0.41631768498353966
0.09171989621836966
0.301417555141389
0.4908200531896037
0.2026401881776952
0.028204235402842077
0.032589267827675496
0.024447936002842584
0.04943364977266771
0.008506690516855141
0.07917900219346817
0.08359340193711495
0.04494457700166565
