-0.04665806645272348
0.04575896076988566
0.04306870344290402
0.0386114136875984
0.032436563574772
0.024631114034405297
0.015333199816549108
0.004744594764872835
0.006860907796695901
0.01913575823287394
0.03166543094078318
0.04398460371104822
0.05560243096874908
0.06603536265755745
0.07484481239598804
0.08167607119271347
0.08629431997324175
0.0886135016926656
0.08871420972787526
0.08684761696451536
0.08342373837697727
0.07898386919487986
0.07415871410140587
0.06961534230153202
0.06599748832923524
0.06386470598798352
0.06363634537034106
0.06554618386496414
0.06961278588559802
0.07562934229025421
0.08317496095413009
0.09164730939865869
0.10031435088626446
0.10838088669723946
0.11506393440984422
0.11966982259369693
0.12166540630375379
0.12073608107672669
0.1168242977047885
0.11014398103121574
0.10116848679279213
0.0905922853881343
0.0792691945097856
0.06813243153118971
0.05810376872137532
0.05000043263099798
0.04444893478689436
0.04181467194900426
0.04215489538849639
0.04520061380607313
0.05037033982924524
0.05681555882978408
0.06349467916381998
0.06926932023563512
0.07301440178677027
0.07373186521590627
0.07065716815204827
0.06334804152931219
0.05174637894553913
0.03620643425683826
0.017485534491257147
0.003303005757862309
0.02477148318282459
0.04536726113355381
0.06350061472051484
0.07767953668573314
0.08663917079990235
0.08945380420633615
0.08562078265153236
0.0751081972819005
0.05836150729507377
0.03626810160829302
0.01008279940155727
0.01867894461739962
0.048370202890019504
0.07735194314926518
0.10412936773731188
0.12747220813176552
0.14650746881959012
0.16077579004354114
0.17024619456004333
0.17528815732615177
0.17660428153054455
0.17513094562624074
0.17191768594204762
0.1679984378055292
0.16426880977770306
0.16138316944144215
0.15968347546465503
0.15916864499165012
0.15950907852506538
0.1601061683613318
0.16019165921680775
0.15895711078550145
0.15569991511175965
0.1499697658291542
0.14169847262145724
0.1312967317425477
0.11970390758104406
0.10838088669723932
0.09924131013581727
0.09452251339422267
0.09660375243695278
0.10778516951354686
0.13004586554972145
0.1648028747044611
0.21269437840369798
0.27340990928437636
0.3455875286655075
0.4267931650302384
0.5135908215007924
0.6017047136523193
0.6862662301669895
0.7621306366120078
0.8242413965251691
0.8680145380129972
0.8897122036920027
0.886773769912612
0.8580748781017274
0.8040893225927849
0.7269356855079233
0.6302993840685781
0.5192307065865767
0.39982964754066236
0.2788380448378006
0.16316783135873328
0.05940039255346081
0.026704509708439402
0.09065139363998699
0.12956723314033414
0.14244491029958972
0.1302501302432672
0.09588037308449719
0.04397598493246331
0.019404758176486233
0.08722380729191108
0.15198261379398717
0.20628357475872175
0.24339091514810707
0.2577478694695211
0.2454100745920218
0.2043613614506949
0.1346871434805383
0.03859162230845995
0.07974282365294319
0.21444341892663848
0.3583598651992599
0.5035705936813673
0.6419435943157367
0.7657090548279323
0.868000497767358
0.9433239976431369
0.9879211274827457
1.0
0.9798193955071931
0.9296226201616841
0.8534294544131482
0.7567053811691197
0.6459363627258106
0.528144060588976
0.4103800744738807
0.29923828090618604
0.20042171145442125
0.1183949199335448
0.05614497180892752
0.015064753791792576
0.0050379288883943855
0.00581215702418835
0.009867462064673491
0.038211789617606476
0.07487889069293448
0.1153548453352247
0.155321939279439
0.1909851436392328
0.21933271605764754
0.2383134879080591
0.24692129764692788
0.2451853666298937
0.23407345637296692
0.2153217141718536
0.19121063694130458
0.1643101481179561
0.13721816464617334
0.11231620690297839
0.09156274645729534
0.07634044082502431
0.06736765298757398
0.06467826622708327
0.0676673847572775
0.07519463808023669
0.08573198810449216
0.09753956160720541
0.10885133723861644
0.11805258227311867
0.1238326712635845
0.12530008817028307
0.12205065493379838
0.11418489867178068
0.10227548348911379
0.08729031565778568
0.07048085872438321
0.05324803337045656
0.03699960817299593
0.023013127238559382
0.012317219867312153
0.005601771803098592
0.0031641862296840724
0.004895176719121541
0.01030360071776815
0.018576144811637666
0.028664556112801384
0.03939085048304569
0.049559696022716905
0.058067039277620816
0.06399497157201123
0.06668468162030092
0.06578188244973053
0.06125205226373367
0.05336587946436388
0.042658145572229474
0.029865645115265516
0.01585141814215722
0.0015234274104376135
0.012244193929140489
0.024680020083111442
0.03516854096212084
0.0432839105069603
0.04880270915593175
0.05169646955429159
0.05210676003582853
0.05030723202317759
0.04665806645272348
0.041558620849178815
0.03540377791827916
0.02854859637554834
0.021284495898153843
0.013828547820348978
0.0063256944399310315
0.0011379118181365658
0.008513587075528295
0.015764831007195283
0.02284243917674737
0.029664151889950495
0.03610223244323978
0.04198119682183661
0.04708646958993368
0.051183195628820385
0.05404298337900578
0.05547516982973639
0.05535842669688045
0.05366826904042027
0.05049632079540921
0.046058011306255864
0.04068663657436368
0.03481328004522561
0.028933774809411023
0.023565508714670797
0.019198236322181154
0.01624400194044447
0.01499167474785546
0.01557138667562449
0.01793334860819604
0.021844169953325897
0.02690205103804565
0.032570235510956544
0.038226109294845205
0.04322153011729446
0.046948568856192245
0.04890400568978876
0.048745759908912056
0.04633498355001965
0.04175878270645782
0.03533034064927916
0.027565434334801568
0.0191367435355266
0.010809706502059497
0.0033657327921748324
0.0024798788085763773
0.006157126194229805
0.007309362391238197
0.005842788226483222
0.0019515135417892142
0.0038854600737851784
0.010936319907072785
0.018275717763981725
0.024866606347623634
0.029657600319349206
0.03168703629777655
0.03018392199767099
0.024655905163213747
0.01495528873431824
0.0013159077192526824
0.015643785225605902
0.03495303087075803
0.055354794049450734
0.07540062923045301
0.09356667232541059
0.10838088669723946
0.11855040740431042
0.12307756110447496
0.12135393241263365
0.1132236427941754
0.09900965075880953
0.0795001348744899
0.05589558568611742
0.029720777786719114
0.0027089863613931346
0.023331648737570924
0.04665806645272348
0.0657264046491513
0.07930869576474313
0.08658213624733396
0.08718344920105621
0.08122406637118873
0.06926544566394222
0.05225747444614112
0.0314462428781254
0.008260189991477637
0.01581452832940093
0.039357798344738265
0.06112709747577513
0.08014689030369183
0.09576826125113572
0.10769421321730815
0.1159695073536662
0.12093743171401529
0.123169119972625
0.12337367797931763
0.12229915703354383
0.12063516464594409
0.1189275546099309
0.11751422633022642
0.11648873254160289
0.11569538096758436
0.11475612436736145
0.11312610908187304
0.110171643836912
0.10526187755418719
0.09786389469438388
0.08763041855495117
0.07446992060304726
0.05859061798033633
0.04051244327986627
0.02104433766452296
0.0012278272805253158
0.0177485681433576
0.03465634167442491
0.04834518067906887
0.05786057891107988
0.0625487839120253
0.06213784718267307
0.056785560686171056
0.04708805717446137
0.034046548165557584
0.0189937223939059
0.0034853383118295246
0.010833877675381073
0.022378129554065845
0.029768643937325263
0.03196791865665518
0.02838699499898337
0.018954806665702626
0.004141942091231123
0.015064753791792477
0.03723579101722312
0.0606153805321242
0.08327092364961833
0.10326275723594583
0.1188191103413599
0.12850043334947897
0.13133792398865965
0.12693315554590942
0.1155090372229982
0.09790661170500012
0.07552703510054366
0.05022304684101128
0.024148863391585382
4.187116505071341E-4
0.021272440810997887
0.0364632134082849
0.044468347272424526
0.044324672204707684
0.03571451155394338
0.018996845884018718
0.0048191770159423716
0.03415607522631856
0.06699795850926388
0.10105701726225913
0.1339618198191647
0.16345078762369017
0.18755386169796695
0.20474656585803702
0.214063296707149
0.2151604788031178
0.20832485712347484
0.1944272238278078
0.1748268233472491
0.15123608950102768
0.1255588339110212
0.09971721072123071
0.0754835333133139
0.05433225764989103
0.03732526069658781
0.02504015213980863
0.017547097182366366
0.014434911833493784
0.014882474543066378
0.01776723073963279
0.021799154775785163
0.025666296728518844
0.028177183653282714
0.02838593574089473
0.02568792603998914
0.019876953316339166
0.011158893594078649
1.2124762937479532E-4
0.012337532914039025
0.025111019804868333
0.03700894946124163
0.04688932491511746
0.05378454230831062
0.05700828720725266
0.05623196871153116
0.05152262009752835
0.0433381776248204
0.032480456233240494
0.020010531287957396
0.007135168684929934
0.004923975462490858
0.015064753791792514
0.022428351372461176
0.026499251989354718
0.027170314842668842
0.024765326609444395
0.020015612078473966
0.013991915860436141
0.007997353342830466
0.003431316023882514
0.0016373935342532044
0.003750315408745596
0.010557410381184306
0.022389058488757975
0.03905014711566544
0.05980085260087574
0.08339049177678676
0.10814315031534785
0.13208877424283869
0.15312888901855254
0.16922252701539947
0.1785756547985632
0.17981663311525234
0.1721411093416083
0.15541217593438172
0.13020542238416902
0.09779332532416207
0.060068825557259085
0.019413436635260364
0.02147969069167406
0.05981313343172611
0.09290546855027261
0.11840558278824666
0.13448249691923644
0.13997419935817046
0.13448249691923644
0.11840558278824666
0.09290546855027261
0.05981313343172611
0.02147969069167406
0.019413436635260364
0.060068825557259085
0.09779332532416207
0.13020542238416902
0.15541217593438172
0.1721411093416083
0.17981663311525234
0.1785756547985632
0.16922252701539947
0.15312888901855254
0.13208877424283869
0.10814315031534785
0.08339049177678676
0.05980085260087574
0.03905014711566544
0.022389058488757975
0.010557410381184306
0.003750315408745596
0.0016373935342532044
0.003431316023882514
0.007997353342830466
0.013991915860436141
0.020015612078473966
0.024765326609444395
0.027170314842668842
0.026499251989354718
0.022428351372461176
0.015064753791792514
0.004923975462490858
0.007135168684929934
0.020010531287957396
0.032480456233240494
0.0433381776248204
0.05152262009752835
0.05623196871153116
0.05700828720725266
0.05378454230831062
0.04688932491511746
0.03700894946124163
0.025111019804868333
0.012337532914039025
1.2124762937479532E-4
0.011158893594078649
0.019876953316339166
0.02568792603998914
0.02838593574089473
0.028177183653282714
0.025666296728518844
0.021799154775785163
0.01776723073963279
0.014882474543066378
0.014434911833493784
0.017547097182366366
0.02504015213980863
0.03732526069658781
0.05433225764989103
0.0754835333133139
0.09971721072123071
0.1255588339110212
0.15123608950102768
0.1748268233472491
0.1944272238278078
0.20832485712347484
0.2151604788031178
0.214063296707149
0.20474656585803702
0.18755386169796695
0.16345078762369017
0.1339618198191647
0.10105701726225913
0.06699795850926388
0.03415607522631856
0.0048191770159423716
0.018996845884018718
0.03571451155394338
0.044324672204707684
0.044468347272424526
0.0364632134082849
0.021272440810997887
4.187116505071341E-4
0.024148863391585382
0.05022304684101128
0.07552703510054366
0.09790661170500012
0.1155090372229982
0.12693315554590942
0.13133792398865965
0.12850043334947897
0.1188191103413599
0.10326275723594583
0.08327092364961833
0.0606153805321242
0.03723579101722312
0.015064753791792477
0.004141942091231123
0.018954806665702626
0.02838699499898337
0.03196791865665518
0.029768643937325263
0.022378129554065845
0.010833877675381073
0.0034853383118295246
0.0189937223939059
0.034046548165557584
0.04708805717446137
0.056785560686171056
0.06213784718267307
0.0625487839120253
0.05786057891107988
0.04834518067906887
0.03465634167442491
0.0177485681433576
0.0012278272805253158
0.02104433766452296
0.04051244327986627
0.05859061798033633
0.07446992060304726
0.08763041855495117
0.09786389469438388
0.10526187755418719
0.110171643836912
0.11312610908187304
0.11475612436736145
0.11569538096758436
0.11648873254160289
0.11751422633022642
0.1189275546099309
0.12063516464594409
0.12229915703354383
0.12337367797931763
0.123169119972625
0.12093743171401529
0.1159695073536662
0.10769421321730815
0.09576826125113572
0.08014689030369183
0.06112709747577513
0.039357798344738265
0.01581452832940093
0.008260189991477637
0.0314462428781254
0.05225747444614112
0.06926544566394222
0.08122406637118873
0.08718344920105621
0.08658213624733396
0.07930869576474313
0.0657264046491513
0.04665806645272348
0.023331648737570924
0.0027089863613931346
0.029720777786719114
0.05589558568611742
0.0795001348744899
0.09900965075880953
0.1132236427941754
0.12135393241263365
0.12307756110447496
0.11855040740431042
0.10838088669723946
0.09356667232541059
0.07540062923045301
0.055354794049450734
0.03495303087075803
0.015643785225605902
0.0013159077192526824
0.01495528873431824
0.024655905163213747
0.03018392199767099
0.03168703629777655
0.029657600319349206
0.024866606347623634
0.018275717763981725
0.010936319907072785
0.0038854600737851784
0.0019515135417892142
0.005842788226483222
0.007309362391238197
0.006157126194229805
0.0024798788085763773
0.0033657327921748324
0.010809706502059497
0.0191367435355266
0.027565434334801568
0.03533034064927916
0.04175878270645782
0.04633498355001965
0.048745759908912056
0.04890400568978876
0.046948568856192245
0.04322153011729446
0.038226109294845205
0.032570235510956544
0.02690205103804565
0.021844169953325897
0.01793334860819604
0.01557138667562449
0.01499167474785546
0.01624400194044447
0.019198236322181154
0.023565508714670797
0.028933774809411023
0.03481328004522561
0.04068663657436368
0.046058011306255864
0.05049632079540921
0.05366826904042027
0.05535842669688045
0.05547516982973639
0.05404298337900578
0.051183195628820385
0.04708646958993368
0.04198119682183661
0.03610223244323978
0.029664151889950495
0.02284243917674737
0.015764831007195283
0.008513587075528295
0.0011379118181365658
0.0063256944399310315
0.013828547820348978
0.021284495898153843
0.02854859637554834
0.03540377791827916
0.041558620849178815
0.04665806645272348
0.05030723202317759
0.05210676003582853
0.05169646955429159
0.04880270915593175
0.0432839105069603
0.03516854096212084
0.024680020083111442
0.012244193929140489
0.0015234274104376135
0.01585141814215722
0.029865645115265516
0.042658145572229474
0.05336587946436388
0.06125205226373367
0.06578188244973053
0.06668468162030092
0.06399497157201123
0.058067039277620816
0.049559696022716905
0.03939085048304569
0.028664556112801384
0.018576144811637666
0.01030360071776815
0.004895176719121541
0.0031641862296840724
0.005601771803098592
0.012317219867312153
0.023013127238559382
0.03699960817299593
0.05324803337045656
0.07048085872438321
0.08729031565778568
0.10227548348911379
0.11418489867178068
0.12205065493379838
0.12530008817028307
0.1238326712635845
0.11805258227311867
0.10885133723861644
0.09753956160720541
0.08573198810449216
0.07519463808023669
0.0676673847572775
0.06467826622708327
0.06736765298757398
0.07634044082502431
0.09156274645729534
0.11231620690297839
0.13721816464617334
0.1643101481179561
0.19121063694130458
0.2153217141718536
0.23407345637296692
0.2451853666298937
0.24692129764692788
0.2383134879080591
0.21933271605764754
0.1909851436392328
0.155321939279439
0.1153548453352247
0.07487889069293448
0.038211789617606476
0.009867462064673491
0.00581215702418835
0.0050379288883943855
0.015064753791792576
0.05614497180892752
0.1183949199335448
0.20042171145442125
0.29923828090618604
0.4103800744738807
0.528144060588976
0.6459363627258106
0.7567053811691197
0.8534294544131482
0.9296226201616841
0.9798193955071931
1.0
0.9879211274827457
0.9433239976431369
0.868000497767358
0.7657090548279323
0.6419435943157367
0.5035705936813673
0.3583598651992599
0.21444341892663848
0.07974282365294319
0.03859162230845995
0.1346871434805383
0.2043613614506949
0.2454100745920218
0.2577478694695211
0.24339091514810707
0.20628357475872175
0.15198261379398717
0.08722380729191108
0.019404758176486233
0.04397598493246331
0.09588037308449719
0.1302501302432672
0.14244491029958972
0.12956723314033414
0.09065139363998699
0.026704509708439402
0.05940039255346081
0.16316783135873328
0.2788380448378006
0.39982964754066236
0.5192307065865767
0.6302993840685781
0.7269356855079233
0.8040893225927849
0.8580748781017274
0.886773769912612
0.8897122036920027
0.8680145380129972
0.8242413965251691
0.7621306366120078
0.6862662301669895
0.6017047136523193
0.5135908215007924
0.4267931650302384
0.3455875286655075
0.27340990928437636
0.21269437840369798
0.1648028747044611
0.13004586554972145
0.10778516951354686
0.09660375243695278
0.09452251339422267
0.09924131013581727
0.10838088669723932
0.11970390758104406
0.1312967317425477
0.14169847262145724
0.1499697658291542
0.15569991511175965
0.15895711078550145
0.16019165921680775
0.1601061683613318
0.15950907852506538
0.15916864499165012
0.15968347546465503
0.16138316944144215
0.16426880977770306
0.1679984378055292
0.17191768594204762
0.17513094562624074
0.17660428153054455
0.17528815732615177
0.17024619456004333
0.16077579004354114
0.14650746881959012
0.12747220813176552
0.10412936773731188
0.07735194314926518
0.048370202890019504
0.01867894461739962
0.01008279940155727
0.03626810160829302
0.05836150729507377
0.0751081972819005
0.08562078265153236
0.08945380420633615
0.08663917079990235
0.07767953668573314
0.06350061472051484
0.04536726113355381
0.02477148318282459
0.003303005757862309
0.017485534491257147
0.03620643425683826
0.05174637894553913
0.06334804152931219
0.07065716815204827
0.07373186521590627
0.07301440178677027
0.06926932023563512
0.06349467916381998
0.05681555882978408
0.05037033982924524
0.04520061380607313
0.04215489538849639
0.04181467194900426
0.04444893478689436
0.05000043263099798
0.05810376872137532
0.06813243153118971
0.0792691945097856
0.0905922853881343
0.10116848679279213
0.11014398103121574
0.1168242977047885
0.12073608107672669
0.12166540630375379
0.11966982259369693
0.11506393440984422
0.10838088669723946
0.10031435088626446
0.09164730939865869
0.08317496095413009
0.07562934229025421
0.06961278588559802
0.06554618386496414
0.06363634537034106
0.06386470598798352
0.06599748832923524
0.06961534230153202
0.07415871410140587
0.07898386919487986
0.08342373837697727
0.08684761696451536
0.08871420972787526
0.0886135016926656
0.08629431997324175
0.08167607119271347
0.07484481239598804
0.06603536265755745
0.05560243096874908
0.04398460371104822
0.03166543094078318
0.01913575823287394
0.006860907796695901
0.004744594764872835
0.015333199816549108
0.024631114034405297
0.032436563574772
0.0386114136875984
0.04306870344290402
0.04575896076988566
