0.07462076990723243
0.07398076355646512
0.07208191534375656
0.06898659704287033
0.06479502270180026
0.059639859416684225
0.05367910870392399
0.04708765741694252
0.0400479736430904
0.03274047403827311
0.025334111739432844
0.017977726918979513
0.010792665324812788
0.003867105435915797
0.0027475547279731034
0.00903801014017803
0.015027944584570336
0.020774527172772946
0.026362662091229408
0.03189727378592066
0.037494027133814424
0.043268980779383646
0.049327746207438794
0.055754770896148206
0.06260337803905482
0.06988717638253003
0.07757340188108394
0.08557866997613472
0.09376750680300074
0.1019538944321956
0.10990591550234288
0.11735342341284438
0.1239985033554926
0.129528334880217
0.13362992629400725
0.13600607235838458
0.1363917959771824
0.13457047714045428
0.13038885210874426
0.12377008477600483
0.11472417058795012
0.10335502967027492
0.08986377643596553
0.07454781266048228
0.05779557308579024
0.04007694905372513
0.02192961760771589
0.003941701586769812
0.013268628941012382
0.029075841019223784
0.042871103984697664
0.054086735990307
0.062219980704939885
0.06685505782673637
0.06768247381083098
0.0645146692651126
0.05729721393403735
0.04611493408751884
0.03119256354741196
0.012889739952989823
0.008309587673020718
0.031813026181203324
0.05694032646806072
0.08294791745614963
0.1090564188453536
0.1344800123015134
0.15845644390485522
0.18027637619211725
0.19931080966556367
0.21503535243967462
0.2270502314331678
0.23509510532695382
0.23905795210991454
0.23897755394252543
0.23503937894163404
0.22756495154948778
0.2169950976764974
0.20386773468646574
0.18879113659310398
0.172413829386134
0.1553924493495509
0.13835901954488078
0.12188915954350571
0.10647273684978764
0.0924883939550213
0.08018324426178546
0.06965882783560617
0.06086416150833735
0.053596417257261275
0.04750943016450746
0.042129886454388164
0.03688068805851322
0.031110648306228724
0.024129358947084463
0.015245796214317967
0.003809015990045783
0.010750863774155552
0.028883273077290578
0.05088127048784964
0.07685088954008136
0.10668738304036605
0.14005975912231397
0.17640469747101792
0.21493057274745012
0.2546319086533095
0.29431415614261475
0.33262825032839627
0.36811397073305524
0.3992507267918662
0.42451403230805246
0.44243563477030595
0.4516650418158085
0.45103004862305784
0.43959382434938177
0.41670616694529355
0.38204668396775476
0.3356578986198719
0.2779666075553588
0.2097922187888493
0.1323412599325518
0.047187751856375165
0.043760328347372146
0.13830773887898484
0.23403054794443776
0.32834484303772477
0.41858340578974534
0.5020778372532467
0.5762433611890595
0.6386633757082703
0.6871707739874471
0.7199231160630681
0.7354689049829416
0.7328024966049408
0.7114055437197568
0.6712733287809847
0.6129248589051989
0.5373961628423624
0.4462168212685945
0.3413703568619314
0.22523968678233458
0.10053937561504044
0.029763098738093637
0.16253445832690397
0.29456820831163194
0.4226795848254277
0.5437996792919407
0.6550655838155095
0.7539035496888338
0.8381024073026715
0.9058748508955844
0.955904631997367
0.987378214236573
1.0
0.9939908250778884
0.9700700087940217
0.9294218220274407
0.8736477726024297
0.8047065870036387
0.7248441718986759
0.6365161542032042
0.5423058136661205
0.44484033041495513
0.34670826900798135
0.25038111196345
0.1581414452886236
0.072020095882152
0.006255861065994487
0.07530275143116683
0.1341066248574207
0.18203578256957526
0.2188395622896234
0.24463393743774833
0.2598749587822103
0.2653214860413824
0.26198900956552423
0.25109663600217064
0.23400949801468507
0.21217894157729295
0.18708284380893486
0.1601683222082539
0.13279891859342777
0.10620808740030273
0.08146050045651497
0.059422313417326116
0.04074113885359172
0.025836054604336026
0.014897560752777025
0.007897001271449168
0.00460460265183841
0.0046149655354134934
0.007378588017994416
0.012237809678421306
0.018465449203646102
0.025304368245674138
0.03200622910614666
0.037867820122413076
0.042263493452256475
0.04467248601630044
0.044700164275522564
0.04209253437627698
0.036743677120229315
0.028696088017281313
0.018134212452650393
0.005371751725149595
0.009166434202950272
0.02496679666766111
0.04145275845009824
0.058012287327917154
0.07402607192175416
0.08889501384359712
0.10206583162078808
0.1130537041799445
0.12146105721950602
0.12699180525833126
0.12946059495285586
0.1287968401170743
0.12504358423493317
0.11835146091333214
0.10896823628867623
0.09722460073926846
0.08351702288897125
0.06828858128602594
0.05200874493453617
0.035153081935824844
0.018183837011446987
0.0015322369285829718
0.014416736922240351
0.029336520435697136
0.04296766863493811
0.05512286055314649
0.06568817224958001
0.07462076990723243
0.08194334766777214
0.08773578532328549
0.09212462236978372
0.09527103197304795
0.0973580276385003
0.09857764528082069
0.09911881439665274
0.09915656651523762
0.09884313117215004
0.09830134500201336
0.09762065510555927
0.09685584143383719
0.09602842286245575
0.0951305562966623
0.09413109561462962
0.09298335485290156
0.09163402401009736
0.09003262105132688
0.08814083337638462
0.08594110763948835
0.0834438880118841
0.08069297758555104
0.07776860175341674
0.0747878806932256
0.07190256391775116
0.06929403571489355
0.06716575813214355
0.06573346976616014
0.06521359606955411
0.06581044290947569
0.06770283344934455
0.07103090414848187
0.07588379543542723
0.08228895481250711
0.09020371503731722
0.09950971969096437
0.11001064673057906
0.12143353296832808
0.13343383559241448
0.1456041886429657
0.15748663123238738
0.1685879089717257
0.1783972890949743
0.1864061911626229
0.19212882602582015
0.19512296170173715
0.19500990012780023
0.19149275581198355
0.1843721766366317
0.1735587369933733
0.15908136059505684
0.14109128951386615
0.11986130046040891
0.09578007101248555
0.06934180848705652
0.04113146298749128
0.011806044343721874
0.017927258943889978
0.04733531039314155
0.07568464254946489
0.1022674230042936
0.12642670290292168
0.14757989886408743
0.16523952308665393
0.1790302843432837
0.18870183020110656
0.19413658197314004
0.1953523208282452
0.19249940717519018
0.18585274605540367
0.17579883859882053
0.16281847344921033
0.14746580280296534
0.13034470664415929
0.11208346857643608
0.09330886172971888
0.07462076990723243
0.05656844593522041
0.03962943681579088
0.024192086709886675
0.010542369038472697
0.0011443949823166965
0.010806593743134496
0.018494056619811787
0.024360598500205166
0.02865175239611714
0.03168828481111948
0.03384628222837355
0.035534755831419546
0.037171827987585976
0.0391606325792207
0.04186607855404564
0.0455935909631518
0.050570857499260505
0.056933474690957435
0.06471521217554968
0.07384340351982746
0.08413973714066957
0.09532647144855207
0.1070378455841297
0.11883621246673633
0.13023219547615109
0.1407079743217684
0.14974264864556772
0.1568385171201019
0.16154705068980418
0.1634933343398208
0.16239780310482826
0.15809420320885847
0.15054286408670012
0.1398385651481509
0.12621251408682335
0.11002821125190733
0.09177124584348138
0.07203334250285864
0.051491239112257364
0.030881216513980805
0.010970307513146472
0.007474623581168217
0.023718626207798865
0.03708987154447074
0.0470089629528536
0.053015050059182445
0.05478756673302817
0.05216258528476615
0.04514299722978879
0.03390198587843981
0.018779537024602447
2.7202910968560475E-4
0.0209847592945372
0.04423860189844379
0.06864885328203538
0.09331844453977958
0.11732855707013363
0.13977455955365423
0.15980172673782123
0.17663925515014864
0.1896311508908977
0.19826268605313976
0.20218129824309145
0.2012110348072286
0.19535991021758795
0.18481984035136298
0.16995912856138837
0.15130779215455958
0.1295363206841989
0.10542873623905803
0.07985106857712322
0.05371655392014245
0.027949006887717814
0.0034458941625368296
0.01895734756190987
0.03852025878642898
0.05462619487200088
0.06680585439827394
0.07475452501356605
0.07834234211793081
0.07761715472569185
0.07279990945685115
0.06427278414921359
0.052560613203735264
0.03830643401361237
0.022242235209550452
0.005156192039181212
0.012142176939188955
0.028857411049151783
0.04424252522260825
0.057630949373790055
0.06846460605627575
0.07631691481318569
0.08090973622198673
0.08212353629062887
0.08000035093397993
0.07473944771148511
0.06668590397779951
0.05631263300706653
0.04419667881258864
0.030990853604476877
0.017391997966363648
0.004107293786675959
0.008179852909039567
0.01884282173153421
0.027342190236693438
0.03325217193179362
0.03628187733687831
0.0362904230919463
0.033295185288344256
0.02747279613328697
0.019152804501033342
0.00880424681281192
0.0029843092779175836
0.015530393639057376
0.02808782446818027
0.039880143117953765
0.050135824476177974
0.058123708015744985
0.06318707620318577
0.06477485755385508
0.062468549263382224
0.05600363411005975
0.045284500565494656
0.030392153725296113
0.011584315764615327
0.010712155326337753
0.03591626529004231
0.0633147132512076
0.09208966265518576
0.12135130133031162
0.15017382401706228
0.17763331456182652
0.20284591415160808
0.22500464062534978
0.24341327318880396
0.2575158348717773
0.26692038690242664
0.27141608715780136
0.27098274885697715
0.26579245355117687
0.2562031105998228
0.24274419916427892
0.22609526348871908
0.20705804342310713
0.18652339632242998
0.16543439175158323
0.1447471270521119
0.12539091251967047
0.10822950526983349
0.0940250294353135
0.08340610883366237
0.07684156138760415
0.07462076990723243
0.07684156138760415
0.08340610883366237
0.0940250294353135
0.10822950526983349
0.12539091251967047
0.1447471270521119
0.16543439175158323
0.18652339632242998
0.20705804342310713
0.22609526348871908
0.24274419916427892
0.2562031105998228
0.26579245355117687
0.27098274885697715
0.27141608715780136
0.26692038690242664
0.2575158348717773
0.24341327318880396
0.22500464062534978
0.20284591415160808
0.17763331456182652
0.15017382401706228
0.12135130133031162
0.09208966265518576
0.0633147132512076
0.03591626529004231
0.010712155326337753
0.011584315764615327
0.030392153725296113
0.045284500565494656
0.05600363411005975
0.062468549263382224
0.06477485755385508
0.06318707620318577
0.058123708015744985
0.050135824476177974
0.039880143117953765
0.02808782446818027
0.015530393639057376
0.0029843092779175836
0.00880424681281192
0.019152804501033342
0.02747279613328697
0.033295185288344256
0.0362904230919463
0.03628187733687831
0.03325217193179362
0.027342190236693438
0.01884282173153421
0.008179852909039567
0.004107293786675959
0.017391997966363648
0.030990853604476877
0.04419667881258864
0.05631263300706653
0.06668590397779951
0.07473944771148511
0.08000035093397993
0.08212353629062887
0.08090973622198673
0.07631691481318569
0.06846460605627575
0.057630949373790055
0.04424252522260825
0.028857411049151783
0.012142176939188955
0.005156192039181212
0.022242235209550452
0.03830643401361237
0.052560613203735264
0.06427278414921359
0.07279990945685115
0.07761715472569185
0.07834234211793081
0.07475452501356605
0.06680585439827394
0.05462619487200088
0.03852025878642898
0.01895734756190987
0.0034458941625368296
0.027949006887717814
0.05371655392014245
0.07985106857712322
0.10542873623905803
0.1295363206841989
0.15130779215455958
0.16995912856138837
0.18481984035136298
0.19535991021758795
0.2012110348072286
0.20218129824309145
0.19826268605313976
0.1896311508908977
0.17663925515014864
0.15980172673782123
0.13977455955365423
0.11732855707013363
0.09331844453977958
0.06864885328203538
0.04423860189844379
0.0209847592945372
2.7202910968560475E-4
0.018779537024602447
0.03390198587843981
0.04514299722978879
0.05216258528476615
0.05478756673302817
0.053015050059182445
0.0470089629528536
0.03708987154447074
0.023718626207798865
0.007474623581168217
0.010970307513146472
0.030881216513980805
0.051491239112257364
0.07203334250285864
0.09177124584348138
0.11002821125190733
0.12621251408682335
0.1398385651481509
0.15054286408670012
0.15809420320885847
0.16239780310482826
0.1634933343398208
0.16154705068980418
0.1568385171201019
0.14974264864556772
0.1407079743217684
0.13023219547615109
0.11883621246673633
0.1070378455841297
0.09532647144855207
0.08413973714066957
0.07384340351982746
0.06471521217554968
0.056933474690957435
0.050570857499260505
0.0455935909631518
0.04186607855404564
0.0391606325792207
0.037171827987585976
0.035534755831419546
0.03384628222837355
0.03168828481111948
0.02865175239611714
0.024360598500205166
0.018494056619811787
0.010806593743134496
0.0011443949823166965
0.010542369038472697
0.024192086709886675
0.03962943681579088
0.05656844593522041
0.07462076990723243
0.09330886172971888
0.11208346857643608
0.13034470664415929
0.14746580280296534
0.16281847344921033
0.17579883859882053
0.18585274605540367
0.19249940717519018
0.1953523208282452
0.19413658197314004
0.18870183020110656
0.1790302843432837
0.16523952308665393
0.14757989886408743
0.12642670290292168
0.1022674230042936
0.07568464254946489
0.04733531039314155
0.017927258943889978
0.011806044343721874
0.04113146298749128
0.06934180848705652
0.09578007101248555
0.11986130046040891
0.14109128951386615
0.15908136059505684
0.1735587369933733
0.1843721766366317
0.19149275581198355
0.19500990012780023
0.19512296170173715
0.19212882602582015
0.1864061911626229
0.1783972890949743
0.1685879089717257
0.15748663123238738
0.1456041886429657
0.13343383559241448
0.12143353296832808
0.11001064673057906
0.09950971969096437
0.09020371503731722
0.08228895481250711
0.07588379543542723
0.07103090414848187
0.06770283344934455
0.06581044290947569
0.06521359606955411
0.06573346976616014
0.06716575813214355
0.06929403571489355
0.07190256391775116
0.0747878806932256
0.07776860175341674
0.08069297758555104
0.0834438880118841
0.08594110763948835
0.08814083337638462
0.09003262105132688
0.09163402401009736
0.09298335485290156
0.09413109561462962
0.0951305562966623
0.09602842286245575
0.09685584143383719
0.09762065510555927
0.09830134500201336
0.09884313117215004
0.09915656651523762
0.09911881439665274
0.09857764528082069
0.0973580276385003
0.09527103197304795
0.09212462236978372
0.08773578532328549
0.08194334766777214
0.07462076990723243
0.06568817224958001
0.05512286055314649
0.04296766863493811
0.029336520435697136
0.014416736922240351
0.0015322369285829718
0.018183837011446987
0.035153081935824844
0.05200874493453617
0.06828858128602594
0.08351702288897125
0.09722460073926846
0.10896823628867623
0.11835146091333214
0.12504358423493317
0.1287968401170743
0.12946059495285586
0.12699180525833126
0.12146105721950602
0.1130537041799445
0.10206583162078808
0.08889501384359712
0.07402607192175416
0.058012287327917154
0.04145275845009824
0.02496679666766111
0.009166434202950272
0.005371751725149595
0.018134212452650393
0.028696088017281313
0.036743677120229315
0.04209253437627698
0.044700164275522564
0.04467248601630044
0.042263493452256475
0.037867820122413076
0.03200622910614666
0.025304368245674138
0.018465449203646102
0.012237809678421306
0.007378588017994416
0.0046149655354134934
0.00460460265183841
0.007897001271449168
0.014897560752777025
0.025836054604336026
0.04074113885359172
0.059422313417326116
0.08146050045651497
0.10620808740030273
0.13279891859342777
0.1601683222082539
0.18708284380893486
0.21217894157729295
0.23400949801468507
0.25109663600217064
0.26198900956552423
0.2653214860413824
0.2598749587822103
0.24463393743774833
0.2188395622896234
0.18203578256957526
0.1341066248574207
0.07530275143116683
0.006255861065994487
0.072020095882152
0.1581414452886236
0.25038111196345
0.34670826900798135
0.44484033041495513
0.5423058136661205
0.6365161542032042
0.7248441718986759
0.8047065870036387
0.8736477726024297
0.9294218220274407
0.9700700087940217
0.9939908250778884
1.0
0.987378214236573
0.955904631997367
0.9058748508955844
0.8381024073026715
0.7539035496888338
0.6550655838155095
0.5437996792919407
0.4226795848254277
0.29456820831163194
0.16253445832690397
0.029763098738093637
0.10053937561504044
0.22523968678233458
0.3413703568619314
0.4462168212685945
0.5373961628423624
0.6129248589051989
0.6712733287809847
0.7114055437197568
0.7328024966049408
0.7354689049829416
0.7199231160630681
0.6871707739874471
0.6386633757082703
0.5762433611890595
0.5020778372532467
0.41858340578974534
0.32834484303772477
0.23403054794443776
0.13830773887898484
0.043760328347372146
0.047187751856375165
0.1323412599325518
0.2097922187888493
0.2779666075553588
0.3356578986198719
0.38204668396775476
0.41670616694529355
0.43959382434938177
0.45103004862305784
0.4516650418158085
0.44243563477030595
0.42451403230805246
0.3992507267918662
0.36811397073305524
0.33262825032839627
0.29431415614261475
0.2546319086533095
0.21493057274745012
0.17640469747101792
0.14005975912231397
0.10668738304036605
0.07685088954008136
0.05088127048784964
0.028883273077290578
0.010750863774155552
0.003809015990045783
0.015245796214317967
0.024129358947084463
0.031110648306228724
0.03688068805851322
0.042129886454388164
0.04750943016450746
0.053596417257261275
0.06086416150833735
0.06965882783560617
0.08018324426178546
0.0924883939550213
0.10647273684978764
0.12188915954350571
0.13835901954488078
0.1553924493495509
0.172413829386134
0.18879113659310398
0.20386773468646574
0.2169950976764974
0.22756495154948778
0.23503937894163404
0.23897755394252543
0.23905795210991454
0.23509510532695382
0.2270502314331678
0.21503535243967462
0.19931080966556367
0.18027637619211725
0.15845644390485522
0.1344800123015134
0.1090564188453536
0.08294791745614963
0.05694032646806072
0.031813026181203324
0.008309587673020718
0.012889739952989823
0.03119256354741196
0.04611493408751884
0.05729721393403735
0.0645146692651126
0.06768247381083098
0.06685505782673637
0.062219980704939885
0.054086735990307
0.042871103984697664
0.029075841019223784
0.013268628941012382
0.003941701586769812
0.02192961760771589
0.04007694905372513
0.05779557308579024
0.07454781266048228
0.08986377643596553
0.10335502967027492
0.11472417058795012
0.12377008477600483
0.13038885210874426
0.13457047714045428
0.1363917959771824
0.13600607235838458
0.13362992629400725
0.129528334880217
0.1239985033554926
0.11735342341284438
0.10990591550234288
0.1019538944321956
0.09376750680300074
0.08557866997613472
0.07757340188108394
0.06988717638253003
0.06260337803905482
0.055754770896148206
0.049327746207438794
0.043268980779383646
0.037494027133814424
0.03189727378592066
0.026362662091229408
0.020774527172772946
0.015027944584570336
0.00903801014017803
0.0027475547279731034
0.003867105435915797
0.010792665324812788
0.017977726918979513
0.025334111739432844
0.03274047403827311
0.0400479736430904
0.04708765741694252
0.05367910870392399
0.059639859416684225
0.06479502270180026
0.06898659704287033
0.07208191534375656
0.07398076355646512
