0.054428052603798564
0.054425376857158224
0.054422991191462065
0.054420615528557086
0.05441817984890504
0.054514361687485274
0.054316191390045475
0.054178182880150874
0.05392773799601041
0.053607263570826805
0.05328643404655635
0.053028487069031745
0.052727263015471836
0.0524919823627585
0.052272246851184624
0.051892913499188204
0.05149898142190381
0.05119538917317188
0.05071580972922172
0.050755124250461255
0.05048209590268146
0.050325437335499205
0.05008937009941193
0.049601098001601666
0.049155608435039265
0.04874431579361107
0.049011871337890624
0.04882928551111301
0.048380005150304
0.04825863897325645
0.048631394329261966
0.04867680883330483
0.047738023617459456
0.04736652892893858
0.0478387891534135
0.04715406603557806
0.04806579085368396
0.04707197449901023
0.04676410490785629
0.04681844257874878
0.047236975011424896
0.04636961511299435
0.04503968057242979
0.045565244062621045
0.044433098561373965
0.04481347001660089
0.0445566870799284
0.044941640874288306
0.04409543468393146
0.04571859913428032
0.04521898348599475
0.04461972344864433
0.046802151422804125
0.04611621291919008
0.046193175052523745
0.04620582782607671
0.04716524077935724
0.04731825820452777
0.04654252557438526
0.04715466221667032
0.04883255955463829
0.048864189321353446
0.05092619236836205
0.05068319678559881
0.05390772949645528
0.05208847792972153
0.05224241168352289
0.05508745484239293
0.05625691162059145
0.05296106711605605
0.05477010108803184
0.05417489858673996
0.05675068483536481
0.060402576595033
0.0647048879624264
0.06860703923792616
0.06719322388680493
0.07276587489682936
0.07692910566299237
0.08705906965453802
0.09351976979343903
0.09882936302968066
0.09952290497971508
0.10592589208668299
0.10666100752188111
0.10833514032072732
0.10872368363220816
0.10261888550970596
0.11430294720664143
0.14093698232612523
0.12114915587917391
0.09831761819252748
0.11085410320432333
0.13227239555093287
0.11588162852181821
0.10837621298099827
0.09406362176590918
0.11605393402363495
0.1063330843201982
0.1019982713470956
0.1028449382837329
0.10061697960771793
0.10062381696480147
0.09629958788110828
0.09396720199586564
0.09488044824694801
0.10636925851977752
0.10662827885612276
0.09877638561093185
0.09895015593986478
0.11224408490887318
0.1205650510836681
0.10665818370389953
0.10951769783733455
0.11933968048268509
0.13247970080472068
0.13477345990707726
0.12934353017322855
0.13939096854153887
0.13388790587471078
0.11911285565555409
0.11067984776580908
0.11291344905210146
0.13030458880048915
0.13553165805752931
0.11100607128267974
0.11330268234568969
0.12783334035215263
0.14269076053797225
0.13369744444456433
0.13306830683401583
0.14855157600294625
0.14264340327089287
0.1527713115574134
0.16285604496134154
0.1686454050972421
0.163458384779102
0.16786492848200513
0.15073564475671272
0.153514838591158
0.1462452691747199
0.15323123323809063
0.15781259168356296
0.1679848202013829
0.15514534637533878
0.17348083683525908
0.1587491159224741
0.14562249822357162
0.17893778736445518
0.1627468765860032
0.1840023925429973
0.17791943693513076
0.1850505915211781
0.1897621158296799
0.19895097898225222
0.19260198988716268
0.21648463980115396
0.2098153274799014
0.2465582590662873
0.2616420113406351
0.2395181742449806
0.24274999121813734
0.2650516196460739
0.28881183468746907
0.2683559599254737
0.3011450921889255
0.29692566981380436
0.30661412524836906
0.2674680656063788
0.30333462531102906
0.30212710508601126
0.32911206701118956
0.2682317132445793
0.2921087114129057
0.3197402879866659
0.25297344325340093
0.24393643307594068
0.3036922452374476
0.2763894069989998
0.2679985220334193
0.23436197785350904
0.2763286164955004
0.26429003786230026
0.2515036520549619
0.1889729699265962
0.1998061106841936
0.2012716642788261
0.21120447981943996
0.19886649894665184
0.16297779114944777
0.1704409434404165
0.1805956292949811
0.13803001911629248
0.1441763500075801
0.1284207952613066
0.12593382014889956
0.12436324614848775
0.10558677849636078
0.09728066655734882
0.10670692026114009
0.09695919639422824
0.09834521702461275
0.101342591096461
0.09548125962712548
0.10602541574764276
0.10260397840998361
0.09668871407423454
0.10643313855013549
0.09572525689981683
0.10264976384005493
0.10181057347771102
0.10261286243007589
0.10648752583808302
0.10632524582435345
0.09992120949258822
0.09681058296238855
0.10336371449155254
0.10119449853980018
0.08765302376162519
0.08557157601669017
0.08116393359256736
0.0879370239351785
0.07484621436428947
0.08957122049430881
0.08357452308893537
0.06957828747330795
0.07786187094487661
0.07202080195783132
0.068969712478892
0.06574943826270312
0.06118019794482244
0.05778916961434921
0.058117924822228995
0.05293320978743992
0.05489938574113856
0.05181072478206229
0.05075282376380421
0.0507314489954277
0.050633168799835676
0.05144511812184991
0.05581876048116615
0.04889046965767495
0.054064080611216585
0.04856575098500915
0.05043765279102161
0.047736939407465
0.047569961873158075
0.046015650997795386
0.04655433533872434
0.047174079810143696
0.045355225803296574
0.04688881948061814
0.046616072517147535
0.04689769774153313
0.04669191166579588
0.04724696894695516
0.045821539769892825
0.048812612437729455
0.04770746338511655
0.04518563600354385
0.04677649957577727
0.047799061787541626
0.04741235367607698
0.04598269974018848
0.046496483665835905
0.045808966567356044
0.047431143320910515
0.04561864033946668
0.043949895391608845
0.04775791096693001
0.04608125545540736
0.04863903006276134
0.04586363936470368
0.04565530313402622
0.04633740344679499
0.04604998556598738
0.04638919783733587
0.056887053214168364
0.055329670292238606
0.05771273406236322
0.057936431921039894
0.06354913391211925
0.06678085468681139
0.06850937191205533
0.06806868017145307
0.06543802925720878
0.060245056993204545
0.06464977531284995
0.0665406068633047
0.06372023574381724
0.058921405499099924
0.06214728696785471
0.06395925327676272
0.06514629489874091
0.06146914977792946
0.06557051352697231
0.06617305911229435
0.060263120100901756
0.0580351264939585
0.060169444914356406
0.05576596926126717
0.04811983904683901
0.047429408011473946
0.04462346572556623
0.04618736449732565
0.04644799016137604
0.04551971260401587
0.04657847346991233
0.04927872972349524
0.047440784984593774
0.046100042676291156
0.046608385051240826
0.04568528804402406
0.0445394527101827
0.04604488938171404
0.04445936846604662
0.04722677165981097
0.04553447378264065
0.045578254793029196
0.04557987743220792
0.04474712721066835
0.04650884050384534
0.04495844671316403
0.04723763359971717
0.047514407077825505
0.046620961092607105
0.04750687035520639
0.0464962054524629
0.04740589776493464
0.047376160055386085
0.049556108533019484
0.04786771810801659
0.04746900408648436
0.045111989981846574
0.04491307865040276
0.04430798511225415
0.04637347293598208
0.04534565529661681
0.04536231623976095
0.048554376246725636
0.04648089630578855
0.04730955709660414
0.05055501478849901
0.047606971839168
0.0479849226125309
0.047429415743687225
0.04658066133886575
0.04849510784156617
0.04639992243498318
0.046853659882159365
0.04545179463781024
0.04687701997981584
0.04506327804379838
0.04490596774077391
0.046216177575833385
0.04564271023689005
0.04776551518317685
0.046211804494263146
0.045928658490545685
0.045892543192039066
0.04679906135210435
0.044913076057458715
0.04809218409341084
0.04652834342971229
0.04539898686242009
0.045978934527789735
0.04959955815316153
0.05533314923102349
0.05827340193720257
0.06328151962082174
0.06321604940652513
0.06625348876129242
0.06647325769080392
0.06637444865659595
0.06703520890416352
0.06537467933453578
0.06033474513565495
0.06173705672979206
0.06358267483192068
0.06555029497445429
0.058400011877166605
0.0707886488450527
0.06472253534833941
0.06541523040487923
0.07369188137798928
0.07819162195442494
0.07596347685427535
0.06803665340300802
0.06322888851543913
0.06359443701667968
0.06124392344472132
0.061240351249682
0.055896778645013634
0.05373270427901028
0.05363680005586911
0.05094417385637964
0.050320476970638496
0.051154181384419364
0.04838901387056782
0.04963970998615635
0.04975057030498961
0.05254952410586376
0.05104406387107075
0.052058500006880226
0.048408180009780664
0.04822971712464771
0.052112504807398076
0.051238861656104466
0.04910218882776641
0.05270671193525515
0.047379128738379704
0.048917040801521795
0.047394207185568304
0.04982983605235615
0.04888549058441643
0.05041974864661056
0.051288310321505826
0.05334685317035152
0.05775525344449509
0.05988805100325819
0.06201748811665977
0.06355324866177
0.06414002392251718
0.06448420355720737
0.06336395849118134
0.06376644027346173
0.058854673511886155
0.0648137386897862
0.05928177645910026
0.05757781290050992
0.059214269357448564
0.06341021237428161
0.06547176387279985
0.06251643000906167
0.0689274011420036
0.06811540087748957
0.06495903613912832
0.05987656052897487
0.05693643131587796
0.05521724094359556
0.052640277294569195
0.049969572414350225
0.04700480268429487
0.04649607581033115
0.04590089403117334
0.049881192060963794
0.046118691647317224
0.046042944741955895
0.046832025306691345
0.045239710388559895
0.046834364464591716
0.04693129688913823
0.04586661309054509
0.046248277126334975
0.04768598326918965
0.052171790538043245
0.055355924333018135
0.056261656732484885
0.05748021758191412
0.056236949515581405
0.0670687909027933
0.06685078362384003
0.0657176368788322
0.06467708599007121
0.059989895475759426
0.061744821311366126
0.06458861191036491
0.0633068691753547
0.06025876400937038
0.05478389776977944
0.06321912315802845
0.0628192333369915
0.06932093468193176
0.05993992686482359
0.06636706126262865
0.06281421358744058
0.058584007499827444
0.05705595020007028
0.05514993818229328
0.054661552832277506
0.046678713859443326
0.04790605841574258
0.04706353115624739
0.048237631684995584
0.04633864848498379
0.04757857139264445
0.048756057281170884
0.050390333576775415
0.04792024036900732
0.04714705242968465
0.046138661079794925
0.044884255409301146
0.04512263187407539
0.04508754809413028
0.045224228433520336
0.04527618339002267
0.04501235345860183
0.04536114632854088
0.04775008751841408
0.04597276406844861
0.04679144936625297
0.04689182537868594
0.047714820556268245
0.04704899296590269
0.04439119044415398
0.048628572446816044
0.047545648702545754
0.0470171867544177
0.047241389246457786
0.04473783244975786
0.046753441608342154
0.04601483443333752
0.0458482777506174
0.043486619478474264
0.04656000928110413
0.046087596660811345
0.04689420013898062
0.04831207592915334
0.04360941722018453
0.04583408661134142
0.04455998984102596
0.04643231378195639
0.04614720396881912
0.04475450721153846
0.04545247967432714
0.04409825281963382
0.046480732506818515
0.0461028744243997
0.04703213453112187
0.04485942024520231
0.046955605355518175
0.047904962720077375
0.04814957949872029
0.046540393785623566
0.04938276863843076
0.0495879264919294
0.048072194625265935
0.0475387606110577
0.04697262690374233
0.050794788781889894
0.047451782585358745
0.04767320919298509
0.04830690616117954
0.05411241504200011
0.0524600748672811
0.057270177860057246
0.05499342329755054
0.0558737864219934
0.058333219965305265
0.05764615201350417
0.057181988759730545
0.05742501279924435
0.05571476498194414
0.05574577011374415
0.054456473817080395
0.05499113843259594
0.05527448792388474
0.057889227376952415
0.05603285506162292
0.05720452601460996
0.06586826500721472
0.07616474380994458
0.08478366686490045
0.09271653396012915
0.11106182531658815
0.11482810352424754
0.12242749370498647
0.139855037131609
0.15633576726795131
0.16359803525315258
0.16247252786369043
0.16924065664788668
0.182178414795475
0.17675589802533664
0.19206025323248122
0.19979426600231104
0.2030157763248429
0.20062369684172646
0.21931466689627585
0.22690456716378749
0.20814623850234323
0.19752488196104512
0.20553409096847694
0.21055389964582544
0.18783939423341456
0.17927287619431914
0.1810734742370783
0.15871631311403375
0.1736196566613354
0.1491433985354359
0.14591123136307405
0.12998377011353254
0.13648490448011497
0.11450076311693286
0.11306210823393378
0.09206941407427371
0.08452716685657823
0.09112660174444462
0.07908303000948863
0.08017424237479404
0.08853570129199254
0.08973927162801064
0.08642301532768029
0.07380886259826616
0.07205840782989913
0.07056606563488212
0.06493684992391237
0.05865481274786299
0.05523882278813743
0.0587177162979008
0.05932650243400857
0.05535116842946179
0.05690103943546729
0.06183490951441951
0.06504048132094752
0.06616797539947149
0.06679635616116401
0.06327204225770942
0.06783732484267854
0.05808926376925937
0.053999150581986476
0.051980471833070245
0.04883493550452217
0.04551270584964998
0.04759436426259482
0.05035420702413875
0.048419132227725974
0.05246663441239174
0.05092340789633926
0.04944783967797466
0.0511186170787396
0.05041990095710583
0.048693445121558376
0.052357136840991914
0.054345008862168476
0.05701973040405021
0.05815539699766935
0.06094623181921426
0.06338069637904005
0.07299102808139003
0.07550247256887008
0.07123642050050069
0.07164980120672482
0.06274461144272968
0.06800622132514653
0.0697268035101132
0.06982084459010507
0.06279303139701166
0.06787448947484455
0.06695162800250397
0.06499969326872874
0.06389565318772478
0.06480407365141311
0.06761270221294162
0.06655029534263845
0.060003555874003286
0.05885262961177341
0.05849216290205581
0.05349551870824039
0.05018530437713528
0.05094244845634731
0.050217186700486104
0.04761688754491551
0.047428298624725536
0.04648988049961837
0.049809725029285386
0.04898074364823936
0.05012344135456931
0.04907533359243425
0.05232785387964807
0.053083263542321596
0.053809472939146986
0.05557130581998693
0.052850358039020016
0.05533029103811382
0.052775559978546195
0.05166786915034204
0.05263527719720065
0.05419672348034292
0.05547958318671541
0.05248483707027675
0.05293425805087246
0.05861200672997265
0.05374713690803594
0.06083139714582271
0.05376227485021573
0.05462147385370915
0.05462380676282782
0.05455170993793851
0.055476553498508926
0.05233304744619143
0.05019543071524028
0.05086111305698458
0.048108854676787466
0.05218207817859238
0.04834239138639731
0.04844855052307141
0.049913347547337075
0.05212541482451275
0.05365706163847608
0.05550403567106007
0.06006531147534057
0.05552283990235302
0.057914930059145595
0.05767349461719479
0.05567401155592309
0.05431996946543396
0.051802054552404185
0.05324942307536729
0.05196320641372555
0.05061482210317149
0.05075390181402799
0.05257890487668692
0.056042465962222954
0.0572413870676426
0.05561909832596785
0.06053153567668893
0.054841532300406205
0.05349621942265572
0.05397406477819217
0.05338512967567806
0.04811822160155317
0.04652527561384623
0.04859413080690323
0.04838111610683904
0.04680874755140442
0.050038603309963785
0.05098511629257503
0.050625822205123114
0.051529262854637485
0.05071563388060573
0.05164331938630471
0.054016807217916435
0.05290621841047287
0.05120620903539809
0.05076143843578952
0.050052696563882525
0.05055674766722912
0.05184415732776996
0.04925427730082949
0.054315768280750916
0.05351458996964084
0.049713759949801394
0.0555859678959397
0.051549795979713556
0.05429407208088715
0.05222595998613184
0.050401326448504924
0.04946573290496697
0.05281835253564282
0.046597097261562935
0.048700810801311445
0.051050344858539425
0.05255413680602813
0.04675087425078012
0.04851500926789636
0.049693573296280893
0.047835362146385424
0.04784052212972639
0.047124416619947936
0.045790895024193125
0.04842897811509436
0.046692831619157577
0.04745033686129212
0.04564928497206323
0.04564623965153331
0.046100157358430656
0.045388304749318764
0.04690570315733548
0.04725778763621945
0.05279509516735312
0.05070404197706521
0.05292550415418442
0.05140416881786419
0.05324926184009016
0.05162225638874796
0.049961455295166116
0.04709106841841783
0.04654848792776207
0.05092848468707841
0.04839020622654093
0.04631170039256665
0.052259797714511676
0.04786281952337637
0.049006593548935905
0.05327188665966032
0.05179431888084152
0.0518576512049907
0.04902605597127828
0.0501319030143972
0.050418771638900316
0.05102907365498752
0.047794176512450194
0.049344514239311826
0.05051137195892193
0.04852876623979581
0.04784685720543145
0.0450138337395817
0.04459964580174992
0.047761237643874264
0.047631290732939854
0.048706481890608916
0.04857785504289466
0.04799542104781335
0.04749382962485884
0.04736724647517648
0.045218021808364844
0.04678358973797852
0.04719564922708413
0.046152326442020365
0.04537270528559267
0.04586754185744931
0.046850580551988465
0.0537492142842915
0.05734521163286098
0.05572680291367064
0.05746982278174942
0.06564795559729561
0.0689394915021082
0.07021653269956203
0.06770241338448006
0.06125249482865102
0.063283198919437
0.066404712902234
0.06310475752631184
0.06337840824203188
0.047762158732792104
0.0636295910061447
0.06350223075526717
0.06624314026859772
0.06299738088988802
0.06514059031177791
0.06812529387297454
0.05966304964905037
0.05995857281377636
0.0553656801728858
0.0586045322033954
0.04962036167405302
0.05023866859250672
0.04693946957585729
0.048392147341332285
0.04969429106158113
0.04853543784791105
0.04753868720024212
0.04686740822882966
0.049110095625658615
0.04597365923352465
0.04710719106682744
0.048561914571533374
0.048695963541666665
0.050391849104853406
0.04792505472087129
0.04989238632724786
0.05177348973642559
0.04780880835038873
0.04925585715301479
0.045002624749736014
0.04750413410111451
0.04421745276990474
0.04733581640985195
0.04817615398809325
0.05070627571909408
0.049926069695689794
0.04938448309900841
0.0489440494518172
0.051031774801196375
0.0506678790954788
0.04635772941663072
0.04627392235070257
0.04674873401779753
0.04775021359121144
0.048666195099555644
0.05055771571002416
0.04660631265510711
0.049753728307400436
0.052311676989551845
0.05313566925564919
0.049228130199434145
0.04847600830180115
0.04801062141271388
0.048078094389692946
0.04815628295591505
0.044532108096648246
0.048864898312297095
0.04837674118152907
0.04916851128472222
0.04917350806874409
0.05068655773565186
0.05131821160560564
0.048492290028462
0.04742108989259647
0.04560114753443441
0.0455861300957389
0.047881115148706216
0.045282222298034934
0.0449145452245629
0.04688244624567865
0.0473699308696546
0.044579695459443576
0.04758555449434079
0.04501772604340327
0.0465494893154066
0.04640412854794217
0.04753132895132998
0.04519073755303404
0.049282897059432576
0.049226998059337564
0.05003577303057117
0.04827320519459192
0.0487066735945422
0.04618590570126574
0.046459019687263764
0.0459711872370375
0.044089456325892666
0.04821455973397519
0.046994102961774746
0.047364038902749435
0.04758931634170413
0.04910452932673732
0.04752600614718429
0.04637897745768229
0.047585324896588045
0.04692460370083894
0.05039233661460846
0.047294092489862584
0.04664297928067301
0.048545651131103734
0.04493964035923264
0.0466431162298054
0.04551996080112137
0.04833196103653086
0.04788297222110431
0.04805852197828332
0.0467535788889107
0.04734052880829839
0.04758520076161276
0.04889096821297904
0.04904998543942802
0.04580601722189465
0.0467728907212817
0.04548696629839119
0.042275628513809616
0.042790596294451935
0.04774043322873082
0.04875303862196291
0.047661615106329054
0.046545644283284705
0.046611078360385756
0.04819307945591082
0.05082070059332191
0.04774253992754576
0.0468870270952423
0.044455787645820734
0.04479624764325874
0.045232781187794585
0.04394947304755536
0.04772461818796498
0.04686486795736672
0.04730291907864453
0.04470952187268818
0.045941036702697946
0.04484972137009304
0.0475915354068017
0.045589163651130166
0.04465699647013314
0.047098747294504216
0.0453281140061989
0.04596160156497278
0.045838964951730884
0.0450662605603516
0.04470917365228159
0.046133168633316235
0.04629077006570259
0.04649176776610904
0.046716011756623634
0.04808146401711482
0.04516076032519576
0.047358774854098805
0.04559600970320531
0.048254272692341935
0.0450921209384751
0.04598174782333488
0.04519598307026941
0.043757451462848415
0.04642585089107808
0.04577164704169066
0.046765672616802055
0.04343868328926183
0.04819284337632647
0.046453204653037865
0.04889292643999168
0.05382010087788502
0.059074034858848344
0.05733841618434399
0.05714922477988495
0.05898682569231954
0.06591316359858261
0.0680247522792993
0.06732534982441077
0.06678323760186539
0.05501225340716888
0.06606470287197834
0.06325116776094798
0.065109133808782
0.057770874002708965
0.0599863674735571
0.06418921010175252
0.06572370901244866
0.06723557248523085
0.058156709871668044
0.06780448919086553
0.05906276903384082
0.056328067740046533
0.056297284819857706
0.05623209671520318
0.05446033845264916
0.048075344406726804
0.04701520517786676
0.04623687291327309
0.04549945137906013
0.048907973189901394
0.046624389797222394
0.04698815495743046
0.04849907662825414
0.04749137065195281
0.04540606180669441
0.04563815811905287
0.04630946708843151
0.045445433286115826
0.04533134557027835
0.04643755648076427
0.04779259556710547
0.050194701801449686
0.0481248143053713
0.047545904371713736
0.047006980986509926
0.04934040970624453
0.04734838276913669
0.04676699390353672
0.04760576392275936
0.047802496282529076
0.0473797749058706
0.05122336062347343
0.048466676363714524
0.0497290512511979
0.05045695017890869
0.047937526156480274
0.04855331033609722
0.0488020322201483
0.04733423282548027
0.045874548726551514
0.04638155943020472
0.046947469813915205
0.04993138035437697
0.047853564249310525
0.05039526355744546
0.04754901027765277
0.04955419949236633
0.047490548051210314
0.04937589295672353
0.048985204398512484
0.050822307355426824
0.051315130183595924
0.04854750128574401
0.05049538869177583
0.05333577424904561
0.05301810714411873
0.05248358670611243
0.05286485647137673
0.05116087005952005
0.05271181425300744
0.053624546251740096
0.0487422353113575
0.050475919342016506
0.05125168291858466
0.047428238993468486
0.04984182970720757
0.05005245291574407
0.0559720801709073
0.052323229302577524
0.056127501260485636
0.052509845234961126
0.057800631891559574
0.058685632992065924
0.056881514180396754
0.05008449152650457
0.04888157238058068
0.049405979857374584
0.051337442425268255
0.04953425434288278
0.048181130135688297
0.04584158734840513
0.05130253150484515
0.05241380376704354
0.05232856279683413
0.05455055282240713
0.05484810885350153
0.052657698601076317
0.054850870937067774
0.052857369751190514
0.05066115867158166
0.04955077796201456
0.047577103147554665
0.048430106163962636
0.046800961192418424
0.047779538550676515
0.04682553709394445
0.05052751824421762
0.045934920085367155
0.04790890843760058
0.049340788941689924
0.04776368519203651
0.050835778681287365
0.04823791635618977
0.048112139621810074
0.04688331814613902
0.04805338521554787
0.04720550329506802
0.048553590892534845
0.044425984539052166
0.04694081066653076
0.046374630496366545
0.044988320340304824
0.046463133422576
0.04553495297632076
0.045573510197265014
0.0468223920678204
0.0457453009596988
0.04919464388547384
0.04941588201669387
0.04678659638298484
0.04657846654995125
0.04855551996423305
0.04663177697952386
0.04824773264645289
0.046959381915934316
0.045166391183306495
0.04744139765397205
0.04540618025938934
0.04606705623218407
0.04689662100832862
0.04797938273196927
0.04757424552879464
0.04630995093717346
0.045969364245477415
0.048352930222105094
0.04737037093672936
0.0464319854403335
0.04513525500837113
0.04798642022399016
0.046752993381558215
0.047213676061123415
0.04946090353950306
0.04812982583428033
0.047528450990601094
0.047247858773883294
0.04698395020282421
0.047793842904306535
0.04967802375230585
0.04620759494621863
0.04924033079753546
0.04921019652306134
0.04858877602423305
0.04860622591929489
0.050060361479028696
0.04971561567522164
0.04984935792270291
0.048792397857459334
0.04586661823021788
0.04769720855914232
0.05694725700332418
0.05687736168364048
0.05806826992760843
0.05509873986895213
0.06751940938384472
0.07048022406127388
0.07438310212826386
0.07141013967975403
0.06984462984258664
0.06314608434223502
0.06739978001570628
0.06816378166497505
0.06749659284061105
0.06609788789633667
0.06466762926654052
0.0644675491129671
0.06591330305404447
0.06360987673709419
0.06334378535479991
0.06945630871587018
0.060051702580904365
0.06164445785578615
0.06197704749519296
0.06037404339280013
0.054458894110013395
0.05115756402867796
0.05240308207491257
0.05435784976303083
0.0501226867294636
0.04903770876616773
0.050652601874116944
0.048035863184818735
0.05021562895201012
0.04897842052171503
0.04544073048523207
0.04737615541308824
0.04582068460532219
0.05104093794627233
0.04887251371706806
0.04606187160221165
0.050032500462522465
0.0481373873017472
0.05063373783377429
0.051977076197913176
0.04801286760874549
0.04718458848198191
0.049381745705336294
0.048088254975825785
0.047174916974673124
0.046316169369159714
0.046644494124783296
0.04919512389056209
0.0470017899016812
0.04881669031815634
0.048919194461707394
0.046440813136681545
0.04669341294998971
0.04545415304757774
0.04730214635986484
0.04747215901115394
0.04706313587860236
0.046636609672609734
0.04683249455360685
0.04572100693097787
0.04499240046738714
0.050517539697464184
0.04840913650880328
0.05022465446727634
0.046872968281438075
0.04840601619980797
0.04598835412899978
0.04913374271773859
0.04896959462839352
0.049433092253941775
0.050620757908823207
0.04516001369718181
0.04814906236553215
0.046654654040285105
0.04707172671808488
0.048125984798657095
0.04738860755422736
0.0483936969053398
0.047311203194505075
0.04923366198044751
0.04763712643052109
0.04773877855019062
0.04746158138960179
0.045752895061455676
0.04608632674233512
0.0462365508362328
0.0468925610320608
0.047780933144032756
0.050408844425502336
0.05085357153478463
0.04795771864404392
0.04712179221184708
0.04724754767578271
0.04900497935114702
0.046708412880540985
0.04917582371897207
0.045644277944109794
0.04597591870660808
0.04709090954293265
0.04651975919770194
0.044285438872739016
0.04440702041224656
0.04822641844450539
0.048104969213766974
0.048496778774837414
0.04714528400387367
0.048151462304284146
0.04964396265428562
0.047833266524912314
0.046084578213572536
0.046044190986122745
0.04539780876546738
0.04460924216409756
0.04404079175443216
0.044174828894186745
0.04509262806850168
0.04566240029816272
0.04620794654865981
0.047380495457840746
0.04683657148583934
0.045518675035010184
0.04578856935120622
0.04558169868520287
0.04696807284175058
0.045587681099503695
0.04426815510883807
0.04350333409086744
0.04339679484560021
0.044648669832596403
0.04447571456740025
0.04687399638074414
0.04480314205433108
0.04440237195163735
0.0453060444053674
0.045877928364658226
0.046897738698056045
0.04645838395865733
0.0464464799373845
0.04547690822403048
0.04605168423382149
0.04507146644501622
0.04470932496067806
0.044805939065523756
0.04323069475342614
0.04635627061998873
0.04402188721801595
0.046046647576620525
0.043195105546357616
0.04617615317055244
0.04589220678863823
0.047082831111159275
0.04732826215599088
0.046086701729143226
0.04654230728748223
0.0456974785741692
0.046845988278138496
0.04494600837031286
0.045993177164794063
0.04552909258617274
0.04694226671054413
0.0460063421589015
0.04447084772135621
0.04546262616650613
0.04540721165391471
0.04836325445780563
0.0465986796868398
0.04750825201893396
0.04652460565717608
0.04388315519459432
0.045412996975284683
0.045828811374177714
0.04903391230268155
0.04813657953328439
0.04763935211360793
0.04887200847143627
0.055835555339980185
0.05682918209600128
0.05627658891733709
0.05712396067667903
0.06494627838109573
0.06632081042256466
0.06532907114395373
0.06473773945296404
0.05856965914432339
0.062399071296746184
0.0638328466736068
0.0618472159105559
0.05941877676600869
0.05309436790810021
0.06404160497092352
0.06428017435714692
0.06654929670283322
0.0582926608888024
0.0652817454338958
0.06418424323825313
0.05697274656509717
0.061166898746800744
0.05695843561978824
0.056447566748585976
0.046144197425063774
0.0478237665744832
0.048408879072783274
0.04491656061971209
0.0506057689179172
0.04682222164219988
0.04850458661937982
0.048449994585780656
0.0488798476076574
0.04891265657079122
0.04886216915172419
0.04651453522559267
0.04706624767043144
0.045784734476558814
0.04717618230067904
0.04625611319476624
0.046022885789085775
0.045587607618503806
0.0462063253111322
0.04554199592262089
0.04649630544191086
0.05056708980943921
0.04870276073885522
0.048976769330897944
0.04978590784415466
0.0497716057727488
0.049612209489672515
0.04955932160638366
0.04947121531187957
0.04683469789744181
0.04622034562481738
0.047314486481816534
0.04643171813490797
0.04670384759441429
0.0456986922601643
0.0521335392932727
0.04781041075769854
0.04750798265421663
0.04913657401134772
0.04857061387916576
0.04932165476016408
0.050217376088517646
0.04459852477560235
0.04648818820931366
0.04957712589980677
0.0468732505906971
0.04831413974480381
0.04733929153861293
0.04575223035955291
0.04709788881919684
0.04947197033298268
0.051246060875232854
0.049124662285231206
0.04920098731710306
0.0467692381976876
0.044965094292554776
0.045936410557716946
0.04773895605076301
0.04721903875819889
0.04513413747988695
0.04637043918243689
0.04686416553308726
0.0490512048243968
0.046490876681397175
0.04880137638293206
0.049438155873382704
0.049394698791320434
0.050435086936761714
0.05076762770599071
0.05181061520356595
0.050412252763036396
0.05395451347481209
0.050170560553953976
0.048968679906358815
0.04968898303042886
0.049384512788194106
0.05076510686471882
0.049773978383468746
0.05186738590523629
0.046680707854861614
0.04771778280500599
0.05076808512621333
0.050930071968852214
0.048760205457953176
0.05368177164794067
0.05519288789395816
0.050431147893171636
0.05192632638598775
0.05116775599518911
0.05148790831708126
0.04965588051643852
0.05110448746436693
0.04829487185953303
0.04865486408245042
0.04676164179665047
0.04869193306163845
0.050259009585380605
0.0499986453315054
0.05155039690243311
0.04897489638342444
0.04927892859126411
0.04920044339463083
0.053006317310184424
0.05138428762604138
0.0496539814844399
0.05033317735437591
0.04657620315218694
0.04906668528291981
0.049712525404400805
0.04973220076915868
0.05853579990882713
0.06074226326859664
0.06453666855629311
0.06765514534592984
0.07369701877513293
0.07521437738431717
0.07489255374066221
0.07421542188024306
0.0670561009278571
0.06940862488220247
0.06568769167825782
0.06214326177669175
0.06540425732975069
0.05392731589420561
0.06656124652884912
0.06339676031534737
0.06854482475987875
0.0657143821762034
0.07314950864857891
0.07029547102869688
0.06210891840804589
0.06067267180685839
0.056695724046637634
0.052569197795296875
0.04937269766119462
0.04580047946548414
0.04425962334437086
0.04540915942209139
0.044692404412243036
0.046454641983094
0.04459025121893382
0.045182034278100774
0.04432503556502645
0.04449736608814718
0.04725610688872615
0.04655993482400841
0.045249413273726315
0.046437062813379025
0.04675857530936967
0.04659511201099032
0.04535104675711591
0.04550666981411538
0.04373826384225382
0.043629744749733676
0.04952320955109525
0.054036033736439414
0.05612890727314769
0.055988604035015814
0.057388214993677675
0.06558526528309236
0.06898850783387343
0.06551420505290577
0.06542508530171907
0.055339427756354094
0.06211891976776212
0.06228444423000331
0.06120695298935363
0.05121602760438081
0.05915753421778316
0.06279047751387173
0.0642823402101415
0.06536753583898938
0.06376927868166062
0.0665342681864645
0.05692854064702804
0.056829110530129914
0.05460997359152649
0.056054903442546024
0.05507399958540465
0.04855458044636494
0.04861563669161792
0.05001557283240547
0.048467779212416844
0.048304109572772536
0.049131140216898156
0.04970892445124505
0.04782906108317307
0.04542843658145111
0.0459416075253944
0.04582641916354802
0.0457402250823876
0.048513336178130674
0.046339706875541876
0.04601722257796704
0.049872647264443376
0.04756338280661569
0.05001703438519967
0.04960003334716225
0.05015414708709799
0.05213969884532983
0.0475252745002274
0.04863287448595781
0.047603094817374784
0.04901857734788039
0.047598243302712194
0.04644392381854789
0.04541756827391509
0.0469341978434382
0.04789009200009903
0.04793047555339773
0.0496432051121492
0.0479296577575189
0.048815093604868465
0.046967016480950224
0.0483998442787222
0.050739624985213366
0.04597654997452885
0.049233062829266365
0.047154805750219395
0.0478421665710288
0.045191540671545974
0.04820075270667215
0.04718794024442728
0.04870898229499467
0.048394040317667204
0.04804380300693909
0.04983206465297347
0.04869257989725787
0.04761524800843154
0.04702072603011093
0.04769081191202818
0.04624279382956248
0.04660048433532648
0.04723084422987189
0.0493497688337723
0.04630290323023475
0.04654225131921601
0.049124945381974476
0.04986078684094802
0.04831486339669622
0.04529600303936194
0.04900412738617461
0.04567965878140755
0.0475084280453558
0.04644323052469763
0.047351874708968074
0.04815650028659887
0.04814081179436845
0.04721029249844063
0.04837872376806382
0.047226611886271495
0.045511872061957545
0.04591145183631676
0.04637715173538059
0.045789605590307966
0.04587139852022162
0.04870608423342025
0.047517910083122394
0.04716662575771241
0.04797702914380032
0.04464562638899594
0.0475055009952903
0.04966997472127114
0.047232735165133884
0.048824517984087226
0.048197835595731986
0.04706691982731649
0.047177338325345056
0.04604486789988998
0.04551110621287309
0.04557087559174844
0.04546401892430279
0.04634101661014647
0.04668766376974347
0.04514575941593887
0.046871768549372216
0.04700880542114071
0.04896381140325157
0.04698558510100424
0.04672602687592024
0.04522881594753818
0.04378759507916796
0.04566319934725525
0.04670504704574866
0.044906235451582864
0.04585818740210908
0.045944578089897506
0.04460134743323415
0.04638127938915728
0.045820596679955014
0.04514938425739819
0.04455090970287747
0.04576524007063066
0.047026323057881445
0.04715329357133812
0.04604532234449141
0.047747098727160306
0.04629375784894151
0.04680709954675351
0.047693247210139296
0.04660483499409097
0.04819699751215344
0.04565017965745722
0.04602678466705242
0.045143812831577736
0.04687942520154859
0.04398428838691796
0.04411237555266982
0.04556113242405272
0.04788723021314551
0.04865285711467808
0.04867873407720926
0.0488689247809973
0.04806874253407178
0.0469465678050219
0.046773765405713826
0.04542407911630808
0.047187916370979965
0.04691456609715858
0.04446754950623029
0.04413895017731207
0.04595865348587861
0.04646392285453313
0.046363181356118915
0.04734940340998706
0.047323235125318656
0.046067141443494074
0.045225997474601036
0.04828995035858506
0.04421550385629384
0.046648616119280284
0.04492611323866675
0.044929027311433646
0.04811949392665712
0.04641685861624621
0.04488957785419968
0.04599967454165867
0.04790288713052138
0.045617173094652734
0.049171541041034925
0.04609444408943921
0.04753870536988999
0.04749300098914077
0.04519206421188034
0.04515984018019449
0.04468702622445781
0.04629382075199167
0.04806509501362376
0.04799952210518981
0.0469269882892362
0.04738976167177218
0.04760531392240975
0.045904471155608265
0.04673071584352269
0.04803250480120675
0.04804947016283451
0.04703499894701332
0.04616087003027909
0.047134796922577125
0.048926951138080564
0.04799260280931037
0.04605388938415574
0.046148961529323046
0.04727618736418233
0.04825875124818801
0.049040403946726284
0.04848878895888594
0.049178424268912474
0.04949524570484316
0.047504071445972566
0.047257120048683765
0.048980561230592336
0.04779119012576279
0.04952677635466585
0.048040442495806586
0.04974269066689682
0.048259532411453906
0.04654166743321507
0.04990011717838235
0.052767204797633555
0.04911399398811009
0.048021088056426214
0.051424502001824024
0.04898619625577304
0.049674480215921545
0.04859918555521601
0.0467343284606695
0.04755074971179315
0.046899949486398584
0.046980276818330204
0.04767848340581018
0.04932941157089681
0.051285325508371504
0.04830918403556702
0.048053583875313964
0.04769043791844248
0.04666463472247933
0.0476526542139285
0.04696645231424912
0.04606924480160877
0.04874134819716511
0.048087951509277985
0.04710068482169633
0.04746129068716094
0.04811205996612886
0.04960480293306618
0.048329800112167844
0.04769166923335159
0.04897174430019185
0.04929055478198165
0.046476825954128026
0.046429937674257106
0.045406144639217313
0.04724815535057499
0.04684418879581248
0.047509183342153316
0.0446829157731275
0.04423136375613313
0.04792082563253186
0.04676013725593729
0.04854445563999039
0.04821151907203686
0.046366894241599704
0.04593047587928371
0.04816779080134773
0.048758558047715055
0.04797312163994364
0.04826335782832419
0.05095588909422798
0.049670740264282094
0.046823588797541046
0.045046091953799786
0.046540920017482515
0.048219699343375666
0.04986876114037998
0.04697502486369412
0.04638438228291425
0.04664679912615592
0.04712516418077319
0.047257307508734636
0.04630332590742093
0.04628651651006251
0.0483026424112479
0.04689461984247887
0.045128066842030336
0.04703765626333163
0.04862097490088337
0.04756574831636747
0.04664864482995059
0.04731566336223694
0.04594983768191159
0.046930498482901616
0.047495568845497764
0.04786027386846716
0.04768344664159072
0.0467527753253863
0.04537921886134434
0.047095936207743556
0.04527145886166611
0.045015522000880354
0.0443633415949992
0.04469907548421588
0.04482313870084136
0.04460889872185
0.04510667177623388
0.04748333597403106
0.045718854420053884
0.04792668721247155
0.046682705199449885
0.04706757693462846
0.046636772921765185
0.045082781664916236
0.04534418321953238
0.04488827566465594
0.045866874317172984
0.04523495873622579
0.044886140050805726
0.04476936980220952
0.043969213747455355
0.043894755164681803
0.04514512153103136
0.04741104709613856
0.04681787461597231
0.04770548197612432
0.04489376382930979
0.046065022723842115
0.04462115329624707
0.04605712269243924
0.046450136612711676
0.046224369797406066
0.04422297185623619
0.04424468241575614
0.043067465147822136
0.04662412856134358
0.04624637633535272
0.043688863957086065
0.045958885706452166
0.04371233974358975
0.046978652363774506
0.04609486289173789
0.047296245467461855
0.046916756856438036
0.0479642303959524
0.04515534633239844
0.04522725291351692
0.04632840919781736
0.04515560323265676
0.046232646037549036
0.047059471311663804
0.046426111622021
0.0440857013546147
0.04791454126563482
0.04642286602140856
0.04853049899040444
0.04752590090959632
0.04712992570613218
0.04779892723095456
0.04908182436656053
0.04995433638093395
0.049059340471375314
0.04767035946170348
0.04678624158541791
0.047817333440120846
0.0466749094453583
0.04620655966449414
0.04788089547223397
0.04440011552306172
0.051324978476163116
0.045891007529522965
0.04605762523874853
0.04816061737950275
0.05141312400719174
0.05022597793442298
0.04822289901675839
0.04986331619353126
0.047934894646309456
0.04792030265930351
0.047879881705391855
0.04823695963144269
0.047614538375954606
0.046108142231230165
0.045935346242339296
0.047140757203003765
0.04819317814790136
0.046421074146277434
0.04937624480010748
0.04677616916361999
0.048754056158509446
0.04800303188984605
0.04914021349884378
0.04892513299405356
0.047877577146498644
0.05054754728297063
0.04990292678778993
0.047682249896475445
0.04489831039424802
0.04498220668995539
0.04507791905150219
0.04602411742887784
0.04688055956782408
0.0485285162465094
0.04497788411740851
0.04507653099583243
0.048155312634069025
0.047337120858552115
0.04873024477257626
0.046095815799429035
0.046754961126631286
0.04744717417846409
0.046651278115938666
0.0454761264822006
0.04816676430765345
0.04691672031280517
0.04719588462116818
0.04667297226305162
0.045882028467420906
0.04755179358538669
0.04834484981303939
0.04750864199199298
0.045202591853936956
0.048263077084457526
0.049453960360108684
0.04816405044291596
0.04836683294009726
0.04818417880225084
0.047150516435899854
0.048116398253058475
0.0475148478077111
0.046647476643993116
0.0472021487043641
0.04624608533222996
0.0456227037889387
0.04618933434391526
0.04393919921834414
0.04432480466287664
0.043741572219978354
0.0462209112809023
0.04831209390470297
0.04868662641052023
0.04778191652558162
0.04824040069344716
0.04743180082939182
0.04732253932096704
0.04805079515959154
0.04694014105055814
0.047506812393540356
0.0475801707399844
0.046400199427654235
0.04407633244797942
0.04388562500653103
0.04501151379243827
0.04427389222045004
0.04654663609730596
0.046171667198770014
0.04407865302418088
0.04513515648010814
0.047315627961231045
0.047119565127358994
0.04629583875433681
0.04772841787417925
0.04647809390126937
0.04743762827935185
0.04626631200520671
0.04683870903302849
0.046554297614100834
0.04690645823610247
0.044465333807556386
0.04409434466376553
0.0442429226563153
0.04576450105464898
0.04494897814764493
0.044083974752652806
0.04561985319163926
0.04492107500180705
0.04629544142569131
0.04500426569881684
0.046118280673754654
0.04609783163029833
0.04550253882842849
0.04590100953874411
0.047353942876258784
0.04536636162379184
0.043960846942629014
0.047331925007673054
0.045525843146801866
0.04877695283993559
0.045800909126351985
0.04791748539146238
0.04726506691053713
0.04914890741010748
0.04787453866886623
0.047352819841166544
0.04667555299570933
0.04659861817425368
0.047652833184132035
0.04730698311668893
0.050688746946254075
0.0463284506013281
0.046757582115098624
0.04593002622133165
0.04545391916934204
0.04716826710980299
0.04723566104772198
0.04868287638703421
0.05008856860449151
0.04917968728562295
0.050201329274904644
0.04736207561728395
0.05007083722321786
0.049779169006685955
0.04953216668028916
0.04621100650933022
0.04868261459094713
0.048100222992863456
0.04801311853143062
0.05067758125330655
0.04811635285162582
0.047565801227910605
0.04713149044869382
0.048923671237920574
0.04741902842128233
0.050422187195419105
0.047792947403698625
0.049456507734464944
0.04842769483805668
0.05058819366559071
0.0519602935885285
0.05335756485057085
0.052376871702907876
0.05163743983767865
0.05068087738136743
0.049898104848801396
0.04831296546997941
0.05039360929372562
0.04808350454664102
0.04472983145439694
0.04944396326288939
0.048429995398477595
0.04716119640719302
0.04668898955296595
0.04926134803570454
0.04887671939181868
0.0493109475917384
0.05090377824789765
0.05136022096769623
0.05481457683223353
0.0541592719023968
0.055995635386350974
0.05604141941722829
0.05402461929264733
0.054343772931755095
0.05465842339315591
0.05360385455501036
0.05380437459908429
0.05565293886947513
0.058943785769123395
0.05785356900095224
0.06272814255565264
0.05669470533958676
0.0545909738272888
0.05589518075691498
0.05543278843305687
0.05322273183299279
0.057087297142772886
0.05361694223515629
0.05285736582937104
0.0521644452608281
0.05386775743983373
0.05734823222423067
0.05419070500271461
0.055531232664094994
0.052104230876349196
0.05022396029599124
0.050250354965491795
0.04770723123365097
0.047469271245385025
0.043859172312442345
0.0464770611395499
0.04754458712004417
0.04998271774169608
0.048035547601406325
0.048503137998000156
0.04887192876850614
0.04753623766532845
0.04784169246556855
0.05229782674409575
0.056463966787532786
0.05749782242750859
0.058570293040009096
0.06203411365628096
0.06290592867250866
0.06269559014922517
0.06110058918509053
0.061110473081477365
0.05510560006094432
0.05992558989953646
0.059661608657308664
0.05920720597764272
0.056020773797272626
0.06504905348817597
0.06781882337535158
0.0685980548505538
0.06633438857324249
0.06439524486424034
0.0725218920844723
0.062124108734840394
0.05970410518413231
0.06213210876975687
0.05864468636078719
0.059337499903730904
0.05561858805558725
0.058012112939135656
0.05518074755920569
0.056140720936935375
0.055968928031037306
0.053910754998430996
0.05359256347985725
0.053579303318027856
0.05246078031704309
0.05374405716787616
0.05208065276538397
0.05310503811435697
0.05484819756033981
0.05145853384465788
0.05095837930574828
0.051490346595623314
0.0530128295799864
0.050779136702720246
0.051558430725550476
0.049823317714021945
0.04955294151246273
0.05216699855109856
0.052541546789824346
0.05026103304237091
0.05019540864325872
0.05360891015036583
0.04930170806479623
0.05107230410938283
0.05057285154377457
0.04750142496826253
0.047651414379365556
0.04693600645183414
0.04866102574106995
0.045757251336723544
0.050288195606788225
0.04627550976922325
0.048915411237117325
0.04799098577845277
0.047337157781049334
0.04890254494017439
0.04879013077270382
0.04889670036038705
0.04925958244887746
0.049952881583200784
0.04700999302426455
0.04538209549199261
0.04850474616055117
0.04889705210245325
0.04846294601056715
0.04815413995386995
0.04768900371913198
0.04887083845808845
0.04986595562993304
0.04798295952165808
0.04660183394316627
0.04509736994065394
0.04722517903391257
0.04834336932376195
0.04863092885408621
0.049647539884772704
0.04716886737322236
0.04719474304255259
0.05004763612400424
0.05919530486255509
0.06065958665224936
0.05999834608352579
0.05929311786507568
0.06459465228941418
0.06947474856183623
0.07040233448956482
0.07104188861744372
0.06809162505457324
0.06340424359694669
0.0689523685026515
0.06984186759652436
0.06722498193525543
0.05230564106053074
0.06810910585652355
0.06828720287083016
0.06949701025465112
0.06920084556902235
0.0677533307034164
0.07065573607973497
0.06159020242516975
0.061888582382560425
0.06300962859220781
0.059495314058409174
0.051316584446761404
0.05411195102725653
0.05134786374054988
0.05242831772679025
0.04646776123959966
0.05080124086775833
0.053011159360558606
0.053946618311830376
0.051809499276262994
0.05463254423535374
0.0518504708918457
0.051054137128820606
0.050314508015385985
0.04898924732249633
0.048120716628917176
0.05005958898931005
0.05066740046048524
0.04707252594157699
0.04913123290660028
0.04788007305141192
0.05159000084031275
0.05148543195777389
0.050642491975439546
0.05101383528062605
0.0524266749974294
0.051662081718994404
0.052991602488834805
0.052156640946131344
0.049721939124847264
0.04911856512209112
0.0475715997169088
0.045940705837943394
0.0474340410077161
0.046932991955429236
0.04653614440435834
0.05339890404309391
0.049708736544347314
0.04933672761601533
0.05430129125869351
0.0546129291998412
0.0532579025289746
0.049407996297175426
0.05111536237116029
0.04450467015974212
0.04492209245216457
0.04889324645172353
0.04913368934221416
0.049573780757503516
0.048688969602826516
0.048105209944762174
0.0488153198750958
0.05152950742547235
0.049959593674969605
0.04955823778183197
0.04585780154688032
0.0467476351560256
0.04671925959325427
0.04886928136583344
0.047572381169638335
0.04892105186832394
0.04793791005193071
0.04935126235502309
0.04924504131530627
0.04834866945080516
0.04907250406611323
0.04923600710269038
0.048411968474749045
0.04610192182387978
0.049941607505531685
0.050836372139319415
0.050663091480599526
0.05216400823067809
0.05207287963665655
0.05114291917169279
0.05541480648604813
0.04981699230298877
0.048422345688349466
0.05068641878287311
0.04711302982264522
0.048065538222079845
0.0506735579514589
0.05527247569317
0.04933061523652706
0.05027826109988264
0.04835390138420569
0.04967828411262495
0.052739778225698565
0.05110803290434138
0.04943849198320648
0.05070034947957709
0.04839901700712345
0.048907530619096126
0.04903046498010603
0.048694457098671394
0.048456161059623234
0.049192333546115755
0.05001635288506134
0.05221644812088305
0.05569627008350004
0.050161299258360506
0.0525028597254998
0.05386517284394168
0.052114279932742286
0.04997999848538149
0.0473942812711064
0.04988344153080436
0.051237851817695426
0.05378260095345609
0.04881942949747146
0.049008311413517205
0.05310271878188369
0.05842275534724131
0.05368911253786918
0.05047471393727505
0.05044002475335159
0.050896857669279386
0.050212035643068476
0.05295995099278977
0.05336229490339858
0.05638679587134836
0.05406101590413772
0.055960728800921934
0.05948591478352391
